#==========================================#
#| File containing vibrational modes from |#
#|      experiment/QM for ForceBalance    |#
#|                                        |#
#| Octothorpes are comments               |#
#| This file should be formatted like so: |#
#| (Full XYZ file for the molecule)       |#
#| Number of atoms                        |#
#| Comment line                           |#
#| a1 x1 y1 z1 (xyz for atom 1)           |#
#| a2 x2 y2 z2 (xyz for atom 2)           |#
#|                                        |#
#| These coords will be actually used     |#
#|                                        |#
#| (Followed by vibrational modes)        |#
#| Do not use mass-weighted coordinates   |#
#| ...                                    |#
#| v (Eigenvalue in wavenumbers)          |#
#| dx1 dy1 dz1 (Eigenvector for atom 1)   |#
#| dx2 dy2 dz2 (Eigenvector for atom 2)   |#
#| ...                                    |#
#| (Empty line is optional)               |#
#| v (Eigenvalue)                         |#
#| dx1 dy1 dz1 (Eigenvector for atom 1)   |#
#| dx2 dy2 dz2 (Eigenvector for atom 2)   |#
#| ...                                    |#
#| and so on                              |#
#|                                        |#
#| Please list freqs in increasing order  |#
#==========================================#

26
Coordinates and vibrations calculated using MP2/aTZ from ./ASN-phipsi/frequency.out
 H    3.916   -0.867    1.322
 C    3.145   -1.267    0.671
 H    3.120   -2.344    0.807
 H    3.386   -1.035   -0.362
 C    1.825   -0.700    1.101
 O    1.375   -0.886    2.235
 N    1.163    0.010    0.173
 H    1.578    0.172   -0.736
 C   -0.043    0.758    0.460
 H    0.062    1.182    1.460
 C   -0.183    1.882   -0.555
 H   -1.158    2.342   -0.430
 H    0.598    2.617   -0.381
 C    0.004    1.355   -1.956
 O    1.134    1.173   -2.410
 N   -1.126    1.091   -2.638
 H   -1.953    0.922   -2.084
 H   -1.020    0.600   -3.509
 C   -1.301   -0.114    0.476
 O   -2.294    0.150   -0.206
 N   -1.237   -1.153    1.309
 H   -0.394   -1.247    1.868
 C   -2.352   -2.057    1.454
 H   -2.589   -2.527    0.504
 H   -3.235   -1.526    1.800
 H   -2.084   -2.819    2.176

39.6242
  -0.009    0.007   -0.151
  -0.025   -0.001   -0.129
   0.007   -0.007   -0.146
  -0.068    0.020   -0.135
  -0.020   -0.038   -0.074
   0.013   -0.072   -0.067
  -0.047   -0.021   -0.045
  -0.018    0.047   -0.020
  -0.041   -0.025   -0.004
  -0.016   -0.043    0.002
  -0.059   -0.003    0.018
  -0.101   -0.074   -0.029
  -0.122    0.050    0.081
   0.067    0.057    0.010
   0.114    0.277    0.037
   0.135   -0.161   -0.013
   0.142   -0.284   -0.038
   0.241   -0.122   -0.020
  -0.033   -0.034    0.010
   0.012   -0.142   -0.099
  -0.080    0.089    0.164
  -0.061    0.101    0.140
  -0.067    0.076    0.192
   0.081   -0.140    0.261
  -0.131    0.126   -0.050
  -0.144    0.243    0.399

61.4699
  -0.015   -0.006    0.017
   0.002    0.043   -0.031
   0.002    0.032   -0.115
   0.026    0.123   -0.006
  -0.010    0.004   -0.015
  -0.024   -0.068   -0.033
  -0.003    0.049    0.014
   0.023    0.087    0.034
  -0.007    0.047    0.007
  -0.013    0.072   -0.002
   0.001    0.023   -0.023
  -0.009    0.006   -0.060
  -0.011    0.036   -0.036
   0.037   -0.050    0.009
   0.051    0.099   -0.017
   0.056   -0.334    0.095
   0.074   -0.315    0.130
   0.083   -0.387    0.128
  -0.027    0.068    0.032
  -0.095    0.187    0.174
   0.025   -0.045   -0.116
   0.034   -0.091   -0.138
  -0.009   -0.004   -0.105
  -0.226    0.247   -0.174
   0.091   -0.036    0.202
   0.089   -0.200   -0.347

81.6156
  -0.087   -0.577    0.275
  -0.077   -0.097   -0.026
  -0.364   -0.153   -0.499
   0.137    0.274    0.108
  -0.014    0.021    0.010
  -0.002    0.043    0.019
   0.006    0.049    0.020
  -0.001    0.032    0.013
  -0.005    0.036    0.007
  -0.016    0.050    0.001
  -0.020    0.018   -0.011
  -0.028    0.004   -0.021
  -0.033    0.034   -0.019
  -0.006   -0.000   -0.002
  -0.002    0.002    0.008
   0.001   -0.018   -0.007
  -0.000   -0.023   -0.009
   0.013   -0.029    0.001
   0.013    0.008    0.004
   0.016   -0.023   -0.011
   0.029    0.015    0.011
   0.026    0.037    0.021
   0.063   -0.030   -0.014
   0.117   -0.057   -0.014
   0.028   -0.061   -0.056
   0.069   -0.005    0.009

105.7275
   0.009    0.074   -0.268
  -0.105   -0.168    0.014
  -0.091   -0.114    0.426
  -0.271   -0.552   -0.113
  -0.031   -0.002    0.014
   0.009    0.172    0.059
  -0.028   -0.054   -0.030
  -0.043   -0.120   -0.048
   0.006   -0.005   -0.016
   0.037   -0.022   -0.012
   0.014    0.012    0.003
   0.015    0.014    0.014
   0.017    0.005    0.017
   0.009    0.043   -0.008
   0.007    0.114   -0.041
   0.004   -0.019    0.023
   0.025   -0.057    0.042
   0.005   -0.000    0.012
   0.005   -0.002   -0.000
  -0.000   -0.023    0.000
   0.032   -0.005   -0.003
   0.012    0.045    0.032
   0.074   -0.059   -0.021
  -0.022    0.108   -0.079
   0.096   -0.156    0.183
   0.188   -0.182   -0.193

106.5572
   0.018    0.121   -0.182
  -0.030   -0.021   -0.038
   0.030    0.002    0.143
  -0.138   -0.175   -0.098
  -0.013   -0.004   -0.004
   0.004   -0.012    0.001
  -0.009    0.027    0.018
  -0.022    0.015    0.010
   0.001    0.042    0.023
   0.006    0.053    0.016
   0.000    0.022    0.000
   0.001    0.024   -0.008
   0.002    0.023   -0.020
  -0.005   -0.020    0.014
  -0.006   -0.036    0.018
  -0.005   -0.042    0.025
  -0.003   -0.026    0.033
  -0.005   -0.069    0.040
   0.002    0.038    0.021
   0.005    0.030    0.012
   0.002    0.033    0.012
   0.013    0.008   -0.007
   0.047   -0.039   -0.090
   0.420   -0.394   -0.010
  -0.120    0.001   -0.583
  -0.133    0.235    0.266

117.2016
   0.022    0.157   -0.320
  -0.060    0.014   -0.138
   0.024    0.034    0.022
  -0.232   -0.115   -0.208
  -0.029    0.005   -0.022
   0.022   -0.066   -0.013
  -0.033    0.087    0.049
  -0.059    0.088    0.035
  -0.043    0.072    0.043
  -0.061    0.109    0.029
  -0.059    0.026   -0.012
  -0.083   -0.010   -0.069
  -0.096    0.067   -0.019
   0.019   -0.038    0.022
   0.046   -0.136    0.125
   0.065    0.021   -0.074
   0.008    0.070   -0.145
   0.117   -0.016   -0.048
  -0.019    0.037    0.031
   0.009   -0.027   -0.034
  -0.008    0.066    0.066
  -0.000    0.082    0.061
   0.066   -0.036   -0.013
  -0.088    0.288   -0.133
   0.098   -0.216    0.347
   0.253   -0.272   -0.331

147.4548
   0.030   -0.090   -0.108
  -0.017    0.035   -0.127
  -0.083    0.021   -0.244
  -0.041    0.120   -0.113
   0.023    0.068   -0.036
   0.132    0.212    0.028
  -0.097   -0.096   -0.071
  -0.124   -0.092   -0.083
  -0.065   -0.074   -0.026
  -0.035   -0.122   -0.009
  -0.036   -0.027    0.023
  -0.058   -0.062   -0.028
  -0.067   -0.016    0.108
   0.083    0.001    0.037
   0.118   -0.084    0.155
   0.140    0.072   -0.082
   0.041    0.191   -0.198
   0.184    0.062   -0.069
  -0.085   -0.041   -0.013
  -0.156    0.080    0.142
   0.007   -0.145   -0.137
   0.009   -0.124   -0.145
  -0.059   -0.033    0.084
  -0.062   -0.313    0.223
  -0.028    0.141   -0.106
  -0.136    0.166    0.325

162.8444
   0.048   -0.073    0.033
   0.062    0.064   -0.068
   0.033    0.037   -0.264
   0.100    0.233   -0.021
   0.061    0.029   -0.020
   0.136    0.139    0.025
  -0.051   -0.119   -0.056
  -0.073   -0.104   -0.064
   0.019   -0.047    0.033
   0.104   -0.091    0.042
   0.053   -0.021    0.057
   0.081    0.035    0.075
   0.100   -0.069    0.046
  -0.001   -0.031    0.051
  -0.015   -0.036    0.014
  -0.022   -0.053    0.101
   0.012   -0.077    0.147
  -0.044   -0.060    0.102
  -0.020    0.024    0.042
   0.044   -0.025   -0.070
  -0.146    0.086    0.129
  -0.164   -0.000    0.133
  -0.125   -0.001   -0.202
  -0.004    0.255   -0.359
  -0.183   -0.133   -0.154
  -0.170   -0.185   -0.382

171.8595
   0.094   -0.049   -0.244
  -0.032   -0.085   -0.074
  -0.090   -0.064    0.078
  -0.164   -0.244   -0.140
   0.054    0.049    0.022
   0.073    0.048    0.028
   0.100    0.151    0.071
   0.049    0.111    0.041
   0.024    0.028    0.037
  -0.070    0.023    0.047
  -0.073    0.015    0.036
  -0.101   -0.053    0.047
  -0.117    0.068    0.006
  -0.062   -0.021    0.053
  -0.049   -0.018    0.080
  -0.041   -0.070    0.039
  -0.037   -0.097    0.037
  -0.004   -0.094    0.057
   0.090   -0.067   -0.062
   0.098   -0.070   -0.074
   0.043   -0.121   -0.124
  -0.031   -0.136   -0.019
  -0.181    0.164   -0.030
  -0.335    0.168    0.008
  -0.031    0.427   -0.047
  -0.360    0.140    0.012

215.8924
  -0.059    0.059    0.012
  -0.026    0.048   -0.018
  -0.002    0.047   -0.037
  -0.002    0.071   -0.004
  -0.051    0.013   -0.051
  -0.071    0.027   -0.055
  -0.053   -0.021   -0.063
  -0.055   -0.012   -0.063
  -0.026    0.009   -0.037
  -0.043   -0.116    0.014
   0.125    0.108    0.072
   0.193    0.242    0.079
   0.242   -0.028    0.106
   0.037    0.016    0.104
   0.006   -0.117    0.074
  -0.025   -0.050    0.245
   0.057   -0.030    0.382
  -0.100   -0.209    0.325
  -0.033    0.008   -0.145
  -0.027   -0.039   -0.175
   0.034    0.032   -0.126
   0.043    0.148   -0.112
   0.095    0.004    0.112
  -0.030   -0.100    0.195
   0.124   -0.010    0.211
   0.246    0.081    0.140

233.6287
   0.095    0.002   -0.272
  -0.042    0.055   -0.141
   0.005    0.039   -0.251
  -0.262    0.158   -0.169
   0.022   -0.006    0.163
   0.189   -0.100    0.210
  -0.060    0.027    0.227
  -0.065   -0.077    0.211
  -0.097    0.022    0.038
  -0.251    0.088    0.028
   0.143   -0.017   -0.041
   0.227    0.181   -0.097
   0.267   -0.155   -0.016
   0.065   -0.003   -0.079
   0.010    0.050   -0.227
  -0.019    0.039    0.035
   0.042    0.009    0.118
  -0.123    0.104   -0.016
  -0.087   -0.001   -0.062
  -0.086   -0.024   -0.070
  -0.035   -0.015   -0.074
  -0.049    0.023   -0.051
  -0.011   -0.032    0.042
  -0.056   -0.100    0.088
  -0.002   -0.028    0.063
   0.051    0.021    0.074

287.7066
   0.065   -0.072    0.114
   0.099   -0.066    0.068
   0.112   -0.072    0.042
   0.141   -0.040    0.082
   0.075   -0.091    0.066
   0.187   -0.076    0.113
  -0.023   -0.172    0.030
  -0.012   -0.191    0.030
   0.024   -0.025   -0.022
   0.032   -0.060   -0.010
  -0.152   -0.010    0.024
  -0.213   -0.176    0.144
  -0.241    0.102   -0.062
  -0.164   -0.001    0.037
  -0.103    0.070    0.170
  -0.057   -0.089   -0.112
  -0.134   -0.117   -0.246
   0.114   -0.057   -0.107
  -0.040    0.109   -0.127
   0.022    0.207   -0.179
  -0.019    0.128   -0.123
   0.007    0.184   -0.151
   0.109    0.017    0.044
   0.065   -0.087    0.107
   0.079   -0.079    0.119
   0.288    0.102    0.067

326.3844
  -0.130    0.136    0.022
  -0.071    0.099   -0.023
   0.089    0.080   -0.155
  -0.104    0.263    0.006
  -0.116   -0.081    0.039
  -0.016   -0.048    0.088
  -0.182   -0.204   -0.016
  -0.125   -0.218    0.009
  -0.011    0.046   -0.008
   0.082    0.052   -0.019
  -0.014    0.032   -0.020
  -0.028    0.002   -0.002
  -0.035    0.058   -0.043
  -0.017    0.019   -0.008
  -0.005    0.012    0.029
  -0.006    0.003   -0.025
  -0.011   -0.013   -0.035
   0.017   -0.028   -0.006
   0.086    0.032    0.039
   0.021   -0.150    0.066
   0.240    0.002   -0.039
   0.173    0.037    0.071
   0.083    0.226   -0.116
   0.039    0.324   -0.153
   0.173    0.423   -0.186
  -0.147    0.142   -0.121

356.3504
  -0.064    0.144   -0.187
  -0.109    0.134   -0.125
   0.040    0.113   -0.283
  -0.276    0.307   -0.123
  -0.105   -0.007    0.019
  -0.154    0.076    0.018
  -0.079   -0.067   -0.001
  -0.061   -0.005    0.021
   0.058   -0.007    0.146
   0.170    0.014    0.125
   0.034   -0.103    0.058
   0.073   -0.031    0.073
   0.087   -0.135   -0.033
  -0.025   -0.083    0.013
  -0.030    0.034   -0.052
   0.004   -0.030   -0.050
  -0.026   -0.092   -0.123
   0.052    0.180   -0.161
   0.110    0.005    0.089
   0.302    0.201   -0.095
  -0.006   -0.123   -0.039
  -0.061   -0.087    0.047
  -0.018   -0.105    0.093
  -0.099   -0.196    0.161
   0.012   -0.085    0.142
   0.047   -0.045    0.132

457.9666
  -0.014   -0.003    0.035
   0.005   -0.007    0.013
  -0.011   -0.004    0.036
   0.042   -0.028    0.017
   0.001    0.006   -0.016
   0.011   -0.002   -0.015
  -0.006    0.018    0.001
  -0.035    0.004   -0.015
  -0.009    0.019    0.012
   0.000    0.003    0.018
   0.151    0.085    0.030
   0.358    0.482    0.194
   0.497   -0.253   -0.084
  -0.091    0.036    0.010
  -0.076    0.019    0.062
   0.013   -0.059   -0.136
  -0.099   -0.060   -0.313
   0.251   -0.115   -0.077
  -0.009   -0.007    0.017
  -0.015   -0.038    0.020
  -0.002   -0.028    0.010
  -0.007   -0.038    0.013
  -0.020   -0.019    0.004
  -0.024   -0.015    0.003
  -0.015   -0.007   -0.000
  -0.034   -0.022    0.006

464.1471
  -0.192    0.008    0.354
   0.027   -0.053    0.131
  -0.055   -0.028    0.311
   0.376   -0.202    0.180
  -0.027   -0.002   -0.125
   0.176   -0.041   -0.062
  -0.182    0.001   -0.029
  -0.247    0.036   -0.055
  -0.080    0.167    0.131
   0.046    0.222    0.091
  -0.049    0.103   -0.021
  -0.079    0.081   -0.166
  -0.103    0.156    0.000
   0.046    0.024   -0.022
   0.012   -0.037   -0.087
   0.029    0.010    0.014
   0.061    0.002    0.061
   0.024   -0.105    0.077
  -0.018    0.058    0.123
   0.093   -0.013   -0.053
   0.001   -0.105   -0.048
  -0.055   -0.081    0.040
  -0.061   -0.060    0.034
  -0.139   -0.101    0.075
  -0.010    0.008    0.063
  -0.059   -0.036    0.061

487.9580
  -0.005   -0.043    0.070
   0.023   -0.028    0.026
  -0.070   -0.017    0.109
   0.121   -0.121    0.027
   0.025    0.039   -0.066
  -0.004    0.029   -0.083
  -0.037    0.049    0.018
  -0.080    0.165    0.017
  -0.057   -0.028    0.154
  -0.061   -0.073    0.174
   0.026   -0.170    0.113
   0.072   -0.056    0.041
   0.089   -0.215    0.027
   0.003   -0.163    0.079
  -0.014    0.031   -0.053
   0.037   -0.019    0.010
  -0.097   -0.000   -0.204
   0.019    0.627   -0.351
  -0.063    0.040   -0.004
  -0.069   -0.021   -0.034
   0.054    0.056   -0.044
   0.073    0.116   -0.055
   0.075    0.097   -0.033
   0.055    0.109   -0.034
   0.089    0.131   -0.044
   0.043    0.089   -0.031

557.8565
  -0.067   -0.012    0.067
  -0.051    0.015    0.031
  -0.151    0.027    0.110
   0.031   -0.075    0.031
  -0.018    0.055   -0.021
   0.062   -0.037   -0.007
  -0.043    0.014   -0.023
   0.046    0.127    0.036
  -0.039    0.008   -0.068
  -0.057    0.124   -0.115
   0.042   -0.088   -0.150
   0.182    0.192   -0.103
   0.256   -0.283   -0.273
  -0.019   -0.109   -0.074
   0.119    0.088    0.183
  -0.133    0.017    0.041
  -0.002    0.048    0.261
  -0.523    0.274   -0.149
   0.024   -0.017    0.009
   0.041    0.026    0.002
   0.006   -0.017    0.020
   0.015   -0.041    0.005
  -0.010   -0.012    0.003
  -0.002   -0.002   -0.005
  -0.009   -0.005   -0.005
  -0.029   -0.021    0.000

584.7363
  -0.114    0.050    0.064
  -0.071    0.030    0.024
  -0.065    0.033    0.052
  -0.017    0.019    0.034
  -0.043    0.008   -0.007
   0.056   -0.035    0.027
   0.009    0.025   -0.028
  -0.036   -0.125   -0.077
  -0.006   -0.026   -0.077
  -0.036   -0.073   -0.052
  -0.020    0.056    0.008
  -0.025    0.038    0.040
  -0.021    0.048    0.052
  -0.004    0.047    0.018
  -0.024   -0.023   -0.028
   0.070   -0.105    0.074
  -0.285    0.625   -0.285
  -0.086    0.482   -0.258
   0.038   -0.053   -0.049
   0.031    0.026    0.012
  -0.003   -0.000    0.046
   0.024   -0.060   -0.007
  -0.007   -0.009    0.003
   0.020    0.013   -0.016
  -0.020   -0.021   -0.011
  -0.028   -0.028   -0.009

589.3779
   0.036    0.084   -0.032
   0.113   -0.047   -0.047
   0.391   -0.068   -0.182
   0.054    0.146   -0.019
  -0.002   -0.152    0.000
  -0.072    0.082    0.013
   0.058   -0.013    0.040
  -0.067   -0.213   -0.049
   0.086    0.128    0.044
   0.164    0.198    0.003
   0.014    0.058   -0.069
  -0.018   -0.008   -0.049
  -0.041    0.149   -0.211
  -0.011   -0.030   -0.019
   0.028    0.025    0.046
  -0.016   -0.048    0.036
  -0.153    0.289   -0.088
  -0.224    0.420   -0.243
  -0.040    0.095    0.058
  -0.049   -0.099   -0.008
  -0.037   -0.020   -0.071
  -0.109    0.036    0.037
  -0.039   -0.042    0.015
  -0.088   -0.110    0.062
  -0.032   -0.057    0.055
   0.045    0.010    0.041

625.8499
  -0.369    0.287    0.220
  -0.041   -0.001    0.004
   0.350   -0.008   -0.022
   0.152    0.178    0.091
  -0.130   -0.191   -0.102
   0.069    0.067    0.020
   0.054    0.134    0.050
  -0.269   -0.389   -0.184
  -0.030   -0.045   -0.019
  -0.124   -0.058   -0.003
  -0.002   -0.046    0.015
   0.022    0.006   -0.006
   0.043   -0.104    0.051
   0.006   -0.013    0.008
   0.007    0.005    0.008
  -0.013    0.033   -0.014
   0.120   -0.303    0.101
   0.069   -0.075    0.052
   0.021   -0.054   -0.051
   0.000    0.045    0.013
   0.009    0.012    0.027
   0.003    0.038    0.045
   0.015    0.014   -0.006
   0.048    0.041   -0.028
   0.003    0.009   -0.029
  -0.012   -0.006   -0.020

651.3374
  -0.064    0.020    0.018
  -0.071    0.035    0.018
  -0.101    0.038    0.031
  -0.066    0.017    0.015
  -0.019    0.025    0.010
   0.039   -0.035    0.023
   0.027   -0.010   -0.055
   0.101    0.006   -0.019
   0.074    0.035   -0.035
   0.119   -0.007   -0.023
   0.013    0.045    0.000
  -0.031   -0.046   -0.014
  -0.044    0.117   -0.050
   0.000   -0.014    0.037
  -0.020   -0.027   -0.002
   0.001    0.016    0.013
   0.158   -0.711    0.049
   0.191    0.505   -0.243
   0.018    0.024   -0.007
  -0.023   -0.029    0.025
  -0.029    0.006   -0.023
  -0.043   -0.024   -0.012
  -0.025   -0.026    0.007
  -0.034   -0.060    0.027
  -0.032   -0.053    0.031
   0.034    0.004    0.017

684.3916
   0.231   -0.117   -0.096
   0.150   -0.067   -0.031
   0.111   -0.072   -0.062
   0.089   -0.066   -0.049
   0.062    0.006    0.026
  -0.082    0.027   -0.022
  -0.070   -0.019    0.073
  -0.203   -0.180   -0.014
  -0.145   -0.013   -0.042
  -0.242    0.017   -0.043
  -0.050    0.078   -0.040
   0.008    0.216   -0.091
   0.054   -0.055    0.071
   0.007    0.083   -0.028
   0.004   -0.045    0.007
   0.001   -0.024    0.036
   0.111   -0.465    0.079
   0.052    0.479   -0.240
   0.012   -0.076   -0.015
   0.046    0.070   -0.004
   0.040   -0.021    0.069
   0.116   -0.065   -0.042
   0.014    0.013   -0.001
   0.042    0.080   -0.042
   0.026    0.059   -0.043
  -0.092   -0.042   -0.022

736.7853
   0.069   -0.073   -0.039
  -0.022    0.026    0.009
  -0.182    0.034    0.045
  -0.036   -0.033   -0.006
   0.041    0.088    0.020
  -0.016   -0.042   -0.025
   0.022    0.025    0.016
  -0.458   -0.758   -0.336
   0.029   -0.016   -0.002
   0.119   -0.007   -0.020
   0.007   -0.028    0.003
  -0.004   -0.057    0.020
  -0.004   -0.019    0.004
  -0.000    0.007   -0.006
   0.008    0.010    0.011
  -0.004    0.002   -0.004
   0.011    0.004    0.021
  -0.016   -0.051    0.022
  -0.027    0.039    0.049
  -0.000   -0.014   -0.016
   0.001   -0.004   -0.015
   0.033   -0.034   -0.063
   0.001    0.001   -0.002
  -0.021   -0.009    0.008
   0.011    0.012    0.007
   0.004    0.010    0.007

765.3382
   0.017   -0.004   -0.016
  -0.002    0.004    0.002
  -0.009    0.004   -0.011
  -0.027    0.005   -0.002
  -0.004   -0.001    0.004
   0.009   -0.016    0.008
   0.042    0.020   -0.024
   0.072    0.057   -0.004
  -0.018   -0.054   -0.044
   0.045    0.013   -0.077
  -0.012   -0.022    0.000
   0.018    0.027    0.034
   0.028   -0.085    0.079
  -0.001    0.060   -0.020
  -0.003   -0.021    0.005
   0.006   -0.016    0.014
   0.015   -0.037    0.016
   0.009    0.073   -0.033
  -0.081    0.038    0.091
  -0.005    0.025   -0.038
   0.059   -0.066   -0.029
  -0.323    0.584    0.670
   0.007    0.004    0.002
   0.060    0.052   -0.032
  -0.001    0.039   -0.062
  -0.077   -0.044   -0.020

803.4634
  -0.117    0.062    0.049
  -0.066    0.022    0.012
  -0.024    0.022    0.026
  -0.047    0.037    0.020
  -0.002   -0.024   -0.024
   0.019    0.019   -0.010
   0.037    0.005    0.017
   0.069    0.232    0.066
   0.041   -0.084    0.118
   0.095   -0.093    0.124
   0.003   -0.036    0.092
   0.011   -0.060    0.289
  -0.040   -0.020    0.254
   0.004    0.257   -0.222
   0.079   -0.085    0.028
  -0.079   -0.103   -0.048
   0.066   -0.113    0.175
  -0.343    0.163   -0.225
  -0.056    0.042    0.071
  -0.015   -0.020   -0.034
  -0.014    0.016   -0.011
   0.199   -0.279   -0.384
   0.033    0.026   -0.011
  -0.031    0.011    0.009
   0.066    0.064    0.013
   0.033    0.051    0.013

829.8568
   0.028   -0.043    0.009
   0.013    0.008   -0.003
  -0.091    0.015    0.045
   0.056   -0.056   -0.006
   0.016    0.035   -0.012
  -0.008   -0.007   -0.042
  -0.072   -0.020    0.048
  -0.191   -0.116   -0.019
   0.045    0.025    0.099
  -0.084   -0.138    0.183
   0.024    0.045    0.068
  -0.031   -0.074    0.105
  -0.070    0.155    0.036
   0.010    0.005   -0.073
   0.053   -0.007    0.003
  -0.058   -0.030   -0.056
  -0.002    0.008    0.048
  -0.222    0.005   -0.095
   0.141   -0.078   -0.172
  -0.004   -0.011    0.101
  -0.048    0.041   -0.045
  -0.370    0.431    0.499
  -0.021    0.003    0.002
   0.057   -0.068    0.022
  -0.110   -0.157    0.029
   0.153    0.042   -0.019

869.5745
  -0.017   -0.009    0.035
   0.029   -0.010   -0.017
  -0.004   -0.002    0.039
   0.113   -0.061   -0.007
  -0.012    0.004   -0.011
  -0.000    0.012   -0.022
  -0.069    0.021    0.063
  -0.055    0.100    0.083
  -0.029   -0.029   -0.083
  -0.142    0.331   -0.226
   0.002   -0.213   -0.089
   0.065   -0.120    0.009
   0.076   -0.335    0.070
  -0.028    0.169    0.012
  -0.078   -0.027    0.026
   0.082   -0.002    0.080
   0.007    0.002   -0.041
   0.300    0.037    0.091
   0.111    0.093    0.029
   0.083   -0.085    0.096
  -0.099    0.078   -0.121
  -0.203   -0.026   -0.015
  -0.010    0.029   -0.028
  -0.059   -0.209    0.104
  -0.070   -0.179    0.137
   0.370    0.207    0.026

904.2296
  -0.110    0.018    0.081
  -0.033    0.024   -0.014
  -0.112    0.040    0.092
   0.092   -0.053    0.002
   0.020    0.007   -0.038
   0.000    0.024   -0.067
  -0.053   -0.030    0.113
  -0.040    0.042    0.136
   0.096    0.039    0.021
  -0.055    0.235   -0.047
   0.184   -0.080   -0.103
  -0.049   -0.575   -0.076
  -0.209    0.337   -0.129
  -0.030    0.096    0.012
  -0.056    0.000    0.048
  -0.000   -0.010    0.032
  -0.086   -0.029   -0.117
   0.206    0.031    0.036
  -0.042   -0.060   -0.059
  -0.060    0.048   -0.052
   0.066   -0.040    0.077
   0.113    0.063    0.047
  -0.017   -0.042    0.027
   0.031    0.121   -0.066
   0.015    0.084   -0.086
  -0.264   -0.163   -0.015

984.0368
  -0.069   -0.023    0.089
   0.043   -0.003   -0.060
  -0.041    0.016    0.105
   0.291   -0.156   -0.038
  -0.042    0.014   -0.009
  -0.011    0.009    0.009
  -0.048    0.039    0.065
   0.077    0.023    0.126
  -0.057   -0.090   -0.179
  -0.174   -0.162   -0.128
   0.149    0.091    0.095
  -0.098   -0.414    0.066
  -0.194    0.379    0.382
   0.022   -0.092    0.029
   0.039    0.017   -0.001
  -0.099   -0.015   -0.060
  -0.158   -0.033   -0.154
  -0.090    0.007   -0.075
  -0.018    0.086    0.102
   0.065   -0.028    0.012
  -0.006    0.002   -0.026
  -0.018   -0.095   -0.034
  -0.008    0.008   -0.017
  -0.044   -0.085    0.038
  -0.005   -0.043    0.059
   0.105    0.075    0.016

1000.0920
   0.210   -0.115   -0.061
   0.189   -0.077   -0.069
   0.216   -0.080   -0.045
   0.352   -0.169   -0.063
  -0.186    0.098    0.038
  -0.033   -0.066    0.204
  -0.099    0.136   -0.214
  -0.097    0.048   -0.247
   0.051    0.137   -0.021
   0.195    0.177   -0.054
   0.051   -0.160    0.109
   0.030   -0.244    0.285
  -0.015   -0.095    0.145
  -0.004    0.055   -0.035
   0.012   -0.014    0.005
  -0.009   -0.018   -0.016
   0.022   -0.009    0.037
  -0.048   -0.026   -0.015
   0.031    0.002   -0.078
  -0.047    0.016   -0.018
   0.061    0.013    0.042
   0.110   -0.022   -0.030
  -0.049   -0.070    0.031
  -0.024    0.056   -0.037
  -0.011    0.041   -0.048
  -0.231   -0.158    0.006

1012.3914
   0.284    0.004   -0.241
   0.004   -0.044    0.128
   0.209   -0.098   -0.288
  -0.533    0.265    0.065
   0.004   -0.011   -0.001
   0.028   -0.011   -0.003
  -0.012    0.046   -0.086
  -0.157    0.096   -0.152
  -0.069   -0.008    0.038
  -0.080   -0.045    0.056
   0.105   -0.008   -0.030
  -0.026   -0.208   -0.298
  -0.106    0.177    0.108
  -0.001    0.021    0.008
  -0.001    0.004    0.021
  -0.043   -0.009   -0.002
  -0.115   -0.022   -0.120
   0.079    0.003    0.005
  -0.005   -0.024    0.011
   0.023    0.000    0.012
  -0.028   -0.008   -0.007
  -0.046   -0.029    0.008
   0.023    0.033   -0.014
   0.013   -0.026    0.017
   0.009   -0.017    0.027
   0.103    0.071   -0.004

1025.7272
   0.080    0.083   -0.129
  -0.047   -0.029    0.098
   0.151   -0.062   -0.180
  -0.416    0.251    0.074
   0.064   -0.018   -0.006
   0.025    0.016   -0.090
  -0.034   -0.018    0.056
  -0.017   -0.002    0.074
  -0.000    0.077   -0.122
  -0.145    0.280   -0.195
  -0.043   -0.036    0.111
   0.006   -0.020    0.447
   0.045   -0.154    0.221
   0.011   -0.033   -0.001
   0.021   -0.005   -0.021
   0.001   -0.003   -0.022
   0.048    0.005    0.058
  -0.109   -0.009   -0.032
   0.047    0.089   -0.034
  -0.013   -0.008   -0.003
   0.089    0.046    0.010
   0.127    0.070   -0.027
  -0.093   -0.104    0.033
  -0.070    0.003   -0.024
  -0.061   -0.009   -0.035
  -0.239   -0.173    0.017

1047.3824
   0.472   -0.401   -0.114
   0.075    0.139    0.055
  -0.607    0.131   -0.001
  -0.197   -0.308   -0.109
  -0.084   -0.156   -0.060
   0.016    0.027    0.006
   0.011    0.020    0.015
   0.004   -0.005    0.009
   0.000    0.003   -0.004
  -0.012    0.010   -0.005
  -0.008    0.000    0.003
   0.000    0.007    0.041
   0.005   -0.010   -0.009
  -0.000   -0.002   -0.001
  -0.001   -0.000   -0.001
   0.005    0.001   -0.000
   0.013    0.001    0.013
  -0.009   -0.000   -0.001
   0.007    0.013   -0.006
  -0.002   -0.001   -0.001
   0.012    0.008    0.003
   0.025   -0.016   -0.020
  -0.010   -0.014    0.003
  -0.017   -0.003   -0.001
  -0.000    0.005   -0.003
  -0.031   -0.020    0.005

1087.3758
   0.108   -0.010   -0.077
   0.019   -0.019    0.037
   0.062   -0.034   -0.091
  -0.116    0.048    0.016
  -0.026    0.014   -0.012
   0.016    0.003   -0.021
  -0.069    0.027    0.031
  -0.033    0.021    0.051
   0.090    0.030   -0.071
   0.074    0.314   -0.189
  -0.003    0.025    0.034
  -0.001   -0.117    0.602
   0.015    0.061   -0.177
  -0.016   -0.045   -0.007
  -0.024    0.003   -0.009
   0.071    0.008   -0.016
   0.221    0.028    0.224
  -0.199    0.010   -0.048
  -0.061   -0.115    0.037
  -0.009    0.022   -0.019
  -0.108   -0.100    0.025
  -0.149   -0.158    0.055
   0.112    0.119   -0.034
   0.103    0.015    0.018
   0.077    0.019    0.039
   0.230    0.172   -0.025

1094.9650
  -0.076   -0.012    0.061
  -0.026    0.033   -0.025
  -0.113    0.048    0.082
   0.068   -0.048   -0.017
   0.035   -0.028    0.012
  -0.006    0.005   -0.004
   0.075   -0.060   -0.030
   0.141   -0.149   -0.012
  -0.052    0.138    0.002
   0.030    0.550   -0.189
  -0.011   -0.039    0.048
   0.011    0.039   -0.051
   0.011   -0.160    0.456
   0.035    0.014    0.028
   0.072   -0.007   -0.016
  -0.111   -0.007    0.006
  -0.301   -0.070   -0.310
   0.220   -0.021    0.047
  -0.013   -0.078   -0.017
  -0.006    0.015   -0.004
  -0.051   -0.041    0.013
  -0.061   -0.032    0.022
   0.044    0.051   -0.010
   0.059    0.017    0.003
   0.015   -0.004    0.007
   0.095    0.061   -0.021

1130.8602
   0.091   -0.000   -0.066
   0.027   -0.026    0.027
   0.085   -0.040   -0.082
  -0.065    0.032    0.015
  -0.045    0.028   -0.012
   0.011   -0.000   -0.014
  -0.096    0.052    0.055
  -0.090    0.100    0.071
   0.142   -0.095   -0.013
   0.200   -0.147    0.004
  -0.086    0.029   -0.043
   0.003    0.140    0.182
   0.099   -0.126   -0.188
   0.013    0.006    0.009
   0.117   -0.011   -0.037
  -0.111    0.018    0.064
  -0.401   -0.094   -0.419
   0.504   -0.012    0.143
  -0.002    0.017   -0.003
  -0.009   -0.004   -0.006
  -0.026   -0.002   -0.004
  -0.034   -0.010   -0.006
   0.037   -0.016    0.009
  -0.047    0.074   -0.016
   0.093    0.119   -0.050
  -0.121   -0.049    0.028

1133.8920
  -0.010    0.003    0.005
  -0.003    0.001   -0.002
  -0.003    0.002    0.007
   0.007    0.000    0.000
   0.005    0.000    0.002
  -0.000   -0.001   -0.001
   0.008   -0.005   -0.004
   0.010   -0.014   -0.003
  -0.010    0.007    0.001
  -0.020    0.026   -0.007
   0.006   -0.001    0.003
   0.000   -0.009   -0.010
  -0.006    0.006    0.020
  -0.000   -0.001   -0.000
  -0.007    0.001    0.002
   0.006   -0.001   -0.004
   0.024    0.007    0.025
  -0.032    0.001   -0.009
   0.005   -0.011   -0.009
  -0.001    0.004    0.006
  -0.026    0.037    0.048
  -0.062    0.086    0.111
   0.054   -0.080   -0.104
  -0.601   -0.206    0.128
   0.459    0.437    0.155
  -0.117    0.180    0.234

1158.9424
  -0.006   -0.003    0.006
  -0.001    0.002   -0.002
  -0.006    0.003    0.008
   0.006   -0.005   -0.001
   0.003   -0.005    0.006
   0.001   -0.000    0.001
  -0.001    0.001   -0.004
  -0.013    0.006   -0.009
  -0.007   -0.014   -0.001
  -0.008    0.097   -0.048
   0.015    0.014   -0.004
  -0.006   -0.005   -0.099
  -0.012    0.000    0.161
   0.002   -0.010    0.009
  -0.025    0.005    0.007
   0.017   -0.004   -0.017
   0.068    0.018    0.070
  -0.113    0.004   -0.035
   0.020    0.015   -0.001
   0.038   -0.026    0.039
  -0.132    0.015   -0.081
  -0.087    0.134   -0.159
   0.119   -0.047    0.100
   0.100    0.465   -0.155
   0.159    0.312   -0.333
  -0.479   -0.327    0.008

1208.7337
   0.061    0.000   -0.048
   0.014   -0.013    0.017
   0.049   -0.022   -0.062
  -0.014   -0.000    0.008
  -0.039    0.021   -0.008
   0.011    0.004   -0.024
  -0.054    0.021    0.054
   0.092   -0.036    0.119
   0.095   -0.032   -0.012
   0.439    0.056   -0.086
  -0.017    0.005   -0.007
  -0.001    0.180   -0.552
   0.021   -0.163    0.526
   0.031    0.004    0.045
  -0.045    0.006    0.011
   0.004   -0.015   -0.041
   0.070    0.016    0.069
  -0.244   -0.007   -0.072
   0.009   -0.006   -0.019
  -0.032    0.007   -0.018
   0.014   -0.010    0.019
  -0.006   -0.069    0.036
  -0.007    0.009   -0.011
   0.002   -0.047    0.015
  -0.010   -0.030    0.041
   0.049    0.034   -0.002

1228.3318
  -0.057   -0.008    0.060
  -0.002    0.006   -0.017
  -0.042    0.017    0.071
  -0.000    0.007   -0.011
   0.031   -0.018    0.004
  -0.015   -0.007    0.043
  -0.001    0.013   -0.042
  -0.348    0.266   -0.176
   0.031   -0.147    0.091
  -0.037    0.624   -0.237
   0.001    0.097   -0.087
  -0.033   -0.065    0.241
   0.020   -0.017    0.291
  -0.012   -0.046    0.025
   0.003    0.008   -0.008
   0.009    0.007   -0.005
   0.029   -0.001    0.029
  -0.037    0.019   -0.017
  -0.009   -0.043    0.005
   0.003   -0.002    0.006
   0.039    0.056   -0.021
   0.144    0.224   -0.123
  -0.053   -0.020   -0.010
  -0.024   -0.054    0.003
  -0.042   -0.036    0.030
   0.052    0.028    0.001

1263.9979
  -0.095   -0.009    0.103
  -0.005    0.012   -0.022
  -0.087    0.029    0.115
  -0.031    0.021   -0.018
   0.070   -0.049    0.035
  -0.018   -0.000    0.017
  -0.016    0.009   -0.040
  -0.345    0.241   -0.165
   0.067   -0.020   -0.009
  -0.487    0.016    0.038
  -0.013   -0.002    0.002
  -0.004    0.051   -0.128
   0.013   -0.057    0.124
  -0.002   -0.003    0.012
  -0.000    0.002   -0.002
  -0.000   -0.002   -0.007
   0.009   -0.003    0.012
  -0.039   -0.004   -0.010
   0.074    0.132   -0.034
  -0.060    0.008   -0.040
  -0.009   -0.080    0.054
  -0.251   -0.505    0.296
   0.057    0.026    0.009
   0.003    0.001    0.030
   0.018   -0.025   -0.000
  -0.073   -0.036   -0.003

1289.9835
  -0.040    0.002    0.044
   0.004    0.002   -0.007
  -0.044    0.010    0.042
  -0.037    0.016   -0.009
   0.024   -0.019    0.009
  -0.005    0.000    0.008
  -0.021    0.008   -0.006
  -0.143    0.109   -0.049
   0.046   -0.036   -0.044
  -0.138    0.316   -0.180
  -0.010   -0.032    0.143
   0.019    0.185   -0.471
  -0.007    0.159   -0.631
   0.033    0.064    0.076
   0.022   -0.012   -0.019
  -0.031   -0.019   -0.039
  -0.019   -0.021   -0.020
  -0.189   -0.042   -0.046
  -0.033   -0.034    0.014
   0.021   -0.003    0.010
   0.001    0.016   -0.012
   0.075    0.146   -0.091
  -0.014   -0.005   -0.005
  -0.004   -0.002   -0.007
  -0.005    0.002    0.004
   0.025    0.019    0.004

1313.1244
   0.218   -0.067   -0.212
  -0.016   -0.004    0.029
   0.231   -0.035   -0.185
   0.216   -0.110    0.045
  -0.140    0.088   -0.018
   0.028   -0.003   -0.035
   0.051   -0.047   -0.002
   0.333   -0.300    0.090
   0.032   -0.062    0.073
  -0.613    0.296   -0.011
  -0.012    0.022   -0.018
  -0.000    0.039    0.003
   0.004    0.016   -0.058
   0.021    0.014    0.034
  -0.001   -0.002   -0.005
  -0.009   -0.005   -0.013
  -0.004   -0.015   -0.011
  -0.078   -0.010   -0.019
   0.009    0.040   -0.000
  -0.010   -0.002   -0.008
   0.010   -0.000    0.002
  -0.043   -0.113    0.056
   0.003   -0.002    0.004
  -0.008    0.000    0.005
  -0.008   -0.010   -0.009
  -0.019   -0.014    0.000

1344.7243
   0.030   -0.018   -0.034
  -0.012    0.001    0.003
   0.060   -0.004   -0.023
   0.049   -0.023    0.010
  -0.013    0.008    0.005
   0.004    0.003   -0.014
   0.026    0.003    0.015
   0.067   -0.027    0.033
  -0.152   -0.090    0.036
   0.653    0.311   -0.232
   0.021    0.018    0.032
  -0.015   -0.065    0.074
  -0.030    0.156   -0.333
  -0.004    0.004   -0.001
   0.009   -0.003   -0.004
  -0.000    0.001    0.003
   0.003   -0.009    0.004
   0.010   -0.001    0.004
   0.088    0.068   -0.055
  -0.040    0.005   -0.017
   0.009   -0.007    0.014
  -0.174   -0.351    0.207
   0.020   -0.004    0.017
  -0.037    0.016    0.018
  -0.018   -0.016   -0.051
  -0.052   -0.053   -0.006

1368.6407
  -0.309    0.505    0.138
   0.131   -0.067   -0.009
  -0.589   -0.046   -0.075
  -0.356    0.199   -0.063
  -0.049    0.037   -0.015
   0.003   -0.003    0.003
   0.013   -0.009   -0.000
   0.167   -0.134    0.055
  -0.010   -0.015    0.025
  -0.065    0.038    0.008
  -0.003    0.006   -0.023
  -0.013   -0.043    0.068
   0.025   -0.022   -0.032
   0.019    0.016    0.036
  -0.000   -0.002   -0.005
  -0.008   -0.005   -0.012
  -0.007   -0.021   -0.017
  -0.082   -0.013   -0.016
   0.006    0.012   -0.004
  -0.003   -0.001   -0.002
   0.002    0.002    0.000
  -0.021   -0.051    0.025
   0.002   -0.000    0.002
  -0.003    0.000    0.003
  -0.002   -0.005   -0.005
  -0.012   -0.009   -0.001

1380.0732
  -0.044    0.132   -0.001
   0.033   -0.018    0.003
  -0.130   -0.019   -0.056
  -0.050    0.030   -0.009
  -0.039    0.025   -0.009
   0.005   -0.001   -0.004
   0.010   -0.016    0.013
  -0.003   -0.021    0.007
   0.035   -0.035   -0.010
  -0.104    0.247   -0.115
   0.017   -0.010    0.114
   0.130    0.385   -0.323
  -0.271    0.302    0.136
  -0.106   -0.102   -0.233
  -0.012    0.016    0.036
   0.046    0.028    0.076
   0.047    0.123    0.109
   0.513    0.084    0.099
   0.007   -0.004    0.008
  -0.009    0.002   -0.003
  -0.000   -0.001    0.000
   0.022    0.027   -0.022
  -0.004   -0.002   -0.001
   0.007    0.006   -0.007
   0.003    0.007    0.001
   0.021    0.012    0.004

1414.6338
  -0.003   -0.002    0.005
   0.001    0.000   -0.001
  -0.001    0.000    0.003
  -0.005    0.001   -0.002
  -0.000    0.000    0.002
  -0.000    0.000   -0.002
   0.001   -0.002    0.000
  -0.011    0.005   -0.004
  -0.003    0.002   -0.002
  -0.023   -0.014    0.008
  -0.000    0.003    0.002
  -0.020   -0.034   -0.012
   0.028   -0.024   -0.010
  -0.002    0.002    0.003
   0.002   -0.000   -0.001
  -0.001   -0.001   -0.001
  -0.002    0.009    0.004
   0.007    0.001   -0.002
   0.031   -0.003    0.018
  -0.022    0.007   -0.016
  -0.000   -0.001    0.000
  -0.055   -0.098    0.052
  -0.086   -0.084    0.021
   0.329    0.333   -0.274
   0.229    0.474   -0.071
   0.564    0.240    0.106

1443.8899
  -0.004    0.048   -0.020
   0.001   -0.000    0.005
  -0.022   -0.009   -0.064
   0.027   -0.039    0.000
  -0.005    0.004   -0.002
   0.001   -0.000    0.000
   0.005   -0.007    0.003
   0.002    0.008    0.002
   0.005    0.004   -0.001
  -0.027    0.051   -0.014
  -0.010    0.080    0.064
  -0.347   -0.555   -0.283
   0.497   -0.426   -0.121
  -0.028   -0.013   -0.067
  -0.002    0.002    0.009
   0.014    0.006    0.020
   0.010    0.027    0.016
   0.091    0.016    0.025
   0.009   -0.004    0.007
  -0.007    0.001   -0.004
  -0.004   -0.004    0.001
   0.020    0.036   -0.022
   0.004    0.006   -0.005
   0.014   -0.021    0.007
   0.002   -0.029    0.043
  -0.049   -0.004    0.005

1450.0758
   0.270    0.216   -0.493
  -0.032   -0.040    0.004
  -0.314    0.010    0.232
   0.444    0.475    0.224
   0.002   -0.027   -0.015
  -0.003    0.003    0.012
   0.003   -0.002    0.004
  -0.051    0.062   -0.012
  -0.001    0.005   -0.006
   0.019   -0.016    0.000
  -0.001   -0.001    0.000
   0.001    0.002   -0.003
  -0.000   -0.002    0.002
  -0.001    0.001    0.004
   0.001   -0.000   -0.001
  -0.000   -0.000   -0.001
  -0.000   -0.001   -0.001
  -0.007   -0.001   -0.002
   0.001    0.000   -0.000
  -0.000   -0.000   -0.000
  -0.002   -0.002    0.001
   0.004    0.005   -0.004
   0.000   -0.000   -0.001
   0.007    0.010   -0.007
   0.002   -0.005    0.011
  -0.005    0.010    0.012

1455.7373
   0.013   -0.050    0.012
   0.003   -0.003   -0.007
   0.010    0.009    0.092
  -0.029    0.073    0.004
  -0.005   -0.001    0.002
   0.002    0.001   -0.003
  -0.002    0.002   -0.001
   0.021   -0.015    0.007
   0.003   -0.002    0.000
  -0.015    0.003    0.001
  -0.000    0.003    0.002
  -0.011   -0.016   -0.012
   0.015   -0.012   -0.002
  -0.001   -0.001   -0.004
  -0.001    0.000    0.001
   0.001    0.001    0.001
  -0.000    0.000   -0.001
   0.002    0.000    0.001
  -0.001   -0.000    0.001
   0.000   -0.000   -0.000
  -0.007    0.010    0.010
  -0.003    0.005    0.003
  -0.021    0.028    0.035
  -0.001   -0.439    0.241
   0.095    0.385   -0.279
   0.241   -0.406   -0.519

1457.1218
   0.056   -0.403    0.169
   0.027   -0.017   -0.055
   0.132    0.065    0.633
  -0.290    0.454   -0.004
  -0.035    0.002    0.014
   0.013    0.003   -0.022
  -0.013    0.014   -0.012
   0.182   -0.139    0.059
   0.003   -0.013    0.016
  -0.041    0.042   -0.002
   0.000    0.009    0.004
  -0.026   -0.041   -0.017
   0.034   -0.023   -0.016
   0.002   -0.003   -0.014
  -0.005    0.001    0.004
   0.001    0.001    0.004
   0.000    0.005    0.001
   0.022    0.004    0.005
  -0.002   -0.001    0.000
   0.001   -0.000    0.000
   0.005    0.004   -0.004
  -0.007   -0.018    0.005
   0.002   -0.005   -0.005
  -0.002    0.061   -0.033
  -0.017   -0.060    0.042
  -0.042    0.055    0.075

1479.4406
   0.002    0.007   -0.005
  -0.001    0.000    0.001
  -0.007   -0.002   -0.003
   0.006    0.001    0.001
   0.009   -0.004   -0.004
  -0.002    0.000    0.004
  -0.007    0.004   -0.002
   0.017   -0.011    0.005
   0.010    0.006   -0.003
  -0.026   -0.008    0.011
  -0.001    0.003    0.003
  -0.018   -0.024   -0.015
   0.026   -0.024    0.010
  -0.001   -0.001   -0.004
  -0.001    0.000    0.001
   0.001    0.001    0.001
  -0.001   -0.000   -0.002
   0.001   -0.001    0.002
  -0.008   -0.027    0.018
  -0.004    0.006   -0.007
   0.024    0.017   -0.000
  -0.016   -0.068    0.051
   0.031   -0.018    0.034
  -0.598    0.259    0.030
  -0.305   -0.140   -0.582
   0.312    0.095    0.023

1515.1576
  -0.048    0.132   -0.052
  -0.040    0.020    0.011
  -0.106    0.006   -0.118
   0.134   -0.101    0.026
   0.166   -0.119    0.078
  -0.019    0.009   -0.002
  -0.153    0.137   -0.108
   0.678   -0.527    0.178
   0.023   -0.056    0.046
  -0.100    0.121   -0.008
   0.004    0.008   -0.001
   0.003   -0.009    0.038
  -0.006    0.028   -0.046
   0.036   -0.009   -0.037
  -0.027    0.002    0.019
  -0.002    0.002    0.009
  -0.014    0.009   -0.015
   0.051    0.009    0.012
  -0.013    0.004   -0.010
   0.008   -0.001    0.004
   0.011    0.008   -0.002
  -0.020   -0.026    0.011
  -0.008   -0.003   -0.002
   0.048   -0.015   -0.008
   0.023    0.018    0.040
  -0.008   -0.003    0.000

1549.7750
   0.006   -0.018    0.007
   0.000   -0.001    0.000
   0.018   -0.000    0.014
  -0.021    0.013   -0.003
   0.005    0.004   -0.023
  -0.002   -0.004    0.016
  -0.006    0.005   -0.001
   0.077   -0.051    0.027
  -0.028   -0.026    0.008
   0.003    0.007   -0.007
   0.001   -0.003   -0.005
   0.007    0.009    0.018
  -0.020    0.024   -0.021
   0.003    0.004    0.009
  -0.000   -0.001   -0.001
  -0.001   -0.000   -0.002
  -0.007   -0.007   -0.007
  -0.017   -0.007   -0.001
   0.122    0.131   -0.036
  -0.042   -0.005   -0.017
  -0.076   -0.171    0.095
   0.400    0.718   -0.388
   0.011    0.028   -0.019
  -0.103    0.028   -0.001
  -0.054   -0.014   -0.086
   0.201    0.119   -0.003

1575.2532
   0.001    0.000   -0.000
  -0.001    0.000    0.000
  -0.000   -0.000    0.000
  -0.000    0.001    0.000
   0.005   -0.003   -0.001
  -0.000    0.000    0.000
  -0.007    0.004   -0.002
   0.052   -0.034    0.014
  -0.002    0.003   -0.002
  -0.007   -0.022    0.010
   0.004   -0.002   -0.017
  -0.010   -0.028   -0.023
   0.009   -0.017    0.007
  -0.045    0.020    0.088
   0.048   -0.008   -0.026
  -0.077   -0.043   -0.069
   0.267    0.410    0.623
   0.544    0.169   -0.110
   0.024   -0.012    0.022
  -0.016    0.003   -0.010
  -0.002    0.005   -0.006
  -0.001    0.006   -0.002
   0.003    0.002    0.000
  -0.008   -0.014    0.012
  -0.006   -0.015    0.002
  -0.024   -0.013   -0.006

1645.8893
  -0.061    0.143   -0.005
   0.035   -0.004   -0.042
  -0.154   -0.011   -0.048
   0.239   -0.117   -0.011
  -0.197   -0.090    0.513
   0.113    0.044   -0.286
   0.024    0.016   -0.062
  -0.326    0.252   -0.178
  -0.005    0.004    0.015
   0.156   -0.027    0.016
   0.001   -0.002   -0.009
  -0.024   -0.056    0.050
   0.024   -0.032    0.019
   0.017   -0.005   -0.006
  -0.007    0.002    0.005
  -0.016   -0.007   -0.008
   0.072    0.064    0.127
   0.122    0.042   -0.019
  -0.179    0.086   -0.163
   0.113   -0.028    0.077
   0.015   -0.063    0.062
   0.085    0.125   -0.117
  -0.009    0.001   -0.005
  -0.053    0.069   -0.037
  -0.024    0.040   -0.085
   0.175    0.088    0.013

1666.0778
   0.026   -0.066    0.005
  -0.012   -0.000    0.018
   0.073    0.003    0.024
  -0.110    0.055    0.003
   0.070    0.058   -0.242
  -0.053   -0.022    0.132
   0.023   -0.025    0.037
  -0.021    0.016    0.039
   0.018   -0.017    0.022
   0.089    0.142   -0.073
  -0.032    0.009    0.011
  -0.045   -0.026    0.055
   0.076   -0.089   -0.047
   0.205   -0.026   -0.054
  -0.105    0.017    0.043
  -0.074   -0.021   -0.023
   0.094    0.176    0.262
   0.373    0.100   -0.042
  -0.340    0.193   -0.320
   0.211   -0.060    0.147
   0.021   -0.089    0.082
  -0.029   -0.205    0.142
  -0.010   -0.009    0.002
   0.024    0.108   -0.079
   0.024    0.123   -0.076
   0.215    0.094    0.024

1685.7715
   0.003   -0.013    0.000
  -0.007    0.002    0.006
   0.015    0.003    0.003
  -0.026    0.010    0.003
   0.042   -0.001   -0.057
  -0.016   -0.003    0.030
  -0.023    0.015    0.001
   0.271   -0.183    0.070
   0.008   -0.003    0.018
   0.039    0.031   -0.005
   0.037   -0.004   -0.014
  -0.021   -0.036   -0.222
  -0.036   -0.010    0.209
  -0.525    0.046    0.127
   0.267   -0.042   -0.109
   0.135    0.035    0.027
   0.103   -0.201   -0.090
  -0.457   -0.103    0.046
  -0.156    0.086   -0.146
   0.095   -0.027    0.070
   0.010   -0.039    0.036
  -0.015   -0.090    0.070
  -0.004   -0.004    0.000
   0.013    0.044   -0.034
   0.010    0.049   -0.026
   0.085    0.041    0.013

2951.7247
  -0.034   -0.019   -0.030
   0.004   -0.001   -0.001
   0.001    0.046   -0.006
  -0.010   -0.011    0.050
  -0.000   -0.001    0.001
   0.000    0.000   -0.000
  -0.001    0.001   -0.001
  -0.001   -0.000    0.013
   0.009    0.032    0.075
  -0.101   -0.391   -0.893
  -0.001   -0.010   -0.003
  -0.081    0.034    0.010
   0.093    0.084    0.023
  -0.000    0.000   -0.001
   0.000    0.000    0.000
  -0.000   -0.000   -0.000
   0.002    0.001   -0.001
  -0.001    0.002    0.001
   0.001   -0.000    0.002
  -0.000    0.000   -0.000
  -0.000   -0.000    0.000
  -0.000    0.002   -0.000
  -0.002    0.001    0.001
   0.001    0.008    0.015
   0.033   -0.022   -0.015
  -0.002    0.010   -0.008

2968.2402
  -0.006   -0.003   -0.005
   0.001   -0.000   -0.000
   0.000    0.007   -0.001
  -0.002   -0.002    0.007
   0.000    0.000   -0.000
  -0.000   -0.000    0.000
   0.000   -0.000   -0.000
  -0.000   -0.000    0.000
  -0.001   -0.001   -0.003
   0.004    0.016    0.036
  -0.000    0.001    0.000
   0.011   -0.005   -0.001
  -0.009   -0.009   -0.002
   0.000   -0.000   -0.000
   0.000    0.000    0.000
   0.000   -0.000    0.000
  -0.001    0.000   -0.000
  -0.000    0.000    0.000
  -0.001    0.001   -0.001
   0.001   -0.000    0.001
   0.001   -0.002    0.001
  -0.011    0.002   -0.008
  -0.043   -0.020   -0.001
   0.115    0.260    0.531
   0.523   -0.330   -0.217
  -0.115    0.315   -0.301

2977.3184
   0.398    0.215    0.345
  -0.043    0.018    0.012
  -0.021   -0.551    0.071
   0.121    0.130   -0.556
   0.001   -0.001   -0.000
  -0.000    0.000   -0.000
   0.000   -0.000    0.000
  -0.000   -0.002    0.003
   0.001    0.003    0.007
  -0.011   -0.036   -0.091
   0.001    0.008    0.002
   0.061   -0.027   -0.006
  -0.066   -0.062   -0.015
   0.000    0.000    0.000
  -0.000   -0.000   -0.000
   0.000    0.000    0.000
  -0.001   -0.000   -0.000
  -0.000   -0.002   -0.001
  -0.000   -0.000   -0.000
   0.000    0.000    0.000
  -0.000   -0.000   -0.001
   0.003    0.000    0.003
   0.000   -0.002   -0.001
   0.006    0.008    0.019
  -0.003    0.002    0.002
  -0.003    0.006   -0.007

3010.2155
  -0.051   -0.028   -0.045
   0.006   -0.002   -0.001
   0.002    0.068   -0.008
  -0.015   -0.016    0.072
  -0.000    0.000    0.000
   0.000    0.000   -0.000
  -0.000   -0.000    0.000
   0.002    0.002   -0.004
   0.001    0.005    0.011
  -0.015   -0.053   -0.126
   0.001    0.065    0.018
   0.541   -0.245   -0.066
  -0.556   -0.513   -0.124
   0.000   -0.000   -0.002
   0.000    0.000    0.000
  -0.000   -0.000   -0.001
   0.001    0.001   -0.000
   0.000    0.003    0.001
  -0.000   -0.001    0.000
  -0.000   -0.000   -0.000
   0.000   -0.001    0.001
  -0.006    0.001   -0.006
  -0.004    0.009    0.007
  -0.023   -0.034   -0.078
   0.067   -0.041   -0.029
   0.010   -0.024    0.025

3032.2686
   0.018    0.009    0.015
  -0.002    0.001    0.000
  -0.001   -0.019    0.002
   0.005    0.005   -0.022
   0.000   -0.000   -0.000
  -0.000   -0.000    0.000
   0.000    0.000   -0.000
  -0.001   -0.001    0.002
  -0.001   -0.001   -0.002
   0.004    0.014    0.030
  -0.002   -0.008   -0.002
  -0.052    0.024    0.006
   0.077    0.072    0.017
  -0.000    0.000    0.000
   0.000   -0.000   -0.000
  -0.000   -0.000    0.000
   0.001    0.000   -0.001
  -0.000    0.000    0.001
   0.000   -0.000   -0.000
   0.000    0.000   -0.000
   0.000   -0.000   -0.001
  -0.002    0.003    0.004
  -0.033    0.055    0.067
  -0.158   -0.297   -0.629
   0.553   -0.339   -0.205
   0.003   -0.018    0.041

3056.5963
   0.539    0.270    0.456
  -0.042   -0.071   -0.041
   0.007    0.628   -0.091
  -0.037   -0.043    0.121
  -0.001   -0.001   -0.001
   0.000    0.000    0.000
  -0.000   -0.000    0.000
   0.001   -0.000   -0.001
  -0.000   -0.000    0.000
  -0.000   -0.000   -0.001
   0.000    0.000    0.000
   0.001   -0.001   -0.000
  -0.002   -0.001   -0.000
   0.000   -0.000   -0.000
   0.000    0.000    0.000
   0.000   -0.000   -0.000
  -0.000   -0.000   -0.000
   0.000    0.000    0.000
  -0.000    0.000    0.000
   0.000    0.000    0.000
  -0.000    0.000   -0.000
   0.001   -0.000    0.001
  -0.000   -0.000   -0.000
   0.001    0.002    0.003
  -0.001    0.001    0.000
   0.001   -0.002    0.001

3061.8841
  -0.182   -0.105   -0.141
   0.002   -0.039    0.068
   0.013    0.437   -0.043
   0.142    0.140   -0.627
   0.001   -0.001    0.002
   0.000    0.000   -0.001
  -0.000    0.000   -0.001
  -0.005    0.002    0.004
   0.001    0.000    0.000
  -0.001   -0.003   -0.005
   0.052    0.003    0.000
  -0.390    0.186    0.049
  -0.238   -0.227   -0.057
   0.001    0.000    0.000
  -0.000   -0.000    0.000
  -0.000   -0.000   -0.000
   0.000   -0.001   -0.001
  -0.001    0.000    0.000
   0.000   -0.000    0.000
  -0.000    0.000   -0.000
   0.001    0.000    0.000
  -0.004    0.001   -0.003
   0.001   -0.001    0.002
  -0.003   -0.007   -0.015
  -0.000   -0.000    0.001
  -0.006    0.017   -0.016

3062.0377
  -0.118   -0.068   -0.092
   0.001   -0.026    0.045
   0.008    0.286   -0.028
   0.095    0.093   -0.418
   0.001   -0.001    0.001
   0.000    0.000   -0.000
   0.000   -0.000   -0.001
  -0.003   -0.002    0.004
  -0.001    0.000   -0.001
   0.001    0.003    0.004
  -0.078   -0.005   -0.000
   0.589   -0.282   -0.074
   0.358    0.343    0.085
  -0.002   -0.000   -0.001
   0.001    0.000   -0.000
   0.001   -0.000    0.000
   0.000    0.001    0.002
   0.001   -0.000    0.000
  -0.000    0.000   -0.001
   0.000   -0.000    0.000
   0.000   -0.000    0.001
  -0.003    0.000   -0.003
  -0.002    0.002   -0.005
   0.005    0.014    0.026
   0.001   -0.001   -0.002
   0.013   -0.035    0.032

3069.2737
   0.003    0.002    0.002
  -0.000    0.001   -0.000
  -0.000   -0.009    0.001
  -0.000   -0.000    0.001
   0.000    0.000   -0.000
  -0.000   -0.000    0.000
   0.000    0.000   -0.000
  -0.001   -0.000    0.002
  -0.000   -0.000   -0.001
   0.001    0.004    0.008
   0.006   -0.002   -0.001
  -0.058    0.027    0.007
  -0.012   -0.012   -0.003
   0.000    0.000    0.000
   0.000   -0.000   -0.000
  -0.000   -0.000    0.000
   0.002    0.000   -0.001
  -0.000    0.000    0.001
  -0.001    0.000   -0.000
   0.000    0.000    0.000
   0.000   -0.001    0.001
  -0.010    0.005   -0.010
  -0.042    0.052   -0.065
   0.058    0.156    0.287
   0.229   -0.141   -0.112
   0.225   -0.624    0.593

3313.4631
  -0.005   -0.002   -0.004
   0.001   -0.001    0.000
   0.000    0.006   -0.001
   0.002   -0.000   -0.003
  -0.001   -0.002    0.006
   0.001    0.001   -0.003
  -0.004   -0.000    0.006
   0.047    0.018   -0.098
   0.001    0.000   -0.000
  -0.001   -0.001   -0.001
  -0.000    0.001    0.000
   0.004   -0.001   -0.001
  -0.004   -0.005   -0.000
   0.001   -0.000   -0.000
  -0.001    0.000    0.000
   0.003    0.001   -0.001
  -0.042   -0.007    0.024
   0.002   -0.009   -0.017
  -0.001    0.001   -0.001
   0.002   -0.001    0.002
  -0.062    0.008   -0.042
   0.805   -0.126    0.561
   0.001    0.001    0.000
   0.009    0.009    0.009
   0.017   -0.002   -0.004
   0.000   -0.006    0.005

3376.1731
   0.001    0.000    0.001
  -0.000    0.000   -0.001
   0.000   -0.001    0.000
   0.000   -0.003    0.007
   0.000   -0.000    0.001
  -0.000   -0.001    0.002
   0.030    0.011   -0.066
  -0.418   -0.139    0.874
  -0.000   -0.001   -0.000
  -0.003    0.007    0.011
   0.000    0.001   -0.000
   0.003   -0.002   -0.002
  -0.004   -0.005    0.000
  -0.004    0.001    0.001
   0.002   -0.001   -0.001
  -0.006   -0.004    0.000
   0.110    0.021   -0.067
  -0.008    0.037    0.066
   0.000   -0.000    0.000
  -0.000   -0.000   -0.000
  -0.007    0.001   -0.005
   0.095   -0.014    0.063
   0.000   -0.000    0.000
   0.000    0.001    0.001
  -0.001    0.001   -0.000
   0.000    0.001   -0.001

3407.5860
  -0.000   -0.000   -0.000
   0.000   -0.000   -0.000
   0.000    0.001   -0.000
   0.000   -0.001    0.002
   0.000   -0.000    0.000
   0.000   -0.000    0.000
   0.005    0.002   -0.010
  -0.062   -0.022    0.136
  -0.000   -0.000    0.000
  -0.000    0.001   -0.001
   0.000    0.000   -0.000
  -0.001   -0.002   -0.001
  -0.001   -0.002   -0.001
  -0.001    0.001   -0.000
  -0.002    0.000   -0.000
   0.048    0.026    0.001
  -0.703   -0.124    0.444
   0.048   -0.246   -0.451
  -0.001    0.000   -0.001
   0.001    0.000    0.000
   0.002   -0.001    0.002
  -0.028    0.003   -0.017
  -0.000    0.000   -0.000
  -0.000   -0.001   -0.001
   0.001   -0.001   -0.000
   0.000   -0.001    0.001

3549.4407
  -0.001   -0.000   -0.000
   0.000   -0.000   -0.000
  -0.000    0.001   -0.000
  -0.000   -0.000    0.001
   0.000   -0.000    0.000
  -0.000   -0.000   -0.000
  -0.000   -0.000    0.000
   0.001    0.001   -0.003
   0.000    0.000    0.000
  -0.000   -0.001   -0.001
   0.000    0.000   -0.000
   0.002   -0.001   -0.001
  -0.001   -0.001    0.001
  -0.002    0.001    0.000
   0.001   -0.000    0.000
  -0.036    0.024    0.073
   0.425    0.086   -0.264
   0.087   -0.414   -0.746
   0.001   -0.000    0.001
  -0.001    0.000   -0.000
  -0.001    0.000   -0.001
   0.007   -0.000    0.004
  -0.000   -0.000    0.000
   0.000    0.000    0.000
   0.000   -0.000    0.000
  -0.000    0.000   -0.000
