#==========================================#
#| File containing vibrational modes from |#
#|      experiment/QM for ForceBalance    |#
#|                                        |#
#| Octothorpes are comments               |#
#| This file should be formatted like so: |#
#| (Full XYZ file for the molecule)       |#
#| Number of atoms                        |#
#| Comment line                           |#
#| a1 x1 y1 z1 (xyz for atom 1)           |#
#| a2 x2 y2 z2 (xyz for atom 2)           |#
#|                                        |#
#| These coords will be actually used     |#
#|                                        |#
#| (Followed by vibrational modes)        |#
#| Do not use mass-weighted coordinates   |#
#| ...                                    |#
#| v (Eigenvalue in wavenumbers)          |#
#| dx1 dy1 dz1 (Eigenvector for atom 1)   |#
#| dx2 dy2 dz2 (Eigenvector for atom 2)   |#
#| ...                                    |#
#| (Empty line is optional)               |#
#| v (Eigenvalue)                         |#
#| dx1 dy1 dz1 (Eigenvector for atom 1)   |#
#| dx2 dy2 dz2 (Eigenvector for atom 2)   |#
#| ...                                    |#
#| and so on                              |#
#|                                        |#
#| Please list freqs in increasing order  |#
#==========================================#

32
Coordinates and vibrations calculated using MP2/aTZ from ./PHE-phipsi/frequency.out
 H    4.819    2.226    0.725
 C    4.308    1.927   -0.185
 H    4.410    2.733   -0.904
 H    4.773    1.028   -0.580
 C    2.850    1.744    0.125
 O    2.150    2.656    0.552
 N    2.355    0.506   -0.091
 H    2.918   -0.254   -0.439
 C    0.979    0.210    0.164
 H    0.687    0.676    1.106
 C    0.074    0.762   -0.952
 H    0.380    0.305   -1.892
 H    0.259    1.834   -1.002
 C   -1.357    0.467   -0.656
 C   -2.038   -0.538   -1.335
 H   -1.547   -1.051   -2.151
 C   -3.325   -0.902   -0.962
 H   -3.840   -1.687   -1.495
 C   -3.945   -0.264    0.105
 H   -4.943   -0.549    0.401
 C   -3.280    0.752    0.782
 H   -3.762    1.260    1.603
 C   -1.996    1.116    0.399
 H   -1.477    1.908    0.923
 C    0.836   -1.293    0.246
 O    1.615   -2.039   -0.340
 N   -0.207   -1.730    0.975
 H   -0.891   -1.045    1.247
 C   -0.605   -3.118    0.928
 H   -1.068   -3.368   -0.026
 H    0.271   -3.743    1.062
 H   -1.309   -3.306    1.731

-74.1295
  -0.003    0.014   -0.010
  -0.004    0.017   -0.012
  -0.011    0.023   -0.007
   0.002    0.023   -0.020
  -0.000    0.004   -0.009
  -0.007   -0.005    0.000
   0.009    0.001   -0.015
   0.018   -0.000   -0.001
   0.018   -0.012    0.007
   0.033   -0.017    0.018
  -0.009   -0.023    0.020
  -0.019   -0.024    0.014
  -0.008   -0.020    0.010
  -0.009   -0.018    0.021
  -0.017    0.003    0.003
  -0.017   -0.001    0.001
  -0.031    0.030   -0.024
  -0.041    0.050   -0.045
  -0.035    0.035   -0.030
  -0.045    0.052   -0.046
  -0.025    0.016   -0.011
  -0.031    0.023   -0.019
  -0.013   -0.005    0.011
  -0.008   -0.013    0.022
   0.036   -0.017    0.012
   0.061   -0.006    0.034
   0.024   -0.015    0.003
   0.025   -0.003   -0.018
  -0.012   -0.005   -0.007
  -0.514    0.140    0.195
   0.076    0.002   -0.569
   0.416   -0.149    0.336

-59.5281
  -0.147    0.307   -0.065
  -0.137    0.214   -0.039
  -0.269    0.204   -0.063
  -0.034    0.267   -0.027
  -0.106    0.030    0.011
  -0.204   -0.048    0.015
   0.027   -0.033    0.054
   0.080    0.025    0.017
   0.029   -0.096   -0.004
  -0.029   -0.084   -0.032
   0.088   -0.106   -0.056
   0.086   -0.166   -0.023
   0.145   -0.124   -0.095
   0.066   -0.007   -0.058
  -0.019    0.038   -0.045
  -0.076    0.021   -0.063
  -0.015    0.087    0.026
  -0.082    0.118    0.044
   0.069    0.109    0.065
   0.074    0.152    0.122
   0.148    0.079    0.035
   0.217    0.091    0.067
   0.146    0.019   -0.026
   0.219   -0.013   -0.053
   0.032   -0.089    0.020
   0.039   -0.106    0.053
  -0.006   -0.056   -0.005
   0.008   -0.029   -0.040
  -0.091   -0.027   -0.045
   0.006    0.006   -0.101
  -0.156   -0.097    0.063
  -0.208    0.027   -0.135

-21.6235
   0.004    0.044   -0.019
   0.001   -0.007    0.002
  -0.009   -0.047   -0.042
   0.000   -0.025    0.049
  -0.002    0.005    0.018
   0.003    0.021   -0.014
  -0.002   -0.005    0.069
  -0.009    0.004    0.042
  -0.016    0.011    0.014
  -0.061    0.012   -0.005
   0.040    0.044   -0.020
   0.076    0.056   -0.011
   0.051    0.037    0.018
   0.034    0.038   -0.047
   0.077   -0.043    0.020
   0.093   -0.053    0.042
   0.124   -0.132    0.097
   0.165   -0.206    0.169
   0.117   -0.128    0.093
   0.153   -0.191    0.149
   0.059   -0.031    0.005
   0.051   -0.026   -0.004
   0.017    0.045   -0.062
  -0.014    0.100   -0.112
  -0.054    0.016   -0.013
  -0.082    0.014   -0.045
  -0.070    0.045   -0.014
  -0.030    0.081   -0.002
  -0.192    0.084   -0.086
  -0.502    0.255    0.018
  -0.191    0.011   -0.439
   0.035    0.018    0.100

55.9857
   0.034    0.217   -0.271
  -0.004   -0.034   -0.166
  -0.062   -0.220   -0.382
  -0.006   -0.124    0.040
   0.011    0.015   -0.052
   0.041    0.073   -0.127
   0.002   -0.010    0.120
  -0.017   -0.034    0.143
   0.002    0.000    0.127
  -0.009   -0.019    0.134
   0.015    0.016    0.119
   0.041    0.036    0.119
   0.015    0.017    0.143
   0.004    0.012    0.064
   0.025    0.027    0.019
   0.057    0.040    0.032
   0.011    0.019   -0.033
   0.028    0.032   -0.068
  -0.022   -0.008   -0.035
  -0.030   -0.019   -0.070
  -0.045   -0.020    0.004
  -0.073   -0.041    0.002
  -0.035   -0.004    0.050
  -0.055   -0.009    0.077
   0.013   -0.004    0.085
   0.091    0.031    0.143
  -0.061   -0.055   -0.051
  -0.105   -0.079   -0.100
  -0.052   -0.053   -0.206
   0.136    0.006   -0.311
  -0.083   -0.068   -0.070
  -0.213   -0.096   -0.356

69.6658
  -0.068   -0.174    0.324
   0.045   -0.067    0.223
   0.213   -0.020    0.299
   0.043   -0.074    0.231
  -0.008    0.005    0.006
  -0.033    0.040   -0.110
  -0.021    0.019   -0.035
   0.014   -0.025    0.115
  -0.023    0.012   -0.056
  -0.045    0.014   -0.061
  -0.041   -0.038   -0.069
  -0.064   -0.082   -0.057
  -0.037   -0.037   -0.123
  -0.035   -0.011   -0.022
  -0.050   -0.073    0.088
  -0.068   -0.154    0.127
  -0.039   -0.045    0.153
  -0.043   -0.100    0.236
  -0.015    0.049    0.110
  -0.004    0.068    0.166
  -0.003    0.119   -0.007
   0.014    0.199   -0.047
  -0.015    0.090   -0.072
  -0.004    0.141   -0.158
   0.034    0.000   -0.028
   0.132    0.016    0.079
  -0.019   -0.035   -0.128
  -0.070   -0.063   -0.188
   0.057   -0.057   -0.136
   0.107   -0.088   -0.152
   0.088   -0.006   -0.100
   0.035   -0.092   -0.162

73.1870
  -0.101    0.222    0.096
   0.025   -0.066    0.122
   0.106   -0.286   -0.113
   0.091   -0.178    0.455
  -0.014    0.001   -0.006
  -0.034    0.060   -0.169
  -0.018   -0.008    0.061
  -0.000   -0.038    0.154
  -0.037    0.009   -0.015
  -0.089    0.015   -0.038
   0.011    0.015   -0.050
   0.021   -0.000   -0.036
   0.033    0.007   -0.050
  -0.000    0.032   -0.048
  -0.053    0.110   -0.117
  -0.106    0.195   -0.205
  -0.031    0.074   -0.072
  -0.068    0.135   -0.127
   0.043   -0.051    0.046
   0.067   -0.092    0.089
   0.084   -0.116    0.103
   0.139   -0.202    0.188
   0.057   -0.071    0.053
   0.082   -0.118    0.101
  -0.031    0.009   -0.008
  -0.012    0.018    0.006
  -0.025    0.005   -0.005
  -0.041   -0.003   -0.019
   0.033   -0.013    0.076
  -0.082   -0.056    0.144
   0.086    0.038   -0.029
   0.151   -0.034    0.176

85.9665
   0.078   -0.567    0.154
   0.008   -0.004    0.006
   0.087    0.372    0.444
  -0.120    0.145   -0.478
  -0.006    0.012   -0.037
  -0.011    0.023   -0.070
   0.002   -0.002    0.016
  -0.001   -0.000    0.009
   0.002   -0.003    0.021
  -0.003    0.001    0.016
   0.012    0.002    0.015
   0.020    0.002    0.019
   0.016   -0.001    0.021
   0.007    0.005    0.003
   0.001    0.025   -0.024
  -0.002    0.049   -0.040
   0.003    0.015   -0.026
  -0.001    0.031   -0.046
   0.011   -0.018   -0.001
   0.014   -0.030   -0.001
   0.014   -0.036    0.022
   0.020   -0.063    0.042
   0.011   -0.024    0.023
   0.013   -0.036    0.041
  -0.004   -0.001    0.022
   0.000   -0.002    0.028
  -0.015    0.001    0.009
  -0.018    0.004   -0.002
  -0.028    0.006   -0.009
  -0.020    0.021   -0.016
  -0.036   -0.004   -0.004
  -0.041    0.004   -0.020

104.6448
  -0.129    0.131    0.191
   0.014    0.048    0.135
   0.098    0.000    0.093
   0.105    0.031    0.277
  -0.016    0.023   -0.045
  -0.114    0.047   -0.254
   0.065   -0.033    0.092
   0.088   -0.021    0.107
   0.060   -0.033    0.069
   0.074   -0.088    0.107
   0.026   -0.017    0.111
   0.010    0.005    0.093
  -0.002   -0.007    0.119
   0.042   -0.054    0.122
   0.079   -0.071    0.119
   0.131   -0.122    0.181
   0.028    0.002    0.008
   0.045   -0.000   -0.002
  -0.057    0.101   -0.101
  -0.112    0.186   -0.212
  -0.066    0.077   -0.057
  -0.119    0.131   -0.124
  -0.007   -0.009    0.061
  -0.012   -0.021    0.081
   0.015   -0.032   -0.035
  -0.151   -0.023   -0.265
   0.128   -0.042    0.123
   0.212   -0.024    0.284
  -0.009    0.001   -0.032
   0.007    0.145   -0.076
  -0.083   -0.110   -0.055
  -0.062   -0.002   -0.081

144.2777
   0.120   -0.104   -0.065
   0.033   -0.051   -0.032
   0.047   -0.051   -0.028
  -0.065   -0.081   -0.075
   0.031    0.058    0.058
   0.115    0.113    0.073
  -0.026    0.069    0.110
  -0.049    0.090    0.028
  -0.032    0.044    0.047
  -0.132    0.110   -0.024
   0.006   -0.169   -0.093
   0.057   -0.334    0.008
  -0.024   -0.177   -0.281
  -0.009   -0.140   -0.080
  -0.113   -0.097   -0.050
  -0.179   -0.142   -0.057
  -0.134    0.009    0.002
  -0.214    0.047    0.026
  -0.043    0.050    0.031
  -0.051    0.124    0.073
   0.066   -0.006    0.007
   0.149    0.018    0.039
   0.073   -0.102   -0.054
   0.155   -0.144   -0.071
   0.011    0.051    0.066
  -0.051    0.097   -0.069
   0.075    0.003    0.130
   0.088   -0.004    0.185
  -0.014    0.032   -0.121
   0.014    0.234   -0.187
  -0.063   -0.051   -0.189
  -0.063   -0.061   -0.187

164.9186
   0.063   -0.218   -0.129
  -0.076   -0.071   -0.103
  -0.108    0.008   -0.019
  -0.186   -0.059   -0.266
  -0.051   -0.013    0.037
  -0.013    0.032    0.006
  -0.053   -0.034    0.194
  -0.091   -0.019    0.097
  -0.079    0.001    0.067
  -0.148   -0.044    0.068
   0.018    0.038   -0.001
   0.066    0.025    0.017
   0.061    0.036    0.011
   0.002    0.068   -0.062
   0.022    0.033   -0.025
   0.019    0.015   -0.023
   0.048    0.001    0.034
   0.053   -0.027    0.065
   0.051    0.027    0.020
   0.068   -0.000    0.061
   0.022    0.092   -0.051
   0.015    0.129   -0.076
   0.001    0.113   -0.092
  -0.004    0.148   -0.140
  -0.052   -0.015   -0.014
  -0.037    0.052   -0.083
  -0.001   -0.108   -0.005
  -0.042   -0.173    0.057
   0.184   -0.164    0.074
   0.063   -0.241    0.154
   0.302   -0.030   -0.072
   0.351   -0.264    0.195

223.2480
  -0.088    0.004    0.057
  -0.019   -0.032    0.033
   0.004   -0.048    0.021
   0.027   -0.029    0.084
  -0.027   -0.073   -0.043
  -0.069   -0.122   -0.008
  -0.025   -0.050   -0.129
  -0.042   -0.076   -0.092
  -0.018    0.007   -0.021
   0.048    0.095   -0.046
  -0.009    0.037   -0.018
  -0.021    0.027   -0.015
   0.063    0.023   -0.002
  -0.027    0.102   -0.040
  -0.010    0.104   -0.060
  -0.011    0.153   -0.095
   0.030    0.010   -0.017
   0.063   -0.013   -0.017
   0.043   -0.071    0.037
   0.090   -0.172    0.103
  -0.016    0.002   -0.010
  -0.029   -0.029    0.004
  -0.053    0.096   -0.049
  -0.084    0.118   -0.050
  -0.002    0.032    0.117
  -0.051    0.011    0.085
   0.134   -0.008    0.303
   0.036   -0.055    0.191
   0.107    0.002   -0.171
   0.191    0.336   -0.301
   0.092   -0.044   -0.322
   0.046   -0.269   -0.288

251.3750
  -0.045    0.033    0.006
  -0.023    0.021   -0.004
  -0.055    0.037    0.010
   0.022    0.047   -0.014
  -0.009   -0.050   -0.022
  -0.059   -0.094   -0.003
   0.001   -0.038   -0.053
  -0.041   -0.088   -0.014
  -0.013    0.092   -0.009
   0.039    0.183   -0.039
   0.011    0.010   -0.040
   0.014   -0.047   -0.016
  -0.057    0.024   -0.122
   0.070   -0.084    0.047
   0.094   -0.112    0.081
   0.114   -0.159    0.120
   0.044    0.003   -0.001
   0.016    0.029   -0.010
   0.019    0.097   -0.073
  -0.045    0.218   -0.177
   0.083   -0.012    0.025
   0.077    0.008    0.010
   0.124   -0.104    0.090
   0.153   -0.143    0.124
  -0.135    0.118    0.046
  -0.143    0.082    0.078
  -0.170    0.078   -0.043
  -0.271   -0.016   -0.063
   0.143   -0.014   -0.086
   0.114   -0.069   -0.057
   0.328    0.216   -0.236
   0.287   -0.257   -0.018

287.1097
  -0.035   -0.294   -0.053
  -0.121   -0.225   -0.024
   0.012   -0.278   -0.061
  -0.305   -0.327    0.000
  -0.131   -0.031    0.007
  -0.126   -0.034    0.029
  -0.122    0.003   -0.028
  -0.131   -0.014   -0.006
  -0.081    0.019   -0.033
  -0.104   -0.004   -0.031
  -0.017    0.063   -0.023
   0.000    0.125   -0.043
  -0.043    0.067    0.057
   0.034   -0.004    0.015
   0.088   -0.049    0.044
   0.127   -0.072    0.086
   0.063    0.004   -0.009
   0.053    0.004    0.002
   0.032    0.077   -0.071
  -0.016    0.157   -0.157
   0.059   -0.001    0.019
   0.051   -0.018    0.022
   0.083   -0.050    0.068
   0.117   -0.092    0.098
   0.063    0.024   -0.033
   0.175    0.133   -0.023
   0.121    0.004    0.027
   0.166    0.057    0.014
  -0.088    0.069    0.030
  -0.092    0.137    0.014
  -0.213   -0.092    0.098
  -0.166    0.213   -0.004

302.4777
  -0.045   -0.061    0.050
  -0.016   -0.046    0.030
   0.180   -0.119   -0.026
  -0.119   -0.148    0.140
  -0.065    0.180   -0.035
   0.114    0.274    0.062
  -0.132    0.200   -0.197
  -0.011    0.278   -0.172
  -0.064   -0.052   -0.097
  -0.053   -0.085   -0.069
  -0.035    0.041   -0.030
  -0.064    0.127   -0.082
  -0.000    0.042    0.072
   0.027    0.029    0.027
   0.112   -0.012    0.035
   0.162   -0.005    0.058
   0.109    0.000   -0.010
   0.111   -0.003   -0.011
   0.069    0.071   -0.077
   0.026    0.130   -0.162
   0.062    0.019    0.009
   0.024    0.008   -0.005
   0.081   -0.008    0.076
   0.103   -0.040    0.101
  -0.064   -0.128    0.014
  -0.117   -0.231    0.082
  -0.028   -0.147    0.109
  -0.095   -0.177    0.029
  -0.035   -0.168   -0.012
  -0.061   -0.066   -0.026
  -0.032   -0.180   -0.106
  -0.011   -0.246   -0.011

353.3356
  -0.056    0.074    0.056
   0.026    0.042    0.022
   0.026    0.049    0.032
   0.100    0.068    0.056
   0.015   -0.014   -0.039
   0.020   -0.024   -0.011
  -0.013    0.001   -0.068
  -0.042   -0.020   -0.070
  -0.005    0.007    0.062
   0.082   -0.020    0.102
  -0.013    0.154    0.133
   0.204    0.519    0.029
  -0.201    0.202    0.515
  -0.003   -0.089   -0.087
  -0.035   -0.098   -0.064
  -0.090   -0.150   -0.063
  -0.062    0.013   -0.001
  -0.147    0.046    0.031
   0.013    0.035    0.036
   0.014    0.066    0.073
   0.069    0.013    0.004
   0.138    0.039    0.028
   0.034   -0.043   -0.107
   0.099   -0.034   -0.184
  -0.019    0.000    0.024
   0.010    0.052    0.000
  -0.006   -0.051    0.025
  -0.006   -0.059    0.046
  -0.037   -0.052    0.022
  -0.043   -0.042    0.023
  -0.057   -0.080    0.034
  -0.046   -0.026    0.020

360.6095
   0.112   -0.064   -0.099
  -0.023   -0.028   -0.037
  -0.097   -0.015   -0.035
  -0.097   -0.029   -0.126
   0.006   -0.002    0.082
  -0.010    0.030   -0.009
   0.046   -0.037    0.184
   0.085    0.004    0.153
  -0.004   -0.025   -0.140
  -0.118   -0.158   -0.102
  -0.033    0.172   -0.059
  -0.033    0.479   -0.211
  -0.168    0.214    0.249
  -0.012   -0.017   -0.038
  -0.021   -0.062    0.025
  -0.054   -0.106    0.029
  -0.048   -0.004    0.025
  -0.064    0.008    0.021
  -0.062    0.036   -0.007
  -0.091    0.095   -0.042
  -0.000   -0.030    0.026
   0.039   -0.019    0.042
  -0.004   -0.053   -0.008
  -0.002   -0.042   -0.021
   0.020   -0.028   -0.098
  -0.016   -0.201    0.071
   0.068    0.107    0.042
  -0.008    0.120   -0.178
   0.096    0.118   -0.063
   0.124    0.191   -0.097
   0.124    0.147   -0.127
   0.099    0.012   -0.089

382.9873
  -0.006    0.218    0.023
   0.056    0.148    0.010
  -0.158    0.236    0.074
   0.263    0.288   -0.070
   0.080   -0.075    0.014
   0.101   -0.036   -0.041
   0.011   -0.068    0.080
  -0.055   -0.111    0.060
  -0.094    0.042   -0.129
  -0.181    0.094   -0.183
  -0.034    0.093   -0.177
  -0.119    0.074   -0.195
  -0.006    0.086   -0.183
  -0.020    0.081   -0.029
   0.015    0.005    0.051
   0.035   -0.018    0.076
   0.027   -0.037    0.044
   0.082   -0.090    0.068
  -0.058    0.047   -0.058
  -0.101    0.113   -0.138
  -0.024   -0.024    0.014
  -0.025   -0.041    0.025
   0.008   -0.043    0.074
   0.008   -0.097    0.158
  -0.063    0.000   -0.016
   0.066    0.109    0.028
   0.036   -0.133    0.091
  -0.008   -0.152    0.039
  -0.106   -0.123    0.033
  -0.132   -0.025    0.021
  -0.199   -0.249    0.043
  -0.150   -0.047    0.014

420.8927
   0.000   -0.017   -0.002
  -0.001   -0.012   -0.001
   0.017   -0.019   -0.005
  -0.017   -0.022    0.007
  -0.004    0.003   -0.003
  -0.006    0.000    0.001
   0.002    0.002   -0.007
   0.000    0.008   -0.019
   0.008   -0.006    0.007
   0.020   -0.017    0.015
   0.012    0.022    0.025
   0.042    0.085    0.007
  -0.031    0.029    0.090
   0.016   -0.034   -0.000
  -0.088    0.126   -0.145
  -0.207    0.301   -0.326
   0.057   -0.129    0.129
   0.133   -0.274    0.269
  -0.010    0.002    0.014
  -0.007    0.005    0.027
  -0.072    0.138   -0.133
  -0.151    0.323   -0.294
   0.083   -0.162    0.115
   0.167   -0.301    0.243
  -0.000    0.003    0.000
   0.001    0.001    0.006
  -0.005    0.014    0.001
  -0.036    0.012   -0.066
   0.011    0.013   -0.005
   0.012    0.015   -0.005
   0.022    0.024   -0.015
   0.017   -0.005   -0.003

502.0276
  -0.219    0.178    0.084
  -0.077    0.075    0.035
  -0.295    0.182    0.119
   0.203    0.243   -0.018
  -0.020   -0.117   -0.006
   0.160    0.028   -0.036
  -0.139   -0.064    0.019
  -0.160   -0.141    0.139
  -0.127   -0.036   -0.003
  -0.153   -0.135    0.041
  -0.141   -0.071    0.054
  -0.172   -0.049    0.033
  -0.203   -0.057    0.045
  -0.044   -0.124    0.124
   0.033   -0.033   -0.051
   0.074    0.119   -0.121
   0.034    0.021   -0.099
  -0.082    0.110   -0.117
   0.181   -0.027    0.018
   0.203   -0.076    0.049
   0.028    0.099   -0.007
  -0.106    0.131   -0.108
   0.031    0.053    0.050
   0.078    0.106   -0.078
  -0.010   -0.019   -0.063
   0.038   -0.014   -0.008
   0.033    0.059    0.009
  -0.014    0.086   -0.172
   0.032    0.087   -0.014
   0.059    0.098   -0.031
   0.039    0.100   -0.010
   0.023    0.061   -0.029

513.7604
  -0.264    0.075    0.137
  -0.047    0.032    0.029
  -0.023    0.080    0.090
   0.137    0.097    0.104
  -0.041   -0.046   -0.088
   0.095    0.009    0.002
  -0.084   -0.038    0.002
  -0.182    0.019   -0.281
  -0.040   -0.063    0.118
  -0.010   -0.118    0.149
   0.027   -0.035    0.058
   0.113   -0.132    0.135
   0.205   -0.073    0.019
  -0.062    0.158   -0.150
  -0.011    0.011   -0.005
   0.055   -0.137    0.132
   0.028   -0.079    0.079
   0.111   -0.215    0.198
  -0.086    0.099   -0.091
  -0.123    0.177   -0.144
   0.037   -0.076    0.053
   0.137   -0.210    0.194
   0.002   -0.012   -0.010
   0.066   -0.133    0.109
   0.046   -0.036    0.021
   0.019   -0.032   -0.031
   0.004    0.056   -0.016
  -0.045    0.085   -0.205
   0.055    0.078   -0.008
   0.071    0.062   -0.010
   0.095    0.128   -0.031
   0.068    0.023   -0.009

533.4121
  -0.178   -0.038    0.118
  -0.000   -0.005    0.006
   0.211   -0.014    0.027
   0.038   -0.049    0.150
  -0.028    0.032   -0.114
   0.004   -0.010    0.031
   0.034   -0.031    0.106
  -0.196    0.236   -0.848
   0.007    0.001   -0.031
   0.006    0.014   -0.042
  -0.004    0.007   -0.022
  -0.047    0.037   -0.053
  -0.043    0.016   -0.002
   0.014   -0.032    0.036
   0.003   -0.003    0.008
  -0.008    0.029   -0.019
  -0.008    0.017   -0.017
  -0.026    0.054   -0.053
   0.014   -0.022    0.018
   0.020   -0.035    0.027
  -0.010    0.014   -0.011
  -0.033    0.043   -0.043
  -0.001    0.004    0.006
  -0.020    0.036   -0.023
  -0.005    0.003    0.001
   0.009    0.011    0.014
  -0.007   -0.001    0.005
  -0.035   -0.006   -0.051
  -0.005   -0.005    0.001
  -0.004   -0.005   -0.000
  -0.004   -0.001    0.002
  -0.005   -0.008    0.001

551.4042
  -0.041    0.013    0.018
  -0.010    0.004    0.004
  -0.019    0.017    0.016
   0.024    0.020    0.009
  -0.004   -0.015   -0.012
   0.013   -0.007   -0.004
  -0.020   -0.007    0.013
  -0.058   -0.009   -0.046
  -0.019    0.018   -0.000
  -0.029    0.056   -0.019
  -0.022    0.015   -0.014
  -0.013    0.027   -0.016
  -0.019    0.016   -0.001
  -0.013    0.006   -0.008
  -0.003    0.005   -0.009
   0.000    0.012   -0.011
   0.007   -0.008    0.002
   0.009   -0.020    0.017
   0.007    0.006   -0.008
   0.001    0.016   -0.018
   0.005    0.001    0.003
  -0.006    0.003   -0.003
   0.006   -0.006    0.006
   0.008    0.001   -0.004
   0.028    0.018    0.038
  -0.016   -0.039    0.035
   0.004   -0.003   -0.094
   0.423    0.009    0.883
   0.015    0.011   -0.018
  -0.016   -0.008    0.001
  -0.002   -0.014   -0.013
   0.020    0.057   -0.003

590.0250
   0.355   -0.041   -0.108
   0.216    0.017   -0.044
   0.297   -0.052   -0.110
   0.039   -0.075   -0.043
   0.094    0.077    0.022
  -0.143   -0.093    0.001
   0.037    0.067    0.066
  -0.041    0.095   -0.118
  -0.026    0.031    0.031
  -0.032   -0.009    0.041
  -0.208   -0.042    0.052
  -0.241   -0.073    0.058
  -0.222   -0.047   -0.030
  -0.213    0.030   -0.021
  -0.044   -0.046   -0.106
   0.148   -0.013   -0.011
   0.027   -0.142   -0.057
  -0.032   -0.252    0.164
   0.155    0.100   -0.115
   0.159    0.125   -0.080
   0.075    0.041    0.085
  -0.017   -0.176    0.166
   0.015    0.103    0.071
   0.211   -0.019    0.062
   0.023   -0.002    0.006
  -0.011   -0.035    0.003
   0.012   -0.011    0.001
  -0.032   -0.013   -0.103
  -0.011   -0.011    0.002
  -0.013   -0.019    0.004
  -0.024   -0.026    0.013
  -0.017    0.009    0.002

619.6115
  -0.037   -0.000    0.005
  -0.037   -0.007    0.008
  -0.056   -0.002    0.012
  -0.027    0.002    0.000
  -0.015   -0.010    0.009
   0.020    0.023   -0.002
   0.012   -0.015   -0.014
   0.044   -0.002    0.012
   0.022   -0.027   -0.007
   0.039   -0.019   -0.005
   0.014    0.032    0.020
   0.017    0.156   -0.037
   0.005    0.041    0.168
   0.013    0.079    0.097
  -0.210    0.080    0.206
  -0.085    0.173    0.222
  -0.235   -0.219   -0.099
  -0.114   -0.204   -0.236
  -0.008   -0.102   -0.087
  -0.012    0.219    0.212
   0.220   -0.095   -0.241
   0.078   -0.166   -0.280
   0.217    0.186    0.078
   0.088    0.217    0.158
  -0.009    0.000    0.007
   0.002    0.024   -0.004
  -0.014    0.003    0.007
  -0.000   -0.002    0.049
   0.002   -0.001    0.004
   0.007   -0.000    0.002
   0.012    0.012    0.000
   0.005   -0.017    0.002

654.1376
  -0.128   -0.011    0.123
   0.125    0.037   -0.041
   0.398    0.041    0.005
   0.191    0.005    0.099
   0.011    0.045   -0.184
  -0.035   -0.109    0.062
  -0.121    0.071    0.051
  -0.150   -0.160    0.492
  -0.120    0.125    0.107
  -0.209   -0.018    0.153
   0.029    0.057   -0.019
   0.112   -0.159    0.110
   0.025    0.049   -0.234
   0.060    0.006    0.001
   0.013    0.006    0.067
  -0.049    0.014    0.022
  -0.029    0.047   -0.005
  -0.005    0.103   -0.108
  -0.031   -0.057    0.044
  -0.036   -0.029    0.056
   0.003   -0.006   -0.074
   0.009    0.090   -0.130
   0.039   -0.043   -0.001
  -0.036    0.002    0.005
   0.011    0.002   -0.069
  -0.018   -0.106    0.018
   0.077   -0.016   -0.023
   0.011   -0.022   -0.173
   0.007    0.008   -0.002
  -0.041    0.027    0.018
  -0.047   -0.065    0.004
   0.005    0.099    0.018

685.1294
  -0.310   -0.089    0.165
  -0.039   -0.002   -0.020
   0.325   -0.007    0.031
  -0.019   -0.064    0.149
  -0.062    0.067   -0.184
   0.033    0.012    0.093
   0.083   -0.047    0.037
   0.307   -0.159    0.650
   0.053   -0.076   -0.056
  -0.007   -0.066   -0.076
  -0.010   -0.025   -0.012
  -0.060    0.102   -0.088
  -0.037   -0.015    0.110
  -0.029   -0.019    0.018
  -0.015   -0.001   -0.041
   0.009    0.028   -0.044
   0.013   -0.041    0.005
  -0.016   -0.048    0.042
   0.018    0.035   -0.031
   0.010    0.040   -0.050
  -0.001   -0.002    0.050
  -0.028   -0.044    0.061
  -0.025    0.036    0.003
   0.003    0.038   -0.028
  -0.042   -0.002   -0.012
   0.017    0.060   -0.005
  -0.038    0.011    0.026
   0.015    0.012    0.152
  -0.001    0.001    0.001
   0.032    0.004   -0.016
   0.026    0.037   -0.004
  -0.006   -0.060   -0.018

720.1556
  -0.206   -0.033    0.059
  -0.139   -0.029    0.018
  -0.102   -0.014    0.041
  -0.116   -0.027    0.045
  -0.022   -0.016   -0.029
   0.046    0.015    0.006
   0.085   -0.033    0.003
   0.097   -0.065    0.092
   0.080    0.120    0.035
   0.175    0.175    0.037
  -0.023    0.059   -0.010
  -0.029   -0.088    0.054
  -0.040    0.056   -0.225
  -0.079    0.063   -0.072
  -0.002   -0.070    0.004
   0.124   -0.261    0.194
  -0.061    0.036   -0.094
   0.014   -0.183    0.153
   0.068   -0.023    0.021
   0.206   -0.265    0.257
  -0.045    0.095   -0.036
   0.016   -0.124    0.135
   0.014   -0.029    0.061
   0.164   -0.253    0.250
   0.060    0.056    0.028
  -0.053   -0.048    0.014
   0.060   -0.030   -0.035
  -0.038   -0.061   -0.198
  -0.018   -0.041    0.000
  -0.083   -0.056    0.035
  -0.089   -0.131    0.029
  -0.018    0.097    0.035

730.8854
   0.141    0.011   -0.029
   0.110    0.026   -0.019
   0.146    0.009   -0.038
   0.083    0.007   -0.020
   0.008    0.031    0.002
  -0.035    0.002    0.010
  -0.036    0.008    0.003
   0.025    0.036    0.038
  -0.045   -0.164   -0.040
  -0.096   -0.177   -0.043
  -0.018   -0.043   -0.009
  -0.022    0.161   -0.110
   0.119   -0.051    0.257
  -0.050    0.121   -0.106
   0.055   -0.060    0.082
   0.170   -0.286    0.293
  -0.041    0.112   -0.077
   0.014    0.043   -0.033
   0.025   -0.084    0.081
   0.101   -0.224    0.206
  -0.063    0.097   -0.106
   0.007    0.016   -0.013
   0.045   -0.089    0.073
   0.128   -0.239    0.215
  -0.009   -0.083    0.058
   0.059    0.059   -0.051
  -0.103    0.039    0.033
   0.027    0.090    0.222
   0.022    0.046    0.005
   0.116    0.047   -0.038
   0.134    0.183   -0.045
   0.027   -0.163   -0.040

766.8024
   0.063   -0.005   -0.023
   0.009    0.004    0.002
   0.010   -0.010   -0.019
  -0.031   -0.016   -0.009
   0.006    0.016    0.020
  -0.009    0.021   -0.002
   0.029   -0.015   -0.013
   0.012    0.031   -0.143
   0.007   -0.008   -0.002
   0.126   -0.297    0.185
   0.018   -0.019    0.119
   0.017   -0.276    0.230
   0.040   -0.033   -0.218
   0.006   -0.009   -0.001
  -0.005    0.018   -0.011
   0.052   -0.176    0.133
  -0.010    0.029   -0.004
   0.127   -0.178    0.161
  -0.027    0.017   -0.014
   0.101   -0.206    0.213
   0.013    0.002   -0.038
   0.148   -0.145    0.136
   0.005   -0.005   -0.035
   0.087   -0.155    0.117
  -0.221    0.032   -0.304
   0.049    0.023    0.099
   0.027    0.001    0.055
   0.091   -0.054    0.344
   0.013    0.006    0.002
   0.005    0.087   -0.014
  -0.026   -0.052   -0.019
  -0.016   -0.003   -0.028

786.0349
  -0.000    0.012    0.004
   0.017    0.003   -0.005
   0.009    0.013    0.004
   0.043    0.016   -0.007
   0.002   -0.005   -0.008
  -0.002   -0.013    0.000
  -0.034    0.014    0.017
  -0.043   -0.005    0.044
  -0.026    0.008   -0.038
  -0.081    0.066   -0.081
  -0.034   -0.037   -0.009
  -0.065    0.150   -0.108
  -0.163   -0.003    0.159
   0.061   -0.086    0.083
  -0.008    0.092   -0.008
   0.077   -0.120    0.174
   0.025    0.058    0.015
   0.297   -0.306    0.287
  -0.070    0.049   -0.051
   0.165   -0.373    0.333
   0.018   -0.020   -0.048
   0.245   -0.285    0.247
  -0.005    0.026   -0.067
   0.047   -0.116    0.092
   0.046   -0.002    0.064
  -0.014   -0.002   -0.019
  -0.006   -0.000   -0.014
  -0.022    0.004   -0.066
  -0.001   -0.001    0.002
  -0.001   -0.014    0.005
   0.005    0.005   -0.001
   0.007    0.001    0.009

865.5006
  -0.020   -0.028    0.007
  -0.030    0.001    0.004
   0.020   -0.019   -0.006
  -0.082   -0.030    0.019
  -0.001    0.013   -0.006
   0.009    0.010    0.007
   0.073   -0.037    0.015
   0.110   -0.024    0.050
   0.029   -0.004   -0.011
   0.089    0.020   -0.007
  -0.253   -0.084    0.086
  -0.379   -0.032    0.026
  -0.323   -0.076    0.059
  -0.071    0.060   -0.067
   0.048    0.079    0.072
   0.009    0.102    0.045
   0.102    0.124    0.087
   0.191    0.219   -0.126
  -0.042   -0.060    0.060
  -0.206    0.239   -0.223
   0.115   -0.097   -0.120
   0.175    0.217   -0.286
   0.046   -0.082   -0.101
   0.026   -0.132   -0.022
   0.013    0.054    0.006
  -0.041    0.014    0.025
   0.045   -0.008   -0.019
  -0.020   -0.045   -0.091
  -0.006   -0.016   -0.009
  -0.059   -0.046    0.022
  -0.072   -0.093    0.035
  -0.000    0.115    0.028

882.4307
  -0.019   -0.009    0.004
  -0.023   -0.003    0.005
  -0.017   -0.008    0.001
  -0.038   -0.011    0.008
   0.009    0.001   -0.001
   0.005   -0.005   -0.003
   0.021    0.004   -0.001
   0.015   -0.003    0.006
   0.011    0.039    0.034
   0.083    0.011    0.072
  -0.056    0.082   -0.013
  -0.105   -0.162    0.086
  -0.061    0.069   -0.285
   0.001   -0.015    0.013
   0.025   -0.045    0.050
  -0.206    0.345   -0.335
   0.028   -0.023    0.043
  -0.098    0.222   -0.194
  -0.009    0.017   -0.012
   0.043   -0.070    0.077
   0.001    0.023   -0.055
   0.207   -0.264    0.244
  -0.013    0.018   -0.057
   0.116   -0.240    0.203
   0.018   -0.074    0.012
   0.066   -0.026   -0.051
  -0.074    0.030    0.046
   0.032    0.112    0.114
  -0.032   -0.010    0.010
   0.098   -0.020   -0.051
   0.093    0.156   -0.024
  -0.018   -0.236   -0.033

884.8313
  -0.027   -0.009    0.006
  -0.029   -0.004    0.005
  -0.022   -0.006    0.003
  -0.044   -0.013    0.009
   0.012    0.000   -0.002
   0.006   -0.009   -0.004
   0.023    0.009   -0.002
   0.012   -0.001    0.004
   0.013    0.049    0.037
   0.067    0.030    0.066
  -0.044    0.072   -0.013
  -0.081   -0.135    0.074
  -0.077    0.067   -0.271
   0.002   -0.015    0.008
  -0.021    0.044   -0.033
   0.099   -0.218    0.204
  -0.022    0.051   -0.036
   0.183   -0.302    0.285
   0.002    0.002   -0.001
  -0.003    0.019   -0.005
   0.044   -0.056    0.034
  -0.142    0.308   -0.303
   0.021   -0.047    0.016
  -0.152    0.255   -0.275
   0.015   -0.075    0.004
   0.071   -0.029   -0.054
  -0.075    0.030    0.055
   0.023    0.116    0.099
  -0.034   -0.014    0.013
   0.103   -0.026   -0.053
   0.095    0.156   -0.032
  -0.019   -0.257   -0.035

944.2025
   0.062   -0.007   -0.016
   0.028    0.013   -0.003
   0.061   -0.007   -0.021
  -0.006   -0.007   -0.000
  -0.023    0.004    0.008
  -0.009    0.031    0.010
   0.010   -0.048   -0.016
   0.023   -0.040   -0.017
  -0.003   -0.046    0.022
   0.035   -0.047    0.035
  -0.030    0.019   -0.007
  -0.040   -0.051    0.022
   0.076   -0.001   -0.033
  -0.020    0.031   -0.027
   0.037   -0.067    0.061
  -0.197    0.367   -0.352
  -0.008    0.022   -0.014
   0.069   -0.109    0.106
  -0.040    0.065   -0.059
   0.204   -0.361    0.352
   0.013   -0.014    0.000
  -0.000    0.050   -0.050
   0.034   -0.061    0.048
  -0.191    0.351   -0.353
  -0.007    0.008    0.017
  -0.023    0.019    0.014
   0.026   -0.016   -0.019
   0.002   -0.027   -0.052
   0.014    0.017   -0.009
  -0.035    0.006    0.017
  -0.033   -0.039    0.018
   0.018    0.114    0.017

971.0083
  -0.252    0.014    0.065
  -0.128   -0.049    0.014
  -0.239    0.019    0.076
  -0.037    0.004    0.016
   0.119    0.004   -0.025
   0.038   -0.135   -0.047
   0.000    0.208    0.054
   0.005    0.227    0.044
   0.048    0.067   -0.002
  -0.143    0.077   -0.069
   0.017   -0.160    0.007
   0.144    0.282   -0.164
  -0.097   -0.111    0.442
  -0.037    0.048   -0.068
   0.017   -0.028    0.053
  -0.116    0.201   -0.171
   0.020    0.014    0.010
   0.040    0.033   -0.035
  -0.018    0.020   -0.035
   0.088   -0.204    0.109
  -0.010   -0.004    0.010
  -0.069    0.007   -0.028
   0.027   -0.008    0.053
  -0.092    0.179   -0.106
  -0.013    0.028   -0.094
   0.027   -0.022   -0.000
  -0.026    0.042    0.044
  -0.005    0.049    0.093
  -0.038   -0.062    0.009
   0.033   -0.063   -0.025
   0.033    0.032   -0.012
  -0.028   -0.197   -0.014

989.9909
  -0.015    0.017    0.003
   0.010   -0.008   -0.005
  -0.016    0.014    0.012
   0.062    0.020   -0.013
  -0.003   -0.002   -0.000
  -0.005    0.001    0.001
  -0.012    0.008    0.005
  -0.006    0.013    0.000
   0.001   -0.007   -0.011
   0.021   -0.035    0.015
   0.019   -0.012   -0.001
   0.033    0.025   -0.021
   0.015   -0.003    0.040
   0.011   -0.002    0.000
   0.021   -0.056    0.058
  -0.222    0.308   -0.319
  -0.045    0.072   -0.070
   0.241   -0.446    0.418
   0.030   -0.031    0.026
  -0.111    0.223   -0.208
   0.007   -0.026    0.031
  -0.097    0.091   -0.102
  -0.032    0.054   -0.045
   0.125   -0.250    0.261
  -0.002    0.002    0.001
  -0.003    0.005    0.003
   0.000   -0.002   -0.004
  -0.005   -0.010    0.003
   0.005    0.002    0.000
  -0.002    0.012    0.002
  -0.003   -0.010   -0.002
   0.002    0.014    0.001

999.8496
  -0.017    0.015    0.003
   0.008   -0.009   -0.004
  -0.019    0.011    0.012
   0.055    0.018   -0.011
  -0.005   -0.002   -0.000
  -0.004    0.003    0.002
  -0.006    0.003    0.004
   0.007    0.011    0.007
  -0.000   -0.004   -0.016
   0.018   -0.021   -0.000
   0.005    0.006    0.007
  -0.010   -0.010    0.008
   0.026    0.003   -0.016
  -0.002    0.007   -0.004
   0.013   -0.024   -0.017
   0.013   -0.075    0.013
   0.007   -0.016    0.019
  -0.105    0.171   -0.151
  -0.041    0.042   -0.037
   0.164   -0.316    0.310
   0.040   -0.070    0.060
  -0.257    0.434   -0.423
  -0.016    0.061   -0.029
   0.158   -0.308    0.355
   0.008    0.002    0.010
  -0.003    0.002   -0.001
   0.000    0.002   -0.002
   0.002    0.001    0.002
  -0.003    0.000   -0.002
  -0.003   -0.016    0.001
  -0.002    0.004    0.010
   0.001    0.006    0.003

1001.1386
   0.286   -0.155   -0.052
  -0.039    0.119    0.042
   0.283   -0.116   -0.171
  -0.578   -0.190    0.095
   0.030    0.021    0.001
   0.025    0.010   -0.005
   0.020   -0.085   -0.036
  -0.193   -0.249   -0.052
  -0.041    0.050    0.082
  -0.029    0.166    0.028
   0.001   -0.063   -0.064
   0.202    0.188   -0.118
  -0.178   -0.015    0.187
   0.000   -0.011   -0.021
  -0.006    0.006    0.021
  -0.041    0.012   -0.003
   0.016    0.016    0.005
   0.059    0.008   -0.024
  -0.005   -0.010   -0.013
   0.004   -0.075   -0.045
  -0.013   -0.004    0.021
  -0.102    0.015   -0.038
   0.009    0.040    0.014
   0.052   -0.038    0.096
  -0.030   -0.027   -0.029
   0.024   -0.022   -0.007
   0.001   -0.010    0.004
   0.028    0.017    0.004
   0.002    0.022    0.004
   0.029    0.028   -0.012
   0.023    0.047   -0.010
   0.001   -0.023   -0.008

1008.2731
   0.007   -0.017   -0.000
  -0.012    0.007    0.006
   0.007   -0.012   -0.009
  -0.062   -0.019    0.012
   0.008    0.001   -0.003
   0.007   -0.010   -0.004
   0.008    0.004    0.004
   0.021    0.014    0.012
  -0.010   -0.002   -0.024
  -0.024   -0.009   -0.031
  -0.028    0.021    0.026
  -0.031   -0.076    0.076
   0.036   -0.005   -0.071
  -0.029   -0.012    0.021
   0.164   -0.186   -0.289
   0.128   -0.185   -0.335
   0.017    0.067    0.030
   0.028   -0.043    0.154
  -0.319   -0.108    0.117
  -0.406    0.036    0.012
   0.024   -0.027   -0.083
   0.071   -0.166    0.050
   0.172    0.258    0.190
   0.093    0.351    0.159
   0.013    0.003    0.014
  -0.002   -0.001   -0.004
   0.001    0.007   -0.001
   0.014    0.021    0.005
  -0.009   -0.010   -0.003
  -0.002   -0.036   -0.000
   0.002    0.012    0.014
   0.002   -0.014    0.005

1010.9156
  -0.092    0.150   -0.003
   0.106   -0.087   -0.040
  -0.156    0.093    0.116
   0.556    0.179   -0.113
  -0.112   -0.028    0.011
  -0.057    0.100    0.042
   0.006   -0.082   -0.021
   0.012   -0.078   -0.033
   0.052    0.079    0.098
   0.168    0.279    0.035
  -0.013   -0.074   -0.077
   0.228    0.221   -0.140
  -0.313   -0.003    0.164
  -0.017   -0.009   -0.041
  -0.017    0.007    0.015
  -0.080   -0.041    0.009
   0.034    0.029    0.028
   0.065    0.063   -0.047
  -0.005   -0.019   -0.017
  -0.006   -0.095   -0.099
  -0.020   -0.001    0.003
  -0.111   -0.087    0.008
   0.029    0.042    0.042
   0.014    0.068    0.029
  -0.015    0.010   -0.067
   0.031   -0.034   -0.007
   0.002    0.031    0.020
   0.044    0.075    0.024
  -0.030   -0.036    0.008
   0.042   -0.038   -0.024
   0.036    0.048   -0.015
  -0.020   -0.149   -0.012

1024.2341
  -0.255   -0.004    0.076
  -0.052   -0.041   -0.031
  -0.049    0.053    0.081
   0.117    0.015    0.057
   0.062    0.007    0.035
   0.006   -0.048   -0.027
   0.043    0.105   -0.027
   0.214    0.250   -0.040
   0.053   -0.136    0.225
   0.045   -0.248    0.274
  -0.088    0.074   -0.223
   0.025    0.100   -0.197
  -0.212    0.097   -0.114
   0.006   -0.057    0.016
  -0.018    0.026    0.004
   0.013   -0.068    0.085
   0.027    0.021    0.006
   0.104    0.017   -0.057
  -0.018   -0.026   -0.007
  -0.030   -0.085   -0.102
  -0.015    0.008    0.018
  -0.062   -0.013    0.006
   0.021    0.044    0.003
   0.149   -0.049    0.021
  -0.093   -0.081    0.008
  -0.014    0.044    0.025
   0.001   -0.111   -0.015
  -0.064   -0.193    0.004
   0.080    0.144   -0.026
  -0.074    0.095    0.055
  -0.059   -0.026    0.062
   0.072    0.397    0.026

1030.8634
   0.009    0.014   -0.007
   0.007   -0.007    0.002
  -0.027   -0.000    0.006
   0.027    0.013   -0.016
  -0.010   -0.001   -0.004
  -0.002    0.006    0.004
   0.003   -0.008    0.000
  -0.003   -0.013    0.001
   0.003    0.016    0.004
   0.010    0.044   -0.010
  -0.022   -0.013    0.007
  -0.017    0.011   -0.001
  -0.063   -0.007    0.011
   0.009    0.004   -0.008
   0.049    0.047    0.035
   0.319    0.283    0.044
  -0.021   -0.119   -0.122
   0.294   -0.181   -0.357
  -0.136   -0.043    0.038
  -0.151   -0.067    0.024
  -0.015    0.111    0.138
   0.280    0.375    0.164
   0.049   -0.020   -0.058
   0.350   -0.090   -0.241
   0.001    0.005   -0.009
   0.005   -0.006   -0.002
  -0.002    0.007    0.003
  -0.004    0.004    0.007
  -0.004   -0.010    0.004
   0.006    0.009   -0.004
   0.006   -0.001   -0.010
  -0.009   -0.033   -0.006

1043.9865
   0.520    0.226   -0.233
   0.027   -0.045    0.160
  -0.615   -0.150   -0.071
  -0.131    0.096   -0.342
  -0.034    0.050   -0.174
   0.013   -0.018    0.025
   0.010    0.008    0.023
   0.029    0.029    0.014
   0.006   -0.013    0.017
   0.001   -0.034    0.028
  -0.005    0.009   -0.016
   0.004    0.000   -0.009
  -0.021    0.011   -0.018
   0.001   -0.004    0.001
  -0.003    0.001    0.000
  -0.009   -0.011    0.005
   0.002    0.005    0.003
   0.001    0.004    0.005
   0.003   -0.001   -0.002
   0.001   -0.005   -0.009
  -0.001   -0.002   -0.001
  -0.016   -0.012   -0.004
   0.001    0.003    0.001
   0.007   -0.000    0.001
  -0.010   -0.012    0.004
  -0.002    0.006    0.002
  -0.002   -0.016   -0.001
  -0.012   -0.028    0.001
   0.011    0.019   -0.003
  -0.009    0.012    0.008
  -0.008   -0.003    0.008
   0.009    0.051    0.004

1064.9036
   0.076   -0.030   -0.014
   0.003    0.029    0.009
   0.062   -0.025   -0.042
  -0.098   -0.028    0.014
  -0.006   -0.007   -0.000
   0.013   -0.013   -0.007
  -0.044   -0.001    0.006
  -0.035    0.007    0.004
   0.037   -0.076   -0.012
   0.012   -0.541    0.210
  -0.016    0.044   -0.028
   0.083   -0.069    0.054
  -0.015    0.040   -0.119
   0.002   -0.040   -0.025
  -0.067    0.012    0.042
  -0.293   -0.178    0.032
   0.038    0.036    0.021
   0.196    0.028   -0.109
   0.001   -0.043   -0.043
  -0.008   -0.239   -0.263
  -0.038    0.018    0.040
  -0.206   -0.101    0.021
   0.063    0.041    0.006
   0.306    0.008   -0.169
   0.077    0.094    0.005
  -0.033    0.017    0.014
   0.020    0.102    0.002
   0.012    0.101    0.004
  -0.042   -0.117   -0.002
  -0.025   -0.134   -0.001
  -0.011   -0.073    0.003
  -0.030   -0.138    0.007

1073.7289
  -0.082    0.015    0.019
  -0.011   -0.023   -0.010
  -0.037    0.021    0.034
   0.066    0.015   -0.003
   0.016    0.010   -0.000
  -0.006    0.001    0.004
   0.046    0.006    0.008
   0.084    0.033    0.016
  -0.083    0.068   -0.113
   0.021    0.273   -0.181
   0.038   -0.001    0.126
   0.085   -0.112    0.196
  -0.049    0.001   -0.085
  -0.014   -0.013   -0.045
  -0.072   -0.000    0.049
  -0.361   -0.163   -0.013
   0.042    0.041    0.029
   0.202    0.043   -0.115
  -0.003   -0.043   -0.051
  -0.004   -0.285   -0.290
  -0.036    0.013    0.039
  -0.238   -0.118    0.007
   0.080    0.035    0.005
   0.360    0.030   -0.251
  -0.037   -0.087    0.049
   0.015   -0.002   -0.018
  -0.024   -0.099   -0.006
  -0.018   -0.096   -0.021
   0.036    0.111   -0.006
   0.012    0.085    0.007
   0.007    0.076    0.013
   0.043    0.152    0.006

1123.8959
   0.008    0.000   -0.000
   0.002    0.003   -0.000
   0.009    0.001   -0.005
   0.001   -0.001   -0.001
   0.001    0.000   -0.000
  -0.001    0.001    0.001
  -0.011   -0.002    0.003
  -0.027   -0.017    0.003
   0.007    0.005   -0.013
   0.027   -0.051    0.027
   0.006   -0.004    0.001
   0.006    0.013   -0.014
   0.030   -0.001    0.010
   0.001   -0.000   -0.003
  -0.003   -0.000   -0.001
  -0.034   -0.039   -0.003
   0.001   -0.006   -0.008
   0.070   -0.025   -0.051
   0.004    0.002    0.005
  -0.005    0.042    0.024
   0.003    0.007    0.002
   0.051    0.022    0.024
  -0.009   -0.003    0.004
  -0.059    0.006    0.048
  -0.000    0.001   -0.006
  -0.013    0.009    0.013
   0.042   -0.041    0.048
   0.105    0.042   -0.003
  -0.082    0.042   -0.106
  -0.017   -0.684    0.055
   0.182    0.478    0.260
   0.273    0.091    0.218

1133.9752
  -0.001    0.002    0.001
  -0.000   -0.001   -0.000
  -0.001    0.002    0.001
   0.004    0.001   -0.001
   0.002    0.002   -0.000
  -0.001    0.001    0.001
  -0.000   -0.001    0.001
  -0.009   -0.009    0.001
  -0.002    0.004   -0.011
   0.017   -0.060    0.029
   0.002   -0.005    0.004
   0.036    0.003    0.010
  -0.073    0.008   -0.019
   0.009    0.012    0.001
  -0.012   -0.000    0.007
   0.094    0.078    0.022
  -0.024    0.002    0.016
  -0.365    0.045    0.282
   0.001   -0.035   -0.039
  -0.010   -0.469   -0.496
   0.022    0.020    0.007
   0.392    0.283    0.063
   0.010    0.010    0.005
  -0.164    0.040    0.132
   0.003   -0.002    0.005
   0.000    0.001   -0.001
  -0.003   -0.002    0.003
  -0.010   -0.011    0.008
   0.001    0.002   -0.006
  -0.008   -0.021    0.005
  -0.002    0.003    0.013
   0.012    0.022    0.009

1140.5409
   0.071   -0.025   -0.010
   0.015    0.028    0.005
   0.069   -0.017   -0.039
  -0.051   -0.012    0.008
  -0.025   -0.027   -0.002
   0.008   -0.005   -0.003
  -0.090    0.013    0.026
  -0.138   -0.031    0.048
   0.126   -0.010    0.044
   0.109    0.421   -0.169
  -0.013    0.020    0.005
  -0.565    0.038   -0.183
   0.377   -0.040    0.099
   0.022    0.022    0.023
  -0.019   -0.019   -0.013
  -0.196   -0.160   -0.035
   0.000    0.001    0.000
  -0.017   -0.000    0.017
   0.000   -0.013   -0.012
  -0.006   -0.109   -0.121
  -0.004    0.006    0.009
   0.008    0.017    0.011
   0.021   -0.003   -0.018
   0.140   -0.033   -0.091
  -0.032   -0.009   -0.034
   0.025   -0.015   -0.010
  -0.021    0.022    0.029
  -0.074   -0.035    0.050
   0.028   -0.013   -0.029
  -0.103   -0.048    0.045
  -0.058   -0.109    0.070
   0.029    0.172    0.018

1147.2237
   0.023   -0.014   -0.002
   0.007    0.011   -0.001
   0.039   -0.005   -0.014
  -0.010   -0.004    0.007
  -0.017   -0.011    0.004
   0.004   -0.001   -0.002
  -0.033   -0.004    0.013
  -0.063   -0.027    0.018
   0.038    0.030   -0.051
   0.066   -0.145    0.043
   0.012   -0.019    0.019
   0.227    0.001    0.076
  -0.393    0.043   -0.144
   0.007    0.004   -0.035
   0.013    0.008    0.004
   0.055    0.056   -0.001
  -0.002   -0.009   -0.003
   0.028   -0.005   -0.042
  -0.000    0.010    0.007
   0.004    0.086    0.097
  -0.003    0.001    0.002
  -0.034   -0.028    0.004
  -0.006    0.002    0.014
  -0.129    0.045    0.070
   0.014   -0.021    0.022
   0.043   -0.020   -0.037
  -0.084    0.053    0.067
  -0.257   -0.151    0.169
   0.080   -0.025   -0.080
  -0.293   -0.117    0.125
  -0.174   -0.311    0.195
   0.083    0.480    0.052

1153.8927
  -0.003    0.003    0.001
  -0.001   -0.002   -0.000
  -0.004    0.002    0.001
   0.003    0.001   -0.002
   0.005    0.003   -0.001
  -0.001   -0.001    0.000
   0.004    0.002   -0.000
   0.006    0.002    0.000
  -0.007   -0.005   -0.001
   0.007   -0.013    0.010
  -0.007   -0.003    0.006
  -0.031   -0.008    0.001
  -0.038    0.003    0.000
   0.024    0.005   -0.011
  -0.037   -0.028   -0.012
  -0.433   -0.316   -0.070
   0.031   -0.017   -0.032
   0.377   -0.059   -0.307
   0.009    0.002   -0.000
   0.003    0.034    0.013
   0.029    0.033    0.016
   0.332    0.233    0.072
  -0.031    0.009    0.032
  -0.416    0.087    0.293
  -0.002   -0.008    0.008
  -0.004    0.006    0.001
   0.001   -0.001   -0.013
   0.018    0.017   -0.018
   0.007    0.001    0.016
   0.021    0.090   -0.016
  -0.022   -0.049   -0.043
  -0.036   -0.022   -0.029

1168.0338
  -0.122    0.063    0.017
  -0.024   -0.050   -0.005
  -0.139    0.040    0.072
   0.075    0.014   -0.023
   0.065    0.050   -0.005
  -0.028    0.029    0.015
   0.146   -0.031   -0.052
   0.069   -0.088   -0.082
  -0.194    0.003    0.068
  -0.305    0.050    0.011
  -0.013    0.017   -0.031
  -0.026   -0.032   -0.008
   0.610   -0.073    0.275
  -0.034   -0.023    0.054
  -0.019   -0.009   -0.002
  -0.058   -0.058    0.006
   0.013    0.015    0.000
   0.059   -0.011   -0.005
   0.002   -0.005   -0.004
  -0.003   -0.043   -0.058
   0.014   -0.002   -0.012
   0.099    0.059   -0.002
  -0.011   -0.004   -0.010
   0.099   -0.058   -0.040
   0.023    0.026   -0.014
   0.034   -0.034   -0.024
  -0.027    0.100    0.043
  -0.116    0.002    0.088
   0.029   -0.069   -0.060
  -0.198   -0.174    0.082
  -0.088   -0.188    0.139
   0.052    0.241    0.043

1192.8801
   0.133   -0.073   -0.025
   0.011    0.041    0.008
   0.136   -0.056   -0.080
  -0.040    0.003    0.011
  -0.067   -0.059   -0.001
   0.028   -0.025   -0.013
  -0.041    0.023    0.028
   0.355    0.342    0.027
  -0.001   -0.026   -0.012
   0.268    0.321   -0.099
   0.019    0.035   -0.037
   0.491   -0.067    0.160
   0.236    0.001    0.051
  -0.143   -0.053    0.042
  -0.035   -0.010    0.012
   0.141    0.114    0.053
   0.040    0.040    0.013
   0.179    0.011   -0.069
  -0.000   -0.001    0.001
   0.000   -0.015   -0.023
   0.039   -0.012   -0.036
   0.200    0.116   -0.025
  -0.037   -0.003    0.016
   0.042   -0.034   -0.025
  -0.007    0.000   -0.013
   0.005   -0.004    0.000
   0.004    0.016    0.001
   0.020    0.038   -0.016
   0.003   -0.014   -0.005
  -0.023   -0.019    0.009
  -0.003   -0.020    0.006
  -0.008    0.019   -0.005

1207.0205
   0.106   -0.060   -0.023
  -0.002    0.025    0.007
   0.105   -0.049   -0.064
  -0.005    0.012    0.003
  -0.043   -0.041   -0.002
   0.022   -0.022   -0.011
   0.028    0.016    0.003
   0.523    0.413   -0.011
  -0.122   -0.048    0.036
   0.151    0.323   -0.055
  -0.046   -0.012    0.028
  -0.124   -0.041    0.019
  -0.255    0.023   -0.037
   0.146    0.031   -0.046
   0.035    0.021    0.001
  -0.085   -0.078   -0.022
  -0.043   -0.036   -0.014
  -0.175   -0.027    0.087
   0.005    0.002   -0.002
   0.003   -0.000    0.005
  -0.040    0.016    0.038
  -0.192   -0.101    0.029
   0.032    0.007   -0.015
  -0.104    0.026    0.108
  -0.025   -0.038   -0.003
  -0.009    0.012    0.012
   0.042    0.074   -0.010
   0.166    0.229   -0.074
  -0.002   -0.067   -0.025
  -0.053   -0.090    0.014
  -0.003   -0.055    0.044
   0.029    0.059    0.031

1241.6588
  -0.157    0.076    0.043
  -0.008   -0.031   -0.007
  -0.156    0.064    0.076
  -0.041   -0.035   -0.005
   0.097    0.073   -0.006
  -0.024    0.007    0.008
  -0.020    0.005    0.010
  -0.373   -0.285    0.026
   0.031   -0.066   -0.018
   0.157    0.239   -0.123
   0.016    0.024    0.006
   0.147   -0.024    0.064
  -0.089    0.041   -0.122
  -0.037   -0.025   -0.009
  -0.012    0.002    0.007
   0.123    0.081    0.038
   0.005    0.011    0.007
   0.058   -0.001   -0.024
   0.001    0.001    0.003
  -0.001   -0.008   -0.012
   0.009   -0.001   -0.007
   0.004   -0.007   -0.005
  -0.005    0.004    0.005
  -0.015   -0.003    0.026
  -0.096   -0.122    0.041
  -0.025    0.041    0.022
   0.059    0.075   -0.030
   0.391    0.482   -0.203
   0.019   -0.084   -0.025
  -0.068   -0.000    0.007
  -0.001   -0.096    0.031
   0.007    0.139    0.014

1264.1495
  -0.072    0.027    0.023
   0.000   -0.009   -0.005
  -0.060    0.027    0.029
  -0.031   -0.021   -0.000
   0.039    0.029   -0.003
  -0.009    0.003    0.005
  -0.023   -0.008    0.026
  -0.134   -0.102    0.038
   0.031   -0.010   -0.045
   0.313    0.095   -0.010
  -0.178    0.017   -0.028
   0.405   -0.213    0.273
   0.445   -0.076    0.286
   0.106   -0.036   -0.052
   0.010    0.021    0.005
   0.087    0.042    0.033
  -0.031   -0.018    0.002
  -0.013   -0.020   -0.020
   0.002    0.006    0.008
  -0.005   -0.042   -0.048
  -0.015    0.025    0.033
  -0.221   -0.131    0.016
   0.041    0.007   -0.018
  -0.255    0.059    0.201
   0.011    0.032   -0.008
   0.009   -0.011   -0.007
  -0.014   -0.027    0.006
  -0.093   -0.116    0.030
  -0.004    0.026    0.010
   0.030    0.021   -0.009
  -0.012    0.012   -0.018
  -0.003   -0.035   -0.005

1299.9785
  -0.050    0.010    0.019
   0.005   -0.004   -0.003
  -0.048    0.014    0.014
  -0.035   -0.020    0.003
   0.015    0.014    0.000
  -0.002   -0.001    0.001
  -0.009   -0.004    0.008
  -0.045   -0.032    0.011
   0.008   -0.006   -0.016
   0.131    0.028   -0.001
  -0.050   -0.013   -0.030
   0.312   -0.057    0.119
  -0.082   -0.008    0.077
   0.025    0.065    0.061
   0.059    0.033    0.000
  -0.412   -0.299   -0.072
   0.022   -0.020   -0.033
  -0.321    0.034    0.213
  -0.002   -0.036   -0.038
   0.007    0.209    0.224
  -0.032   -0.027   -0.008
   0.277    0.194    0.034
  -0.042   -0.001    0.024
   0.347   -0.064   -0.264
  -0.003   -0.000    0.001
   0.000    0.000    0.000
   0.000   -0.002    0.000
   0.006    0.006   -0.006
  -0.000   -0.000   -0.001
   0.001   -0.003    0.000
   0.002    0.002   -0.002
   0.001    0.003    0.001

1314.5688
  -0.025    0.016    0.009
   0.001   -0.005   -0.000
  -0.037    0.013    0.012
  -0.014   -0.012   -0.001
   0.019    0.021    0.001
  -0.002    0.000   -0.000
  -0.005   -0.012   -0.018
  -0.023   -0.020   -0.037
   0.050   -0.118    0.043
  -0.629    0.374   -0.417
  -0.012    0.044    0.028
   0.195   -0.137    0.184
  -0.259    0.073   -0.145
   0.010    0.001   -0.007
  -0.005   -0.003    0.010
  -0.007    0.009    0.006
  -0.002    0.005   -0.004
   0.015   -0.017    0.010
   0.004    0.003   -0.002
   0.007   -0.024   -0.014
  -0.005    0.002    0.001
  -0.005    0.012   -0.006
  -0.001    0.006    0.001
  -0.017   -0.013    0.050
   0.021    0.065   -0.034
   0.008   -0.016   -0.002
   0.009    0.007    0.005
  -0.142   -0.168    0.062
  -0.018    0.005    0.004
   0.024   -0.070    0.006
   0.024    0.053   -0.009
   0.006   -0.075    0.010

1343.5728
   0.330    0.037   -0.214
  -0.071   -0.008    0.015
   0.377   -0.036    0.036
   0.298    0.180   -0.013
  -0.061   -0.041    0.004
   0.013   -0.004   -0.004
   0.031    0.022   -0.011
  -0.025   -0.017   -0.030
   0.083    0.075   -0.007
  -0.529   -0.203   -0.061
  -0.061    0.001   -0.002
   0.155   -0.066    0.102
   0.176   -0.032    0.126
   0.016    0.002   -0.000
   0.003    0.005    0.002
  -0.028   -0.024    0.001
   0.001   -0.003   -0.006
  -0.033   -0.001    0.023
   0.000   -0.002   -0.001
  -0.000    0.005    0.005
  -0.007    0.000    0.004
  -0.004    0.006    0.004
   0.005    0.001   -0.004
   0.006   -0.009    0.014
  -0.040   -0.066    0.021
  -0.008    0.017    0.007
  -0.003   -0.007   -0.002
   0.203    0.235   -0.094
   0.020   -0.019   -0.008
  -0.049    0.051    0.011
   0.030    0.001    0.013
  -0.019    0.112   -0.014

1365.8499
   0.342    0.241   -0.328
  -0.127   -0.050    0.017
   0.470    0.073    0.222
   0.314    0.196   -0.018
   0.062    0.052   -0.003
  -0.004   -0.008   -0.001
  -0.015   -0.005    0.010
  -0.121   -0.096    0.026
  -0.051   -0.064    0.000
   0.363    0.156    0.019
   0.031    0.003    0.001
  -0.058    0.034   -0.045
  -0.101    0.020   -0.088
  -0.009   -0.005   -0.003
   0.004    0.003    0.000
   0.002    0.004   -0.001
  -0.000    0.001    0.004
  -0.000    0.006   -0.001
  -0.001   -0.005   -0.006
  -0.000    0.020    0.020
   0.004    0.000   -0.001
   0.015    0.005    0.002
  -0.006    0.001    0.007
   0.012    0.007   -0.021
   0.021    0.038   -0.010
   0.004   -0.009   -0.004
   0.006    0.009   -0.002
  -0.135   -0.156    0.057
  -0.014    0.014    0.005
   0.046   -0.039   -0.013
  -0.037   -0.021   -0.011
   0.024   -0.089    0.015

1404.5623
   0.004    0.015   -0.010
  -0.003   -0.002    0.000
   0.011    0.008    0.013
  -0.001    0.001   -0.000
   0.002    0.002   -0.000
   0.000   -0.001   -0.000
  -0.000    0.001    0.002
  -0.008   -0.004    0.003
  -0.006   -0.008   -0.001
   0.050   -0.002    0.011
   0.002   -0.001   -0.003
  -0.008   -0.010    0.001
  -0.025    0.002    0.008
   0.001    0.007    0.005
   0.001   -0.003   -0.003
  -0.004   -0.009   -0.002
  -0.003   -0.001    0.000
   0.014   -0.003   -0.013
   0.000    0.005    0.005
   0.001   -0.018   -0.016
   0.004    0.000   -0.002
  -0.009   -0.009   -0.005
  -0.002   -0.003   -0.001
  -0.001   -0.002   -0.005
  -0.010    0.026    0.010
   0.015   -0.014   -0.011
   0.006   -0.003    0.003
  -0.091   -0.119    0.048
  -0.035   -0.109    0.014
   0.046    0.363   -0.137
   0.406    0.495   -0.132
  -0.135    0.592    0.075

1418.3159
  -0.005   -0.077    0.039
   0.006    0.010    0.002
  -0.026   -0.049   -0.072
   0.026    0.016   -0.009
  -0.012   -0.018   -0.003
  -0.001    0.004    0.001
   0.013    0.014   -0.001
  -0.021   -0.016    0.000
  -0.001   -0.006    0.006
  -0.079    0.030   -0.028
   0.006    0.022    0.047
  -0.235    0.112   -0.091
   0.260   -0.023   -0.156
  -0.007   -0.196   -0.198
   0.034    0.083    0.067
   0.072    0.126    0.079
   0.005    0.058    0.064
  -0.156    0.100    0.193
  -0.005   -0.180   -0.189
   0.011    0.439    0.458
   0.003    0.057    0.058
   0.181    0.193    0.100
  -0.041    0.068    0.093
  -0.039    0.070    0.111
  -0.002    0.002    0.003
   0.002   -0.001   -0.002
   0.003    0.003   -0.001
  -0.039   -0.042    0.014
  -0.006   -0.005    0.007
   0.035    0.009   -0.019
   0.025    0.026   -0.056
  -0.023    0.063    0.004

1429.9177
  -0.006    0.045   -0.014
  -0.001   -0.005   -0.001
   0.014    0.024    0.031
  -0.024   -0.010   -0.006
   0.007    0.009    0.001
  -0.000   -0.001   -0.000
  -0.007   -0.008    0.000
   0.027    0.018    0.000
  -0.006   -0.002    0.002
   0.024   -0.000    0.012
  -0.009    0.004    0.027
  -0.024    0.131   -0.045
   0.096   -0.022   -0.133
   0.006    0.009    0.010
  -0.214   -0.079    0.035
   0.182    0.192    0.127
   0.240    0.021   -0.122
  -0.255    0.100    0.268
   0.002    0.036    0.037
   0.010    0.304    0.323
  -0.247   -0.118    0.023
   0.263    0.263    0.108
   0.215    0.037   -0.085
  -0.192    0.122    0.223
   0.007    0.009   -0.004
   0.000   -0.001   -0.000
  -0.004   -0.006    0.003
   0.006    0.008   -0.002
   0.001   -0.005   -0.002
  -0.018    0.039   -0.002
   0.024    0.031    0.025
   0.002    0.016    0.004

1442.8590
   0.030   -0.112    0.021
  -0.005    0.010    0.002
  -0.024   -0.055   -0.070
   0.075    0.036    0.024
  -0.007   -0.017   -0.004
  -0.002    0.006    0.003
   0.015    0.022    0.002
  -0.089   -0.062    0.010
  -0.007   -0.005   -0.007
   0.061   -0.006    0.013
   0.059    0.038   -0.053
  -0.258   -0.611    0.175
  -0.294    0.118    0.589
  -0.012   -0.008   -0.019
  -0.018   -0.007    0.005
   0.058    0.042    0.020
   0.015    0.011    0.001
   0.000    0.013    0.017
   0.001   -0.009   -0.011
   0.005    0.043    0.050
  -0.014   -0.005    0.002
   0.037    0.035    0.010
   0.006    0.008    0.006
   0.003    0.011    0.012
  -0.005    0.006    0.002
   0.002   -0.004   -0.001
  -0.001   -0.003   -0.001
   0.008    0.008   -0.001
  -0.002   -0.001   -0.006
   0.001    0.044   -0.015
  -0.013   -0.003    0.066
   0.049   -0.032    0.033

1448.3574
  -0.259    0.503   -0.006
   0.022   -0.033    0.018
   0.274    0.022    0.097
  -0.312   -0.003   -0.407
   0.011    0.015    0.020
   0.004   -0.007   -0.006
  -0.029   -0.033   -0.004
   0.133    0.101   -0.020
   0.010    0.020    0.001
  -0.044   -0.027    0.008
   0.012    0.005   -0.009
  -0.071   -0.115    0.027
  -0.044    0.019    0.125
  -0.001   -0.006   -0.010
  -0.001    0.001    0.002
   0.014    0.014    0.003
  -0.001    0.004    0.004
   0.002    0.004    0.003
   0.000   -0.008   -0.008
   0.001    0.014    0.016
   0.002    0.003    0.002
   0.006    0.008    0.002
  -0.003    0.003    0.005
   0.001    0.001    0.004
   0.011    0.005   -0.008
  -0.002    0.001    0.002
  -0.011   -0.016    0.013
   0.072    0.082   -0.025
   0.030    0.010    0.013
  -0.173   -0.181    0.147
   0.085    0.055   -0.167
  -0.257    0.048   -0.228

1449.7321
  -0.262    0.109    0.138
   0.003   -0.001    0.039
   0.234   -0.297   -0.271
  -0.037    0.210   -0.501
  -0.004   -0.018    0.018
  -0.002    0.004   -0.002
   0.016    0.019    0.001
  -0.071   -0.045   -0.009
  -0.002   -0.007   -0.000
   0.005    0.006   -0.005
  -0.006   -0.002    0.003
   0.036    0.045   -0.009
   0.023   -0.008   -0.048
  -0.000    0.003    0.005
   0.001   -0.000   -0.001
  -0.004   -0.007   -0.001
  -0.001   -0.001   -0.001
   0.002   -0.002   -0.004
   0.001    0.003    0.004
  -0.000   -0.006   -0.008
  -0.001   -0.001   -0.001
  -0.001   -0.003   -0.001
   0.000   -0.001   -0.001
   0.004   -0.002   -0.005
  -0.010   -0.006    0.007
   0.002   -0.001   -0.002
   0.007    0.013   -0.014
  -0.055   -0.062    0.019
  -0.031   -0.013   -0.019
   0.175    0.248   -0.169
  -0.096   -0.057    0.241
   0.308   -0.066    0.266

1453.2549
  -0.051   -0.315    0.142
  -0.022    0.024    0.026
   0.015   -0.331   -0.361
   0.243    0.232   -0.175
   0.001   -0.017    0.002
  -0.007    0.009    0.003
   0.032    0.036    0.004
  -0.177   -0.129    0.009
  -0.019   -0.028   -0.002
   0.094    0.042   -0.004
  -0.002   -0.001    0.003
   0.036    0.050   -0.010
  -0.012   -0.003   -0.070
  -0.004    0.007    0.011
   0.001    0.001    0.000
  -0.023   -0.014   -0.004
   0.008   -0.006   -0.011
  -0.021   -0.002    0.008
  -0.004    0.009    0.012
  -0.006   -0.017   -0.014
  -0.000   -0.001   -0.001
  -0.021   -0.018   -0.003
   0.008   -0.005   -0.009
  -0.019    0.002    0.005
   0.002    0.005   -0.002
  -0.001   -0.001    0.000
   0.007    0.003    0.009
  -0.019   -0.023    0.009
   0.019    0.017    0.027
  -0.088   -0.323    0.146
   0.077    0.026   -0.338
  -0.305    0.083   -0.247

1468.1128
   0.003   -0.105    0.030
  -0.012    0.005    0.006
  -0.015   -0.081   -0.085
   0.087    0.063   -0.013
   0.014    0.011   -0.000
  -0.003    0.001    0.001
  -0.002   -0.005    0.001
  -0.010   -0.012    0.003
  -0.010   -0.013    0.001
   0.053    0.024   -0.001
  -0.034   -0.009    0.011
  -0.004    0.055   -0.008
  -0.006   -0.021   -0.062
   0.097    0.022   -0.026
  -0.030   -0.050   -0.036
   0.224    0.119   -0.000
  -0.079    0.026    0.074
   0.263   -0.019   -0.177
   0.069    0.021   -0.019
   0.083    0.019   -0.032
  -0.074   -0.071   -0.030
   0.265    0.164    0.013
  -0.038    0.036    0.058
   0.238   -0.004   -0.136
   0.028    0.038   -0.018
  -0.005   -0.005    0.002
  -0.023   -0.038    0.008
   0.101    0.108   -0.044
   0.035   -0.007   -0.023
  -0.421    0.244    0.140
   0.100    0.191    0.384
  -0.098   -0.189   -0.162

1470.6246
  -0.005    0.070   -0.018
   0.009   -0.003   -0.004
   0.013    0.050    0.054
  -0.059   -0.040    0.005
  -0.013   -0.010    0.001
   0.003   -0.001   -0.001
   0.006    0.006    0.000
   0.010    0.008   -0.001
   0.006    0.020   -0.005
  -0.028   -0.033    0.012
  -0.024   -0.005    0.001
  -0.008   -0.028    0.017
  -0.004   -0.005    0.045
   0.072    0.021   -0.016
  -0.031   -0.044   -0.029
   0.190    0.101    0.001
  -0.056    0.020    0.055
   0.203   -0.012   -0.136
   0.055    0.021   -0.010
   0.066    0.014   -0.024
  -0.066   -0.061   -0.025
   0.210    0.132    0.012
  -0.023    0.028    0.042
   0.192   -0.004   -0.106
  -0.035   -0.041    0.023
   0.007    0.003   -0.004
   0.028    0.045   -0.009
  -0.118   -0.127    0.058
  -0.038    0.010    0.029
   0.460   -0.315   -0.139
  -0.105   -0.214   -0.470
   0.075    0.213    0.153

1489.2516
   0.024    0.324   -0.096
   0.065   -0.002   -0.018
   0.101    0.231    0.240
  -0.297   -0.204    0.025
  -0.180   -0.148    0.002
   0.031   -0.006   -0.009
   0.154    0.176    0.014
  -0.518   -0.349    0.039
  -0.050   -0.070   -0.002
   0.138    0.082   -0.027
  -0.011    0.003    0.006
   0.055    0.049    0.003
  -0.011   -0.003   -0.099
   0.006    0.001    0.001
   0.004    0.002    0.001
  -0.009   -0.009   -0.000
  -0.005   -0.003   -0.003
   0.005   -0.008   -0.005
   0.004    0.009    0.007
   0.005   -0.014   -0.016
  -0.008   -0.006   -0.002
   0.003    0.000   -0.002
   0.004    0.001   -0.001
  -0.008    0.003    0.006
  -0.013    0.010    0.004
  -0.000   -0.006   -0.001
   0.021    0.011   -0.008
  -0.069   -0.090    0.022
   0.004    0.003   -0.003
  -0.140   -0.008    0.071
   0.033    0.071    0.082
  -0.068   -0.115   -0.086

1528.6928
   0.005    0.007   -0.004
   0.003    0.001   -0.000
   0.007    0.004    0.004
  -0.004   -0.003    0.000
  -0.016   -0.009    0.002
   0.004   -0.002   -0.002
   0.017    0.019    0.001
  -0.081   -0.057    0.004
  -0.025   -0.052    0.009
   0.055    0.057   -0.022
   0.006    0.002    0.005
  -0.010    0.026   -0.011
  -0.037    0.003   -0.061
   0.002   -0.006   -0.005
   0.008    0.005    0.002
  -0.005   -0.001   -0.000
  -0.006   -0.004   -0.000
   0.000   -0.003   -0.007
   0.002    0.005    0.005
   0.001   -0.010   -0.012
  -0.002   -0.004   -0.002
   0.004    0.001   -0.003
  -0.002    0.003    0.003
   0.008    0.000    0.000
   0.067    0.146   -0.050
   0.011   -0.029   -0.007
  -0.135   -0.120    0.067
   0.442    0.579   -0.188
   0.020    0.011    0.002
   0.283    0.000   -0.127
  -0.091   -0.214   -0.192
   0.149    0.317    0.171

1564.6459
   0.000    0.002   -0.000
  -0.001    0.000    0.000
   0.002    0.002    0.002
  -0.005   -0.002    0.002
   0.010   -0.003   -0.003
  -0.004    0.004    0.002
  -0.006   -0.006   -0.001
   0.034    0.022    0.000
   0.005    0.008   -0.001
  -0.024    0.005   -0.005
   0.005    0.022    0.024
  -0.197   -0.039   -0.022
   0.140   -0.000    0.007
   0.012   -0.221   -0.240
   0.070    0.149    0.115
  -0.241   -0.051    0.072
   0.093   -0.123   -0.184
  -0.245   -0.084    0.046
  -0.013    0.243    0.269
  -0.029   -0.318   -0.320
  -0.031   -0.145   -0.131
   0.190    0.002   -0.125
  -0.129    0.107    0.186
   0.298    0.036   -0.111
  -0.001   -0.006    0.003
  -0.001    0.001   -0.001
   0.006    0.005   -0.004
  -0.034   -0.043    0.017
  -0.001    0.001    0.001
  -0.012    0.017    0.000
   0.002    0.012    0.014
  -0.007   -0.012   -0.007

1583.4223
   0.000    0.002    0.000
  -0.001    0.001    0.001
  -0.000    0.002    0.000
  -0.005   -0.005    0.000
   0.012   -0.004   -0.004
  -0.005    0.005    0.002
  -0.010   -0.005   -0.001
   0.020    0.017   -0.002
   0.011    0.000    0.004
  -0.039    0.007   -0.010
   0.051    0.016   -0.009
  -0.015   -0.022   -0.017
   0.049    0.017    0.017
  -0.246   -0.092    0.031
   0.302    0.168    0.002
  -0.320   -0.258   -0.111
  -0.245   -0.040    0.107
   0.150   -0.103   -0.209
   0.124    0.060   -0.008
   0.133    0.017   -0.089
  -0.258   -0.136    0.011
   0.212    0.207    0.094
   0.275    0.024   -0.132
  -0.258    0.123    0.256
   0.002   -0.007    0.002
  -0.002    0.004    0.001
   0.002    0.001   -0.003
  -0.020   -0.022    0.000
  -0.001    0.001    0.001
  -0.010    0.022   -0.002
   0.002    0.012    0.007
  -0.012    0.002   -0.010

1667.2649
   0.073    0.092   -0.086
  -0.045    0.026    0.018
   0.131    0.035    0.076
  -0.239   -0.086    0.029
   0.334   -0.472   -0.214
  -0.209    0.271    0.128
  -0.016    0.062    0.022
   0.067    0.124    0.025
   0.005    0.005    0.008
  -0.029    0.086   -0.073
  -0.011    0.001    0.001
   0.067   -0.010    0.025
  -0.035    0.010   -0.025
   0.006    0.014    0.005
  -0.009   -0.008   -0.006
   0.025    0.013    0.003
   0.005   -0.000    0.003
   0.003    0.010   -0.010
  -0.002   -0.002   -0.001
  -0.003    0.010    0.010
   0.006    0.001    0.000
   0.000   -0.006    0.000
  -0.006   -0.004    0.002
   0.019   -0.003   -0.029
   0.298   -0.212   -0.210
  -0.154    0.148    0.114
  -0.073   -0.007    0.038
  -0.102   -0.076    0.111
   0.004   -0.012    0.006
   0.061    0.099   -0.064
   0.045    0.025   -0.054
   0.000    0.162    0.038

1682.2576
  -0.049   -0.052    0.058
   0.031   -0.016   -0.013
  -0.078   -0.015   -0.046
   0.145    0.044   -0.020
  -0.224    0.282    0.135
   0.128   -0.160   -0.076
   0.030   -0.040   -0.013
  -0.218   -0.229    0.003
  -0.034    0.025    0.019
   0.061    0.247   -0.061
   0.004    0.009   -0.006
  -0.006   -0.061    0.020
   0.029    0.012    0.075
  -0.002   -0.009   -0.003
   0.001   -0.001    0.001
   0.009    0.006    0.006
  -0.003    0.002    0.001
   0.009   -0.000   -0.003
   0.002    0.002   -0.000
   0.003   -0.003   -0.003
  -0.004   -0.003   -0.001
   0.006    0.009   -0.003
  -0.001    0.004    0.005
   0.006   -0.003    0.006
   0.389   -0.297   -0.278
  -0.197    0.192    0.147
  -0.083    0.013    0.044
  -0.160   -0.133    0.165
   0.002   -0.023    0.001
   0.093    0.104   -0.087
   0.061    0.026   -0.055
   0.026    0.206    0.078

2951.8110
  -0.034   -0.021   -0.064
   0.006    0.001   -0.001
  -0.005   -0.052    0.046
  -0.031    0.064    0.028
  -0.000    0.000    0.000
   0.000    0.000    0.000
  -0.000   -0.000    0.000
  -0.002    0.003    0.002
  -0.004    0.009    0.015
   0.061   -0.092   -0.182
   0.023    0.027   -0.048
  -0.181    0.280    0.551
  -0.094   -0.595    0.016
  -0.000   -0.003   -0.001
   0.003   -0.003   -0.002
  -0.029    0.032    0.050
  -0.001    0.002   -0.001
   0.001   -0.007   -0.001
   0.000    0.000   -0.001
   0.002   -0.003   -0.000
  -0.001    0.002    0.001
   0.005   -0.007   -0.015
  -0.001    0.001   -0.000
  -0.003    0.003    0.010
  -0.001   -0.002   -0.002
  -0.000   -0.000    0.001
   0.000    0.001    0.001
   0.004   -0.002   -0.000
  -0.016   -0.008   -0.024
   0.163    0.075    0.339
   0.006   -0.005   -0.006
   0.044    0.009   -0.048

2963.5283
   0.004    0.002    0.007
  -0.001   -0.000    0.000
   0.001    0.006   -0.005
   0.004   -0.007   -0.003
   0.000    0.000    0.000
  -0.000   -0.000   -0.000
   0.000   -0.000   -0.000
   0.001   -0.001   -0.000
   0.001   -0.001   -0.002
  -0.010    0.015    0.029
  -0.010   -0.010    0.019
   0.073   -0.114   -0.226
   0.038    0.231   -0.006
   0.000    0.001    0.000
   0.001   -0.001   -0.002
  -0.006    0.005    0.010
  -0.000   -0.001   -0.000
   0.004    0.008    0.003
  -0.001   -0.000    0.001
   0.005    0.003   -0.002
  -0.000   -0.000    0.000
   0.003   -0.002   -0.003
   0.001    0.001    0.001
  -0.009   -0.016   -0.013
   0.002    0.001   -0.000
  -0.001    0.000    0.000
  -0.001   -0.001    0.001
   0.001   -0.004   -0.000
  -0.022   -0.034   -0.030
   0.330    0.166    0.688
  -0.296    0.201   -0.054
   0.227    0.059   -0.275

2975.0249
  -0.237   -0.141   -0.440
   0.042    0.007   -0.007
  -0.037   -0.366    0.329
  -0.213    0.432    0.190
  -0.001   -0.001    0.001
   0.001   -0.000   -0.000
   0.001    0.001    0.000
  -0.000   -0.002   -0.002
   0.009   -0.016   -0.032
  -0.126    0.193    0.389
  -0.001    0.007    0.005
   0.021   -0.032   -0.064
  -0.009   -0.052    0.003
   0.000   -0.000   -0.000
   0.001   -0.001   -0.001
  -0.007    0.005    0.010
  -0.001    0.000   -0.000
   0.001   -0.000    0.001
  -0.000   -0.000   -0.000
   0.003   -0.000   -0.001
  -0.001    0.001    0.001
   0.003   -0.005   -0.008
   0.000    0.000    0.000
  -0.003   -0.002    0.001
   0.000   -0.000   -0.001
  -0.000    0.000    0.000
   0.000    0.000    0.000
  -0.001   -0.002   -0.000
  -0.001    0.001   -0.003
   0.006    0.002    0.011
   0.029   -0.019    0.004
  -0.017   -0.004    0.021

2984.4391
  -0.119   -0.071   -0.221
   0.022    0.003   -0.003
  -0.019   -0.181    0.163
  -0.107    0.218    0.096
  -0.001    0.001    0.001
   0.001   -0.001   -0.001
  -0.000   -0.001   -0.000
   0.002    0.002    0.004
  -0.019    0.030    0.060
   0.225   -0.358   -0.725
  -0.007   -0.011    0.014
   0.042   -0.074   -0.149
   0.037    0.210   -0.007
   0.001   -0.001   -0.000
   0.002   -0.002   -0.002
  -0.021    0.020    0.032
  -0.001    0.001   -0.000
  -0.000   -0.004   -0.001
   0.001    0.000   -0.001
  -0.004   -0.003    0.001
  -0.001    0.001    0.001
   0.005   -0.005   -0.010
  -0.001   -0.001   -0.001
   0.006    0.013    0.013
  -0.002   -0.001    0.000
   0.001   -0.001   -0.000
   0.001    0.001   -0.000
   0.003    0.003    0.001
  -0.003    0.006   -0.006
   0.001   -0.002    0.002
   0.090   -0.062    0.013
  -0.044   -0.011    0.055

3022.4704
   0.025    0.015    0.047
  -0.005   -0.001    0.000
   0.004    0.037   -0.032
   0.020   -0.039   -0.018
   0.000   -0.000   -0.000
  -0.000    0.000    0.000
   0.000   -0.001   -0.000
  -0.001    0.003    0.002
  -0.002    0.003    0.004
   0.015   -0.022   -0.046
  -0.007    0.080    0.046
   0.191   -0.285   -0.595
  -0.118   -0.682    0.040
   0.001    0.001    0.001
   0.003   -0.003   -0.004
  -0.030    0.029    0.048
  -0.000    0.001    0.000
  -0.002   -0.004   -0.002
   0.000   -0.000   -0.000
   0.000   -0.000   -0.000
  -0.000    0.001    0.001
   0.005   -0.005   -0.009
   0.001    0.001    0.001
  -0.008   -0.013   -0.008
  -0.000   -0.000    0.000
   0.000   -0.000   -0.000
   0.000    0.000    0.000
   0.001   -0.001   -0.000
  -0.005    0.005   -0.011
   0.025    0.013    0.052
   0.094   -0.066    0.013
  -0.052   -0.014    0.059

3040.2531
   0.031    0.019    0.058
  -0.005   -0.001    0.000
   0.004    0.042   -0.037
   0.024   -0.049   -0.022
   0.001   -0.001   -0.000
  -0.000    0.000    0.000
   0.000   -0.000   -0.000
  -0.004    0.004    0.002
   0.003   -0.004   -0.009
  -0.029    0.052    0.110
  -0.003   -0.017   -0.000
  -0.005    0.003    0.012
   0.033    0.205   -0.010
   0.001    0.000   -0.000
   0.007   -0.007   -0.012
  -0.078    0.080    0.128
   0.000    0.000    0.001
  -0.003   -0.005   -0.006
  -0.004   -0.001    0.001
   0.044    0.012   -0.012
  -0.000   -0.001   -0.000
  -0.002    0.003    0.004
   0.009    0.013    0.009
  -0.099   -0.149   -0.101
  -0.001   -0.000    0.001
   0.000   -0.000    0.000
  -0.000   -0.001    0.000
   0.001   -0.005   -0.001
  -0.025    0.030   -0.071
   0.180    0.097    0.376
   0.492   -0.345    0.061
  -0.366   -0.088    0.398

3054.3795
   0.017    0.010    0.031
  -0.002    0.000   -0.002
  -0.000    0.001   -0.002
   0.007   -0.016   -0.007
   0.000   -0.000   -0.000
  -0.000    0.000    0.000
   0.000   -0.000    0.000
  -0.001    0.001    0.001
   0.001   -0.002   -0.003
  -0.009    0.018    0.037
  -0.001   -0.003    0.001
   0.004   -0.005   -0.010
   0.007    0.036   -0.003
  -0.002    0.001    0.002
   0.002   -0.000   -0.002
  -0.011    0.009    0.018
  -0.007   -0.011   -0.007
   0.081    0.123    0.082
   0.013    0.004   -0.004
  -0.163   -0.047    0.049
  -0.016    0.020    0.030
   0.208   -0.221   -0.356
  -0.033   -0.052   -0.035
   0.389    0.602    0.400
   0.000   -0.000    0.000
  -0.000    0.000   -0.000
  -0.000   -0.000   -0.000
  -0.001   -0.002    0.000
   0.001    0.004   -0.016
   0.042    0.023    0.083
   0.050   -0.035    0.004
  -0.100   -0.024    0.109

3055.3775
   0.382    0.222    0.671
  -0.012   -0.023   -0.088
  -0.042   -0.306    0.249
  -0.187    0.364    0.144
  -0.001   -0.001   -0.001
  -0.000    0.000    0.000
  -0.000    0.001    0.000
   0.002   -0.001   -0.001
  -0.000    0.000    0.000
  -0.000   -0.001   -0.002
   0.000   -0.000   -0.000
  -0.001    0.001    0.003
   0.000    0.002   -0.000
   0.000   -0.000   -0.000
   0.000   -0.000   -0.000
  -0.003    0.003    0.005
   0.000    0.001    0.000
  -0.004   -0.006   -0.004
  -0.001   -0.000    0.000
   0.006    0.002   -0.002
   0.000   -0.000   -0.001
  -0.004    0.005    0.007
   0.001    0.001    0.001
  -0.006   -0.010   -0.006
  -0.000   -0.000   -0.000
  -0.000    0.000    0.000
   0.000    0.000    0.000
  -0.000    0.000   -0.000
   0.000   -0.000    0.001
  -0.003   -0.002   -0.006
  -0.005    0.004   -0.001
   0.006    0.002   -0.007

3058.2470
  -0.002   -0.023   -0.003
   0.019   -0.089    0.019
   0.070    0.534   -0.489
  -0.286    0.561    0.255
  -0.001   -0.003    0.000
  -0.000    0.001    0.000
  -0.000    0.001    0.000
   0.004   -0.001   -0.001
   0.000    0.000   -0.000
  -0.001    0.002    0.004
  -0.000   -0.000   -0.000
  -0.000    0.001    0.001
   0.000    0.003   -0.000
   0.000    0.000    0.000
   0.001   -0.001   -0.001
  -0.005    0.006    0.009
   0.000    0.000    0.000
  -0.003   -0.004   -0.003
  -0.000   -0.000    0.000
   0.001    0.000   -0.000
  -0.000    0.000    0.000
   0.002   -0.003   -0.004
  -0.001   -0.001   -0.001
   0.005    0.008    0.006
   0.000   -0.000   -0.000
  -0.000    0.000    0.000
  -0.000   -0.000    0.000
  -0.000    0.000    0.000
   0.000   -0.000   -0.000
  -0.000   -0.000   -0.000
  -0.003    0.002   -0.000
  -0.001   -0.000    0.002

3059.7633
  -0.000   -0.001   -0.001
   0.001   -0.002   -0.001
  -0.000   -0.003    0.002
  -0.010    0.021    0.009
  -0.000    0.000    0.000
   0.000   -0.000   -0.000
  -0.000    0.000    0.000
   0.002   -0.001   -0.001
  -0.001    0.001    0.002
   0.006   -0.012   -0.026
   0.001    0.003    0.000
   0.003   -0.001   -0.003
  -0.006   -0.038    0.001
  -0.002   -0.002   -0.001
  -0.029    0.032    0.050
   0.347   -0.367   -0.582
  -0.019   -0.033   -0.022
   0.246    0.379    0.258
   0.019    0.006   -0.005
  -0.230   -0.064    0.067
  -0.002    0.001    0.002
   0.018   -0.016   -0.028
   0.008    0.012    0.008
  -0.091   -0.139   -0.094
   0.000    0.000    0.000
  -0.000    0.000   -0.000
  -0.001    0.000   -0.000
   0.001   -0.001   -0.000
   0.003    0.002   -0.014
   0.036    0.020    0.072
   0.014   -0.010   -0.001
  -0.091   -0.022    0.099

3071.6249
   0.004    0.003    0.008
  -0.001   -0.001    0.000
   0.001    0.009   -0.008
   0.003   -0.006   -0.003
   0.000   -0.000   -0.000
  -0.000    0.000    0.000
   0.000   -0.000   -0.000
  -0.000    0.001    0.000
   0.001   -0.001   -0.002
  -0.006    0.010    0.023
  -0.001   -0.003    0.000
   0.000   -0.002   -0.004
   0.005    0.036   -0.001
   0.001    0.000   -0.000
   0.008   -0.007   -0.012
  -0.080    0.083    0.133
  -0.010   -0.013   -0.008
   0.102    0.154    0.103
   0.022    0.006   -0.007
  -0.260   -0.074    0.077
  -0.012    0.011    0.019
   0.129   -0.133   -0.215
   0.008    0.012    0.008
  -0.089   -0.136   -0.089
  -0.000    0.000    0.000
   0.000   -0.000    0.000
   0.001    0.000   -0.000
  -0.010    0.004    0.003
  -0.068    0.017    0.039
  -0.049   -0.013   -0.057
   0.435   -0.307    0.078
   0.420    0.109   -0.486

3077.2870
  -0.001   -0.001   -0.002
   0.000    0.000   -0.000
  -0.000   -0.004    0.003
  -0.000    0.001    0.000
  -0.000   -0.000    0.000
   0.000   -0.000   -0.000
   0.000    0.000   -0.000
  -0.001    0.001    0.000
  -0.000    0.001    0.001
   0.002   -0.004   -0.009
   0.000   -0.000   -0.001
  -0.006    0.006    0.015
  -0.002   -0.005    0.001
   0.002    0.000   -0.001
   0.016   -0.017   -0.027
  -0.180    0.189    0.301
  -0.007   -0.007   -0.004
   0.059    0.084    0.056
   0.043    0.012   -0.013
  -0.499   -0.143    0.149
  -0.016    0.013    0.023
   0.163   -0.168   -0.272
   0.016    0.024    0.016
  -0.177   -0.272   -0.177
  -0.001   -0.000   -0.001
   0.000   -0.000    0.000
  -0.000    0.000    0.001
   0.009   -0.002   -0.002
   0.045   -0.014   -0.010
  -0.016   -0.019   -0.056
  -0.333    0.237   -0.055
  -0.187   -0.051    0.225

3086.7015
   0.000    0.000    0.000
  -0.000   -0.000    0.000
   0.000    0.000   -0.000
   0.000   -0.000   -0.000
   0.000   -0.000   -0.000
  -0.000    0.000    0.000
   0.000   -0.000   -0.000
  -0.001    0.000    0.000
   0.000   -0.000   -0.001
  -0.002    0.003    0.007
  -0.000   -0.001   -0.000
  -0.001    0.001    0.002
   0.000    0.006   -0.000
   0.001    0.002    0.002
   0.018   -0.015   -0.026
  -0.177    0.181    0.292
  -0.029   -0.042   -0.028
   0.315    0.474    0.322
   0.006    0.005    0.001
  -0.070   -0.025    0.018
   0.024   -0.024   -0.041
  -0.274    0.287    0.464
  -0.010   -0.013   -0.007
   0.091    0.138    0.090
  -0.000   -0.000   -0.000
   0.000   -0.000    0.000
   0.000   -0.000    0.000
   0.000   -0.000   -0.000
   0.003   -0.002    0.001
  -0.007   -0.005   -0.016
  -0.026    0.019   -0.003
  -0.002   -0.002    0.005

3099.5134
  -0.001   -0.000   -0.001
   0.000    0.000    0.000
  -0.000   -0.001    0.001
   0.000   -0.000   -0.000
   0.000    0.000   -0.000
  -0.000   -0.000   -0.000
  -0.000   -0.000   -0.000
  -0.000   -0.000   -0.000
  -0.000    0.000    0.001
   0.003   -0.005   -0.011
   0.000    0.000   -0.000
  -0.002    0.002    0.006
  -0.001   -0.006    0.001
   0.001    0.000   -0.000
   0.007   -0.005   -0.009
  -0.063    0.063    0.102
  -0.018   -0.030   -0.022
   0.216    0.331    0.227
  -0.061   -0.017    0.018
   0.669    0.190   -0.198
  -0.017    0.021    0.031
   0.193   -0.209   -0.333
   0.009    0.012    0.007
  -0.088   -0.132   -0.082
  -0.001   -0.000   -0.001
   0.000   -0.000    0.001
   0.000    0.001    0.000
   0.003   -0.001    0.000
   0.011   -0.005    0.004
  -0.024   -0.017   -0.053
  -0.095    0.069   -0.014
  -0.010   -0.005    0.020

3471.5545
   0.001    0.000    0.001
  -0.000   -0.000   -0.000
   0.000    0.001   -0.001
  -0.001    0.005    0.002
   0.001    0.001   -0.000
  -0.001    0.001    0.001
   0.040   -0.053   -0.024
  -0.556    0.706    0.333
  -0.000    0.000    0.000
  -0.005   -0.001    0.003
  -0.000   -0.000   -0.000
   0.000   -0.000   -0.001
   0.001    0.003    0.001
   0.000   -0.000   -0.000
  -0.000    0.000    0.001
   0.002   -0.002   -0.003
  -0.000    0.000   -0.000
   0.000   -0.001    0.000
   0.000   -0.000   -0.000
   0.001   -0.000   -0.000
  -0.000    0.000   -0.000
  -0.001    0.001    0.001
  -0.000    0.000   -0.000
  -0.000    0.001    0.002
  -0.000    0.000    0.000
   0.001   -0.001   -0.000
  -0.013    0.014    0.006
   0.187   -0.184   -0.078
   0.000   -0.001    0.001
  -0.002   -0.003   -0.004
  -0.002    0.001    0.000
   0.005    0.001   -0.003

3477.2076
  -0.000    0.000   -0.000
   0.000   -0.000   -0.000
  -0.000   -0.000    0.000
  -0.000    0.002    0.001
   0.000    0.001    0.000
  -0.000    0.000    0.000
   0.011   -0.015   -0.007
  -0.158    0.203    0.094
  -0.000    0.000   -0.000
  -0.002    0.000    0.000
   0.000    0.000   -0.000
   0.000    0.001    0.001
   0.001   -0.002    0.001
  -0.000   -0.000    0.001
   0.000   -0.000    0.000
  -0.000    0.000    0.000
  -0.000   -0.000   -0.000
   0.001    0.001    0.001
  -0.000    0.000   -0.000
   0.001   -0.000   -0.000
   0.000    0.000   -0.000
   0.000   -0.001   -0.001
   0.000    0.000    0.000
  -0.002   -0.003   -0.001
   0.000   -0.001    0.000
  -0.001    0.001    0.001
   0.048   -0.048   -0.021
  -0.653    0.648    0.270
   0.001    0.001   -0.000
   0.003    0.002    0.005
  -0.005    0.009   -0.001
  -0.007   -0.002    0.005
