#==========================================#
#| File containing vibrational modes from |#
#|      experiment/QM for ForceBalance    |#
#|                                        |#
#| Octothorpes are comments               |#
#| This file should be formatted like so: |#
#| (Full XYZ file for the molecule)       |#
#| Number of atoms                        |#
#| Comment line                           |#
#| a1 x1 y1 z1 (xyz for atom 1)           |#
#| a2 x2 y2 z2 (xyz for atom 2)           |#
#|                                        |#
#| These coords will be actually used     |#
#|                                        |#
#| (Followed by vibrational modes)        |#
#| Do not use mass-weighted coordinates   |#
#| ...                                    |#
#| v (Eigenvalue in wavenumbers)          |#
#| dx1 dy1 dz1 (Eigenvector for atom 1)   |#
#| dx2 dy2 dz2 (Eigenvector for atom 2)   |#
#| ...                                    |#
#| (Empty line is optional)               |#
#| v (Eigenvalue)                         |#
#| dx1 dy1 dz1 (Eigenvector for atom 1)   |#
#| dx2 dy2 dz2 (Eigenvector for atom 2)   |#
#| ...                                    |#
#| and so on                              |#
#|                                        |#
#| Please list freqs in increasing order  |#
#==========================================#

27
Coordinates and vibrations calculated using MP2/aTZ from ./GLU-phipsi/frequency.out
 H   -3.033    0.375    1.203
 C   -3.419   -0.068    0.290
 H   -3.945   -0.990    0.524
 H   -4.128    0.613   -0.174
 C   -2.332   -0.378   -0.707
 O   -2.595   -0.859   -1.811
 N   -1.096   -0.084   -0.275
 H   -0.954    0.330    0.645
 C    0.084   -0.275   -1.078
 H   -0.251   -0.638   -2.046
 C    0.847    1.040   -1.268
 H    1.588    0.869   -2.051
 H    0.134    1.779   -1.635
 C    1.555    1.594   -0.031
 H    2.290    0.868    0.317
 H    2.078    2.502   -0.321
 C    0.596    1.952    1.110
 O    0.216    0.971    1.849
 O    0.234    3.132    1.209
 C    1.025   -1.334   -0.527
 O    1.690   -2.048   -1.281
 N    1.106   -1.385    0.811
 H    0.758   -0.559    1.330
 C    2.103   -2.226    1.418
 H    1.943   -3.265    1.141
 H    2.026   -2.125    2.496
 H    3.111   -1.951    1.101

35.2935
  -0.009    0.069   -0.076
   0.013   -0.171    0.028
   0.242   -0.251    0.235
  -0.187   -0.415   -0.030
   0.001   -0.107   -0.001
   0.019   -0.259    0.061
  -0.026    0.119   -0.083
  -0.044    0.148   -0.092
  -0.013    0.087   -0.050
   0.005    0.108   -0.065
   0.042    0.061    0.005
   0.039    0.058    0.002
   0.078    0.111    0.030
   0.069   -0.025    0.028
   0.005   -0.095    0.021
   0.150   -0.062    0.053
   0.088    0.039    0.024
  -0.065    0.051   -0.038
   0.249    0.084    0.083
  -0.053    0.057   -0.033
   0.010    0.100   -0.017
  -0.157   -0.004   -0.028
  -0.154   -0.000   -0.032
  -0.180   -0.011    0.002
  -0.129    0.002   -0.078
  -0.272   -0.083    0.002
  -0.161    0.039    0.104

53.3549
  -0.040   -0.103   -0.009
  -0.065    0.103   -0.099
  -0.325    0.209   -0.267
   0.152    0.348   -0.078
  -0.054   -0.032   -0.042
  -0.056   -0.025   -0.046
  -0.048   -0.129    0.002
  -0.042   -0.078   -0.018
  -0.044   -0.092    0.001
  -0.029   -0.123    0.007
  -0.117   -0.050   -0.019
  -0.136   -0.011   -0.047
  -0.169   -0.091   -0.002
  -0.082   -0.005   -0.057
  -0.045    0.016   -0.085
  -0.109   -0.004   -0.103
   0.022    0.012    0.028
  -0.121   -0.020   -0.084
   0.271    0.069    0.240
   0.020   -0.026    0.015
   0.056   -0.002    0.023
   0.045    0.017    0.015
  -0.018    0.007   -0.011
   0.144    0.137    0.021
   0.212    0.103    0.111
   0.198    0.212    0.018
   0.105    0.192   -0.058

65.1530
   0.026   -0.029   -0.018
   0.043   -0.215    0.063
   0.365   -0.362    0.219
  -0.234   -0.486    0.093
   0.016    0.012   -0.036
  -0.001    0.173   -0.102
   0.020   -0.040   -0.013
   0.038   -0.080    0.004
   0.021   -0.010   -0.016
   0.033   -0.004   -0.022
  -0.005    0.005   -0.012
   0.009    0.018   -0.000
  -0.020   -0.026   -0.038
  -0.029    0.058   -0.022
   0.002    0.095   -0.016
  -0.064    0.069   -0.044
  -0.006    0.048    0.004
  -0.031    0.028   -0.033
   0.057    0.060    0.081
  -0.008   -0.029    0.003
  -0.121   -0.160    0.025
   0.070    0.081   -0.000
   0.069    0.093   -0.018
  -0.019    0.011    0.042
  -0.199   -0.007    0.208
   0.079    0.179    0.033
  -0.000   -0.192   -0.073

81.2210
   0.002    0.078    0.002
  -0.002   -0.093    0.085
   0.259   -0.205    0.249
  -0.233   -0.321    0.102
  -0.044    0.056   -0.005
  -0.084    0.210   -0.064
  -0.029   -0.051    0.019
  -0.034   -0.066    0.026
  -0.033   -0.049    0.010
  -0.042   -0.082    0.024
  -0.030   -0.057   -0.027
  -0.058   -0.068   -0.052
  -0.030   -0.038    0.006
   0.015   -0.101   -0.034
  -0.024   -0.147   -0.038
   0.064   -0.129   -0.030
   0.023   -0.049   -0.045
  -0.015   -0.015   -0.018
   0.056   -0.035   -0.088
   0.022    0.015    0.033
   0.202    0.176    0.041
  -0.114   -0.089    0.041
  -0.125   -0.084    0.028
   0.012    0.059    0.045
   0.297    0.068   -0.147
  -0.157   -0.133    0.050
  -0.010    0.353    0.227

107.4982
  -0.049    0.380   -0.172
  -0.017    0.048   -0.025
   0.227   -0.017    0.275
  -0.219   -0.257   -0.159
  -0.019    0.027   -0.021
  -0.015   -0.033    0.004
  -0.020    0.059   -0.036
  -0.024    0.053   -0.034
  -0.014    0.010   -0.012
  -0.004    0.039   -0.026
   0.060   -0.023    0.035
   0.077   -0.047    0.057
   0.110    0.022    0.027
   0.045   -0.079    0.071
   0.006   -0.110    0.085
   0.087   -0.092    0.106
   0.002   -0.056    0.027
  -0.033   -0.038    0.033
  -0.010   -0.056   -0.023
  -0.048   -0.017   -0.007
  -0.057   -0.026   -0.006
  -0.014    0.013   -0.007
  -0.033    0.011   -0.013
   0.127    0.160   -0.031
   0.136    0.097    0.194
   0.311    0.354   -0.036
   0.054    0.156   -0.264

119.8121
  -0.063    0.554   -0.235
  -0.009    0.100   -0.037
   0.280    0.036    0.374
  -0.246   -0.296   -0.252
   0.003    0.020   -0.000
   0.012   -0.028    0.018
   0.006   -0.024    0.020
   0.008    0.014    0.004
   0.005   -0.026    0.019
   0.002   -0.047    0.028
  -0.036   -0.007   -0.013
  -0.033    0.001   -0.012
  -0.064   -0.043   -0.031
  -0.047    0.051   -0.033
  -0.007    0.089   -0.034
  -0.092    0.068   -0.059
  -0.021    0.023   -0.001
   0.004    0.002   -0.018
  -0.015    0.022    0.050
   0.030   -0.009    0.009
   0.024   -0.003   -0.003
   0.046   -0.022    0.006
   0.043   -0.033    0.017
   0.002   -0.088   -0.014
   0.036   -0.048   -0.182
  -0.100   -0.243   -0.007
   0.030   -0.035    0.122

134.4025
   0.066    0.099   -0.006
   0.036    0.045    0.033
   0.059    0.051    0.106
   0.010    0.010    0.023
   0.004    0.006    0.006
  -0.034   -0.006    0.021
   0.018   -0.010   -0.024
   0.027   -0.010   -0.027
   0.014   -0.011   -0.030
   0.018   -0.026   -0.026
  -0.013    0.004   -0.036
  -0.004    0.018   -0.030
  -0.027   -0.013   -0.040
  -0.027    0.015   -0.031
  -0.005    0.032   -0.046
  -0.052    0.032   -0.026
  -0.012   -0.018   -0.005
   0.015   -0.034   -0.011
  -0.021   -0.024    0.032
   0.034    0.011   -0.013
   0.094    0.051    0.001
  -0.031   -0.010   -0.010
  -0.041   -0.007   -0.018
  -0.075   -0.021    0.047
  -0.382   -0.102    0.516
   0.224    0.423    0.027
  -0.099   -0.377   -0.330

143.1546
   0.305    0.002    0.147
   0.163    0.091    0.169
   0.081    0.143    0.173
   0.198    0.198    0.277
   0.037    0.021    0.039
  -0.104    0.014    0.078
   0.081   -0.006   -0.081
   0.134    0.004   -0.085
   0.071   -0.035   -0.083
   0.098    0.009   -0.109
   0.132   -0.051    0.007
   0.245   -0.083    0.124
   0.203   -0.047   -0.117
  -0.033   -0.019    0.095
  -0.077   -0.009    0.207
   0.013   -0.034    0.128
  -0.137    0.035   -0.001
  -0.286    0.038   -0.071
  -0.035    0.064    0.010
   0.040   -0.054   -0.067
   0.058   -0.074   -0.031
   0.015   -0.027   -0.061
  -0.066   -0.077   -0.062
   0.007   -0.012   -0.026
   0.128    0.013   -0.181
  -0.143   -0.154   -0.023
   0.028    0.111    0.145

154.1429
  -0.115   -0.030   -0.018
  -0.062   -0.039   -0.037
  -0.048   -0.053   -0.062
  -0.060   -0.059   -0.071
  -0.009   -0.010    0.015
   0.047    0.024   -0.014
  -0.027   -0.043    0.088
  -0.050    0.005    0.076
  -0.022    0.001    0.086
  -0.027    0.021    0.080
  -0.001   -0.007    0.087
  -0.032   -0.023    0.060
   0.007    0.016    0.114
   0.039   -0.033    0.070
  -0.036   -0.085    0.122
   0.124   -0.087    0.051
  -0.010    0.075   -0.017
  -0.128    0.115   -0.025
   0.049    0.103   -0.115
  -0.006   -0.001    0.027
   0.010    0.067   -0.019
   0.034   -0.095    0.026
   0.027   -0.149    0.078
   0.084   -0.156   -0.127
  -0.167   -0.183    0.115
   0.437    0.048   -0.121
   0.021   -0.376   -0.508

213.6564
   0.004    0.160   -0.069
  -0.006    0.049   -0.012
   0.006    0.071    0.110
  -0.021   -0.013   -0.085
  -0.021   -0.042   -0.001
  -0.056   -0.006   -0.009
  -0.001   -0.150    0.027
  -0.023   -0.092    0.006
  -0.002    0.002   -0.023
   0.004    0.035   -0.037
  -0.104    0.078    0.078
  -0.221    0.258   -0.071
  -0.191    0.121    0.339
   0.049   -0.133    0.083
  -0.058   -0.262    0.019
   0.166   -0.185    0.144
   0.032   -0.047    0.032
  -0.057    0.026    0.085
   0.056   -0.028   -0.124
   0.082    0.051   -0.073
   0.017   -0.009   -0.076
   0.158    0.180   -0.081
   0.052    0.127   -0.064
  -0.095    0.019    0.085
  -0.225    0.046    0.052
  -0.283    0.027    0.071
   0.017   -0.156    0.291

223.7336
   0.005   -0.102    0.047
  -0.052   -0.026    0.031
  -0.057   -0.037   -0.012
  -0.069    0.027    0.126
  -0.112    0.014   -0.059
  -0.207   -0.039   -0.013
  -0.104    0.128   -0.128
  -0.146    0.037   -0.084
   0.010    0.061    0.037
   0.134   -0.040    0.030
   0.091    0.019   -0.017
   0.097   -0.077    0.007
   0.154    0.059   -0.062
   0.097    0.006   -0.017
   0.126    0.025   -0.037
   0.050    0.047    0.022
   0.029   -0.088   -0.058
  -0.060   -0.134   -0.160
   0.006   -0.105    0.004
   0.044    0.123    0.155
  -0.002    0.077    0.150
   0.224    0.178    0.131
   0.183    0.146    0.188
   0.059   -0.146   -0.044
  -0.196   -0.054   -0.243
   0.126   -0.334   -0.020
   0.111   -0.334   -0.040

261.8972
  -0.211    0.003    0.058
  -0.063   -0.011    0.002
  -0.036   -0.049   -0.082
  -0.044   -0.055   -0.091
   0.088    0.068    0.142
   0.273    0.059    0.099
   0.029    0.105    0.212
   0.055    0.080    0.228
  -0.047    0.052    0.111
  -0.184    0.036    0.165
   0.016   -0.020   -0.047
  -0.011   -0.140   -0.049
   0.055    0.005   -0.082
   0.037   -0.021   -0.071
   0.044   -0.019   -0.080
   0.014    0.005   -0.027
  -0.035   -0.107   -0.118
  -0.213   -0.169   -0.278
   0.011   -0.114    0.008
  -0.001    0.027   -0.025
  -0.089    0.082   -0.156
   0.074    0.024   -0.034
  -0.036    0.000   -0.071
  -0.044    0.050    0.173
  -0.036    0.019    0.277
  -0.209    0.165    0.154
   0.022   -0.014    0.321

273.0769
   0.126   -0.023    0.025
   0.103    0.011    0.017
   0.105    0.005   -0.005
   0.098    0.032    0.057
   0.098    0.048    0.016
   0.187    0.013    0.009
   0.064    0.120   -0.006
   0.105    0.059    0.016
  -0.028   -0.013   -0.073
  -0.103   -0.151    0.007
  -0.130   -0.011   -0.169
  -0.119    0.082   -0.176
  -0.187   -0.032   -0.103
  -0.178   -0.164   -0.083
  -0.224   -0.247   -0.162
  -0.101   -0.171    0.041
  -0.083   -0.107    0.013
  -0.106    0.011    0.168
   0.078   -0.057   -0.021
  -0.029    0.077    0.054
   0.001   -0.002    0.153
  -0.004    0.123    0.050
  -0.007    0.073    0.133
  -0.007   -0.030   -0.164
  -0.137    0.025   -0.302
   0.151   -0.174   -0.139
  -0.027   -0.085   -0.279

286.2800
  -0.216   -0.075    0.019
  -0.118   -0.047   -0.035
  -0.089   -0.087   -0.133
  -0.113   -0.063   -0.063
  -0.041    0.029    0.020
  -0.016    0.010    0.024
  -0.030    0.069    0.005
  -0.005    0.052    0.009
  -0.049   -0.061   -0.011
  -0.089   -0.077    0.012
   0.124   -0.187   -0.062
   0.305   -0.452    0.169
   0.328   -0.161   -0.396
  -0.073   -0.049   -0.002
  -0.033    0.040    0.094
  -0.105   -0.042   -0.042
  -0.039    0.015    0.033
   0.036    0.066    0.141
   0.023    0.036    0.031
   0.018   -0.011   -0.045
   0.047    0.061   -0.092
   0.113    0.076   -0.054
   0.040    0.033   -0.038
  -0.022   -0.012    0.035
  -0.120   -0.002    0.047
  -0.105    0.019    0.026
   0.038   -0.134    0.122

347.9030
  -0.169    0.102   -0.023
  -0.072    0.011   -0.017
  -0.096    0.033    0.015
  -0.021   -0.040   -0.167
   0.011   -0.052    0.081
   0.034    0.038    0.040
   0.027   -0.186    0.122
   0.050   -0.142    0.098
  -0.020   -0.017   -0.016
  -0.073    0.087   -0.035
   0.105   -0.064    0.043
   0.154   -0.217    0.121
   0.231   -0.012   -0.094
   0.084    0.034    0.026
   0.125    0.104    0.085
   0.025    0.048   -0.035
   0.030    0.010   -0.019
   0.017   -0.036   -0.087
  -0.033   -0.019    0.035
  -0.032    0.039   -0.040
   0.089   -0.046    0.139
  -0.107    0.189   -0.056
  -0.050    0.229   -0.054
  -0.136    0.093   -0.223
  -0.231    0.142   -0.354
  -0.015   -0.040   -0.202
  -0.148    0.048   -0.308

383.1188
   0.497    0.097   -0.086
   0.210    0.061    0.052
   0.123    0.173    0.296
   0.203    0.139    0.173
   0.016   -0.102   -0.085
   0.047   -0.035   -0.128
  -0.025   -0.158    0.022
  -0.086   -0.149    0.020
  -0.051   -0.024    0.066
  -0.000   -0.064    0.064
   0.044   -0.108    0.020
   0.113   -0.316    0.129
   0.173   -0.080   -0.179
  -0.006    0.003   -0.003
   0.052    0.080    0.042
  -0.072    0.026   -0.060
  -0.002   -0.002   -0.008
   0.024    0.001    0.013
   0.002   -0.002    0.005
  -0.092    0.079    0.070
  -0.172    0.192   -0.089
  -0.014    0.054    0.067
   0.020    0.070    0.080
  -0.021    0.009    0.009
  -0.060    0.024   -0.026
   0.014   -0.034    0.016
  -0.020   -0.012   -0.004

457.3395
   0.269   -0.090    0.037
   0.058    0.021    0.072
   0.107    0.000    0.109
  -0.041    0.090    0.322
  -0.046    0.071   -0.062
   0.123   -0.035   -0.061
  -0.090    0.146   -0.037
  -0.060    0.207   -0.070
  -0.120   -0.114    0.023
  -0.146   -0.035    0.004
  -0.119   -0.126    0.142
  -0.201   -0.000    0.043
  -0.183   -0.109    0.302
   0.026   -0.101    0.071
  -0.140   -0.193    0.203
   0.224   -0.271   -0.113
   0.040    0.108   -0.008
   0.091   -0.002   -0.132
  -0.103    0.059    0.077
  -0.040   -0.092   -0.031
   0.106   -0.023    0.016
   0.058    0.069   -0.052
   0.012    0.076   -0.084
  -0.024    0.012   -0.027
  -0.099    0.029   -0.053
  -0.057    0.004   -0.029
   0.010   -0.070    0.010

479.2794
  -0.113    0.036   -0.013
  -0.018   -0.009   -0.030
  -0.037   -0.001   -0.054
   0.027   -0.040   -0.140
   0.030   -0.026    0.031
  -0.036    0.018    0.030
   0.049   -0.057    0.000
   0.086   -0.074    0.003
   0.031    0.033   -0.045
   0.045   -0.048   -0.018
   0.019    0.043   -0.095
   0.057    0.003   -0.049
   0.068    0.073   -0.119
  -0.020   -0.145    0.013
  -0.418   -0.469    0.159
   0.469   -0.388    0.128
  -0.034    0.074   -0.044
   0.077    0.012   -0.072
  -0.071    0.051    0.099
   0.014    0.056    0.026
  -0.058    0.029   -0.001
  -0.005   -0.012    0.040
   0.051    0.012    0.040
   0.019   -0.013    0.023
   0.028   -0.015    0.025
   0.034   -0.019    0.025
   0.013    0.001    0.013

557.5430
  -0.222   -0.087    0.019
   0.062   -0.045   -0.119
   0.163   -0.168   -0.376
   0.046   -0.144   -0.239
   0.123    0.085    0.020
  -0.106    0.016    0.111
   0.129    0.019   -0.057
   0.167    0.071   -0.082
   0.061   -0.148   -0.021
   0.105   -0.174   -0.025
  -0.051   -0.120    0.088
  -0.158    0.167   -0.073
  -0.255   -0.190    0.339
   0.027   -0.010    0.015
   0.172    0.136    0.019
  -0.145    0.034   -0.158
   0.035    0.016    0.017
  -0.016    0.004   -0.024
  -0.026   -0.004    0.005
  -0.043   -0.021    0.055
  -0.067    0.099   -0.069
  -0.029    0.057    0.057
   0.007    0.101    0.035
  -0.029    0.022   -0.025
  -0.083    0.048   -0.090
   0.044   -0.058   -0.012
  -0.037    0.002   -0.073

623.0998
  -0.036    0.041    0.045
  -0.103    0.021    0.082
  -0.142    0.061    0.153
  -0.086    0.050    0.097
  -0.056   -0.026    0.027
   0.090    0.012   -0.024
  -0.009   -0.056   -0.059
   0.083    0.059   -0.120
  -0.018   -0.065   -0.114
   0.009   -0.122   -0.099
   0.039   -0.020   -0.137
  -0.187    0.106   -0.377
  -0.077    0.023    0.174
   0.293   -0.020   -0.141
   0.386    0.014   -0.264
   0.201    0.011   -0.223
   0.149    0.025    0.066
  -0.150    0.178    0.086
  -0.156   -0.078    0.143
  -0.040   -0.013    0.008
  -0.019    0.033   -0.010
   0.010   -0.008    0.027
  -0.038   -0.056    0.063
   0.030   -0.028    0.027
   0.020   -0.025    0.023
   0.029   -0.041    0.027
   0.032   -0.032    0.032

628.9134
  -0.081    0.281   -0.095
  -0.030   -0.020    0.024
  -0.402    0.262    0.287
   0.303    0.040   -0.414
   0.025   -0.282    0.147
   0.029    0.124   -0.028
  -0.001    0.123   -0.106
   0.106   -0.241    0.040
  -0.021   -0.029   -0.085
   0.016    0.010   -0.111
  -0.011   -0.028    0.048
  -0.014    0.107    0.017
  -0.059   -0.029    0.137
  -0.025    0.005    0.040
   0.048    0.088    0.061
  -0.116    0.035   -0.031
  -0.011    0.008    0.002
   0.022   -0.027   -0.022
   0.020    0.023   -0.027
  -0.056   -0.029    0.005
   0.004    0.030    0.007
   0.018    0.004    0.015
   0.064    0.026    0.012
   0.018   -0.016    0.021
  -0.000   -0.012    0.021
   0.002   -0.019    0.021
   0.029   -0.035    0.038

640.6312
  -0.185   -0.064    0.202
  -0.214    0.054    0.154
  -0.059   -0.059    0.066
  -0.355    0.038    0.346
  -0.089    0.137    0.010
   0.185   -0.029    0.025
   0.026   -0.146   -0.152
   0.159   -0.091   -0.208
   0.068   -0.084   -0.188
   0.265   -0.119   -0.236
   0.025    0.015    0.045
   0.106    0.210    0.079
  -0.021   -0.008    0.081
  -0.083    0.029    0.097
  -0.025    0.106    0.134
  -0.163    0.072    0.089
  -0.044   -0.004    0.006
   0.060   -0.082   -0.039
   0.063    0.043   -0.072
  -0.008    0.033    0.039
  -0.062    0.062   -0.020
  -0.018    0.009    0.067
   0.062    0.053    0.059
   0.018   -0.015    0.023
   0.002   -0.004   -0.004
   0.059   -0.064    0.030
   0.011   -0.011    0.002

705.8372
  -0.006    0.053    0.027
  -0.104    0.015    0.085
  -0.182    0.094    0.215
  -0.065    0.072    0.106
  -0.046   -0.068   -0.017
   0.008   -0.002   -0.065
  -0.014    0.089   -0.018
  -0.141   -0.065    0.061
   0.218   -0.049    0.216
   0.311   -0.168    0.231
   0.035   -0.038    0.002
  -0.104    0.117   -0.157
  -0.198   -0.178    0.180
  -0.002   -0.033   -0.053
  -0.070   -0.055    0.043
   0.072   -0.051    0.031
  -0.076   -0.020   -0.084
   0.001    0.034    0.030
   0.011   -0.011    0.038
   0.229   -0.005    0.062
  -0.014   -0.055   -0.153
  -0.099    0.036    0.058
   0.029    0.221   -0.078
  -0.088    0.077   -0.075
  -0.112    0.114   -0.198
   0.112   -0.063   -0.051
  -0.151    0.123   -0.241

760.9758
  -0.028    0.021    0.006
  -0.010   -0.004    0.010
  -0.051    0.024    0.026
   0.030   -0.000   -0.049
   0.007   -0.031    0.022
   0.008    0.023   -0.001
   0.007    0.015   -0.038
   0.013    0.288   -0.161
  -0.000   -0.002   -0.007
   0.080   -0.148    0.022
  -0.144   -0.046    0.016
   0.165   -0.341    0.367
   0.110   -0.054   -0.462
  -0.056   -0.001    0.027
  -0.022   -0.105   -0.260
   0.002   -0.095   -0.165
   0.233    0.060    0.217
  -0.054   -0.040   -0.055
  -0.054    0.002   -0.065
   0.195    0.156    0.003
  -0.043   -0.050   -0.016
  -0.048   -0.033    0.008
  -0.002   -0.011    0.006
  -0.012    0.006   -0.010
   0.037   -0.006    0.004
   0.030    0.013   -0.007
  -0.041    0.064   -0.049

799.0339
  -0.006   -0.004    0.002
   0.005    0.001   -0.005
   0.019   -0.012   -0.025
  -0.004   -0.006   -0.002
  -0.002    0.013   -0.001
   0.004   -0.003    0.008
  -0.002    0.007   -0.012
   0.040   -0.112    0.039
  -0.042    0.070   -0.059
  -0.013    0.040   -0.054
  -0.003   -0.139    0.116
  -0.164   -0.058   -0.054
   0.064    0.065    0.387
   0.025   -0.113   -0.014
   0.306    0.273    0.189
  -0.362    0.027   -0.275
  -0.099   -0.027   -0.136
   0.034    0.068    0.002
   0.004   -0.016    0.061
   0.159    0.287   -0.058
  -0.071   -0.034    0.094
  -0.018   -0.087   -0.077
   0.029   -0.168    0.033
   0.020   -0.031    0.001
   0.152   -0.094    0.168
  -0.114    0.152   -0.023
   0.029    0.042    0.098

849.3644
   0.096   -0.020   -0.054
   0.019   -0.002   -0.027
   0.051   -0.011   -0.002
  -0.016    0.013    0.057
  -0.015    0.024   -0.019
  -0.014   -0.024   -0.007
  -0.029    0.047    0.058
   0.080   -0.549    0.311
  -0.063   -0.055   -0.027
  -0.215   -0.215    0.085
   0.045   -0.030   -0.148
  -0.124    0.129   -0.339
  -0.052    0.033    0.166
   0.099   -0.006    0.039
   0.192    0.104    0.077
   0.008    0.057    0.055
  -0.057    0.061    0.146
  -0.007   -0.144    0.013
  -0.006    0.140   -0.050
   0.068    0.054   -0.011
  -0.007   -0.017   -0.008
  -0.034   -0.014    0.017
   0.269    0.165   -0.051
  -0.002   -0.000    0.004
   0.005    0.000    0.002
   0.016   -0.005    0.007
  -0.010    0.010   -0.011

859.9761
   0.014   -0.010   -0.012
   0.024    0.003   -0.020
   0.073   -0.037   -0.069
  -0.009   -0.014    0.007
  -0.007    0.041    0.001
   0.010   -0.012    0.024
  -0.022    0.017   -0.026
   0.119   -0.646    0.254
  -0.061    0.028   -0.051
  -0.058    0.128   -0.089
  -0.050    0.027    0.062
   0.069   -0.136    0.208
   0.123    0.095   -0.125
  -0.008    0.006    0.000
  -0.014   -0.021   -0.052
   0.009   -0.016   -0.030
   0.031   -0.014   -0.058
  -0.017    0.069   -0.002
  -0.000   -0.059    0.020
   0.040   -0.033   -0.021
   0.034   -0.031   -0.061
  -0.063    0.021    0.087
   0.354    0.327   -0.044
   0.026   -0.019    0.042
  -0.031    0.021   -0.068
   0.159   -0.154    0.063
  -0.004   -0.021   -0.060

890.1925
  -0.086    0.015    0.057
  -0.039    0.017    0.034
  -0.007   -0.015   -0.015
  -0.067   -0.001    0.051
   0.017    0.025   -0.027
  -0.001   -0.024   -0.008
   0.038    0.020   -0.050
   0.103   -0.703    0.270
   0.093    0.018    0.086
   0.205    0.069    0.031
  -0.020   -0.027    0.039
  -0.001   -0.082    0.066
  -0.117   -0.188   -0.086
  -0.015    0.011   -0.058
  -0.103   -0.124   -0.144
   0.138   -0.088   -0.090
   0.042    0.016    0.039
  -0.023   -0.004    0.007
  -0.012    0.003   -0.009
  -0.086    0.007   -0.003
  -0.019    0.043    0.075
   0.053   -0.037   -0.098
   0.066   -0.104   -0.023
  -0.022    0.015   -0.046
   0.040   -0.036    0.115
  -0.221    0.197   -0.076
   0.028    0.015    0.111

932.2402
  -0.010    0.010    0.017
  -0.066    0.010    0.039
  -0.082    0.040    0.119
  -0.079    0.044    0.109
   0.036   -0.010   -0.053
  -0.041   -0.033   -0.062
   0.070    0.001    0.090
   0.017    0.107    0.055
   0.082    0.161   -0.018
  -0.044    0.329   -0.037
   0.058   -0.031    0.010
   0.037    0.173   -0.047
   0.060    0.079    0.227
  -0.116   -0.199   -0.052
   0.274    0.138   -0.185
  -0.509   -0.050   -0.309
   0.065    0.041    0.087
  -0.003   -0.011   -0.048
  -0.038    0.041   -0.004
  -0.072   -0.069   -0.023
   0.031    0.005   -0.017
  -0.021    0.029    0.043
   0.166    0.175   -0.040
   0.030   -0.015    0.037
  -0.030    0.017   -0.040
   0.101   -0.116    0.052
   0.025   -0.049   -0.017

945.1209
   0.157   -0.019   -0.089
  -0.035   -0.010   -0.015
  -0.047    0.035    0.135
  -0.061    0.068    0.142
  -0.003   -0.007   -0.030
  -0.039   -0.027   -0.047
   0.021    0.062    0.118
   0.124   -0.168    0.227
   0.009   -0.124   -0.045
  -0.175   -0.358    0.103
   0.062    0.027   -0.094
   0.224    0.449   -0.026
  -0.087   -0.031    0.073
  -0.129    0.025    0.158
  -0.077    0.112    0.229
  -0.194    0.094    0.260
   0.159   -0.014   -0.029
   0.009    0.131   -0.077
  -0.003   -0.123    0.007
   0.006    0.037    0.006
  -0.027    0.019    0.026
   0.014   -0.023   -0.034
   0.000   -0.068    0.010
  -0.012    0.005   -0.024
   0.026   -0.023    0.056
  -0.100    0.096   -0.037
   0.007    0.012    0.045

999.7125
   0.171   -0.027   -0.126
   0.105   -0.028   -0.091
   0.128   -0.046   -0.123
   0.128   -0.030   -0.119
  -0.126    0.032    0.082
   0.075    0.054    0.124
  -0.155   -0.058   -0.105
  -0.185   -0.267   -0.034
   0.030    0.014    0.079
   0.256   -0.197    0.084
   0.054    0.083   -0.049
   0.101    0.135   -0.014
   0.151    0.226    0.052
  -0.058   -0.156    0.011
   0.285    0.116   -0.155
  -0.437    0.068    0.000
   0.042    0.016    0.033
   0.017    0.038   -0.043
  -0.028    0.023    0.012
   0.011   -0.059    0.064
   0.004   -0.000   -0.011
   0.054   -0.025   -0.021
  -0.158   -0.133   -0.011
  -0.056    0.040   -0.044
  -0.014    0.025   -0.023
  -0.080    0.094   -0.053
  -0.060    0.064   -0.036

1005.9837
  -0.445    0.073    0.289
   0.029    0.047    0.104
   0.029   -0.046   -0.238
   0.053   -0.140   -0.218
   0.050   -0.014   -0.023
   0.001   -0.012   -0.042
  -0.002   -0.017   -0.038
  -0.133    0.137   -0.097
  -0.030   -0.010    0.060
  -0.039   -0.135    0.109
  -0.031    0.030   -0.053
  -0.029   -0.088   -0.024
   0.051    0.097   -0.071
   0.017   -0.036    0.063
   0.145    0.065   -0.001
  -0.141    0.091    0.173
  -0.013   -0.008   -0.007
   0.006    0.029   -0.016
   0.001   -0.007    0.008
  -0.013   -0.016    0.006
   0.002    0.011    0.019
  -0.006   -0.032   -0.022
   0.458    0.282   -0.168
  -0.001    0.005   -0.027
  -0.005   -0.017    0.066
  -0.127    0.091   -0.042
   0.041   -0.022    0.075

1007.5254
   0.282   -0.062   -0.178
  -0.004   -0.029   -0.073
   0.006    0.020    0.124
  -0.012    0.072    0.099
  -0.046   -0.003    0.033
   0.012    0.025    0.043
  -0.021   -0.017    0.000
   0.011    0.270   -0.136
   0.028   -0.004    0.012
   0.117    0.073   -0.044
   0.039   -0.024    0.013
  -0.011    0.065   -0.050
  -0.095   -0.131    0.058
  -0.026    0.025   -0.027
  -0.101   -0.050   -0.015
   0.110   -0.036    0.031
   0.001   -0.005    0.013
  -0.018   -0.001    0.009
   0.005   -0.016   -0.005
  -0.018    0.016   -0.020
  -0.006    0.019    0.030
  -0.032   -0.029   -0.020
   0.631    0.394   -0.193
   0.023   -0.011   -0.019
   0.001   -0.034    0.101
  -0.137    0.083   -0.036
   0.083   -0.057    0.119

1025.5215
   0.286   -0.084   -0.166
  -0.079   -0.014   -0.054
  -0.039    0.036    0.238
  -0.150    0.130    0.276
   0.038   -0.019   -0.003
  -0.027    0.000   -0.007
   0.086    0.034    0.025
   0.176    0.077    0.003
   0.007   -0.062   -0.016
   0.017   -0.245    0.047
  -0.106    0.097    0.025
   0.121   -0.166    0.287
   0.195    0.231   -0.265
   0.096   -0.070    0.029
   0.301   -0.001   -0.270
  -0.160    0.064   -0.024
  -0.085   -0.006   -0.052
   0.014   -0.006    0.008
   0.001    0.037    0.019
  -0.008   -0.039    0.044
  -0.008    0.019    0.007
   0.031   -0.030   -0.003
   0.118    0.015   -0.022
  -0.032    0.026   -0.043
  -0.014    0.003    0.036
  -0.123    0.103   -0.056
  -0.004    0.022    0.035

1043.1452
  -0.008   -0.322    0.175
  -0.006    0.156   -0.055
   0.536   -0.239   -0.303
  -0.475   -0.080    0.353
   0.012   -0.171    0.071
  -0.001    0.029   -0.014
  -0.012    0.022   -0.007
  -0.016   -0.009    0.008
  -0.001   -0.006   -0.001
  -0.007    0.031   -0.013
   0.021    0.005    0.004
   0.013    0.038   -0.009
  -0.000   -0.003    0.031
  -0.013   -0.000   -0.013
  -0.022   -0.007   -0.004
   0.007   -0.013   -0.020
   0.007    0.002    0.005
  -0.001   -0.002   -0.000
  -0.002   -0.000   -0.001
  -0.001    0.007   -0.006
  -0.001   -0.001    0.000
  -0.004    0.005   -0.000
  -0.034   -0.014    0.009
   0.005   -0.004    0.006
   0.003   -0.001   -0.004
   0.016   -0.013    0.008
   0.001   -0.004   -0.004

1055.8849
  -0.191    0.061    0.116
   0.045    0.009    0.045
  -0.004   -0.010   -0.131
   0.093   -0.081   -0.168
  -0.011    0.007   -0.010
  -0.006   -0.016   -0.037
  -0.050    0.023    0.067
  -0.011    0.071    0.049
  -0.029   -0.118   -0.061
  -0.065   -0.182   -0.024
   0.098    0.082    0.111
   0.333    0.406    0.266
   0.175    0.172    0.146
  -0.034    0.003   -0.132
  -0.095   -0.116   -0.244
   0.141   -0.178   -0.393
  -0.011    0.009   -0.007
  -0.021   -0.038    0.035
  -0.005    0.020    0.000
   0.034    0.010    0.027
  -0.015    0.007    0.002
   0.011   -0.022    0.008
   0.102    0.024    0.001
  -0.018    0.012   -0.034
   0.003   -0.011    0.045
  -0.100    0.093   -0.047
   0.006    0.017    0.042

1102.3265
  -0.033    0.019    0.016
   0.028   -0.003    0.006
   0.009   -0.006   -0.054
   0.055   -0.028   -0.072
  -0.033    0.004    0.004
   0.005    0.000    0.000
  -0.045    0.019    0.033
  -0.109   -0.009    0.049
   0.083   -0.095    0.025
   0.103   -0.049    0.003
   0.004    0.034    0.017
   0.184    0.124    0.166
  -0.227   -0.323   -0.233
   0.045   -0.049    0.026
   0.182   -0.163   -0.504
  -0.115    0.111    0.232
  -0.046   -0.011   -0.012
   0.023    0.012   -0.018
  -0.007    0.030    0.013
  -0.047    0.072   -0.096
  -0.008    0.003    0.027
  -0.106    0.089   -0.087
  -0.202    0.066   -0.097
   0.113   -0.085    0.099
   0.048   -0.040   -0.028
   0.203   -0.193    0.115
   0.082   -0.115    0.001

1123.4170
   0.015   -0.001   -0.014
  -0.012   -0.003   -0.002
  -0.014    0.007    0.029
  -0.010    0.015    0.024
   0.013    0.001   -0.005
  -0.000    0.002    0.006
   0.021   -0.004   -0.027
   0.036   -0.037   -0.015
  -0.032   -0.011    0.037
  -0.017   -0.070    0.055
   0.016    0.018    0.005
  -0.013   -0.012   -0.013
   0.062    0.087    0.058
  -0.013    0.000   -0.017
  -0.027    0.014    0.038
   0.000   -0.012   -0.027
   0.005   -0.001    0.008
   0.001    0.001   -0.000
  -0.000   -0.003   -0.002
   0.008    0.015   -0.011
  -0.008   -0.001    0.013
  -0.037   -0.060   -0.017
  -0.114   -0.071   -0.082
   0.087    0.108    0.014
  -0.578    0.265   -0.209
  -0.145   -0.267    0.030
   0.288   -0.523    0.120

1130.5831
  -0.077    0.013    0.063
   0.062    0.017    0.012
   0.075   -0.038   -0.168
   0.059   -0.085   -0.133
  -0.073   -0.002    0.018
  -0.000   -0.014   -0.031
  -0.095    0.029    0.126
  -0.021    0.043    0.120
   0.124    0.064   -0.173
   0.172    0.289   -0.269
  -0.067   -0.069   -0.016
   0.018    0.008    0.043
  -0.250   -0.366   -0.252
   0.059   -0.000    0.066
   0.107   -0.051   -0.143
  -0.024    0.058    0.103
  -0.031   -0.007   -0.020
   0.010    0.008   -0.006
   0.002    0.008    0.007
   0.029   -0.038    0.057
  -0.007    0.008   -0.016
   0.037   -0.065    0.080
   0.018   -0.098    0.099
  -0.012    0.084   -0.081
  -0.261    0.091    0.019
  -0.293    0.090   -0.099
   0.136   -0.180    0.159

1146.8242
   0.003    0.004   -0.008
  -0.016   -0.003    0.003
  -0.024    0.010    0.031
  -0.011    0.014    0.023
   0.024    0.002   -0.008
  -0.005   -0.003   -0.004
   0.037   -0.004   -0.029
   0.131   -0.000   -0.044
  -0.113   -0.048    0.023
  -0.144    0.359   -0.114
   0.093    0.019    0.051
  -0.098   -0.074   -0.107
  -0.141   -0.205    0.058
  -0.031   -0.025   -0.046
   0.015   -0.188   -0.475
  -0.079    0.199    0.574
  -0.010   -0.011    0.034
   0.018    0.028   -0.034
  -0.009    0.015    0.002
   0.041    0.028    0.002
  -0.002   -0.009   -0.009
   0.040   -0.036    0.052
   0.045   -0.104    0.123
  -0.049    0.035   -0.026
  -0.014    0.023   -0.008
  -0.020    0.035   -0.024
  -0.049    0.053   -0.020

1157.5069
  -0.009   -0.000    0.010
   0.008    0.003    0.003
   0.009   -0.007   -0.026
   0.007   -0.014   -0.022
  -0.013   -0.002    0.004
  -0.001   -0.003   -0.008
  -0.009    0.002    0.021
   0.038    0.050    0.000
   0.010    0.016   -0.030
   0.081   -0.071   -0.022
  -0.006   -0.017    0.003
   0.041    0.059    0.029
  -0.054   -0.080   -0.033
   0.010    0.010    0.014
   0.016   -0.022   -0.055
   0.039   -0.027   -0.051
  -0.019   -0.008    0.002
   0.001    0.009   -0.000
   0.005   -0.008    0.001
  -0.017    0.014   -0.014
  -0.019    0.026    0.044
   0.099   -0.100   -0.067
   0.239    0.016   -0.216
  -0.101    0.074    0.111
  -0.042    0.195   -0.395
   0.428   -0.313    0.171
  -0.275    0.103   -0.449

1207.0487
   0.009   -0.010   -0.013
  -0.017   -0.002   -0.009
  -0.007    0.009    0.058
  -0.024    0.032    0.058
   0.026   -0.003   -0.010
   0.009    0.013    0.031
   0.021   -0.035   -0.069
  -0.240   -0.041   -0.052
  -0.030    0.062    0.036
  -0.504    0.067    0.189
   0.005   -0.039   -0.036
   0.285    0.403    0.141
  -0.204   -0.264   -0.087
   0.025    0.023    0.082
   0.072   -0.085   -0.241
   0.054   -0.133   -0.357
  -0.034   -0.012   -0.016
   0.006    0.008   -0.000
   0.007   -0.004    0.004
   0.011    0.002   -0.003
   0.005   -0.008   -0.007
   0.013   -0.013    0.031
   0.015   -0.013    0.036
  -0.011    0.013   -0.016
  -0.017    0.006    0.007
  -0.037    0.032   -0.020
   0.006   -0.005    0.021

1255.0512
  -0.046   -0.005    0.013
  -0.004   -0.003   -0.013
  -0.015    0.028    0.087
  -0.035    0.039    0.094
   0.047   -0.002   -0.011
   0.000    0.009    0.020
  -0.025   -0.003    0.007
  -0.378   -0.060    0.058
   0.055    0.082   -0.097
  -0.195   -0.497    0.195
   0.002   -0.083    0.056
  -0.132   -0.111   -0.064
   0.201    0.196    0.231
  -0.015    0.051   -0.025
  -0.094   -0.193   -0.357
   0.087    0.084    0.273
  -0.043   -0.027    0.063
   0.020    0.042   -0.037
   0.006   -0.012   -0.004
   0.009   -0.038    0.042
  -0.004    0.009    0.002
  -0.007    0.009   -0.026
  -0.063    0.053   -0.127
   0.017   -0.014    0.001
  -0.014   -0.005   -0.006
  -0.030    0.026   -0.008
   0.006    0.008   -0.001

1265.7313
   0.057   -0.002   -0.010
   0.006    0.009    0.015
   0.034   -0.039   -0.111
   0.029   -0.050   -0.105
  -0.059   -0.002    0.016
  -0.003   -0.012   -0.030
   0.034    0.002    0.016
   0.468    0.051   -0.045
  -0.075    0.074    0.042
   0.478   -0.376    0.026
   0.027   -0.041   -0.023
  -0.035    0.011   -0.084
   0.018    0.037    0.150
  -0.014    0.048    0.084
   0.001   -0.172   -0.413
   0.038   -0.089   -0.238
  -0.046   -0.005    0.010
   0.014    0.018   -0.016
   0.014   -0.022   -0.004
  -0.042    0.018   -0.030
   0.033   -0.031   -0.028
  -0.007    0.014    0.027
   0.024   -0.068    0.144
  -0.001    0.002   -0.011
   0.004   -0.015    0.055
  -0.005   -0.010   -0.007
   0.017    0.004    0.045

1285.3251
   0.048   -0.009   -0.009
  -0.005    0.006    0.007
   0.023   -0.029   -0.055
   0.006   -0.022   -0.055
  -0.029   -0.002    0.010
   0.001   -0.003   -0.009
   0.027   -0.016   -0.013
   0.175    0.019   -0.028
  -0.042    0.108    0.011
   0.046   -0.291    0.126
  -0.047   -0.101    0.007
   0.319    0.402    0.255
  -0.000   -0.023    0.075
   0.022   -0.011   -0.062
  -0.061   -0.033    0.059
  -0.078    0.252    0.590
   0.124    0.024   -0.145
  -0.041   -0.082    0.075
  -0.037    0.079    0.020
  -0.008   -0.008    0.012
   0.012   -0.009   -0.007
  -0.001   -0.003   -0.008
  -0.001    0.033   -0.009
   0.002    0.002    0.001
  -0.001    0.004   -0.007
  -0.004   -0.006    0.001
   0.006   -0.013   -0.004

1309.1246
   0.274   -0.006   -0.092
  -0.012    0.013    0.038
   0.156   -0.153   -0.260
   0.153   -0.056   -0.306
  -0.151    0.007    0.054
   0.007   -0.016   -0.041
   0.067    0.004   -0.019
   0.256    0.027   -0.059
   0.093    0.008   -0.001
  -0.616   -0.145    0.288
  -0.007    0.027    0.044
  -0.060   -0.152    0.031
  -0.014   -0.023   -0.029
   0.008   -0.014   -0.048
  -0.013    0.054    0.139
   0.005    0.024    0.071
  -0.028   -0.006    0.045
   0.007    0.017   -0.021
   0.007   -0.015   -0.006
  -0.026    0.010   -0.037
   0.002    0.003    0.002
   0.004   -0.000    0.022
   0.056   -0.041    0.085
  -0.009    0.009   -0.004
   0.010   -0.003    0.026
   0.024   -0.028    0.004
   0.005   -0.009    0.018

1315.9562
   0.115    0.001   -0.041
  -0.009    0.005    0.017
   0.064   -0.064   -0.102
   0.066   -0.015   -0.123
  -0.052    0.004    0.017
   0.002   -0.007   -0.014
   0.024    0.006   -0.004
   0.102   -0.002   -0.009
   0.040   -0.056    0.031
  -0.149    0.546   -0.125
  -0.044   -0.075   -0.070
   0.040    0.030   -0.017
   0.313    0.443    0.275
  -0.019    0.052    0.069
  -0.022   -0.150   -0.343
   0.035   -0.007   -0.021
   0.016   -0.000   -0.043
  -0.005   -0.011    0.014
  -0.003    0.012    0.005
   0.053   -0.036    0.053
  -0.034    0.034    0.027
  -0.012    0.008   -0.054
  -0.089    0.058   -0.157
   0.018   -0.018    0.012
  -0.009   -0.000   -0.030
  -0.002    0.009    0.005
  -0.009    0.016   -0.031

1337.7499
  -0.055    0.004    0.016
   0.008   -0.003   -0.007
  -0.030    0.029    0.030
  -0.023   -0.000    0.048
   0.004   -0.006   -0.014
   0.001    0.005    0.012
  -0.007    0.005    0.001
  -0.046    0.004   -0.003
   0.024   -0.035    0.058
   0.199    0.196   -0.081
  -0.100   -0.092   -0.047
   0.357    0.454    0.270
   0.264    0.315    0.073
   0.052    0.003   -0.090
  -0.012    0.073    0.215
   0.104    0.084    0.254
  -0.098   -0.035    0.135
   0.034    0.062   -0.063
   0.021   -0.036   -0.015
  -0.054    0.047   -0.091
   0.018   -0.017   -0.009
   0.014   -0.005    0.058
   0.103   -0.123    0.234
  -0.023    0.024   -0.011
   0.019   -0.004    0.061
   0.052   -0.064    0.006
   0.013   -0.025    0.048

1354.8803
   0.327   -0.007   -0.114
  -0.095    0.015    0.056
   0.321   -0.255   -0.119
   0.266    0.148   -0.280
   0.044    0.000   -0.008
  -0.007   -0.005   -0.009
   0.015   -0.003    0.009
   0.026   -0.030    0.015
  -0.108    0.050   -0.010
   0.234    0.022   -0.112
   0.002   -0.004    0.013
   0.097    0.266    0.042
  -0.096   -0.183   -0.187
   0.021   -0.023   -0.047
   0.068    0.115    0.170
   0.075   -0.021    0.044
  -0.063    0.000    0.081
   0.019    0.036   -0.032
   0.017   -0.036   -0.012
   0.075   -0.065    0.117
  -0.020    0.019    0.007
  -0.023    0.022   -0.070
  -0.170    0.104   -0.292
   0.039   -0.043    0.010
  -0.071   -0.003   -0.043
  -0.091    0.089   -0.015
  -0.029    0.098   -0.057

1361.7548
   0.322   -0.008   -0.118
  -0.121    0.010    0.059
   0.415   -0.300   -0.037
   0.359    0.256   -0.278
   0.106   -0.005   -0.037
  -0.004    0.011    0.026
  -0.059    0.001    0.004
  -0.356   -0.007    0.040
   0.038   -0.041   -0.007
   0.102   -0.043   -0.029
   0.005    0.002   -0.010
  -0.061   -0.113   -0.044
   0.060    0.094    0.080
  -0.012    0.013    0.031
  -0.049   -0.074   -0.096
  -0.056    0.013   -0.039
   0.046   -0.005   -0.053
  -0.012   -0.022    0.021
  -0.013    0.028    0.009
  -0.057    0.054   -0.086
   0.019   -0.021   -0.010
   0.021   -0.020    0.058
   0.118   -0.072    0.209
  -0.031    0.032   -0.009
   0.052    0.004    0.024
   0.058   -0.052    0.008
   0.020   -0.073    0.041

1403.8853
  -0.001    0.001    0.000
   0.000   -0.001   -0.000
  -0.001    0.000    0.001
   0.000    0.001    0.001
  -0.000   -0.000    0.000
   0.001    0.001    0.001
  -0.004   -0.000   -0.001
  -0.009    0.011   -0.006
   0.017   -0.012    0.005
  -0.017    0.007    0.009
  -0.004    0.001   -0.006
   0.022   -0.038    0.026
  -0.003    0.026    0.046
   0.002    0.002    0.000
  -0.015   -0.013    0.003
  -0.014    0.011   -0.001
   0.004   -0.005   -0.003
  -0.001   -0.002   -0.001
  -0.001    0.004    0.001
  -0.040    0.039   -0.011
   0.020   -0.021   -0.021
   0.004   -0.005    0.022
   0.089   -0.056    0.135
   0.073   -0.066    0.063
  -0.369    0.142   -0.409
  -0.419    0.456   -0.032
  -0.169    0.319   -0.326

1431.6449
   0.006   -0.002   -0.001
   0.002    0.000   -0.000
  -0.019    0.010   -0.007
  -0.017   -0.017    0.002
  -0.000    0.001    0.003
  -0.000   -0.001   -0.001
  -0.002    0.000   -0.004
   0.034   -0.002   -0.007
   0.007   -0.010    0.013
  -0.027    0.010    0.020
   0.002   -0.032    0.066
  -0.338    0.428   -0.377
   0.369    0.035   -0.549
   0.021    0.002    0.013
  -0.159   -0.170    0.009
  -0.200    0.093   -0.069
   0.008    0.006   -0.007
  -0.002   -0.004    0.003
  -0.001   -0.000    0.001
  -0.002    0.002   -0.014
  -0.001    0.002    0.002
  -0.001    0.000    0.003
   0.028   -0.007    0.035
   0.002   -0.001    0.004
  -0.006    0.007   -0.021
  -0.020    0.019   -0.000
  -0.006    0.003   -0.019

1442.1241
   0.008    0.007   -0.006
   0.000   -0.000    0.002
  -0.005   -0.001   -0.015
  -0.004   -0.005    0.001
  -0.002   -0.001   -0.001
   0.000    0.000    0.000
   0.004    0.001    0.002
  -0.011   -0.005    0.004
  -0.010    0.002   -0.002
   0.017    0.016   -0.017
   0.008    0.016   -0.024
   0.129   -0.127    0.123
  -0.131   -0.026    0.172
   0.082    0.009   -0.010
  -0.478   -0.451    0.162
  -0.550    0.293   -0.204
  -0.009   -0.005    0.027
   0.003    0.009   -0.008
   0.002   -0.003   -0.002
   0.012   -0.009    0.008
  -0.005    0.005    0.004
   0.000   -0.001   -0.005
  -0.003    0.034   -0.056
   0.000   -0.001   -0.004
  -0.005   -0.008    0.029
  -0.000   -0.023   -0.001
  -0.005    0.018   -0.001

1449.3311
  -0.034   -0.001    0.011
  -0.001   -0.001   -0.004
   0.030   -0.008    0.032
   0.024    0.032    0.010
   0.004    0.001    0.000
  -0.000   -0.000   -0.000
  -0.008   -0.001   -0.001
   0.026    0.002   -0.006
   0.004   -0.002    0.000
  -0.023    0.006    0.007
   0.000    0.000    0.000
  -0.003    0.001   -0.002
   0.002   -0.002   -0.002
  -0.002   -0.000    0.001
   0.010    0.008   -0.008
   0.009   -0.007    0.004
   0.001    0.001   -0.002
  -0.000   -0.001    0.001
  -0.000    0.001    0.000
  -0.003    0.003    0.003
   0.002   -0.002   -0.003
   0.009    0.011   -0.003
   0.013   -0.001    0.022
   0.041    0.034    0.004
   0.031   -0.098    0.445
  -0.501   -0.511    0.014
  -0.152    0.072   -0.491

1453.4841
   0.209    0.535   -0.320
   0.004   -0.025    0.050
  -0.240   -0.045   -0.609
  -0.197   -0.055    0.272
   0.022   -0.026   -0.013
   0.001    0.011    0.016
   0.003    0.002    0.002
  -0.104    0.009    0.008
  -0.006   -0.002   -0.004
   0.035   -0.006   -0.017
   0.001    0.001    0.000
  -0.003   -0.002   -0.002
  -0.002   -0.002   -0.000
  -0.002    0.001    0.001
   0.009    0.010   -0.002
   0.013   -0.008    0.001
   0.003   -0.005   -0.002
  -0.000   -0.000    0.000
  -0.001    0.004    0.001
  -0.003    0.003   -0.002
   0.001   -0.002   -0.001
   0.002   -0.001    0.003
   0.004    0.004   -0.001
   0.001    0.003    0.000
   0.013   -0.005    0.015
  -0.027   -0.020    0.000
  -0.005   -0.008   -0.027

1455.7946
   0.444   -0.393    0.044
  -0.007    0.048    0.036
  -0.329    0.191   -0.049
  -0.278   -0.508   -0.366
   0.033    0.005   -0.036
   0.001    0.008    0.025
  -0.002    0.001    0.003
  -0.128   -0.021    0.024
  -0.006   -0.005   -0.006
   0.044   -0.003   -0.024
   0.001    0.002   -0.001
   0.001   -0.009    0.002
  -0.005   -0.000    0.007
  -0.002    0.000    0.001
   0.006    0.005   -0.003
   0.007   -0.004    0.001
   0.002   -0.001   -0.000
   0.000    0.001   -0.000
  -0.001    0.001    0.000
  -0.002    0.004   -0.003
   0.001   -0.002   -0.001
   0.003   -0.001    0.004
  -0.003    0.002   -0.001
   0.001    0.003    0.000
   0.010   -0.006    0.022
  -0.033   -0.026   -0.000
  -0.008   -0.005   -0.032

1474.9321
  -0.007   -0.004    0.005
   0.001   -0.000   -0.001
   0.008   -0.003    0.008
   0.006    0.005   -0.003
  -0.007    0.001    0.004
   0.000   -0.001   -0.003
   0.009    0.000    0.000
  -0.009   -0.001    0.002
  -0.007    0.003   -0.001
   0.007    0.010   -0.009
  -0.000   -0.001   -0.001
   0.011   -0.003    0.007
  -0.009    0.000    0.010
   0.003    0.000   -0.003
  -0.010   -0.011    0.006
  -0.009    0.008   -0.002
  -0.006    0.003    0.007
   0.001    0.003   -0.004
   0.002   -0.004   -0.001
   0.003   -0.003    0.025
   0.004   -0.005   -0.011
  -0.018    0.014   -0.004
   0.032   -0.013    0.087
  -0.021    0.023    0.040
   0.590   -0.001   -0.297
  -0.256    0.203   -0.012
   0.070   -0.597   -0.286

1521.6764
   0.053    0.025   -0.018
  -0.025    0.002    0.016
  -0.064    0.010   -0.013
  -0.061   -0.012    0.034
   0.170    0.003   -0.025
  -0.011    0.006    0.015
  -0.210   -0.030   -0.020
   0.839    0.059   -0.170
   0.070    0.020    0.011
  -0.290    0.023    0.139
  -0.002   -0.007   -0.006
   0.042   -0.006    0.037
  -0.016    0.001    0.047
   0.007   -0.006   -0.006
   0.004   -0.013   -0.022
  -0.026    0.028    0.042
  -0.028    0.078    0.006
   0.002   -0.007    0.006
   0.017   -0.048   -0.007
   0.013   -0.015    0.028
  -0.002    0.005   -0.001
  -0.019    0.015   -0.040
   0.072   -0.086    0.154
   0.001   -0.001    0.008
   0.009    0.013   -0.034
   0.054    0.007    0.012
   0.015   -0.023    0.028

1599.5522
  -0.012    0.015   -0.002
   0.001   -0.002   -0.000
   0.005   -0.005   -0.005
   0.007    0.012    0.007
  -0.015   -0.002   -0.002
   0.003    0.002    0.004
   0.016    0.000   -0.004
  -0.089   -0.009    0.041
   0.011   -0.014    0.006
   0.014   -0.007    0.000
  -0.003   -0.009   -0.001
   0.010    0.000    0.007
   0.024    0.036    0.029
   0.005   -0.020   -0.004
   0.039   -0.026   -0.113
  -0.050    0.070    0.115
  -0.052    0.305   -0.018
  -0.010   -0.051    0.037
   0.049   -0.159   -0.015
  -0.056    0.071   -0.062
   0.014   -0.018   -0.003
   0.062   -0.049    0.114
  -0.457    0.318   -0.671
  -0.010   -0.007   -0.020
   0.070   -0.029   -0.009
  -0.110    0.086   -0.039
  -0.002   -0.019   -0.044

1624.7663
  -0.009    0.001   -0.001
   0.005   -0.000   -0.002
   0.016   -0.004   -0.007
   0.016    0.001   -0.006
  -0.044   -0.008   -0.008
   0.006    0.004    0.008
   0.055    0.004    0.002
  -0.343    0.012    0.060
  -0.015   -0.003   -0.019
   0.009    0.045   -0.044
   0.000   -0.001   -0.001
   0.001   -0.006    0.007
  -0.001    0.003    0.013
   0.006   -0.013   -0.001
   0.009   -0.022   -0.055
  -0.051    0.051    0.060
  -0.030    0.191   -0.016
  -0.011   -0.033    0.015
   0.030   -0.096   -0.008
  -0.013    0.008    0.126
   0.024   -0.025   -0.036
  -0.046    0.024   -0.125
   0.419   -0.278    0.673
   0.007    0.015    0.018
  -0.108    0.032    0.044
   0.148   -0.135    0.048
   0.003    0.036    0.074

1656.7537
  -0.113    0.005    0.060
   0.001    0.008    0.017
   0.058   -0.031    0.014
   0.050    0.036   -0.029
  -0.065   -0.095   -0.218
   0.027    0.052    0.121
   0.013    0.009    0.028
   0.317   -0.005   -0.017
   0.035   -0.035   -0.021
  -0.202    0.178   -0.005
  -0.008   -0.001    0.010
  -0.046    0.017   -0.024
   0.053    0.019   -0.050
   0.003    0.009   -0.001
  -0.038   -0.010    0.053
  -0.005   -0.014   -0.038
   0.015   -0.117    0.014
   0.004    0.025   -0.010
  -0.016    0.057    0.003
  -0.228    0.265    0.328
   0.140   -0.150   -0.157
   0.021   -0.041   -0.057
  -0.142    0.219   -0.507
  -0.013    0.006   -0.013
   0.062   -0.019    0.094
   0.134   -0.094    0.010
   0.036   -0.053    0.120

1662.7176
   0.268   -0.028   -0.137
  -0.004   -0.016   -0.041
  -0.142    0.083   -0.020
  -0.128   -0.094    0.071
   0.189    0.233    0.520
  -0.071   -0.129   -0.295
  -0.062   -0.037   -0.065
  -0.359   -0.063   -0.026
   0.011   -0.019    0.011
   0.026    0.131   -0.028
   0.004   -0.010   -0.015
   0.028    0.071    0.009
   0.023    0.011    0.006
   0.001    0.003    0.002
  -0.026   -0.011    0.014
  -0.006   -0.006   -0.023
   0.006   -0.047    0.010
   0.004    0.015   -0.004
  -0.008    0.024    0.003
  -0.144    0.172    0.181
   0.091   -0.103   -0.099
   0.012   -0.027   -0.034
  -0.051    0.100   -0.219
  -0.008    0.012   -0.009
   0.017   -0.011    0.080
   0.094   -0.088    0.009
   0.020   -0.031    0.088

2932.9445
  -0.010   -0.011   -0.024
  -0.002    0.000    0.001
   0.014    0.027   -0.006
   0.017   -0.018    0.012
   0.000    0.000   -0.000
  -0.000   -0.000   -0.000
   0.000    0.002    0.004
   0.004   -0.023   -0.050
  -0.001   -0.000   -0.001
   0.003    0.002    0.006
   0.001    0.004   -0.009
  -0.075    0.017    0.076
   0.061   -0.064    0.030
   0.004    0.001   -0.000
  -0.028    0.031   -0.012
  -0.018   -0.038    0.009
  -0.002   -0.004    0.004
   0.001    0.003   -0.002
   0.000    0.002   -0.001
  -0.000    0.001   -0.001
  -0.001    0.001    0.002
   0.016   -0.034   -0.024
  -0.193    0.418    0.301
  -0.042    0.013   -0.000
  -0.077   -0.348   -0.094
  -0.029    0.027    0.306
   0.600    0.183   -0.198

2940.3433
   0.000    0.000    0.000
  -0.000   -0.000   -0.000
  -0.000   -0.000   -0.000
  -0.000    0.000    0.000
   0.000    0.000    0.000
  -0.000   -0.000   -0.000
   0.000    0.001    0.001
   0.001   -0.007   -0.017
  -0.001   -0.001   -0.004
   0.015    0.013    0.049
  -0.001   -0.030    0.060
   0.478   -0.115   -0.487
  -0.458    0.466   -0.220
  -0.003    0.003   -0.001
   0.038   -0.038    0.014
  -0.000   -0.005    0.002
  -0.000   -0.001    0.001
   0.000    0.001   -0.001
  -0.001    0.001    0.000
  -0.001    0.001   -0.001
   0.001   -0.001   -0.000
   0.004   -0.010   -0.006
  -0.049    0.116    0.085
   0.001    0.008   -0.001
  -0.020   -0.093   -0.025
  -0.002    0.003    0.046
   0.006    0.005   -0.000

2952.9530
   0.011    0.012    0.026
   0.001   -0.001   -0.002
  -0.011   -0.021    0.004
  -0.015    0.015   -0.011
  -0.000   -0.000   -0.000
  -0.000   -0.000   -0.000
   0.001    0.002    0.006
   0.005   -0.028   -0.065
  -0.001   -0.000   -0.001
   0.007    0.004    0.014
  -0.002    0.004   -0.004
  -0.015    0.005    0.017
   0.043   -0.047    0.023
   0.031   -0.001    0.003
  -0.237    0.250   -0.116
  -0.123   -0.233    0.072
  -0.003   -0.004    0.005
   0.001    0.003   -0.003
   0.000    0.002   -0.001
   0.000   -0.001   -0.005
  -0.002    0.002    0.003
   0.021   -0.045   -0.027
  -0.242    0.528    0.374
   0.030   -0.000    0.001
   0.029    0.180    0.038
   0.020   -0.014   -0.193
  -0.436   -0.125    0.139

2954.6708
   0.037    0.040    0.082
   0.005   -0.001   -0.005
  -0.043   -0.079    0.019
  -0.057    0.057   -0.039
  -0.000    0.000    0.000
  -0.000   -0.000   -0.000
   0.001    0.001    0.003
   0.006   -0.013   -0.033
   0.001    0.001    0.002
  -0.009   -0.012   -0.031
   0.012   -0.004   -0.009
  -0.120    0.025    0.120
  -0.026    0.029   -0.017
  -0.059    0.001   -0.006
   0.448   -0.464    0.220
   0.243    0.445   -0.147
  -0.001   -0.002    0.001
   0.000    0.002   -0.001
  -0.000    0.002   -0.000
  -0.000    0.001   -0.003
  -0.000   -0.000    0.001
   0.011   -0.023   -0.014
  -0.125    0.280    0.200
   0.016    0.008   -0.001
  -0.004   -0.007   -0.006
   0.007   -0.004   -0.050
  -0.216   -0.060    0.071

2970.5625
   0.219    0.239    0.490
   0.034   -0.008   -0.033
  -0.266   -0.488    0.118
  -0.341    0.340   -0.236
  -0.002    0.001    0.001
   0.000   -0.000    0.000
   0.001   -0.001   -0.001
  -0.004    0.005    0.014
   0.001    0.001    0.003
  -0.011   -0.012   -0.040
   0.002   -0.001   -0.001
  -0.004    0.001    0.004
  -0.011    0.012   -0.007
   0.009   -0.004    0.002
  -0.088    0.088   -0.044
  -0.022   -0.044    0.013
  -0.000    0.000    0.000
  -0.000   -0.000   -0.000
  -0.001    0.000    0.000
  -0.000    0.000    0.001
   0.000   -0.001   -0.001
  -0.003    0.005    0.003
   0.028   -0.055   -0.038
  -0.002    0.006   -0.001
  -0.017   -0.094   -0.023
  -0.004    0.004    0.055
   0.046    0.014   -0.014

2995.2736
  -0.007   -0.008   -0.017
  -0.001    0.000    0.001
   0.007    0.014   -0.003
   0.010   -0.010    0.007
  -0.000   -0.000   -0.000
   0.000    0.000    0.000
  -0.000    0.000   -0.000
   0.001    0.001    0.005
   0.003    0.001    0.005
  -0.024   -0.025   -0.070
   0.074   -0.046   -0.020
  -0.449    0.096    0.478
  -0.442    0.463   -0.235
   0.010    0.020   -0.007
   0.020   -0.017    0.005
  -0.131   -0.227    0.073
  -0.000    0.001    0.000
  -0.000   -0.000    0.000
  -0.000   -0.000    0.000
   0.000    0.000   -0.000
  -0.000    0.000    0.000
  -0.001    0.002    0.001
   0.013   -0.027   -0.018
  -0.003   -0.005    0.002
   0.007    0.045    0.014
   0.001   -0.003   -0.021
   0.032    0.008   -0.010

3002.0296
   0.022    0.024    0.049
   0.004   -0.001   -0.003
  -0.028   -0.051    0.012
  -0.033    0.033   -0.023
  -0.000    0.000    0.000
  -0.000   -0.000   -0.000
   0.000    0.001    0.001
  -0.005   -0.007   -0.017
  -0.004   -0.004   -0.011
   0.043    0.046    0.128
  -0.002   -0.001    0.005
   0.043   -0.010   -0.045
  -0.020    0.019   -0.009
  -0.006   -0.003    0.001
   0.028   -0.029    0.015
   0.040    0.071   -0.023
  -0.000   -0.001    0.000
   0.000    0.000   -0.000
  -0.000    0.001   -0.000
   0.000    0.000   -0.001
  -0.000   -0.000    0.000
   0.003   -0.006   -0.004
  -0.041    0.077    0.062
  -0.049   -0.068    0.022
   0.109    0.729    0.210
   0.015   -0.045   -0.324
   0.453    0.120   -0.150

3010.4554
   0.014    0.015    0.029
   0.003   -0.000   -0.002
  -0.018   -0.033    0.008
  -0.022    0.022   -0.016
  -0.000   -0.000   -0.000
  -0.000   -0.000    0.000
   0.001    0.000    0.000
  -0.006   -0.002   -0.004
  -0.008   -0.009   -0.024
   0.096    0.105    0.290
  -0.015    0.012    0.000
   0.064   -0.015   -0.067
   0.113   -0.115    0.060
  -0.004    0.081   -0.031
   0.393   -0.386    0.185
  -0.344   -0.594    0.188
  -0.000    0.004   -0.001
  -0.000   -0.001    0.000
  -0.000   -0.001    0.000
   0.000   -0.001   -0.001
   0.000    0.000    0.000
   0.000    0.001    0.001
   0.002   -0.006   -0.002
   0.002    0.001    0.000
  -0.002   -0.013   -0.003
   0.000    0.000   -0.003
  -0.015   -0.004    0.005

3014.8699
  -0.000    0.000    0.000
  -0.001   -0.001   -0.000
   0.006    0.012   -0.003
   0.007   -0.007    0.005
   0.001    0.001    0.001
   0.001   -0.000   -0.000
  -0.001   -0.001   -0.002
   0.007    0.010    0.024
   0.023    0.025    0.070
  -0.274   -0.302   -0.832
  -0.012    0.006    0.006
   0.098   -0.020   -0.104
   0.050   -0.051    0.027
  -0.001    0.025   -0.010
   0.122   -0.120    0.057
  -0.112   -0.194    0.061
  -0.001    0.001    0.000
   0.000    0.000   -0.000
  -0.000   -0.000    0.000
  -0.001    0.001    0.001
   0.000   -0.001   -0.001
   0.001   -0.002   -0.002
  -0.012    0.026    0.021
  -0.007   -0.010    0.002
   0.016    0.109    0.033
   0.002   -0.006   -0.036
   0.064    0.017   -0.021

3045.0322
  -0.071   -0.063   -0.169
   0.004    0.089   -0.021
  -0.377   -0.648    0.162
   0.403   -0.367    0.260
   0.000    0.001   -0.000
  -0.000   -0.000   -0.000
  -0.000   -0.000   -0.000
  -0.000    0.002    0.002
   0.000    0.000    0.000
  -0.001   -0.002   -0.004
  -0.000    0.000    0.000
   0.000   -0.000   -0.001
   0.001   -0.001    0.000
  -0.000   -0.000    0.000
   0.000   -0.000    0.000
   0.000    0.001   -0.000
  -0.000    0.000    0.000
   0.000   -0.000    0.000
   0.000   -0.000   -0.000
  -0.000    0.000   -0.000
  -0.000    0.000    0.000
   0.000   -0.000   -0.000
  -0.001    0.003    0.002
   0.000   -0.000   -0.001
   0.001    0.003    0.001
  -0.001    0.001    0.009
  -0.003   -0.001    0.001

3047.9784
   0.005    0.006    0.013
  -0.002    0.001   -0.002
   0.002    0.004   -0.001
   0.018   -0.018    0.012
  -0.000   -0.000   -0.000
   0.000    0.000    0.000
  -0.000    0.000    0.000
   0.001    0.000    0.000
   0.000    0.000    0.001
  -0.004   -0.004   -0.012
  -0.000    0.000   -0.000
  -0.000    0.000    0.000
   0.003   -0.004    0.002
   0.000   -0.000    0.000
  -0.004    0.004   -0.002
  -0.001   -0.002    0.001
   0.000   -0.000   -0.000
  -0.000   -0.000   -0.000
   0.000   -0.000   -0.000
  -0.001    0.001    0.001
   0.000   -0.000   -0.000
  -0.001    0.002    0.000
   0.009   -0.014   -0.007
  -0.010    0.038    0.084
  -0.081   -0.437   -0.105
   0.068   -0.081   -0.864
   0.140    0.054   -0.027

3050.4832
  -0.275   -0.317   -0.645
   0.063    0.014    0.068
  -0.113   -0.222    0.069
  -0.369    0.371   -0.240
   0.002    0.001    0.002
  -0.000   -0.000   -0.001
  -0.001   -0.001   -0.002
  -0.001    0.006    0.016
   0.000    0.000    0.001
  -0.002   -0.003   -0.009
  -0.000    0.000    0.000
   0.001   -0.000   -0.001
   0.001   -0.001    0.001
   0.000   -0.000   -0.000
  -0.000    0.000   -0.000
   0.000    0.000   -0.000
  -0.000   -0.000    0.000
   0.000    0.000   -0.000
   0.000    0.000   -0.000
  -0.000    0.000    0.000
  -0.000   -0.000   -0.000
   0.000   -0.000   -0.000
  -0.002    0.005    0.003
  -0.000    0.001    0.002
  -0.002   -0.013   -0.003
   0.002   -0.002   -0.026
   0.004    0.002   -0.001

3245.5523
   0.006    0.004    0.008
  -0.001   -0.000   -0.001
   0.005    0.008   -0.003
   0.008   -0.007    0.004
  -0.001    0.000    0.000
   0.002    0.001    0.002
  -0.009   -0.031   -0.069
   0.092    0.402    0.902
  -0.000   -0.001   -0.002
   0.001    0.011    0.032
   0.001    0.000    0.000
  -0.001   -0.001   -0.002
  -0.001    0.002   -0.002
   0.000   -0.000   -0.000
  -0.001    0.001   -0.001
   0.002    0.002   -0.003
  -0.002   -0.006    0.004
   0.002    0.002   -0.002
  -0.001    0.002   -0.000
   0.000   -0.000    0.000
  -0.000   -0.000    0.000
   0.002   -0.006   -0.004
  -0.033    0.078    0.052
  -0.000   -0.000    0.000
  -0.001    0.003    0.001
   0.000   -0.000   -0.003
   0.000    0.001   -0.000
