#==========================================#
#| File containing vibrational modes from |#
#|      experiment/QM for ForceBalance    |#
#|                                        |#
#| Octothorpes are comments               |#
#| This file should be formatted like so: |#
#| (Full XYZ file for the molecule)       |#
#| Number of atoms                        |#
#| Comment line                           |#
#| a1 x1 y1 z1 (xyz for atom 1)           |#
#| a2 x2 y2 z2 (xyz for atom 2)           |#
#|                                        |#
#| These coords will be actually used     |#
#|                                        |#
#| (Followed by vibrational modes)        |#
#| Do not use mass-weighted coordinates   |#
#| ...                                    |#
#| v (Eigenvalue in wavenumbers)          |#
#| dx1 dy1 dz1 (Eigenvector for atom 1)   |#
#| dx2 dy2 dz2 (Eigenvector for atom 2)   |#
#| ...                                    |#
#| (Empty line is optional)               |#
#| v (Eigenvalue)                         |#
#| dx1 dy1 dz1 (Eigenvector for atom 1)   |#
#| dx2 dy2 dz2 (Eigenvector for atom 2)   |#
#| ...                                    |#
#| and so on                              |#
#|                                        |#
#| Please list freqs in increasing order  |#
#==========================================#

23
Coordinates and vibrations calculated using MP2/aTZ from ./SER-phipsi/frequency.out
 H    3.222   -1.048   -1.059
 C    3.017   -1.341   -0.034
 H    2.866   -2.415    0.014
 H    3.872   -1.097    0.589
 C    1.808   -0.663    0.537
 O    1.419   -0.886    1.685
 N    1.175    0.204   -0.274
 H    1.445    0.306   -1.238
 C    0.017    0.959    0.148
 H    0.166    1.243    1.190
 C   -0.100    2.187   -0.726
 H    0.778    2.814   -0.590
 H   -0.987    2.749   -0.437
 O   -0.141    1.821   -2.092
 H   -0.969    1.324   -2.175
 C   -1.242    0.107    0.035
 O   -2.099    0.319   -0.826
 N   -1.317   -0.884    0.927
 H   -0.502   -1.033    1.510
 C   -2.397   -1.840    0.884
 H   -3.351   -1.330    0.974
 H   -2.395   -2.392   -0.054
 H   -2.279   -2.531    1.710

63.2103
   0.010   -0.071    0.024
   0.101    0.075    0.083
   0.277    0.061    0.288
   0.092    0.330   -0.002
   0.025   -0.006    0.021
   0.001   -0.011    0.013
  -0.002   -0.057   -0.011
   0.026   -0.053   -0.002
   0.012   -0.025   -0.026
   0.027   -0.005   -0.032
   0.040   -0.040   -0.049
   0.077   -0.080   -0.095
   0.078    0.010   -0.034
  -0.024   -0.072   -0.039
  -0.073    0.007   -0.010
  -0.030    0.029    0.015
  -0.131    0.177    0.153
   0.042   -0.084   -0.107
   0.056   -0.124   -0.136
  -0.029   -0.004   -0.063
   0.017    0.015    0.342
  -0.313    0.257   -0.216
   0.165   -0.240   -0.288

76.3743
  -0.031   -0.070   -0.074
   0.140    0.129    0.017
   0.428    0.104    0.310
   0.140    0.518   -0.132
   0.029   -0.025   -0.034
  -0.008   -0.089   -0.060
   0.001   -0.042   -0.033
   0.039    0.024   -0.015
   0.004   -0.052   -0.008
   0.010   -0.086   -0.000
   0.008   -0.019    0.037
   0.010   -0.027    0.061
   0.010   -0.027    0.064
   0.003    0.037    0.023
   0.013    0.021    0.012
  -0.009   -0.030   -0.019
   0.023   -0.042   -0.053
  -0.071    0.022    0.035
  -0.068   -0.006    0.024
  -0.125    0.082    0.079
  -0.097    0.169   -0.122
  -0.061   -0.089    0.180
  -0.269    0.223    0.217

97.6835
  -0.356   -0.425   -0.186
  -0.060   -0.051   -0.019
   0.127   -0.054    0.459
   0.059    0.347   -0.334
  -0.026   -0.010    0.003
   0.018    0.052    0.030
  -0.030   -0.017   -0.002
  -0.075   -0.067   -0.019
  -0.003    0.017    0.012
   0.015    0.014    0.010
   0.015    0.013    0.006
   0.025    0.000    0.000
   0.024    0.031    0.003
   0.007    0.005    0.008
  -0.001    0.018    0.012
  -0.005    0.021    0.013
   0.001    0.015    0.006
   0.007    0.010    0.004
   0.007    0.018    0.006
   0.064   -0.052   -0.056
   0.028   -0.085   -0.255
   0.229   -0.156    0.005
  -0.027    0.044    0.037

104.4728
  -0.133   -0.154   -0.075
  -0.022   -0.016   -0.013
   0.050   -0.018    0.164
   0.021    0.134   -0.131
  -0.012   -0.004   -0.006
  -0.006    0.007   -0.002
  -0.001    0.008   -0.002
  -0.012   -0.000   -0.006
  -0.001    0.003    0.004
  -0.006   -0.007    0.007
  -0.009    0.012    0.017
  -0.020    0.023    0.035
  -0.020   -0.004    0.015
   0.012    0.030    0.012
   0.029    0.001    0.000
   0.011   -0.011   -0.008
   0.048   -0.073   -0.061
  -0.018    0.031    0.036
  -0.038    0.057    0.068
  -0.006    0.016    0.023
  -0.008   -0.077    0.545
  -0.282    0.399   -0.201
   0.302   -0.311   -0.293

118.2134
  -0.156    0.192   -0.147
  -0.030    0.142   -0.136
   0.109    0.123   -0.141
  -0.000    0.241   -0.214
  -0.060   -0.004   -0.019
  -0.074   -0.221   -0.066
  -0.022    0.139    0.114
  -0.022    0.221    0.121
  -0.057    0.101    0.084
  -0.098    0.199    0.065
  -0.046   -0.005   -0.076
  -0.129    0.098   -0.025
  -0.154   -0.058   -0.317
   0.230   -0.220   -0.034
   0.241   -0.221   -0.129
  -0.030    0.059    0.078
  -0.006    0.027    0.046
  -0.024    0.066    0.086
   0.013    0.040    0.033
   0.070   -0.036   -0.018
   0.016   -0.138   -0.025
   0.163    0.025   -0.054
   0.105   -0.076   -0.058

141.4953
   0.104   -0.097    0.150
   0.033   -0.035    0.152
   0.123   -0.042    0.234
  -0.044    0.097    0.208
  -0.064   -0.084    0.004
  -0.231   -0.215   -0.075
   0.082    0.040    0.017
   0.178    0.062    0.046
   0.066    0.068   -0.039
   0.058    0.120   -0.051
   0.029    0.048   -0.069
   0.111   -0.025   -0.243
   0.141    0.139    0.109
  -0.284    0.042   -0.050
  -0.280   -0.012    0.174
   0.064    0.057    0.007
   0.063    0.002   -0.010
   0.074    0.109    0.057
   0.123    0.113   -0.005
   0.192   -0.017   -0.007
   0.123   -0.139   -0.051
   0.310   -0.009   -0.012
   0.238   -0.009   -0.007

165.8494
   0.020   -0.066    0.066
  -0.026   -0.014    0.069
  -0.004   -0.014    0.123
  -0.066    0.042    0.101
  -0.068   -0.013   -0.027
  -0.131   -0.012   -0.045
  -0.037   -0.025   -0.058
   0.030    0.020   -0.034
  -0.042   -0.022   -0.072
  -0.054   -0.058   -0.060
  -0.005    0.034    0.012
  -0.058    0.072    0.179
  -0.074   -0.046   -0.054
   0.200    0.175   -0.035
   0.205    0.213   -0.249
  -0.046   -0.031   -0.062
  -0.108    0.013    0.017
   0.094   -0.052   -0.068
   0.151    0.048   -0.117
   0.124   -0.089    0.234
   0.115   -0.115    0.312
  -0.006   -0.249    0.326
   0.282    0.046    0.324

169.1580
   0.240    0.279    0.115
   0.076    0.076    0.024
   0.074    0.065   -0.222
  -0.032   -0.048    0.218
  -0.008   -0.027   -0.030
   0.029    0.039   -0.005
  -0.134   -0.185   -0.100
  -0.101   -0.128   -0.084
  -0.014   -0.046   -0.018
   0.093   -0.088   -0.022
   0.104   -0.015    0.013
   0.177   -0.115    0.017
   0.173    0.080    0.043
   0.046    0.029    0.003
   0.019    0.074    0.004
  -0.086    0.066    0.051
  -0.036    0.012   -0.009
  -0.133    0.153    0.153
  -0.084    0.140    0.082
   0.099   -0.103   -0.066
  -0.039   -0.363   -0.073
   0.322    0.035   -0.149
   0.203   -0.192   -0.156

233.1431
  -0.172    0.186   -0.096
  -0.025    0.065   -0.102
   0.026    0.052   -0.208
   0.052    0.030   -0.192
   0.013   -0.035    0.114
   0.146   -0.120    0.141
  -0.054   -0.037    0.154
  -0.040   -0.098    0.150
  -0.067    0.020    0.004
  -0.194    0.024    0.022
   0.123    0.024   -0.019
   0.278   -0.172   -0.106
   0.280    0.240    0.050
  -0.086   -0.004   -0.001
  -0.140    0.058    0.122
  -0.075    0.041   -0.135
  -0.052    0.036   -0.160
   0.004    0.037   -0.134
   0.002    0.148   -0.100
   0.054   -0.024    0.120
   0.034   -0.080    0.226
  -0.056   -0.136    0.186
   0.232    0.074    0.178

276.1223
  -0.018   -0.101   -0.018
   0.047   -0.074    0.004
   0.022   -0.067    0.034
   0.099   -0.085   -0.065
   0.083   -0.053    0.095
   0.166   -0.143    0.100
   0.071   -0.002    0.110
   0.160   -0.054    0.130
  -0.020   -0.001   -0.089
  -0.099    0.166   -0.119
  -0.145    0.000   -0.131
  -0.279    0.157    0.002
  -0.267   -0.200   -0.119
   0.012    0.251   -0.205
   0.065    0.218   -0.425
  -0.029   -0.016    0.035
  -0.086   -0.043    0.092
  -0.064    0.045    0.113
  -0.047   -0.043    0.063
  -0.032    0.007   -0.079
  -0.056   -0.027   -0.155
   0.099    0.097   -0.133
  -0.112   -0.063   -0.128

310.5512
   0.152   -0.267    0.031
   0.080   -0.123    0.058
  -0.027   -0.104    0.186
   0.073   -0.132    0.073
   0.100    0.011   -0.033
   0.071    0.001   -0.048
   0.111    0.064   -0.008
   0.083    0.084   -0.015
   0.019   -0.040    0.006
  -0.025   -0.094    0.025
  -0.160   -0.034    0.057
  -0.321    0.180    0.094
  -0.317   -0.259    0.010
  -0.020   -0.083    0.066
   0.006   -0.121    0.031
  -0.056    0.043   -0.079
  -0.003    0.196   -0.098
  -0.150    0.099   -0.023
  -0.104    0.129   -0.077
   0.020   -0.105    0.077
  -0.084   -0.313    0.138
   0.077   -0.159    0.107
   0.232   -0.042    0.100

344.4025
   0.043    0.115    0.057
   0.003    0.026    0.023
   0.100    0.009   -0.057
  -0.061    0.065    0.095
  -0.059   -0.080    0.014
   0.048   -0.047    0.060
  -0.158   -0.186   -0.037
  -0.132   -0.167   -0.026
  -0.003    0.021    0.021
   0.076   -0.009    0.017
  -0.204    0.001    0.029
  -0.426    0.297    0.089
  -0.417   -0.306   -0.028
  -0.007   -0.024    0.033
   0.059   -0.120   -0.043
   0.053    0.066   -0.003
   0.090    0.046   -0.046
   0.147    0.035   -0.065
   0.126    0.076   -0.022
   0.088    0.138   -0.028
   0.139    0.235   -0.020
   0.013    0.132   -0.026
   0.032    0.133   -0.026

374.3681
  -0.192    0.263   -0.061
  -0.059    0.100   -0.080
   0.056    0.078   -0.224
  -0.012    0.105   -0.149
  -0.056   -0.021    0.047
  -0.080    0.046    0.054
  -0.028   -0.066    0.005
   0.005   -0.061    0.017
   0.068   -0.013    0.042
   0.187    0.156   -0.019
  -0.020   -0.059   -0.097
  -0.037   -0.034   -0.093
  -0.022   -0.093   -0.044
  -0.046    0.101   -0.145
  -0.000    0.027   -0.136
   0.097   -0.026    0.126
   0.322    0.229   -0.020
  -0.099   -0.149    0.016
  -0.175   -0.136    0.122
  -0.104   -0.200    0.101
  -0.129   -0.256    0.173
  -0.141   -0.258    0.136
   0.002   -0.156    0.124

445.8988
  -0.370    0.276   -0.139
  -0.048    0.083   -0.129
   0.035    0.062   -0.309
   0.137    0.029   -0.362
   0.016   -0.011    0.115
  -0.161    0.066    0.079
   0.144   -0.043    0.007
   0.287   -0.046    0.051
   0.088   -0.152   -0.093
   0.004   -0.221   -0.062
  -0.023   -0.117    0.060
  -0.115    0.002    0.108
  -0.103   -0.280    0.134
  -0.006   -0.004    0.034
  -0.009    0.011   -0.024
   0.038   -0.046   -0.095
  -0.068    0.029    0.026
   0.001    0.093    0.036
   0.059    0.055   -0.051
   0.061    0.060   -0.025
   0.031    0.009   -0.059
   0.134    0.097   -0.048
   0.053    0.033   -0.046

542.3425
   0.073    0.149    0.054
   0.001    0.007   -0.001
   0.222   -0.026   -0.083
  -0.114    0.149    0.104
  -0.072   -0.100   -0.030
   0.013    0.021    0.020
   0.079    0.077    0.018
  -0.536   -0.659   -0.236
   0.023    0.007   -0.012
   0.025   -0.013   -0.009
  -0.006    0.016    0.006
  -0.026    0.040    0.008
  -0.032   -0.015   -0.012
   0.010   -0.010    0.009
  -0.104    0.193   -0.047
   0.010   -0.002   -0.014
  -0.011   -0.007    0.006
  -0.012    0.004   -0.002
  -0.032    0.014    0.025
  -0.006   -0.009    0.001
  -0.015   -0.026    0.002
   0.001   -0.015    0.005
   0.008   -0.005    0.004

587.5880
   0.038   -0.111    0.031
  -0.069    0.032    0.048
  -0.213    0.058    0.180
  -0.097   -0.013    0.102
  -0.011    0.092   -0.037
   0.049   -0.039   -0.045
  -0.046    0.078    0.029
  -0.243   -0.053   -0.043
  -0.125   -0.137    0.021
  -0.200   -0.106    0.021
  -0.006   -0.185    0.032
   0.134   -0.396    0.111
   0.119   -0.002    0.036
   0.000    0.010   -0.034
  -0.216    0.419   -0.243
   0.017   -0.084   -0.031
   0.066    0.098   -0.028
   0.051    0.024    0.082
   0.203   -0.096   -0.147
   0.064    0.072   -0.011
   0.091    0.129   -0.046
   0.084    0.150   -0.059
  -0.048    0.000   -0.056

624.7883
  -0.148    0.040    0.102
  -0.248    0.146    0.106
  -0.341    0.165    0.212
  -0.293    0.123    0.174
  -0.095    0.104    0.017
   0.160   -0.158    0.053
   0.035    0.018   -0.164
   0.201   -0.091   -0.127
   0.095   -0.009   -0.191
   0.144   -0.180   -0.148
   0.019    0.107    0.008
  -0.023    0.170   -0.002
  -0.030    0.019    0.038
   0.008   -0.031    0.065
   0.129   -0.274    0.229
   0.098   -0.073   -0.076
   0.000    0.022    0.054
  -0.044    0.007    0.045
  -0.011   -0.127   -0.034
  -0.045   -0.051    0.007
  -0.070   -0.102    0.006
   0.002   -0.042    0.004
  -0.017   -0.055    0.002

667.4105
  -0.123   -0.093   -0.058
   0.028    0.011    0.002
  -0.286    0.054    0.050
   0.237   -0.233   -0.197
   0.124    0.144    0.086
  -0.064   -0.067   -0.016
  -0.020   -0.052   -0.036
  -0.266   -0.386   -0.142
   0.030    0.037   -0.008
   0.124   -0.005   -0.012
  -0.009    0.056   -0.007
  -0.058    0.128   -0.026
  -0.057   -0.003   -0.039
   0.014   -0.041    0.020
  -0.301    0.514   -0.112
  -0.006    0.039    0.026
   0.012   -0.032   -0.005
  -0.010   -0.007   -0.010
   0.031   -0.073   -0.085
  -0.017   -0.018    0.004
  -0.016   -0.022    0.019
  -0.039   -0.039    0.015
   0.004    0.000    0.018

692.4670
   0.009    0.035    0.028
  -0.042    0.018    0.012
   0.043    0.007    0.006
  -0.111    0.090    0.080
  -0.048   -0.035   -0.027
   0.037    0.005    0.005
   0.012    0.001   -0.017
   0.278    0.316    0.093
   0.056    0.006    0.026
   0.085    0.030    0.018
   0.003   -0.041    0.006
  -0.045    0.031   -0.010
  -0.026   -0.096    0.013
   0.008   -0.035    0.006
  -0.359    0.630   -0.214
   0.008    0.040    0.009
  -0.008   -0.036    0.012
  -0.009    0.001   -0.053
  -0.210    0.211    0.266
  -0.005   -0.002   -0.002
  -0.029   -0.047    0.007
   0.003   -0.039    0.021
   0.055    0.027    0.016

705.0288
   0.045    0.031   -0.001
   0.035   -0.034   -0.021
   0.168   -0.054   -0.072
  -0.013    0.049    0.017
  -0.028   -0.065   -0.011
  -0.002    0.040    0.029
  -0.022   -0.024    0.013
   0.193    0.206    0.099
  -0.030    0.051   -0.026
  -0.111   -0.018    0.005
  -0.017    0.106   -0.020
  -0.012    0.106   -0.035
  -0.014    0.133   -0.067
   0.011   -0.047    0.030
  -0.229    0.371   -0.040
   0.053   -0.075   -0.073
   0.014    0.022    0.000
  -0.020    0.016    0.086
   0.334   -0.447   -0.507
  -0.018   -0.022    0.008
   0.000    0.005    0.015
  -0.031    0.008   -0.013
  -0.061   -0.045   -0.004

759.9255
   0.031   -0.030   -0.028
   0.069   -0.038   -0.021
   0.060   -0.038   -0.049
   0.108   -0.062   -0.066
   0.007   -0.004    0.023
  -0.023   -0.006    0.013
  -0.027    0.000   -0.008
   0.018   -0.016    0.004
  -0.110   -0.006   -0.103
  -0.187   -0.054   -0.076
  -0.039    0.099   -0.015
   0.070   -0.061    0.030
   0.042    0.252   -0.066
   0.015   -0.030    0.042
  -0.057    0.088    0.047
   0.059   -0.103   -0.055
   0.023    0.067    0.030
   0.034   -0.035    0.032
  -0.336    0.439    0.653
   0.003    0.007    0.004
  -0.009    0.003   -0.062
   0.092    0.072   -0.031
  -0.062   -0.064   -0.047

820.1272
  -0.098    0.098    0.017
  -0.008   -0.011    0.006
   0.120   -0.033   -0.098
   0.015    0.044   -0.048
  -0.026   -0.044    0.025
   0.016   -0.014    0.067
   0.141    0.043   -0.107
   0.357    0.030   -0.048
  -0.073   -0.039   -0.159
   0.178    0.033   -0.211
  -0.038    0.031    0.000
   0.050   -0.100    0.057
   0.039    0.159    0.004
   0.015   -0.029    0.063
  -0.074    0.139    0.007
  -0.301    0.125    0.232
   0.025    0.043   -0.174
   0.120   -0.123    0.096
   0.255   -0.007   -0.037
   0.016   -0.021    0.017
   0.163    0.274   -0.085
  -0.039    0.157   -0.089
  -0.346   -0.172   -0.061

896.8537
   0.011   -0.002   -0.011
   0.047   -0.034   -0.012
   0.092   -0.042   -0.063
   0.073   -0.026   -0.052
  -0.030   -0.003    0.029
   0.000   -0.014    0.050
   0.004    0.043   -0.059
   0.082    0.002   -0.042
  -0.111   -0.005   -0.131
  -0.055    0.147   -0.181
  -0.101   -0.070    0.003
   0.175   -0.471    0.095
   0.144    0.291    0.050
   0.020    0.002    0.073
   0.071   -0.036   -0.131
   0.067    0.102    0.078
   0.088   -0.069    0.099
  -0.074    0.062   -0.117
  -0.042   -0.209   -0.249
   0.003    0.034   -0.034
  -0.086   -0.165    0.123
  -0.060   -0.192    0.099
   0.340    0.235    0.091

953.0641
   0.256   -0.170   -0.057
   0.021    0.007   -0.055
  -0.063    0.026    0.128
  -0.098   -0.003    0.113
  -0.016    0.024   -0.019
  -0.010    0.020   -0.034
  -0.070    0.000    0.121
   0.005   -0.108    0.136
   0.021    0.049   -0.188
  -0.155    0.491   -0.285
   0.098   -0.107   -0.051
  -0.131    0.176    0.116
  -0.092   -0.486    0.137
  -0.006    0.015    0.112
  -0.033    0.048    0.175
   0.011    0.034    0.005
   0.008    0.000   -0.003
   0.030   -0.001    0.021
   0.039    0.009    0.018
  -0.041   -0.045    0.005
  -0.024   -0.011   -0.012
  -0.035   -0.015   -0.011
  -0.086   -0.066   -0.006

999.9237
  -0.036    0.029   -0.005
   0.092   -0.065    0.003
   0.166   -0.085   -0.155
   0.211   -0.081   -0.153
  -0.081    0.053    0.041
  -0.006   -0.054    0.113
  -0.058    0.082   -0.169
  -0.126    0.144   -0.191
   0.084    0.166    0.083
   0.267    0.435   -0.022
  -0.030   -0.165    0.002
   0.072   -0.280   -0.108
   0.105   -0.022    0.132
   0.001    0.029    0.052
   0.108   -0.076   -0.260
   0.048   -0.038   -0.112
  -0.076    0.025   -0.043
   0.048    0.013    0.055
   0.076    0.074    0.043
  -0.044   -0.069    0.029
   0.013    0.060   -0.076
  -0.009    0.081   -0.056
  -0.247   -0.191   -0.045

1002.1052
  -0.370    0.263    0.117
  -0.118    0.040    0.098
  -0.053    0.030   -0.058
  -0.050    0.102   -0.028
   0.128   -0.067   -0.030
   0.020    0.039   -0.136
   0.067   -0.119    0.074
   0.050   -0.157    0.069
   0.011    0.075    0.025
  -0.017    0.417   -0.068
  -0.120   -0.032   -0.088
   0.119   -0.329   -0.200
   0.142    0.331    0.035
   0.017    0.024    0.120
   0.111   -0.031   -0.281
   0.018   -0.012   -0.037
  -0.027    0.009   -0.016
   0.016    0.006    0.014
   0.025    0.074    0.023
  -0.017   -0.023    0.011
  -0.002    0.015   -0.031
   0.003    0.031   -0.021
  -0.089   -0.073   -0.020

1015.1028
  -0.539    0.330    0.131
  -0.002   -0.045    0.136
   0.132   -0.079   -0.296
   0.270   -0.014   -0.262
   0.016   -0.027   -0.012
   0.031   -0.001   -0.038
  -0.032    0.043   -0.027
  -0.163    0.184   -0.054
  -0.049   -0.002   -0.030
  -0.156    0.082   -0.037
   0.080   -0.014    0.003
  -0.086    0.179    0.155
  -0.091   -0.257   -0.047
  -0.009   -0.000   -0.013
  -0.065    0.037    0.214
   0.004    0.000    0.010
   0.016   -0.002    0.014
  -0.005    0.001   -0.005
  -0.007   -0.020   -0.008
   0.000    0.006   -0.007
  -0.010   -0.017    0.018
  -0.006   -0.024    0.012
   0.042    0.032    0.010

1045.7346
  -0.187   -0.305   -0.133
   0.092    0.132    0.047
  -0.606    0.215    0.090
   0.378   -0.447   -0.149
  -0.103   -0.141   -0.061
   0.016    0.025    0.012
   0.020    0.012    0.012
   0.001    0.005    0.007
   0.003   -0.003    0.006
   0.004    0.001    0.005
  -0.008    0.003   -0.014
   0.004   -0.007   -0.038
   0.008    0.021    0.000
   0.001    0.003    0.012
   0.010   -0.003   -0.026
   0.003    0.004   -0.004
  -0.002   -0.000   -0.001
   0.003    0.002    0.002
   0.009   -0.009   -0.009
  -0.002   -0.005    0.000
   0.003    0.004   -0.001
  -0.009   -0.001   -0.001
  -0.012   -0.007    0.000

1055.0338
   0.076   -0.046   -0.020
   0.006    0.003   -0.020
  -0.000    0.004    0.024
  -0.014   -0.012    0.016
  -0.017    0.017    0.005
  -0.002   -0.012    0.037
   0.025    0.003   -0.058
   0.020   -0.014   -0.064
   0.008    0.017    0.081
   0.207    0.357   -0.042
   0.054   -0.023   -0.194
  -0.088    0.173   -0.147
  -0.046   -0.137   -0.247
  -0.003    0.049    0.141
  -0.002    0.058    0.127
  -0.100   -0.210    0.045
  -0.005    0.032   -0.020
  -0.173   -0.132   -0.015
  -0.211   -0.209   -0.008
   0.182    0.209   -0.025
   0.086    0.016    0.066
   0.193    0.060    0.058
   0.398    0.301    0.018

1104.6673
  -0.014    0.033    0.016
   0.016   -0.030    0.007
   0.090   -0.042   -0.063
   0.039    0.016   -0.042
  -0.029    0.033   -0.003
   0.001   -0.008    0.013
  -0.041    0.052    0.014
  -0.104    0.107    0.002
   0.021   -0.139    0.033
  -0.063   -0.659    0.184
   0.012   -0.010   -0.225
  -0.052    0.129   -0.434
  -0.017   -0.016   -0.296
  -0.007    0.056    0.153
   0.077   -0.005   -0.146
   0.019    0.079    0.005
   0.012   -0.015    0.015
   0.049    0.050   -0.009
   0.063    0.074   -0.017
  -0.042   -0.061    0.005
   0.003    0.027   -0.014
  -0.083   -0.019   -0.019
  -0.123   -0.074    0.005

1121.0518
  -0.122    0.070    0.037
   0.034   -0.042    0.042
   0.090   -0.056   -0.138
   0.134   -0.011   -0.113
  -0.049    0.037   -0.015
   0.016    0.007   -0.038
  -0.127    0.061    0.113
  -0.113    0.071    0.125
   0.177   -0.054   -0.119
   0.236   -0.144   -0.099
  -0.058    0.055    0.065
   0.076   -0.028   -0.400
   0.122    0.110    0.509
   0.014   -0.030   -0.016
   0.094   -0.066   -0.410
  -0.038   -0.016    0.016
  -0.005    0.009   -0.022
  -0.047   -0.066    0.013
  -0.088   -0.151    0.032
   0.054    0.056    0.003
   0.022   -0.003    0.002
   0.071    0.037    0.011
   0.070    0.048   -0.008

1132.4865
   0.001    0.001    0.001
  -0.000   -0.000    0.000
   0.001    0.000   -0.000
  -0.001    0.002   -0.000
  -0.000    0.001    0.002
   0.001   -0.000   -0.003
  -0.001   -0.001    0.002
   0.006   -0.008    0.003
   0.005    0.004   -0.005
  -0.000    0.017   -0.008
  -0.001    0.002    0.006
   0.002   -0.003   -0.002
   0.005   -0.001    0.024
   0.000   -0.002   -0.003
   0.002   -0.002   -0.009
   0.002   -0.014   -0.008
   0.001    0.002    0.009
  -0.051    0.032    0.037
  -0.059    0.107    0.062
   0.086   -0.076   -0.085
   0.399    0.465    0.228
  -0.607   -0.235    0.011
  -0.150    0.212    0.189

1158.2992
   0.001    0.000   -0.000
  -0.001    0.001   -0.000
  -0.001    0.001   -0.000
  -0.000    0.001   -0.001
   0.001    0.002   -0.003
  -0.002   -0.000    0.000
   0.013   -0.007   -0.008
   0.032   -0.034   -0.005
  -0.013    0.028    0.009
  -0.048   -0.083    0.045
   0.010   -0.015    0.008
  -0.014    0.048   -0.124
   0.012   -0.036    0.057
  -0.004    0.001    0.006
   0.030   -0.019   -0.123
  -0.019   -0.009   -0.002
  -0.030    0.025   -0.046
   0.112   -0.012    0.106
   0.027   -0.141    0.212
  -0.091    0.037   -0.126
  -0.225   -0.299    0.303
  -0.105   -0.459    0.172
   0.458    0.358    0.079

1204.0940
   0.016   -0.005   -0.006
  -0.011    0.011   -0.008
  -0.023    0.015    0.036
  -0.033    0.002    0.027
   0.021   -0.015    0.007
  -0.004   -0.002    0.009
   0.044   -0.022   -0.052
   0.022   -0.030   -0.062
  -0.078    0.083   -0.005
  -0.526   -0.158    0.124
   0.057   -0.023    0.043
  -0.057    0.232   -0.434
   0.039   -0.193    0.336
  -0.012   -0.007    0.010
   0.098   -0.074   -0.436
  -0.004    0.031   -0.005
   0.027   -0.002    0.019
  -0.034   -0.030   -0.006
  -0.088   -0.099    0.036
   0.035    0.010    0.025
   0.041    0.039   -0.049
   0.021    0.076   -0.018
  -0.072   -0.058   -0.018

1215.5247
   0.009    0.012   -0.019
  -0.016    0.022   -0.033
  -0.086    0.040    0.163
  -0.135    0.004    0.142
   0.085   -0.064    0.017
  -0.024   -0.007    0.052
   0.002    0.007   -0.039
  -0.568    0.539   -0.162
   0.049   -0.102   -0.006
  -0.237    0.378   -0.097
  -0.018    0.051   -0.009
   0.011    0.039   -0.110
   0.025    0.051    0.134
   0.009   -0.006    0.002
  -0.007    0.012    0.015
  -0.004    0.002    0.010
  -0.002   -0.001   -0.003
   0.014    0.010    0.001
   0.039    0.048   -0.020
  -0.013   -0.004   -0.010
  -0.017   -0.017    0.020
  -0.013   -0.033    0.008
   0.019    0.019    0.006

1249.8285
   0.012   -0.009    0.005
   0.004   -0.008    0.009
   0.039   -0.016   -0.059
   0.047    0.000   -0.054
  -0.035    0.033   -0.021
   0.007   -0.004    0.004
   0.017   -0.004    0.002
   0.139   -0.130    0.026
  -0.062   -0.050    0.036
   0.238    0.277   -0.097
   0.027    0.043    0.014
  -0.043    0.210   -0.309
   0.034   -0.068    0.280
   0.004   -0.011   -0.001
   0.032   -0.012   -0.159
  -0.079   -0.133    0.028
   0.055   -0.005    0.052
   0.029    0.089   -0.056
   0.302    0.566   -0.269
  -0.067   -0.029   -0.021
  -0.050   -0.005   -0.005
   0.012   -0.021   -0.018
   0.080    0.038    0.009

1304.6792
   0.151   -0.113    0.010
  -0.005   -0.006    0.025
   0.173   -0.041   -0.168
   0.166   -0.067   -0.185
  -0.111    0.089   -0.007
   0.019   -0.005   -0.020
   0.027   -0.034   -0.020
   0.197   -0.222    0.013
   0.072   -0.103    0.071
  -0.670    0.405    0.040
  -0.039    0.043   -0.027
   0.006   -0.019   -0.011
   0.034    0.087    0.136
   0.020   -0.003   -0.013
  -0.040    0.040    0.200
   0.011    0.040    0.007
  -0.015   -0.003   -0.014
   0.008   -0.004    0.007
  -0.035   -0.095    0.041
   0.004   -0.000    0.000
  -0.000   -0.009    0.008
  -0.009   -0.009    0.005
  -0.016   -0.004    0.001

1341.9362
  -0.053    0.033   -0.004
   0.013   -0.004   -0.003
  -0.067    0.009    0.021
  -0.028    0.032    0.036
   0.008   -0.005   -0.011
  -0.002   -0.003    0.012
  -0.017   -0.007   -0.004
  -0.071    0.040   -0.015
   0.141    0.132   -0.047
  -0.546   -0.396    0.201
  -0.051   -0.054   -0.020
   0.042   -0.213    0.118
   0.028    0.056   -0.011
   0.019    0.012   -0.008
  -0.060    0.065    0.274
  -0.092   -0.085    0.046
   0.036   -0.001    0.024
  -0.011   -0.002   -0.015
   0.206    0.415   -0.185
  -0.025    0.005   -0.017
  -0.007    0.028    0.017
   0.060   -0.003   -0.009
   0.106    0.065    0.009

1346.2564
   0.038   -0.036   -0.000
  -0.005    0.004    0.005
   0.051   -0.007   -0.024
   0.035   -0.039   -0.032
  -0.015    0.007    0.006
   0.004    0.001   -0.009
  -0.009   -0.006    0.007
  -0.013    0.005    0.006
   0.055   -0.015   -0.037
  -0.164    0.182   -0.059
   0.041   -0.027    0.125
  -0.033    0.141   -0.129
  -0.071    0.242   -0.817
  -0.043    0.006    0.015
   0.066   -0.068   -0.340
  -0.029   -0.011   -0.004
   0.017   -0.001    0.011
  -0.002   -0.002   -0.002
   0.034    0.065   -0.034
  -0.001    0.004   -0.003
  -0.006   -0.007    0.008
   0.002   -0.010    0.005
   0.002    0.003   -0.003

1365.1642
   0.346   -0.265    0.021
  -0.121    0.079    0.028
   0.597   -0.035   -0.003
   0.239   -0.504   -0.216
   0.034   -0.029    0.008
  -0.001    0.003   -0.007
   0.001   -0.001    0.006
  -0.130    0.124   -0.023
  -0.006    0.031   -0.017
   0.088   -0.116    0.009
   0.002   -0.002   -0.011
   0.015   -0.040    0.076
  -0.003   -0.042    0.049
  -0.003   -0.001    0.002
   0.003   -0.005   -0.031
  -0.007   -0.011    0.002
   0.004    0.001    0.003
  -0.002   -0.000   -0.002
   0.017    0.040   -0.017
  -0.003    0.000   -0.001
   0.002    0.008    0.002
   0.009    0.000   -0.001
   0.012    0.005   -0.000

1390.1183
  -0.009    0.011   -0.001
   0.010   -0.007   -0.000
  -0.047    0.001   -0.019
  -0.007    0.049   -0.001
  -0.012    0.012   -0.006
  -0.000   -0.002    0.005
   0.004   -0.005   -0.003
  -0.013    0.008   -0.007
   0.031   -0.010    0.020
  -0.097    0.003    0.038
   0.046    0.082   -0.063
   0.092   -0.130    0.701
  -0.051   -0.153    0.079
  -0.054   -0.030    0.023
   0.103   -0.126   -0.609
  -0.018   -0.004   -0.004
   0.010    0.000    0.006
  -0.001   -0.005    0.002
   0.047    0.087   -0.036
   0.004    0.011   -0.005
  -0.026   -0.043    0.014
  -0.021   -0.041    0.023
  -0.031   -0.018   -0.022

1413.8134
   0.001    0.002    0.001
  -0.002    0.001   -0.000
   0.009   -0.000    0.008
   0.001   -0.010    0.000
   0.004   -0.003   -0.001
   0.000   -0.000    0.002
  -0.004    0.004   -0.001
   0.013   -0.010    0.002
   0.002    0.003    0.001
   0.022    0.000   -0.001
  -0.007   -0.009    0.000
  -0.016    0.012   -0.044
   0.016    0.024    0.013
   0.007    0.003   -0.003
  -0.013    0.014    0.087
  -0.024    0.001   -0.021
   0.017   -0.006    0.019
   0.000   -0.001   -0.001
   0.060    0.110   -0.046
   0.085    0.086   -0.011
  -0.230   -0.500    0.104
  -0.332   -0.303    0.202
  -0.551   -0.246   -0.183

1449.6939
  -0.472   -0.461   -0.233
   0.031    0.038    0.006
   0.256   -0.023   -0.347
  -0.266   -0.153    0.470
   0.016    0.018    0.014
  -0.001   -0.003   -0.006
  -0.008    0.007   -0.005
   0.030   -0.048    0.000
   0.003   -0.005    0.004
  -0.018    0.014    0.002
   0.000    0.005   -0.001
   0.018   -0.019   -0.008
  -0.017   -0.023    0.000
   0.000   -0.000    0.000
   0.001   -0.001   -0.002
  -0.000   -0.000    0.000
  -0.000    0.000   -0.000
   0.001    0.001   -0.000
  -0.001    0.001    0.000
  -0.001    0.001    0.000
   0.002    0.006   -0.005
  -0.002   -0.011    0.007
   0.006   -0.010   -0.009

1451.4983
  -0.277    0.402    0.023
   0.015   -0.001   -0.056
   0.223   -0.007    0.586
  -0.027   -0.455    0.196
   0.004   -0.023    0.022
   0.006    0.005   -0.018
  -0.045    0.044   -0.024
   0.227   -0.194    0.032
   0.018   -0.024    0.019
  -0.083    0.065    0.012
   0.002    0.014   -0.001
   0.041   -0.038   -0.016
  -0.038   -0.048   -0.006
  -0.000   -0.002   -0.000
   0.002   -0.000   -0.010
  -0.003    0.000   -0.002
   0.001   -0.000    0.001
   0.003    0.002   -0.000
   0.001   -0.002   -0.003
  -0.002   -0.002   -0.002
   0.000   -0.000    0.016
   0.016    0.011   -0.008
  -0.004    0.014    0.013

1455.9474
   0.004    0.019    0.005
  -0.000   -0.001   -0.001
  -0.001    0.000    0.020
   0.005   -0.006   -0.006
   0.000   -0.001    0.000
   0.000    0.000   -0.000
  -0.001    0.002   -0.001
   0.008   -0.006    0.001
   0.000   -0.003    0.000
  -0.001    0.004   -0.002
  -0.001    0.000    0.001
   0.002   -0.002   -0.008
  -0.002   -0.001   -0.001
   0.001    0.000   -0.001
  -0.001    0.002    0.010
   0.002    0.006   -0.003
   0.000   -0.001    0.001
  -0.011    0.004    0.013
   0.004    0.021   -0.004
  -0.021    0.036    0.029
   0.115    0.320   -0.329
  -0.116   -0.425    0.274
   0.368   -0.436   -0.421

1462.1539
  -0.057    0.027   -0.009
   0.005    0.000   -0.006
   0.040   -0.004    0.049
  -0.011   -0.061    0.044
  -0.006    0.006   -0.002
   0.001   -0.001   -0.001
   0.001   -0.000    0.003
  -0.022    0.006   -0.001
   0.003   -0.001   -0.002
   0.010   -0.028    0.003
   0.003   -0.074   -0.030
  -0.426    0.482    0.302
   0.419    0.517    0.162
  -0.003   -0.006   -0.004
   0.007   -0.020   -0.041
  -0.005    0.001   -0.005
   0.003   -0.000    0.003
   0.002    0.003   -0.001
  -0.013   -0.022    0.011
  -0.002   -0.003    0.001
   0.008    0.017   -0.001
   0.009    0.003   -0.003
   0.010   -0.000    0.001

1479.4406
   0.017   -0.013    0.000
  -0.002    0.001    0.002
  -0.013    0.001   -0.019
  -0.000    0.021   -0.008
   0.007   -0.007    0.004
  -0.001    0.001   -0.000
  -0.007    0.007   -0.004
   0.026   -0.022    0.002
  -0.007   -0.008    0.003
   0.013    0.012   -0.005
   0.000   -0.001    0.000
  -0.004    0.008   -0.011
   0.001    0.001    0.007
   0.001    0.000   -0.001
  -0.001   -0.001    0.008
   0.016    0.030   -0.017
   0.001   -0.006    0.006
  -0.026   -0.024   -0.001
   0.035    0.093   -0.057
  -0.029    0.015   -0.039
   0.172    0.240    0.596
   0.607   -0.248    0.140
  -0.236   -0.133   -0.110

1497.0098
   0.258   -0.227    0.021
  -0.057    0.030    0.035
  -0.185    0.039   -0.257
  -0.011    0.275   -0.132
   0.193   -0.168    0.036
  -0.027    0.010    0.021
  -0.166    0.164   -0.084
   0.521   -0.454    0.047
   0.045   -0.053    0.032
  -0.144    0.108    0.023
   0.006    0.000   -0.009
  -0.046    0.069    0.031
   0.049    0.047    0.042
   0.001   -0.005   -0.002
   0.005   -0.000   -0.011
  -0.009    0.001   -0.009
   0.005    0.000    0.004
   0.007   -0.001    0.005
   0.010    0.015   -0.010
  -0.002   -0.004    0.002
  -0.018   -0.015   -0.070
  -0.057    0.042   -0.028
   0.059    0.038    0.028

1545.0896
   0.014   -0.009    0.001
  -0.001    0.001    0.000
  -0.020    0.003   -0.009
  -0.001    0.019   -0.006
   0.003   -0.008    0.014
  -0.001    0.004   -0.009
  -0.003    0.002   -0.003
  -0.020    0.011   -0.007
   0.036    0.026   -0.004
  -0.040   -0.013    0.020
  -0.001    0.005   -0.005
   0.027   -0.040    0.034
  -0.014   -0.020   -0.001
  -0.001   -0.001    0.003
   0.000    0.007   -0.011
  -0.128   -0.132    0.036
   0.037    0.006    0.020
   0.086    0.177   -0.089
  -0.410   -0.725    0.299
  -0.011   -0.032    0.011
   0.072    0.077    0.126
   0.103   -0.087    0.056
  -0.202   -0.169   -0.066

1646.4062
  -0.236    0.157    0.044
  -0.034    0.005    0.050
   0.166   -0.015    0.044
   0.055   -0.169   -0.020
   0.187    0.119   -0.589
  -0.111   -0.061    0.333
  -0.013   -0.023    0.073
   0.213   -0.257    0.108
   0.002   -0.001   -0.030
  -0.157    0.012   -0.015
   0.005    0.006    0.027
   0.000    0.029   -0.020
  -0.003    0.041   -0.090
  -0.004   -0.001    0.000
   0.000   -0.012   -0.108
   0.166   -0.065    0.199
  -0.104    0.021   -0.100
  -0.016    0.049   -0.052
  -0.058   -0.073    0.064
   0.014   -0.001    0.004
   0.015   -0.020    0.064
  -0.006   -0.064    0.047
  -0.140   -0.085   -0.038

1670.6156
   0.103   -0.066   -0.014
   0.012   -0.001   -0.020
  -0.071    0.006   -0.014
  -0.020    0.066    0.003
  -0.067   -0.064    0.248
   0.049    0.027   -0.137
  -0.017    0.021   -0.035
  -0.026    0.054   -0.034
  -0.020    0.020   -0.036
  -0.189   -0.157    0.057
   0.030   -0.001    0.017
  -0.040    0.117   -0.020
   0.040    0.014   -0.009
  -0.009   -0.004    0.003
  -0.000   -0.011   -0.229
   0.358   -0.201    0.462
  -0.226    0.058   -0.227
  -0.020    0.098   -0.097
   0.094    0.220   -0.220
   0.014    0.010   -0.001
  -0.031   -0.117    0.086
  -0.057   -0.131    0.097
  -0.223   -0.131   -0.080

2964.1809
   0.000    0.000   -0.001
  -0.000   -0.000    0.000
  -0.000   -0.000    0.000
   0.001    0.000    0.000
   0.000    0.000   -0.000
  -0.000    0.000    0.000
   0.000   -0.001    0.000
   0.001   -0.001   -0.004
  -0.003   -0.005   -0.018
   0.031    0.064    0.209
  -0.024    0.059    0.021
  -0.400   -0.269   -0.056
   0.685   -0.419   -0.205
  -0.001   -0.001    0.001
   0.013    0.005    0.004
  -0.000    0.000   -0.001
   0.000   -0.000   -0.000
   0.000   -0.000    0.001
  -0.003   -0.000   -0.003
  -0.005   -0.005   -0.003
   0.067   -0.038   -0.008
  -0.002    0.057    0.098
  -0.008    0.043   -0.053

2968.6432
  -0.015   -0.024    0.081
   0.006   -0.003   -0.003
   0.012    0.080   -0.004
  -0.063   -0.019   -0.048
  -0.000   -0.000    0.000
  -0.000   -0.000    0.000
  -0.000    0.000   -0.000
   0.000   -0.000    0.003
   0.002    0.003    0.013
  -0.022   -0.043   -0.154
   0.003   -0.007   -0.002
   0.047    0.031    0.007
  -0.080    0.050    0.024
   0.000    0.000   -0.000
  -0.002   -0.001   -0.001
  -0.000    0.001   -0.001
   0.000   -0.000    0.000
   0.000   -0.001    0.001
  -0.008    0.001   -0.007
  -0.032   -0.030   -0.019
   0.448   -0.252   -0.054
  -0.017    0.350    0.604
  -0.049    0.268   -0.330

2976.5507
   0.104    0.167   -0.564
  -0.039    0.022    0.019
  -0.086   -0.549    0.027
   0.433    0.131    0.324
   0.002   -0.001   -0.000
  -0.000   -0.000   -0.000
  -0.000    0.000   -0.000
  -0.001    0.000    0.003
  -0.000    0.000   -0.001
   0.000    0.000    0.001
   0.001   -0.001   -0.001
   0.008    0.004    0.001
  -0.019    0.011    0.006
   0.000    0.000   -0.000
  -0.001   -0.000   -0.000
   0.000    0.000   -0.000
   0.000   -0.000    0.000
  -0.000   -0.000    0.000
  -0.000    0.000    0.000
  -0.005   -0.004   -0.003
   0.068   -0.038   -0.008
  -0.003    0.053    0.090
  -0.007    0.040   -0.048

2981.4641
   0.002    0.004   -0.013
  -0.001    0.001    0.000
  -0.003   -0.018    0.001
   0.012    0.004    0.009
  -0.000   -0.001    0.001
   0.000   -0.000   -0.000
  -0.001    0.001   -0.001
   0.003   -0.000    0.007
   0.011    0.021    0.076
  -0.134   -0.250   -0.912
  -0.010    0.015    0.005
  -0.072   -0.049   -0.008
   0.193   -0.119   -0.057
  -0.000   -0.000   -0.000
   0.003    0.002    0.001
   0.000   -0.001    0.002
  -0.001    0.000   -0.001
   0.000    0.000   -0.000
   0.001    0.001    0.001
   0.005    0.004    0.002
  -0.072    0.039    0.008
   0.003   -0.047   -0.079
   0.006   -0.036    0.044

3026.1075
   0.000    0.000   -0.000
  -0.000    0.000    0.000
  -0.000   -0.003    0.000
   0.000    0.000    0.000
   0.000   -0.000    0.000
   0.000    0.000   -0.000
   0.000   -0.000   -0.000
  -0.000   -0.003   -0.000
  -0.002   -0.001   -0.003
   0.007    0.010    0.040
  -0.092   -0.021    0.001
   0.702    0.504    0.101
   0.391   -0.257   -0.118
   0.002    0.001   -0.000
  -0.015   -0.008    0.007
  -0.000    0.001   -0.001
   0.000   -0.000    0.000
  -0.000   -0.000   -0.000
   0.002   -0.001    0.003
  -0.001    0.001    0.001
   0.015   -0.007   -0.001
  -0.001   -0.003   -0.005
  -0.001    0.004   -0.004

3034.3895
   0.000    0.000   -0.000
  -0.000   -0.000   -0.000
   0.000    0.001   -0.000
   0.001    0.000    0.001
   0.000    0.000   -0.000
  -0.000   -0.000    0.000
  -0.000   -0.000   -0.000
   0.000    0.000    0.000
   0.000    0.000    0.001
  -0.001   -0.002   -0.009
   0.001    0.001    0.000
  -0.016   -0.010   -0.002
  -0.001    0.001    0.000
  -0.000   -0.000    0.000
  -0.000    0.000   -0.000
   0.000   -0.000   -0.000
   0.000    0.000   -0.000
   0.001   -0.000   -0.000
  -0.004    0.004    0.001
  -0.052    0.046    0.062
   0.646   -0.353   -0.048
   0.000   -0.317   -0.559
  -0.030    0.124   -0.128

3057.2489
   0.022    0.030   -0.055
   0.053    0.065    0.037
  -0.085   -0.660    0.039
  -0.581   -0.156   -0.425
   0.001    0.001    0.000
  -0.000   -0.000   -0.000
   0.000    0.000   -0.000
  -0.000    0.000    0.001
   0.000   -0.000   -0.000
   0.000    0.000    0.001
   0.000    0.000   -0.000
  -0.001   -0.001   -0.000
  -0.001    0.001    0.000
   0.000    0.000   -0.000
  -0.000   -0.000   -0.000
   0.000    0.000    0.000
   0.000    0.000    0.000
   0.000   -0.000    0.000
  -0.000    0.000   -0.000
  -0.000    0.000    0.000
   0.001   -0.001   -0.000
  -0.000   -0.000   -0.000
  -0.000    0.000   -0.000

3061.5099
  -0.145   -0.215    0.745
  -0.005    0.049   -0.079
  -0.072   -0.477    0.005
   0.294    0.097    0.200
  -0.001    0.002   -0.002
  -0.000   -0.000    0.001
   0.000   -0.000    0.001
   0.004   -0.001   -0.004
   0.000   -0.000   -0.000
   0.000    0.001    0.003
   0.000    0.000   -0.000
  -0.001   -0.001   -0.000
  -0.001    0.000    0.000
   0.000    0.000    0.000
  -0.000   -0.000   -0.000
  -0.000    0.000   -0.000
   0.000   -0.000    0.000
  -0.000    0.000   -0.000
   0.003   -0.001    0.003
   0.000   -0.000    0.000
  -0.001    0.001    0.000
   0.000   -0.000   -0.000
  -0.001    0.003   -0.004

3070.9627
  -0.001   -0.001    0.005
   0.000    0.000   -0.001
  -0.000   -0.001   -0.000
   0.001    0.000    0.001
  -0.000    0.000   -0.000
  -0.000   -0.000    0.000
   0.000   -0.000    0.000
   0.000   -0.000    0.000
   0.000    0.000    0.000
  -0.000   -0.001   -0.003
  -0.000    0.000    0.000
  -0.002   -0.001   -0.000
   0.002   -0.001   -0.001
  -0.000   -0.000   -0.000
   0.000    0.000    0.000
  -0.001   -0.000   -0.001
   0.000    0.000    0.000
   0.000   -0.001    0.001
  -0.009    0.006   -0.008
  -0.036    0.053   -0.068
   0.355   -0.193   -0.052
  -0.015    0.127    0.184
   0.099   -0.557    0.674

3364.4833
   0.002   -0.000   -0.003
   0.000   -0.000   -0.000
   0.000    0.003   -0.000
  -0.003   -0.000   -0.002
  -0.000   -0.002    0.005
   0.001    0.001   -0.002
  -0.001    0.001    0.001
   0.008    0.004   -0.031
   0.001    0.000   -0.000
  -0.001   -0.001    0.001
   0.000    0.000    0.000
  -0.004   -0.003    0.000
   0.000    0.000   -0.001
   0.001    0.001    0.000
  -0.020   -0.011   -0.005
  -0.001    0.000   -0.001
   0.001   -0.001    0.002
  -0.059    0.011   -0.044
   0.780   -0.170    0.596
   0.001    0.001    0.000
   0.017   -0.001   -0.001
   0.003    0.007    0.007
  -0.000   -0.005    0.004

3481.7377
   0.000   -0.003    0.006
  -0.000    0.000   -0.000
  -0.000   -0.001    0.000
   0.001   -0.000    0.000
   0.001   -0.001    0.000
  -0.000   -0.001    0.001
   0.020    0.008   -0.070
  -0.282   -0.092    0.951
  -0.001   -0.000   -0.000
  -0.001    0.004    0.007
   0.000    0.000    0.000
  -0.001   -0.001    0.000
   0.001   -0.001   -0.001
  -0.002   -0.001   -0.001
   0.031    0.019    0.005
   0.000   -0.000    0.000
  -0.000    0.000   -0.000
  -0.002    0.001   -0.001
   0.026   -0.005    0.019
   0.000    0.000    0.000
  -0.000    0.000    0.000
   0.000   -0.000   -0.001
   0.000   -0.001    0.000

3561.5724
  -0.000    0.000   -0.001
  -0.000    0.000    0.000
   0.000   -0.001    0.000
   0.000    0.000    0.000
  -0.000    0.000   -0.000
  -0.000   -0.000    0.000
  -0.001   -0.001    0.003
   0.008    0.006   -0.036
  -0.000    0.000   -0.000
  -0.001   -0.002    0.001
  -0.002   -0.002   -0.001
   0.016    0.011    0.005
  -0.004    0.003    0.007
  -0.052   -0.032   -0.008
   0.847    0.510    0.132
   0.002   -0.000    0.001
  -0.001   -0.000   -0.001
  -0.002    0.001   -0.002
   0.017   -0.002    0.012
  -0.000   -0.000    0.000
   0.001   -0.000    0.000
   0.001   -0.000    0.000
  -0.000    0.000   -0.000
