# Variable: dg_gbsa_00000072
# Sample shape: (1000,)
# Date: 2014-03-03 23:31:52.534882
-1.898227298692808929e-01
-8.727853430388762268e-01
-8.727853430388762268e-01
-8.727853430388762268e-01
-8.727853430388762268e-01
-8.727853430388762268e-01
-8.727853430388762268e-01
-8.727853430388762268e-01
-8.727853430388762268e-01
-8.727853430388762268e-01
-8.727853430388762268e-01
-2.628523521623921458e-02
-1.282893904764383253e+00
-2.074223859360295297e+00
-4.566957572222211326e+00
-4.566957572222211326e+00
-1.552670111391785790e+00
-2.936760508535468883e+00
-2.936760508535468883e+00
-2.669243238168282240e+00
-2.669243238168282240e+00
-2.880430130384164400e+00
-1.518996450230906570e+00
-1.518996450230906570e+00
-1.518996450230906570e+00
-1.518996450230906570e+00
-1.518996450230906570e+00
-2.812761421641245541e+00
-2.812761421641245541e+00
-2.812761421641245541e+00
-2.812761421641245541e+00
-2.812761421641245541e+00
-2.812761421641245541e+00
-2.883975182163099671e+00
-2.883975182163099671e+00
-2.955910808497587361e+00
-2.955910808497587361e+00
-2.955910808497587361e+00
-2.955910808497587361e+00
-2.955910808497587361e+00
-2.549074575960294187e+00
-2.549074575960294187e+00
-2.549074575960294187e+00
-2.493789273511838989e+00
-2.668532769037250230e+00
-2.668532769037250230e+00
-2.668532769037250230e+00
-2.668532769037250230e+00
-2.668532769037250230e+00
-2.668532769037250230e+00
-2.668532769037250230e+00
-2.668532769037250230e+00
-2.668532769037250230e+00
-2.668532769037250230e+00
-2.668532769037250230e+00
-2.668532769037250230e+00
-2.668532769037250230e+00
-2.668532769037250230e+00
-2.668532769037250230e+00
-2.668532769037250230e+00
-2.668532769037250230e+00
-2.668532769037250230e+00
-2.668532769037250230e+00
-2.668532769037250230e+00
-2.668532769037250230e+00
-2.668532769037250230e+00
-2.668532769037250230e+00
-2.668532769037250230e+00
-2.668532769037250230e+00
-2.668532769037250230e+00
-2.668532769037250230e+00
-2.668532769037250230e+00
-2.668532769037250230e+00
-2.668532769037250230e+00
-2.504416907038788942e+00
-2.504416907038788942e+00
-3.265292421125773004e+00
-2.858310538997613559e+00
-2.858310538997613559e+00
-2.858310538997613559e+00
-2.858310538997613559e+00
-2.858310538997613559e+00
-2.922618594269907444e+00
-2.922618594269907444e+00
-2.922618594269907444e+00
-2.922618594269907444e+00
-2.922618594269907444e+00
-2.922618594269907444e+00
-2.922618594269907444e+00
-2.922618594269907444e+00
-2.922618594269907444e+00
-2.922618594269907444e+00
-2.922618594269907444e+00
-2.922618594269907444e+00
-2.745839423476851948e+00
-2.849126409162298756e+00
-2.797526565610108484e+00
-2.797526565610108484e+00
-2.797526565610108484e+00
-2.797526565610108484e+00
-3.730140042350579055e+00
-3.730140042350579055e+00
-3.730140042350579055e+00
-3.730140042350579055e+00
-3.730140042350579055e+00
-3.730140042350579055e+00
-3.420887896025385899e+00
-3.420887896025385899e+00
-3.420887896025385899e+00
-3.420887896025385899e+00
-3.420887896025385899e+00
-3.420887896025385899e+00
-3.420887896025385899e+00
-3.420887896025385899e+00
-3.420887896025385899e+00
-3.420887896025385899e+00
-3.420887896025385899e+00
-3.420887896025385899e+00
-3.575172752540836107e+00
-3.575172752540836107e+00
-3.575172752540836107e+00
-3.575172752540836107e+00
-3.575172752540836107e+00
-3.575172752540836107e+00
-2.716017498796801988e+00
-2.716017498796801988e+00
-2.716017498796801988e+00
-2.716017498796801988e+00
-2.716017498796801988e+00
-2.716017498796801988e+00
-2.716017498796801988e+00
-2.716017498796801988e+00
-2.716017498796801988e+00
-2.716017498796801988e+00
-2.716017498796801988e+00
-2.716017498796801988e+00
-2.716017498796801988e+00
-3.564032952142718980e+00
-3.564032952142718980e+00
-3.564032952142718980e+00
-3.564032952142718980e+00
-3.544796493267693638e+00
-3.544796493267693638e+00
-3.544796493267693638e+00
-3.544796493267693638e+00
-3.544796493267693638e+00
-3.544796493267693638e+00
-3.277969178004656481e+00
-3.277969178004656481e+00
-3.277969178004656481e+00
-3.277969178004656481e+00
-3.277969178004656481e+00
-3.277969178004656481e+00
-3.277969178004656481e+00
-3.277969178004656481e+00
-3.277969178004656481e+00
-3.277969178004656481e+00
-3.277969178004656481e+00
-3.277969178004656481e+00
-3.277969178004656481e+00
-3.277969178004656481e+00
-3.277969178004656481e+00
-3.277969178004656481e+00
-3.277969178004656481e+00
-3.277969178004656481e+00
-3.277969178004656481e+00
-3.277969178004656481e+00
-3.277969178004656481e+00
-3.277969178004656481e+00
-3.277969178004656481e+00
-3.277969178004656481e+00
-3.277969178004656481e+00
-3.277969178004656481e+00
-3.277969178004656481e+00
-3.277969178004656481e+00
-3.241738443392868430e+00
-3.241738443392868430e+00
-3.241738443392868430e+00
-3.241738443392868430e+00
-3.241738443392868430e+00
-3.241738443392868430e+00
-3.241738443392868430e+00
-3.241738443392868430e+00
-3.241738443392868430e+00
-3.241738443392868430e+00
-3.241738443392868430e+00
-3.241738443392868430e+00
-3.241738443392868430e+00
-3.241738443392868430e+00
-3.241738443392868430e+00
-3.241738443392868430e+00
-3.241738443392868430e+00
-3.241738443392868430e+00
-3.241738443392868430e+00
-3.241738443392868430e+00
-3.241738443392868430e+00
-3.241738443392868430e+00
-3.241738443392868430e+00
-2.579212872521599031e+00
-2.825758881140393086e+00
-2.825758881140393086e+00
-2.825758881140393086e+00
-2.825758881140393086e+00
-2.825758881140393086e+00
-2.825758881140393086e+00
-2.825758881140393086e+00
-2.537947539845570422e+00
-2.537947539845570422e+00
-2.537947539845570422e+00
-2.537947539845570422e+00
-2.537947539845570422e+00
-2.537947539845570422e+00
-2.537947539845570422e+00
-2.537947539845570422e+00
-2.537947539845570422e+00
-2.537947539845570422e+00
-2.537947539845570422e+00
-2.537947539845570422e+00
-2.537947539845570422e+00
-2.537947539845570422e+00
-2.537947539845570422e+00
-2.537947539845570422e+00
-2.537947539845570422e+00
-2.537947539845570422e+00
-2.484909207141650089e+00
-2.484909207141650089e+00
-2.484909207141650089e+00
-2.484909207141650089e+00
-2.484909207141650089e+00
-3.447046699305109208e+00
-3.447046699305109208e+00
-3.447046699305109208e+00
-3.447046699305109208e+00
-3.447046699305109208e+00
-3.447046699305109208e+00
-3.447046699305109208e+00
-3.447046699305109208e+00
-3.447046699305109208e+00
-3.447046699305109208e+00
-3.447046699305109208e+00
-3.827718658155510489e+00
-3.827718658155510489e+00
-3.827718658155510489e+00
-3.827718658155510489e+00
-3.827718658155510489e+00
-3.827718658155510489e+00
-3.827718658155510489e+00
-3.827718658155510489e+00
-3.827718658155510489e+00
-3.827718658155510489e+00
-3.827718658155510489e+00
-3.827718658155510489e+00
-3.827718658155510489e+00
-3.827718658155510489e+00
-3.827718658155510489e+00
-3.827718658155510489e+00
-3.827718658155510489e+00
-3.827718658155510489e+00
-3.827718658155510489e+00
-3.827718658155510489e+00
-3.827718658155510489e+00
-3.827718658155510489e+00
-3.827718658155510489e+00
-3.827718658155510489e+00
-3.827718658155510489e+00
-3.827718658155510489e+00
-3.827718658155510489e+00
-3.827718658155510489e+00
-3.827718658155510489e+00
-3.827718658155510489e+00
-3.827718658155510489e+00
-3.827718658155510489e+00
-3.827718658155510489e+00
-3.827718658155510489e+00
-3.827718658155510489e+00
-3.827718658155510489e+00
-3.827718658155510489e+00
-3.827718658155510489e+00
-3.783156265492193082e+00
-3.783156265492193082e+00
-3.783156265492193082e+00
-3.783156265492193082e+00
-3.783156265492193082e+00
-3.783156265492193082e+00
-3.783156265492193082e+00
-3.839284010644624434e+00
-3.839284010644624434e+00
-3.839284010644624434e+00
-3.839284010644624434e+00
-3.839284010644624434e+00
-3.839284010644624434e+00
-3.839284010644624434e+00
-3.839284010644624434e+00
-3.839284010644624434e+00
-3.839284010644624434e+00
-3.839284010644624434e+00
-3.839284010644624434e+00
-3.839284010644624434e+00
-3.839284010644624434e+00
-3.101135303139914257e+00
-3.101135303139914257e+00
-3.101135303139914257e+00
-3.101135303139914257e+00
-3.101135303139914257e+00
-3.101135303139914257e+00
-3.101135303139914257e+00
-3.101135303139914257e+00
-3.101135303139914257e+00
-3.101135303139914257e+00
-3.101135303139914257e+00
-3.101135303139914257e+00
-3.101135303139914257e+00
-3.101135303139914257e+00
-3.101135303139914257e+00
-3.101135303139914257e+00
-3.101135303139914257e+00
-3.101135303139914257e+00
-3.101135303139914257e+00
-3.101135303139914257e+00
-3.101135303139914257e+00
-3.101135303139914257e+00
-3.101135303139914257e+00
-3.101135303139914257e+00
-3.101135303139914257e+00
-3.101135303139914257e+00
-3.101135303139914257e+00
-3.101135303139914257e+00
-3.101135303139914257e+00
-3.101135303139914257e+00
-3.101135303139914257e+00
-3.101135303139914257e+00
-3.101135303139914257e+00
-3.101135303139914257e+00
-3.101135303139914257e+00
-3.101135303139914257e+00
-3.101135303139914257e+00
-3.101135303139914257e+00
-3.101135303139914257e+00
-3.101135303139914257e+00
-3.101135303139914257e+00
-3.101135303139914257e+00
-3.101135303139914257e+00
-3.101135303139914257e+00
-3.101135303139914257e+00
-3.101135303139914257e+00
-3.101135303139914257e+00
-3.101135303139914257e+00
-3.101135303139914257e+00
-3.101135303139914257e+00
-3.101135303139914257e+00
-3.101135303139914257e+00
-3.101135303139914257e+00
-3.101135303139914257e+00
-2.900785743392447991e+00
-2.900785743392447991e+00
-2.900785743392447991e+00
-2.900785743392447991e+00
-2.900785743392447991e+00
-2.900785743392447991e+00
-2.900785743392447991e+00
-2.900785743392447991e+00
-2.900785743392447991e+00
-2.900785743392447991e+00
-2.900785743392447991e+00
-2.900785743392447991e+00
-2.900785743392447991e+00
-2.900785743392447991e+00
-2.900785743392447991e+00
-2.794651182842072146e+00
-2.794651182842072146e+00
-2.794651182842072146e+00
-2.794651182842072146e+00
-2.794651182842072146e+00
-2.794651182842072146e+00
-2.794651182842072146e+00
-2.794651182842072146e+00
-2.794651182842072146e+00
-2.794651182842072146e+00
-2.794651182842072146e+00
-2.794651182842072146e+00
-2.794651182842072146e+00
-3.023429992777895148e+00
-3.023429992777895148e+00
-3.023429992777895148e+00
-3.023429992777895148e+00
-2.856748053950059596e+00
-2.856748053950059596e+00
-2.930724370092096187e+00
-2.930724370092096187e+00
-2.930724370092096187e+00
-2.898205990545152488e+00
-2.898205990545152488e+00
-3.531817040525476514e+00
-3.531817040525476514e+00
-3.531817040525476514e+00
-3.531817040525476514e+00
-3.531817040525476514e+00
-3.531817040525476514e+00
-3.531817040525476514e+00
-3.531817040525476514e+00
-3.531817040525476514e+00
-3.531817040525476514e+00
-3.531817040525476514e+00
-3.531817040525476514e+00
-3.364296305931776754e+00
-3.364296305931776754e+00
-3.364296305931776754e+00
-3.364296305931776754e+00
-3.364296305931776754e+00
-3.364296305931776754e+00
-3.364296305931776754e+00
-3.364296305931776754e+00
-3.364296305931776754e+00
-3.364296305931776754e+00
-3.364296305931776754e+00
-3.364296305931776754e+00
-3.364296305931776754e+00
-3.364296305931776754e+00
-3.364296305931776754e+00
-3.364296305931776754e+00
-3.364296305931776754e+00
-3.364296305931776754e+00
-3.364296305931776754e+00
-3.364296305931776754e+00
-3.371465958327225731e+00
-3.371465958327225731e+00
-3.371465958327225731e+00
-3.371465958327225731e+00
-3.371465958327225731e+00
-3.371465958327225731e+00
-3.241428909520573942e+00
-3.241428909520573942e+00
-3.241428909520573942e+00
-3.241428909520573942e+00
-3.241428909520573942e+00
-3.154701074268348115e+00
-3.154701074268348115e+00
-3.154701074268348115e+00
-3.154701074268348115e+00
-3.187021379489059836e+00
-3.187021379489059836e+00
-3.187021379489059836e+00
-3.187021379489059836e+00
-3.187021379489059836e+00
-3.187021379489059836e+00
-3.187021379489059836e+00
-3.187021379489059836e+00
-3.187021379489059836e+00
-3.187021379489059836e+00
-3.187021379489059836e+00
-3.187021379489059836e+00
-3.187021379489059836e+00
-3.187021379489059836e+00
-3.187021379489059836e+00
-3.187021379489059836e+00
-3.187021379489059836e+00
-3.187021379489059836e+00
-3.205035430295517518e+00
-3.205035430295517518e+00
-3.205035430295517518e+00
-3.205035430295517518e+00
-3.205035430295517518e+00
-3.205035430295517518e+00
-3.205035430295517518e+00
-3.205035430295517518e+00
-3.205035430295517518e+00
-3.205035430295517518e+00
-3.561088049616913942e+00
-3.561088049616913942e+00
-3.561088049616913942e+00
-3.561088049616913942e+00
-3.561088049616913942e+00
-3.561088049616913942e+00
-3.561088049616913942e+00
-3.561088049616913942e+00
-3.561088049616913942e+00
-3.561088049616913942e+00
-3.561088049616913942e+00
-3.561088049616913942e+00
-3.561088049616913942e+00
-3.561088049616913942e+00
-3.561088049616913942e+00
-3.561088049616913942e+00
-3.561088049616913942e+00
-3.561088049616913942e+00
-3.561088049616913942e+00
-3.561088049616913942e+00
-3.561088049616913942e+00
-3.561088049616913942e+00
-3.561088049616913942e+00
-3.556100177947239427e+00
-3.556100177947239427e+00
-3.556100177947239427e+00
-3.556100177947239427e+00
-3.556100177947239427e+00
-3.556100177947239427e+00
-3.532076884865988475e+00
-3.532076884865988475e+00
-3.532076884865988475e+00
-3.532076884865988475e+00
-3.532076884865988475e+00
-3.532076884865988475e+00
-3.532076884865988475e+00
-3.532076884865988475e+00
-3.532076884865988475e+00
-3.532076884865988475e+00
-3.532076884865988475e+00
-3.532076884865988475e+00
-3.419878377969132632e+00
-3.419878377969132632e+00
-3.419878377969132632e+00
-3.419878377969132632e+00
-3.305817425364973694e+00
-3.305817425364973694e+00
-3.305817425364973694e+00
-3.305817425364973694e+00
-3.305817425364973694e+00
-3.305817425364973694e+00
-3.305817425364973694e+00
-3.305817425364973694e+00
-3.305817425364973694e+00
-3.305817425364973694e+00
-3.305817425364973694e+00
-3.305817425364973694e+00
-3.305817425364973694e+00
-3.305817425364973694e+00
-3.305817425364973694e+00
-3.305817425364973694e+00
-3.305817425364973694e+00
-3.305817425364973694e+00
-3.305817425364973694e+00
-3.305817425364973694e+00
-3.403811564181092209e+00
-3.403811564181092209e+00
-3.403811564181092209e+00
-3.403811564181092209e+00
-3.403811564181092209e+00
-3.403811564181092209e+00
-3.388612493730184028e+00
-3.388612493730184028e+00
-3.251828153548231182e+00
-3.251828153548231182e+00
-3.251828153548231182e+00
-3.251828153548231182e+00
-3.251828153548231182e+00
-3.251828153548231182e+00
-3.251828153548231182e+00
-3.251828153548231182e+00
-3.251828153548231182e+00
-3.251828153548231182e+00
-3.251828153548231182e+00
-3.877993067637456104e+00
-3.877993067637456104e+00
-3.877993067637456104e+00
-3.877993067637456104e+00
-3.877993067637456104e+00
-3.877993067637456104e+00
-3.877993067637456104e+00
-3.877993067637456104e+00
-3.877993067637456104e+00
-3.877993067637456104e+00
-3.877993067637456104e+00
-3.877993067637456104e+00
-3.877993067637456104e+00
-3.877993067637456104e+00
-3.877993067637456104e+00
-3.877993067637456104e+00
-3.877993067637456104e+00
-3.877993067637456104e+00
-3.877993067637456104e+00
-3.877993067637456104e+00
-3.877993067637456104e+00
-3.877993067637456104e+00
-3.877993067637456104e+00
-3.877993067637456104e+00
-3.877993067637456104e+00
-3.396063188293923840e+00
-3.396063188293923840e+00
-3.396063188293923840e+00
-3.278873846590176999e+00
-3.278873846590176999e+00
-3.278873846590176999e+00
-3.278873846590176999e+00
-3.278873846590176999e+00
-3.278873846590176999e+00
-3.278873846590176999e+00
-3.278873846590176999e+00
-3.278873846590176999e+00
-3.370287541449639601e+00
-3.370287541449639601e+00
-3.370287541449639601e+00
-3.370287541449639601e+00
-3.370287541449639601e+00
-3.370287541449639601e+00
-3.370287541449639601e+00
-3.370287541449639601e+00
-3.370287541449639601e+00
-3.370287541449639601e+00
-3.370287541449639601e+00
-3.370287541449639601e+00
-3.370287541449639601e+00
-3.370287541449639601e+00
-3.370287541449639601e+00
-3.370287541449639601e+00
-3.177558258888142362e+00
-3.177558258888142362e+00
-3.177558258888142362e+00
-3.177558258888142362e+00
-3.177558258888142362e+00
-3.921833366554507982e+00
-3.921833366554507982e+00
-3.921833366554507982e+00
-3.921833366554507982e+00
-3.921833366554507982e+00
-3.921833366554507982e+00
-3.921833366554507982e+00
-3.921833366554507982e+00
-3.921833366554507982e+00
-3.921833366554507982e+00
-3.921833366554507982e+00
-3.921833366554507982e+00
-3.921833366554507982e+00
-3.958986548575115005e+00
-3.958986548575115005e+00
-3.958986548575115005e+00
-3.958986548575115005e+00
-3.958986548575115005e+00
-3.578824249325928797e+00
-3.578824249325928797e+00
-3.578824249325928797e+00
-3.578824249325928797e+00
-3.578824249325928797e+00
-3.578824249325928797e+00
-3.974888110479934511e+00
-3.974888110479934511e+00
-3.974888110479934511e+00
-3.974888110479934511e+00
-3.974888110479934511e+00
-3.974888110479934511e+00
-3.974888110479934511e+00
-3.974888110479934511e+00
-3.974888110479934511e+00
-3.974888110479934511e+00
-3.974888110479934511e+00
-3.974888110479934511e+00
-3.974888110479934511e+00
-3.974888110479934511e+00
-3.642437334954168549e+00
-3.642437334954168549e+00
-3.501255927076758923e+00
-3.501255927076758923e+00
-3.501255927076758923e+00
-3.501255927076758923e+00
-3.501255927076758923e+00
-3.501255927076758923e+00
-3.501255927076758923e+00
-3.501255927076758923e+00
-3.501255927076758923e+00
-3.501255927076758923e+00
-3.501255927076758923e+00
-3.372450631617587735e+00
-3.605835980256702378e+00
-3.605835980256702378e+00
-3.605835980256702378e+00
-3.812508646890264252e+00
-3.812508646890264252e+00
-3.812508646890264252e+00
-3.812508646890264252e+00
-3.812508646890264252e+00
-3.882102711022925590e+00
-3.882102711022925590e+00
-3.882102711022925590e+00
-3.882102711022925590e+00
-3.882102711022925590e+00
-3.882102711022925590e+00
-3.882102711022925590e+00
-3.882102711022925590e+00
-3.882102711022925590e+00
-3.882102711022925590e+00
-3.882102711022925590e+00
-3.882102711022925590e+00
-3.882102711022925590e+00
-3.882102711022925590e+00
-3.882102711022925590e+00
-3.882102711022925590e+00
-3.882102711022925590e+00
-3.882102711022925590e+00
-3.882102711022925590e+00
-3.885451511944685077e+00
-3.885451511944685077e+00
-3.885451511944685077e+00
-3.885451511944685077e+00
-3.885451511944685077e+00
-3.885451511944685077e+00
-3.885451511944685077e+00
-3.885451511944685077e+00
-3.885451511944685077e+00
-3.885451511944685077e+00
-3.885451511944685077e+00
-3.885451511944685077e+00
-3.885451511944685077e+00
-3.885451511944685077e+00
-3.885451511944685077e+00
-3.885451511944685077e+00
-3.885451511944685077e+00
-3.885451511944685077e+00
-3.885451511944685077e+00
-3.885451511944685077e+00
-3.885451511944685077e+00
-3.846918875583043018e+00
-3.846918875583043018e+00
-3.846918875583043018e+00
-3.846918875583043018e+00
-3.846918875583043018e+00
-4.269538372470133680e+00
-4.269538372470133680e+00
-4.269538372470133680e+00
-4.269538372470133680e+00
-4.269538372470133680e+00
-4.269538372470133680e+00
-4.269538372470133680e+00
-4.269538372470133680e+00
-4.269538372470133680e+00
-4.269538372470133680e+00
-4.269538372470133680e+00
-4.269538372470133680e+00
-4.269538372470133680e+00
-4.269538372470133680e+00
-4.269538372470133680e+00
-4.269538372470133680e+00
-4.043322904160100428e+00
-4.043322904160100428e+00
-4.043322904160100428e+00
-4.043322904160100428e+00
-4.043322904160100428e+00
-4.043322904160100428e+00
-4.043322904160100428e+00
-4.043322904160100428e+00
-4.043322904160100428e+00
-4.043322904160100428e+00
-4.043322904160100428e+00
-4.043322904160100428e+00
-4.043322904160100428e+00
-4.043322904160100428e+00
-4.043322904160100428e+00
-4.043322904160100428e+00
-3.891553295274081670e+00
-3.891553295274081670e+00
-3.891553295274081670e+00
-3.891553295274081670e+00
-3.891553295274081670e+00
-3.891553295274081670e+00
-3.891553295274081670e+00
-3.891553295274081670e+00
-3.785819897916075316e+00
-3.785819897916075316e+00
-3.785819897916075316e+00
-3.785819897916075316e+00
-3.785819897916075316e+00
-3.785819897916075316e+00
-3.978741100595740043e+00
-3.978741100595740043e+00
-3.978741100595740043e+00
-3.978741100595740043e+00
-3.978741100595740043e+00
-3.978741100595740043e+00
-3.978741100595740043e+00
-3.978741100595740043e+00
-3.978741100595740043e+00
-3.978741100595740043e+00
-3.978741100595740043e+00
-3.978741100595740043e+00
-3.978741100595740043e+00
-3.978741100595740043e+00
-3.978741100595740043e+00
-3.978741100595740043e+00
-3.978741100595740043e+00
-3.978741100595740043e+00
-3.978741100595740043e+00
-3.978741100595740043e+00
-3.978741100595740043e+00
-3.978741100595740043e+00
-3.891785787578750266e+00
-3.891785787578750266e+00
-3.891785787578750266e+00
-3.891785787578750266e+00
-3.891785787578750266e+00
-3.891785787578750266e+00
-3.891785787578750266e+00
-3.891785787578750266e+00
-3.891785787578750266e+00
-3.891785787578750266e+00
-3.891785787578750266e+00
-3.891785787578750266e+00
-3.891785787578750266e+00
-3.891785787578750266e+00
-3.891785787578750266e+00
-3.891785787578750266e+00
-3.891785787578750266e+00
-3.891785787578750266e+00
-3.891785787578750266e+00
-3.891785787578750266e+00
-3.891785787578750266e+00
-3.891785787578750266e+00
-3.891785787578750266e+00
-3.891785787578750266e+00
-3.891785787578750266e+00
-3.891785787578750266e+00
-3.891785787578750266e+00
-3.891785787578750266e+00
-3.891785787578750266e+00
-3.612193733054866573e+00
-3.612193733054866573e+00
-3.612193733054866573e+00
-3.612193733054866573e+00
-3.676442981450096958e+00
-3.676442981450096958e+00
-3.676442981450096958e+00
-3.676442981450096958e+00
-3.676442981450096958e+00
-3.676442981450096958e+00
-3.676442981450096958e+00
-3.676442981450096958e+00
-4.105034111562695820e+00
-3.731289739590529564e+00
-3.731289739590529564e+00
-3.731289739590529564e+00
-3.731289739590529564e+00
-3.731289739590529564e+00
-3.731289739590529564e+00
-3.834037434302597802e+00
-3.834037434302597802e+00
-3.834037434302597802e+00
-3.834037434302597802e+00
-3.834037434302597802e+00
-4.142822316682133632e+00
-4.142822316682133632e+00
-4.142822316682133632e+00
-4.142822316682133632e+00
-4.373288291362229963e+00
-4.373288291362229963e+00
-4.373288291362229963e+00
-4.373288291362229963e+00
-4.373288291362229963e+00
-4.373288291362229963e+00
-4.258470371166104940e+00
-4.258470371166104940e+00
-4.258470371166104940e+00
-4.258470371166104940e+00
-4.258470371166104940e+00
-4.258470371166104940e+00
-4.258470371166104940e+00
-4.119255346732202838e+00
-4.119255346732202838e+00
-4.119255346732202838e+00
-4.119255346732202838e+00
-4.119255346732202838e+00
-4.119255346732202838e+00
-4.119255346732202838e+00
-4.119255346732202838e+00
-4.119255346732202838e+00
-4.119255346732202838e+00
-3.980647537494024668e+00
-3.980647537494024668e+00
-3.980647537494024668e+00
-3.980647537494024668e+00
-3.980647537494024668e+00
-3.980647537494024668e+00
-3.980647537494024668e+00
-3.980647537494024668e+00
-3.980647537494024668e+00
-3.980647537494024668e+00
-3.980647537494024668e+00
-3.980647537494024668e+00
-4.030743702875724033e+00
-4.030743702875724033e+00
-4.030743702875724033e+00
-4.030743702875724033e+00
-4.030743702875724033e+00
-4.030743702875724033e+00
-4.030743702875724033e+00
-4.030743702875724033e+00
-4.292137536218471716e+00
-4.292137536218471716e+00
-4.292137536218471716e+00
-4.292137536218471716e+00
-4.292137536218471716e+00
-4.292137536218471716e+00
-5.014235385289383728e+00
-5.014235385289383728e+00
-5.014235385289383728e+00
-5.014235385289383728e+00
-5.014235385289383728e+00
-5.014235385289383728e+00
-4.599360161484085552e+00
-4.599360161484085552e+00
-4.599360161484085552e+00
-4.599360161484085552e+00
-4.599360161484085552e+00
-4.599360161484085552e+00
-4.338348344908617094e+00
-4.338348344908617094e+00
-4.338348344908617094e+00
-4.338348344908617094e+00
-4.338348344908617094e+00
-4.338348344908617094e+00
-4.307937895590670863e+00
-4.126834139997143325e+00
-4.126834139997143325e+00
-4.126834139997143325e+00
-4.126834139997143325e+00
-4.126834139997143325e+00
-4.126834139997143325e+00
-4.126834139997143325e+00
-4.126834139997143325e+00
-4.126834139997143325e+00
-4.126834139997143325e+00
-4.126834139997143325e+00
-3.933147080313863064e+00
-3.933147080313863064e+00
-3.933147080313863064e+00
-3.933147080313863064e+00
-3.933147080313863064e+00
-3.933147080313863064e+00
-3.933147080313863064e+00
-3.933147080313863064e+00
-3.933147080313863064e+00
-3.933147080313863064e+00
-3.509543138070042367e+00
-3.509543138070042367e+00
-3.509543138070042367e+00
-3.509543138070042367e+00
-3.509543138070042367e+00
-3.509543138070042367e+00
-3.509543138070042367e+00
-3.509543138070042367e+00
-3.509543138070042367e+00
-3.509543138070042367e+00
-3.390001521283763974e+00
-3.390001521283763974e+00
-3.390001521283763974e+00
-3.390001521283763974e+00
-3.390001521283763974e+00
-3.577937359563707176e+00
-3.577937359563707176e+00
-3.577937359563707176e+00
-3.577937359563707176e+00
-3.577937359563707176e+00
-3.577937359563707176e+00
-3.577937359563707176e+00
-3.935565000282418513e+00
-3.935565000282418513e+00
-3.935565000282418513e+00
-3.935565000282418513e+00
-3.935565000282418513e+00
-3.935565000282418513e+00
-3.935565000282418513e+00
-3.935565000282418513e+00
-3.935565000282418513e+00
-3.935565000282418513e+00
-3.935565000282418513e+00
-3.797277893664503967e+00
-3.708487714909686428e+00
-3.708487714909686428e+00
-3.893326618931261418e+00
-3.893326618931261418e+00
-3.893326618931261418e+00
-3.893326618931261418e+00
-3.893326618931261418e+00
-3.893326618931261418e+00
-3.893326618931261418e+00
-3.893326618931261418e+00
-3.893326618931261418e+00
-3.423373740216285821e+00
-3.423373740216285821e+00
-3.423373740216285821e+00
-3.423373740216285821e+00
-3.423373740216285821e+00
-3.423373740216285821e+00
-3.423373740216285821e+00
-3.521209921025409084e+00
-3.521209921025409084e+00
-3.521209921025409084e+00
-3.521209921025409084e+00
-3.521209921025409084e+00
-3.521209921025409084e+00
-3.521209921025409084e+00
-3.521209921025409084e+00
-3.521209921025409084e+00
-3.521209921025409084e+00
-3.521209921025409084e+00
-3.521209921025409084e+00
-3.521209921025409084e+00
-3.521209921025409084e+00
-3.521209921025409084e+00
-3.521209921025409084e+00
-3.521209921025409084e+00
-3.521209921025409084e+00
-3.521209921025409084e+00
-3.521209921025409084e+00
