# Variable: dg_gbsa_00000241
# Sample shape: (1000,)
# Date: 2014-03-03 23:31:52.293890
-5.175217729681536039e-01
-7.339017910893514962e-01
-9.018577649534089691e-01
-9.018577649534089691e-01
-9.018577649534089691e-01
-9.018577649534089691e-01
-9.018577649534089691e-01
-9.018577649534089691e-01
-9.018577649534089691e-01
-6.281718127358255632e-01
-3.757768704148140709e-02
-1.173500491601787155e-01
-2.577680360746656962e-01
-6.144154482088398650e-01
-3.513408180176641471e-02
-2.699601490684494509e-01
-5.030306073949167844e-01
-1.253833164448491910e+00
-1.142578872622312947e+00
-2.466319182292909043e-02
-2.203388976549327249e-01
-3.576662612234884908e-02
-7.286745321226393290e-01
-7.286745321226393290e-01
-1.037686521874787021e-01
-6.851502631863946036e-01
-9.935219588744707842e-02
-9.935219588744707842e-02
-9.935219588744707842e-02
-3.008273488932767803e-01
-6.085436499141597677e-01
-6.085436499141597677e-01
-5.947475679517931768e-01
-5.952077659548582478e-01
-5.952077659548582478e-01
-5.956643740032188106e-01
-2.948055132853141247e-01
-2.948055132853141247e-01
-3.279431885104789890e-01
-2.083406137234850020e-01
-2.083406137234850020e-01
-1.943653189429361550e-01
-1.943653189429361550e-01
-1.857929772218372133e-01
-3.553215506883697361e-01
-8.370857507731216396e-01
-1.158450917121784940e+00
-5.833384069840265029e-01
-8.049706428046435880e-01
-4.913991541525145612e-01
-4.913991541525145612e-01
-6.414358406176302596e-01
-6.414358406176302596e-01
-6.414358406176302596e-01
-6.414358406176302596e-01
-6.451771432537420914e-01
-6.138466968135213309e-01
-7.736600265904092222e-01
-7.736600265904092222e-01
-7.736600265904092222e-01
-5.584527270059967963e-01
-2.127111983800709372e-01
-1.573678725764126873e-01
-1.573678725764126873e-01
-2.715115793348498174e-01
-4.954927852003341848e-01
-4.954927852003341848e-01
-4.711838627864479712e-01
-4.711838627864479712e-01
-4.711838627864479712e-01
-7.985310618325811571e-01
-7.985310618325811571e-01
-6.610638324890719675e-01
-5.821866583413877194e-01
-3.189315474512016135e-01
-3.189315474512016135e-01
-3.224179917950019125e-01
-2.281356951930554600e-01
-3.737252896534096896e-02
-3.737252896534096896e-02
-1.594591921419759861e-01
-1.594591921419759861e-01
-3.447470826810906108e-01
-1.369982558956109597e-01
-1.369982558956109597e-01
-1.369982558956109597e-01
-3.510425526143031716e-01
-5.384044255170949977e-01
-5.498201395767824406e-01
-3.237061017330016277e-01
-2.856229754239605553e-02
-4.233950909305484595e-02
-4.233938088038682879e-02
-6.593139290125830110e-01
-8.581215177393779481e-01
-8.103637234886562624e-01
-3.282595603917342619e-01
-2.728649922584256426e-01
-2.728649922584256426e-01
-7.324895855345643636e-02
-8.317258344325691166e-02
-9.700018862693304822e-01
-4.689376338262175037e-01
-1.399414061816199040e-01
-2.309042198252267419e-01
-1.426800287704394765e-01
-4.607492605541221864e-01
-1.755097628095637630e+00
-1.755097628095637630e+00
-1.521063010505690816e+00
-1.194818297945974273e+00
-1.632165726466570765e+00
-1.632165726466570765e+00
-1.470601581478665931e+00
-1.470601581478665931e+00
-1.543045499812576438e+00
-1.513160095616006950e+00
-1.841859425459035693e+00
-1.603754483035144007e+00
-1.603754483035144007e+00
-1.648144443905832146e+00
-8.647649853452896718e-01
-8.524498451736186588e-01
-8.524498451736186588e-01
-9.738903200649166036e-01
-1.176798092931451878e+00
-1.111310139212963843e+00
-1.414090679890794844e+00
-8.312954957352997054e-01
-8.312954957352997054e-01
-1.271714215980660923e+00
-1.271714215980660923e+00
-7.717462388324919376e-01
-7.717462388324919376e-01
-8.026273711005770251e-01
-8.026273711005770251e-01
-8.026273711005770251e-01
-7.863458438311662357e-01
-7.863458438311662357e-01
-1.537290175603862830e+00
-1.155008207543630094e+00
-1.155008207543630094e+00
-1.155008207543630094e+00
-1.155008207543630094e+00
-1.155008207543630094e+00
-2.252751566028047825e-01
-1.425597225502845677e-01
-2.170875668525695801e-01
-2.170875668525695801e-01
-3.371771503360959654e-01
-3.371771503360959654e-01
-1.326877459969164841e+00
-7.180670137387160645e-01
-7.818474026528644538e-01
-5.332963188565256196e-01
-5.332963188565256196e-01
-5.428409827143010347e-01
-1.089001590845461775e+00
-1.089001590845461775e+00
-1.451184827100706398e+00
-1.451184827100706398e+00
-1.233847259791357676e+00
-1.559473816341013563e+00
-1.559473816341013563e+00
-1.559473816341013563e+00
-1.283393421318973049e+00
-1.283393421318973049e+00
-1.283393421318973049e+00
-1.245692058913338451e+00
-1.245692058913338451e+00
-1.245692058913338451e+00
-1.275674334903520002e+00
-1.622637074946445379e+00
-1.828851367045998710e+00
-1.672586337102302867e+00
-1.292189038278495739e+00
-8.666006488508293248e-01
-8.666006488508293248e-01
-8.666006488508293248e-01
-2.011469627657538339e+00
-1.877606484903660000e+00
-1.877606484903660000e+00
-1.450129152483967454e+00
-1.450129152483967454e+00
-1.617812175823670984e+00
-1.796908178019477997e+00
-1.585722311504940141e+00
-1.585722311504940141e+00
-1.585722311504940141e+00
-1.585722311504940141e+00
-1.204263411789961546e+00
-1.204263411789961546e+00
-1.204263411789961546e+00
-9.876150018170504197e-01
-1.079253439237692902e+00
-6.099714261851848507e-01
-1.607166763473423021e+00
-1.607166763473423021e+00
-1.580343419689521189e+00
-1.620489940132739060e+00
-1.620489940132739060e+00
-1.629153355585685414e+00
-1.629153355585685414e+00
-1.389595564191245636e+00
-1.389595564191245636e+00
-1.847257691633176879e+00
-1.658117679975228631e+00
-1.658117679975228631e+00
-1.643350999624277664e+00
-1.643350999624277664e+00
-1.935575477935615796e+00
-1.798188709164212806e+00
-2.192279804733013648e+00
-2.192279804733013648e+00
-2.192279804733013648e+00
-2.182922217403725273e+00
-2.182922217403725273e+00
-2.074754488855657275e+00
-1.319014319498269971e+00
-9.143431145647971103e-01
-1.673526449367603419e+00
-1.673526449367603419e+00
-1.648851152131935782e+00
-1.648851152131935782e+00
-1.631219687926837469e+00
-1.137952047825771196e+00
-1.137952047825771196e+00
-1.137952047825771196e+00
-1.501822220891656956e+00
-1.501822220891656956e+00
-1.501822220891656956e+00
-1.501822220891656956e+00
-2.129024574907058209e+00
-1.801218516967948435e+00
-1.642166200604994852e+00
-1.397055490067082628e+00
-1.482958661438630088e+00
-5.632842931875079451e-01
-5.632842931875079451e-01
-1.152278588333275788e+00
-1.155193403619653170e+00
-1.155193403619653170e+00
-1.174949551175702656e+00
-1.174949551175702656e+00
-8.395535882070916944e-01
-8.395535882070916944e-01
-8.395535882070916944e-01
-8.055062298565019985e-01
-8.740868440777576076e-01
-8.740868440777576076e-01
-9.360453594711040104e-01
-9.360453594711040104e-01
-1.352312460000382632e+00
-1.060843467712402344e+00
-8.016541514752243414e-01
-8.016541514752243414e-01
-8.016541514752243414e-01
-9.457581243825003980e-01
-9.457581243825003980e-01
-1.050966191702089603e+00
-1.050966191702089603e+00
-1.439179220801329651e+00
-1.439179220801329651e+00
-1.331550213392560300e+00
-2.063847864563104650e+00
-2.063847864563104650e+00
-2.063847864563104650e+00
-2.063847864563104650e+00
-1.982292983089760652e+00
-1.693407618520820446e+00
-1.693407618520820446e+00
-1.693407618520820446e+00
-1.666059457549173395e+00
-1.762957121628420110e+00
-1.762957121628420110e+00
-1.762957121628420110e+00
-1.707444227448384977e+00
-1.707436477704896038e+00
-1.707020612793260339e+00
-1.707025171465901048e+00
-1.840648869939333521e+00
-1.752243329188563736e+00
-1.752243329188563736e+00
-1.474868954937498922e+00
-1.769370718166431544e+00
-1.769903513031297448e+00
-1.769903513031297448e+00
-1.400558943958172931e+00
-1.907546365238284469e+00
-1.905955502453543060e+00
-1.956099305964336788e+00
-1.956099305964336788e+00
-1.956099305964336788e+00
-2.116712511839419886e+00
-2.236444681142073954e+00
-2.236444681142073954e+00
-2.236444681142073954e+00
-2.236444681142073954e+00
-1.909933058299252417e+00
-1.909933058299252417e+00
-1.809417403678821090e+00
-1.809417403678821090e+00
-1.809417403678821090e+00
-2.140849999670316528e+00
-2.140849999670316528e+00
-2.140849999670316528e+00
-1.996701351771163147e+00
-2.105593453401817250e+00
-2.105593453401817250e+00
-2.105593453401817250e+00
-2.105593453401817250e+00
-2.105593453401817250e+00
-2.089231921427564309e+00
-2.101127777683119202e+00
-1.831999130504309070e+00
-2.156429035485816215e+00
-1.578669133195457652e+00
-1.827311903295279816e+00
-1.827311903295279816e+00
-1.827311903295279816e+00
-1.711730633365492471e+00
-2.031385100822375556e+00
-2.031385100822375556e+00
-2.031385100822375556e+00
-2.031385100822375556e+00
-2.229190921236406275e+00
-2.229221236409466123e+00
-2.229221236409466123e+00
-2.229221236409466123e+00
-2.229221236409466123e+00
-2.229221236409466123e+00
-1.650352550966105891e+00
-1.061036185598282167e+00
-1.061036185598282167e+00
-5.858818614004218661e-01
-5.858818614004218661e-01
-2.909955171508497029e-01
-2.909955171508497029e-01
-7.601247007030829117e-01
-7.601247007030829117e-01
-2.844654750185760528e-01
-2.844654750185760528e-01
-8.505949212761727551e-01
-8.505949212761727551e-01
-1.361069784109724568e+00
-1.522659229730784602e+00
-2.115346277649042150e+00
-2.244861586371981410e+00
-2.255057741533501581e+00
-2.063779940340760621e+00
-1.527337567528164852e+00
-1.872271926179670531e+00
-1.872271926179670531e+00
-1.872271926179670531e+00
-1.632370752768580235e+00
-1.632370752768580235e+00
-1.629356330485006499e+00
-1.629356330485006499e+00
-1.629356330485006499e+00
-2.665550485395792313e-01
-2.102583903199627957e-01
-2.102583903199627957e-01
-9.278979857610698545e-01
-2.551006085558101599e+00
-2.551006085558101599e+00
-2.551006085558101599e+00
-3.265203071142017688e+00
-3.265203071142017688e+00
-1.081785553955894930e+00
-1.081785553955894930e+00
-1.838507319499611992e+00
-1.496240582110548889e+00
-1.496240582110548889e+00
-1.886543648648672189e+00
-1.886543648648672189e+00
-1.886543648648672189e+00
-1.685855721424460052e+00
-1.685855721424460052e+00
-1.685855721424460052e+00
-1.685855721424460052e+00
-1.685855721424460052e+00
-1.492409701557049884e+00
-1.783173923054798937e+00
-1.783173923054798937e+00
-1.413600736548750181e+00
-1.378140303646401277e+00
-1.408059214086879063e+00
-1.342203603419929170e+00
-1.342203603419929170e+00
-1.141852904004303060e+00
-1.422377207083182382e+00
-9.749851992663643996e-01
-1.817380379080544284e-01
-2.624843818051865174e-01
-1.534653895215823960e+00
-1.534653895215823960e+00
-1.701492082548414997e+00
-1.701492082548414997e+00
-1.701492766349310903e+00
-1.701492766349310903e+00
-1.385615842976032130e+00
-1.155766428770572229e+00
-1.155766428770572229e+00
-1.179025574350448080e+00
-6.923102284024823527e-01
-2.445901386140637290e-01
-1.750282701069264535e-01
-1.750282701069264535e-01
-1.966748422236105076e-01
-1.631749291720855144e+00
-1.631749291720855144e+00
-1.573415490910838210e+00
-1.573415490910838210e+00
-1.573415490910838210e+00
-1.797610783440205084e+00
-1.797610783440205084e+00
-5.574956336851101257e-01
-4.547760602848935352e-01
-1.617288840204534339e-01
-1.617288840204534339e-01
-1.088143078820427379e+00
-1.088143078820427379e+00
-9.727413066258621122e-01
-1.278873497395852654e+00
-1.278913727681905810e+00
-1.279067810817156703e+00
-1.279067810817156703e+00
-1.279067810817156703e+00
-1.279067810817156703e+00
-1.278750185300925324e+00
-1.573220835589085986e+00
-1.483818996932720680e+00
-1.483818996932720680e+00
-1.571551221734478920e+00
-1.624699418449037092e+00
-1.324953472181214398e+00
-4.100541995542683060e-01
-6.503973932612694409e-01
-6.530418222766533054e-01
-2.242283429060109856e-01
-5.142000391651977420e-01
-3.997593491300797663e-01
-3.997675832325368050e-01
-3.997676117242408012e-01
-9.137086613000464652e-01
-1.552459272782159783e+00
-1.370928483529026964e+00
-1.370928483529026964e+00
-1.151070198183077764e+00
-1.282075964925849743e+00
-1.326078894489354010e+00
-1.326078894489354010e+00
-1.326078894489354010e+00
-1.326078894489354010e+00
-1.581387469691026615e+00
-1.955548846242988414e+00
-1.603206188683300004e+00
-1.581972119457179193e+00
-1.581972119457179193e+00
-1.581972119457179193e+00
-2.051371689280405697e+00
-2.051371689280405697e+00
-2.051371689280405697e+00
-1.919051657215359086e+00
-1.757340381067979740e+00
-1.447188580697170712e+00
-1.475517654054251393e+00
-1.603565184153744605e+00
-1.603565184153744605e+00
-1.640448150853581755e+00
-1.958476197879127412e+00
-1.958476197879127412e+00
-1.958476197879127412e+00
-1.958476197879127412e+00
-1.660800458824201353e+00
-1.660800458824201353e+00
-1.660800458824201353e+00
-2.109426385358004197e+00
-2.109416356278194904e+00
-2.105251552953774752e+00
-5.904686268611345490e-01
-1.446379188369838475e+00
-1.446379188369838475e+00
-1.207630561369098965e+00
-1.207630561369098965e+00
-1.776495695570002864e+00
-1.776495695570002864e+00
-1.796471001313247662e+00
-1.796471001313247662e+00
-1.606170123667379546e+00
-1.714478373299593184e+00
-1.806434208302835076e+00
-2.050546797466095583e+00
-2.050546797466095583e+00
-2.050546797466095583e+00
-2.050546797466095583e+00
-2.050296526338128533e+00
-1.963129690910616398e+00
-1.963129690910616398e+00
-1.963129690910616398e+00
-1.963129690910616398e+00
-1.963129690910616398e+00
-1.963129690910616398e+00
-1.431655815408972909e+00
-1.431655815408972909e+00
-1.431655815408972909e+00
-1.433721691882861027e+00
-1.433721691882861027e+00
-1.589005581507491272e+00
-1.538973009609127418e+00
-1.538973009609127418e+00
-1.538973009609127418e+00
-1.538973009609127418e+00
-1.112987844711507801e+00
-1.112987844711507801e+00
-1.112987844711507801e+00
-2.014140326024013383e+00
-2.014140326024013383e+00
-1.850214674641479595e+00
-1.850214674641479595e+00
-1.850214674641479595e+00
-1.850214674641479595e+00
-1.380725868801313760e+00
-1.877988843571387401e+00
-1.877988843571387401e+00
-1.877988843571387401e+00
-1.506662391567777259e+00
-6.401023718868569246e-01
-1.345639816889571350e+00
-1.345639816889571350e+00
-7.755298801407530807e-01
-7.755298801407530807e-01
-1.438107077979676740e-01
-1.438107077979676740e-01
-1.438107077979676740e-01
-2.964210783774264280e-01
-1.368160913368939857e+00
-1.368160913368939857e+00
-1.356590090472657106e+00
-1.356590090472657106e+00
-1.253010096103237769e+00
-1.253010096103237769e+00
-1.253010096103237769e+00
-1.253010096103237769e+00
-1.253010096103237769e+00
-2.071058772945951088e+00
-9.020069475155715333e-01
-5.363893212597410365e-01
-5.363893212597410365e-01
-1.089984440666767584e+00
-1.668881161946867309e+00
-1.359422621717872426e+00
-1.584108085522915932e+00
-1.584108085522915932e+00
-1.280061373519167933e+00
-1.280061373519167933e+00
-1.280061373519167933e+00
-1.483662634461149432e+00
-1.483662634461149432e+00
-1.483662634461149432e+00
-1.587334941951540124e+00
-1.240074292651553778e+00
-1.189700959973307937e+00
-5.248838583324424434e-01
-1.306749552659277169e+00
-1.306749552659277169e+00
-1.306749552659277169e+00
-1.306749552659277169e+00
-1.306749552659277169e+00
-1.510513330280894628e+00
-1.511526267341628316e+00
-1.557990652197405623e+00
-1.554671938515074014e+00
-1.554671938515074014e+00
-1.561976185720235666e+00
-1.561976185720235666e+00
-1.145835360423100857e+00
-1.145835360423100857e+00
-1.540053756925389594e+00
-1.548874332617619309e+00
-1.327298681321153140e+00
-1.551084946947845378e+00
-1.551084946947845378e+00
-1.685332157871691106e+00
-1.685332157871691106e+00
-1.581615289356238963e+00
-1.507459475478980071e+00
-1.507459475478980071e+00
-1.413327330157132078e+00
-1.413327330157132078e+00
-1.413327330157132078e+00
-1.436616107109171869e+00
-1.197705191362428367e+00
-1.197705191362428367e+00
-1.197705191362428367e+00
-1.245280866641159445e+00
-8.777348078915538920e-01
-8.777348078915538920e-01
-8.449520253314570795e-01
-8.449520253314570795e-01
-8.449520253314570795e-01
-8.928805418725679344e-01
-8.928805418725679344e-01
-5.717090051443125542e-01
-8.972794330370813531e-01
-3.082852518581295498e-01
-3.082852518581295498e-01
-3.376450126075379865e-01
-3.376450126075379865e-01
-1.230240580456662541e-01
-1.423623092315848826e+00
-1.423623092315848826e+00
-1.000799366894461251e+00
-1.133707239796508892e+00
-1.133707239796508892e+00
-1.096174320344942998e+00
-1.411264416820460443e+00
-1.411264416820460443e+00
-1.411264416820460443e+00
-1.562549552771602901e+00
-1.579808573421966900e+00
-1.701666451776916444e+00
-1.701991257202556840e+00
-1.701991257202556840e+00
-1.656590524640639384e+00
-1.656590524640639384e+00
-1.371217503374438929e+00
-1.518265125172543861e+00
-1.518265125172543861e+00
-1.518265125172543861e+00
-1.518265125172543861e+00
-1.518265125172543861e+00
-1.491228207575431508e+00
-1.090254200120273076e+00
-1.090254200120273076e+00
-3.443057746777798966e-01
-3.439512239131599092e-01
-1.582853054453264297e-01
-1.612912799386631568e-01
-1.611764868632329373e-01
-1.611764868632329373e-01
-1.897485802096116891e-01
-6.499170801151779031e-01
-8.331773727847330280e-01
-8.331773727847330280e-01
-8.331773727847330280e-01
-8.331773727847330280e-01
-5.679846835637867297e-01
-5.679846835637867297e-01
-6.173793262095114143e-01
-6.882651472182848007e-01
-6.169848300758784543e-01
-6.958877607239819518e-01
-1.029992992517825057e+00
-1.029992992517825057e+00
-1.099153298948736479e+00
-1.099153298948736479e+00
-1.099153298948736479e+00
-1.210767156079439966e+00
-1.122626816109534964e+00
-1.232397943792105988e+00
-8.431042243600118669e-01
-9.215471849386823733e-01
-9.215471849386823733e-01
-9.229126213613476626e-01
-9.229126213613476626e-01
-8.260729094080441204e-01
-9.373960371910955436e-01
-9.373960371910955436e-01
-9.378431859937269577e-01
-9.997993080839371327e-01
-6.530857564842267315e-01
-9.672699877226557108e-01
-9.672699877226557108e-01
-9.672699877226557108e-01
-9.672699877226557108e-01
-9.672699877226557108e-01
-9.462900075128383159e-01
-9.462900075128383159e-01
-9.462900075128383159e-01
-9.462900075128383159e-01
-9.462900075128383159e-01
-9.462900075128383159e-01
-9.462900075128383159e-01
-2.830994972535346710e-01
-2.830994972535346710e-01
-8.591887030045343154e-01
-8.591887030045343154e-01
-8.791613875110108056e-01
-8.791004152644432690e-01
-8.791004152644432690e-01
-8.791004152644432690e-01
-7.665492950388395066e-01
-4.341701191652345138e-01
-7.172254257858596826e-01
-7.172254257858596826e-01
-2.206788321753988535e-01
-2.206788321753988535e-01
-5.605423655610239364e-02
-5.605423655610239364e-02
-2.130603784584862159e-01
-2.130603784584862159e-01
-5.709573939926992914e-01
-1.189706430380476493e-01
-5.746596843631043838e-02
-5.213592635969814815e-01
-3.074482225779137656e-01
-3.074482225779137656e-01
-3.074482225779137656e-01
-3.210957487956059841e-01
-3.210957487956059841e-01
-3.821199642312685940e-01
-3.821199642312685940e-01
-3.821199642312685940e-01
-2.416393952889378527e-01
-8.618700572683067884e-01
-8.618700572683067884e-01
-6.018822325347258362e-01
-4.672856848280926290e-01
-4.672856848280926290e-01
-1.156603985147311997e-01
-1.296425241813148888e-01
-1.326961368037455347e-01
-8.477346391112580148e-01
-5.316048803566518766e-01
-4.162465010272841104e-01
-4.162465010272841104e-01
-4.895084446748401152e-01
-4.895084446748401152e-01
-4.895084446748401152e-01
-4.895084446748401152e-01
-4.895084446748401152e-01
-2.844358863839683421e-02
-2.876775157611182743e-01
-1.445274451038805474e-01
-1.445274451038805474e-01
-1.445274451038805474e-01
-1.445274451038805474e-01
-1.485439206172585631e-02
-1.485439206172585631e-02
-1.485439206172585631e-02
-1.485439206172585631e-02
-9.142385215194001602e-02
-9.142385215194001602e-02
-2.333360686755772684e-02
-5.496389465851719835e-02
-1.175575001061988312e+00
-1.175575001061988312e+00
-1.175575001061988312e+00
-1.175575001061988312e+00
-7.322069335849973326e-01
-7.322069335849973326e-01
-7.322069335849973326e-01
-5.545242908579897101e-01
-5.251040992043898292e-01
-5.251040992043898292e-01
-4.359297383127886949e-01
-2.469648594610093895e+00
-2.469648594610093895e+00
-9.090869080268173530e-01
-1.012286082280525523e+00
-1.012286082280525523e+00
-1.012286082280525523e+00
-1.173868575925808733e+00
-1.173868575925808733e+00
-1.173868575925808733e+00
-1.173868575925808733e+00
-1.173868575925808733e+00
-1.975978537681681635e+00
-1.599508193437273462e+00
-1.599508193437273462e+00
-1.181970590843069324e+00
-1.181970590843069324e+00
-1.181970590843069324e+00
-1.181970590843069324e+00
-1.181970590843069324e+00
-1.181970590843069324e+00
-1.181970590843069324e+00
-1.008118885652968810e+00
-1.008118885652968810e+00
-1.008118885652968810e+00
-1.008118885652968810e+00
-9.617478396195070500e-01
-9.617478396195070500e-01
-9.617478396195070500e-01
-9.617478396195070500e-01
-9.617478396195070500e-01
-2.086940048757520039e+00
-2.086940048757520039e+00
-4.463548812993853310e-02
-4.463548812993853310e-02
-6.591905599342476885e-01
-6.442071146992378594e-01
-5.019083761576256242e-01
-3.108218112821560797e-01
-3.108218112821560797e-01
-3.108218112821560797e-01
-3.108218112821560797e-01
-3.763274583488303571e-01
-3.763274583488303571e-01
-3.763274583488303571e-01
-3.822082315302715583e-01
-2.721402737139287653e-02
-3.953083252701658501e-02
-3.953083252701658501e-02
-2.848783625471432157e-02
-4.923785279859320130e-01
-3.375734699387851201e-01
-6.748517658240935635e-01
-6.614919488334290998e-01
-5.477378518813882380e-01
-6.832486128943827675e-01
-8.400810266316049990e-01
-8.400810266316049990e-01
-8.401964180328194143e-01
-7.001535386473908273e-01
-5.248791287095778690e-01
-9.426565744680838188e-01
-9.426565744680838188e-01
-6.872658861754729065e-01
-6.846044761045029237e-01
-8.674208110422749751e-01
-1.450059632726198866e-01
-5.797810467889613628e-01
-5.437080992339445862e-01
-5.437080992339445862e-01
-3.402839712157532115e-01
-3.402839712157532115e-01
-3.402839712157532115e-01
-2.491284681779704357e-01
-7.016313463506461678e-01
-7.070932629915314127e-01
-5.808412800783409047e-01
-5.808412800783409047e-01
-5.554435471959596748e-01
-6.281621825398723269e-01
-1.242202252548465641e-01
-1.242202252548465641e-01
-5.007129782244534866e-01
-6.938155021083970420e-01
-6.962582098594358726e-01
-2.486087616896310096e-02
-1.322689464397685533e-01
-1.322689464397685533e-01
-5.614421335734555152e-01
-5.614421335734555152e-01
-5.661773977954346337e-01
-5.661773977954346337e-01
-5.915607138755900607e-01
-5.965149653345402925e-01
-5.965149653345402925e-01
-7.834535939743595412e-01
-7.900297641754150391e-01
-6.789108079432528697e-01
-4.662117470290874643e-01
-4.030069475192184503e-01
-4.030069475192184503e-01
-4.030069475192184503e-01
-4.030069475192184503e-01
-4.030069475192184503e-01
-5.664192923624246090e-01
-7.602921749392157480e-01
-7.595140665028792260e-01
-7.595140665028792260e-01
-7.799079723613439041e-01
-7.799079723613439041e-01
-7.799079723613439041e-01
-7.799079723613439041e-01
-7.581572345748229802e-01
-7.581572345748229802e-01
-7.581572345748229802e-01
-6.798256195753983322e-01
-6.273480605896754048e-01
-6.273480605896754048e-01
-6.045892293321014632e-01
-7.062183967283989228e-01
-7.064168129550795205e-01
-7.064168129550795205e-01
-6.620757438484614621e-01
-7.494155239192750173e-01
-7.487219788604210224e-01
-4.599780186184505570e-01
-5.910869538214192920e-01
-5.910869538214192920e-01
-5.910869538214192920e-01
-5.668856445735545035e-01
-5.668856445735545035e-01
-5.668856445735545035e-01
-3.299574950001207818e-01
-3.299519676095440945e-01
-3.299519676095440945e-01
-3.786874831748510140e-01
-3.786874831748510140e-01
-3.786874831748510140e-01
-1.436369725098801328e-02
-1.436369725098801328e-02
-1.436369725098801328e-02
-3.617557752200795673e-01
-7.846162264479276949e-02
-3.228388712465420918e-01
-8.164550788543876170e-01
-1.246069061140713252e+00
-5.892424578876385155e-01
-5.892424578876385155e-01
-5.892424578876385155e-01
-5.892424578876385155e-01
-5.791818092703591159e-01
-5.232374937083023037e-01
-3.944718587011041833e-01
-8.532485816036537996e-01
-8.532485816036537996e-01
-8.701511710369336239e-01
-8.701511710369336239e-01
-8.701511710369336239e-01
-8.701511710369336239e-01
-8.701511710369336239e-01
-8.701511710369336239e-01
-8.281425467868607226e-01
-2.459112134535955452e+00
-2.585556721368209576e+00
-3.371832931474791462e+00
-3.091174375486647197e+00
-3.091174375486647197e+00
-3.091174375486647197e+00
-2.250173351732768001e+00
-2.250173351732768001e+00
-2.250173351732768001e+00
-2.250173351732768001e+00
-1.914649802913629184e+00
-1.914649802913629184e+00
-3.636467696147940298e-01
-3.636467696147940298e-01
-3.636467696147940298e-01
-3.636467696147940298e-01
-3.636467696147940298e-01
-4.436733845770928775e-01
-4.436733845770928775e-01
-4.436733845770928775e-01
-4.436733845770928775e-01
-4.436733845770928775e-01
-4.238321038094806648e-01
-4.238321038094806648e-01
-4.238321038094806648e-01
-1.468747341382115934e+00
-1.468747341382115934e+00
-1.468747341382115934e+00
-1.210084266917883289e+00
-1.210084266917883289e+00
-1.210084266917883289e+00
-1.210084266917883289e+00
-1.427534433441453698e+00
-1.366136634782896930e+00
-1.675190136947777519e+00
-8.906447408760026496e-01
-8.906447408760026496e-01
-6.643902389314844115e-01
-5.071370027261299374e-01
-8.986833902435593657e-01
-8.986833902435593657e-01
-4.269858505256317049e-01
-4.269858505256317049e-01
-3.881238785574130379e-01
-3.640952575275136494e-01
-3.849186188404236098e-01
-4.378858362511512392e-01
-1.626676514773250259e+00
-1.626676514773250259e+00
-1.626676514773250259e+00
-1.626676514773250259e+00
-1.626676514773250259e+00
-1.626676514773250259e+00
-1.627792477835660501e+00
-1.627792477835660501e+00
-6.724490604254756976e-01
-1.286318493618791914e+00
-3.377321573334031601e+00
-3.377321573334031601e+00
-8.626832105005676210e-01
-7.976784760819793929e-01
-7.976784760819793929e-01
-7.977342628384183065e-01
-1.645746781538822701e-01
-1.645746781538822701e-01
-6.863377974092618738e-02
-6.863377974092618738e-02
-6.863377974092618738e-02
-6.863377974092618738e-02
-6.863377974092618738e-02
-6.863377974092618738e-02
-6.438991193789597167e-01
-7.062158182291865260e-02
-7.039460978590050821e-02
-7.039460978590050821e-02
-1.800658170625310806e-01
-1.501153007748021961e+00
-1.501153007748021961e+00
-1.501153007748021961e+00
-1.501153007748021961e+00
-1.501153007748021961e+00
-1.501153007748021961e+00
