# Variable: dg_gbsa_00000052
# Sample shape: (1000,)
# Date: 2014-03-03 23:31:52.159190
-6.019168214633860980e-01
-3.349556236832365030e-01
-3.349556236832365030e-01
-2.837138068835548532e-01
-2.837138068835548532e-01
-2.786814881556348711e-01
-2.786814881556348711e-01
-1.862484313561857119e-01
-1.862484313561857119e-01
-3.043232809745102796e-01
-3.312354049080872276e-01
-3.312354049080872276e-01
-3.312354049080872276e-01
-7.435249923292126806e-02
-7.435249923292126806e-02
-7.435249923292126806e-02
-7.861909629282030076e-01
-1.283548843564312480e-01
-1.681586602848756870e-02
-1.681586602848756870e-02
-1.681586602848756870e-02
-9.314385358507729085e-02
-7.192000148401205273e-01
-7.192000148401205273e-01
-5.174237615063814744e-01
-5.174237615063814744e-01
-5.174237615063814744e-01
-3.073327172098834215e-01
-3.073327172098834215e-01
-3.653694635139596580e-01
-3.653694635139596580e-01
-3.653694635139596580e-01
-3.653694635139596580e-01
-6.240585224122435770e-01
-6.240585224122435770e-01
-1.830062606366597011e-01
-1.830062606366597011e-01
-3.438800801282630992e-01
-3.438800801282630992e-01
-3.438800801282630992e-01
-3.438800801282630992e-01
-3.438800801282630992e-01
-3.438800801282630992e-01
-3.749163212329433836e-01
-3.441977341361984744e-01
-3.441977341361984744e-01
-3.441977341361984744e-01
-5.669399497613851757e-01
-5.669399497613851757e-01
-5.669399497613851757e-01
-2.534327099017841256e-01
-2.534327099017841256e-01
-5.300773261382064616e-01
-4.499838696383153258e-01
-5.120886329483119725e-01
-5.120886329483119725e-01
-5.120886329483119725e-01
-1.561085677511605263e-01
-2.284222220143669879e-01
-2.284222220143669879e-01
-2.284222220143669879e-01
-2.284222220143669879e-01
-4.991745401750786737e-01
-3.169616880198053432e-01
-3.054799586819417212e-01
-3.054799586819417212e-01
-3.054799586819417212e-01
-4.253762117079521454e-01
-4.253762117079521454e-01
-1.513290274211598896e-01
-1.513290274211598896e-01
-1.513290274211598896e-01
-3.380730149850790234e-01
-3.380730149850790234e-01
-3.842106284876398159e-01
-3.601151089367401470e-01
-1.882323371976556969e-01
-2.697205053460757229e-01
-2.697205053460757229e-01
-2.697205053460757229e-01
-2.697205053460757229e-01
-2.697205053460757229e-01
-3.024773889472334165e-01
-4.245021717042357645e-01
-4.245021717042357645e-01
-4.245021717042357645e-01
-4.245021717042357645e-01
-4.245021717042357645e-01
-3.893974007429629736e-01
-3.893974007429629736e-01
-3.893974007429629736e-01
-3.893974007429629736e-01
-4.248145547469304728e-01
-4.248145547469304728e-01
-4.477362445845886607e-01
-4.168365357254932291e-01
-6.906168524667364306e-01
-6.906168524667364306e-01
-7.370772484839531735e-01
-7.370772484839531735e-01
-4.151541006040846415e-01
-4.151541006040846415e-01
-5.531183392322314152e-01
-5.531183392322314152e-01
-5.531183392322314152e-01
-5.440205392600473422e-01
-5.440205392600473422e-01
-1.411707947176683298e-01
-2.347889639451444244e-01
-2.347889639451444244e-01
-2.347889639451444244e-01
-4.594419472076240463e-01
-3.755620572124794831e-01
-5.754993704947185540e-01
-5.754993704947185540e-01
-5.754993704947185540e-01
-5.754993704947185540e-01
-5.754993704947185540e-01
-4.881680239682899547e-01
-4.881680239682899547e-01
-3.035408417991652397e-01
-3.035408417991652397e-01
-3.035408417991652397e-01
-3.035528937899587554e-01
-3.035528937899587554e-01
-3.035528937899587554e-01
-3.715722499340487484e-01
-3.715722499340487484e-01
-3.715722499340487484e-01
-3.715722499340487484e-01
-2.365785278736063368e-01
-2.812324928735911445e-01
-1.536020385831537438e-01
-1.536020385831537438e-01
-1.165222868066900647e-01
-1.165222868066900647e-01
-3.502584039367179769e-01
-3.502584039367179769e-01
-3.502584039367179769e-01
-3.502584039367179769e-01
-3.502584039367179769e-01
-2.453144262215375404e-01
-2.453144262215375404e-01
-2.850734879820114309e-01
-2.850734879820114309e-01
-2.850734879820114309e-01
-2.850734879820114309e-01
-4.428093736531857338e-01
-5.001022870408416976e-01
-5.001022870408416976e-01
-2.310624769951143687e-01
-2.310624769951143687e-01
-5.892977317934053882e-01
-7.091417025425693632e-01
-2.516080157022859143e-01
-5.398380140957367290e-01
-5.398380140957367290e-01
-4.283581819406658830e-01
-4.283581819406658830e-01
-4.283581819406658830e-01
-4.283581819406658830e-01
-6.248756074996568710e-01
-4.321277198554452914e-01
-1.956973488426572982e-01
-5.580141826979744257e-01
-6.406596696171660277e-01
-6.406596696171660277e-01
-6.406596696171660277e-01
-6.406596696171660277e-01
-3.733760597145124316e-01
-6.812710037194975587e-01
-4.465273700754227582e-01
-5.685463690165123429e-01
-5.685463690165123429e-01
-4.481142725133074878e-01
-1.901883639067582232e-01
-1.901883639067582232e-01
-1.933513704267104116e-01
-2.922527990651175855e-01
-2.922527990651175855e-01
-2.848423917708387543e-01
-5.832848425804998405e-01
-4.029046053184378029e-01
-4.029046053184378029e-01
-4.029046053184378029e-01
-4.029046053184378029e-01
-6.909650210896595146e-01
-6.909650210896595146e-01
-6.909650210896595146e-01
-6.909650210896595146e-01
-6.909650210896595146e-01
-6.909650210896595146e-01
-5.059120873876100655e-01
-5.059120873876100655e-01
-5.819828856743544110e-01
-5.819828856743544110e-01
-5.819828856743544110e-01
-1.963704795955927840e-01
-2.990800096701481392e-01
-6.684383402363063276e-01
-6.684383402363063276e-01
-6.684383402363063276e-01
-6.684383402363063276e-01
-6.729221366787503378e-01
-6.392297849600446780e-01
-6.392297849600446780e-01
-3.896603221875075684e-01
-2.245256395914358438e-01
-7.906987493854179538e-01
-7.906987493854179538e-01
-2.643505314340098833e-01
-2.643505314340098833e-01
-6.110912071359316800e-01
-6.110912071359316800e-01
-6.110912071359316800e-01
-6.110912071359316800e-01
-5.186057113552640097e-01
-6.041134748586505232e-01
-5.895896008092176288e-01
-5.895896008092176288e-01
-5.895896008092176288e-01
-5.895896008092176288e-01
-8.245683195030255597e-01
-8.245683195030255597e-01
-8.245683195030255597e-01
-6.644179898511838323e-01
-6.644179898511838323e-01
-6.537637450726948574e-01
-4.576622129170433984e-01
-6.528301289159070819e-01
-4.739345373660610594e-01
-4.194513903521214782e-01
-4.194513903521214782e-01
-4.194513903521214782e-01
-4.194513903521214782e-01
-6.793624584351168894e-01
-6.793624584351168894e-01
-6.793624584351168894e-01
-6.793624584351168894e-01
-6.793624584351168894e-01
-5.053491482999082907e-01
-5.053491482999082907e-01
-7.348729593120159054e-01
-7.348729593120159054e-01
-1.580691816246076464e-01
-4.781858415038361954e-01
-3.481619273727299957e-01
-3.297849492406753624e-01
-3.297849492406753624e-01
-4.002725417025914112e-01
-4.856384165200402503e-01
-3.529805868123274681e-01
-4.000025828071579470e-01
-4.000025828071579470e-01
-4.863561795272972610e-01
-4.863561795272972610e-01
-4.863561795272972610e-01
-4.863561795272972610e-01
-4.863561795272972610e-01
-4.863561795272972610e-01
-4.863561795272972610e-01
-4.821619727643451925e-01
-4.821619727643451925e-01
-2.591327032213229242e-01
-2.591327032213229242e-01
-2.591327032213229242e-01
-3.834500709409695562e-01
-3.834500709409695562e-01
-3.834500709409695562e-01
-2.650754173672677516e-01
-2.650754173672677516e-01
-2.650754173672677516e-01
-2.650754173672677516e-01
-2.650754173672677516e-01
-2.804219323863946789e-01
-2.804219323863946789e-01
-2.804219323863946789e-01
-2.159283106459258250e-01
-2.200428830961879967e-01
-2.200428830961879967e-01
-2.200428830961879967e-01
-2.200428830961879967e-01
-2.200428830961879967e-01
-2.200428830961879967e-01
-1.366408702064426661e-01
-4.653397014446513658e-01
-4.653397014446513658e-01
-5.564138036840959867e-01
-3.012148930511328593e-01
-2.125415445285818994e-01
-5.201759461463066891e-01
-1.429744762854639750e-01
-4.404657315569671105e-01
-5.414530378454729398e-01
-5.414530378454729398e-01
-5.414530378454729398e-01
-5.414530378454729398e-01
-5.414530378454729398e-01
-5.414530378454729398e-01
-4.741421564131347854e-01
-5.290322504353568434e-01
-4.017771600993139680e-01
-4.017771600993139680e-01
-4.665868972957020189e-01
-1.251050778602322833e-01
-1.314881882749597553e-01
-5.064744566412318072e-01
-5.064744566412318072e-01
-4.758966755456723319e-01
-4.758966755456723319e-01
-5.219798129101783646e-01
-5.219798129101783646e-01
-5.219798129101783646e-01
-5.219798129101783646e-01
-5.219798129101783646e-01
-4.523955784153983473e-01
-4.523955784153983473e-01
-5.288650041328560869e-01
-5.288650041328560869e-01
-5.288650041328560869e-01
-5.288650041328560869e-01
-5.392650459282256614e-01
-5.392646470443696050e-01
-3.384429227781569072e-01
-2.007042814623101468e-01
-1.305564953081922164e-01
-1.305564953081922164e-01
-1.305564953081922164e-01
-1.243992528769527622e-01
-1.243992528769527622e-01
-1.243992528769527622e-01
-1.672995962330761643e-01
-1.672995962330761643e-01
-1.672995962330761643e-01
-3.820850334021602679e-01
-5.511052293941577362e-01
-5.511052293941577362e-01
-1.440411629458002440e-01
-1.440411629458002440e-01
-1.440411629458002440e-01
-1.440411629458002440e-01
-1.440411629458002440e-01
-3.866900620451392823e-01
-1.528040429374227793e-01
-3.093552008185742053e-01
-3.634579835840666129e-01
-3.634579835840666129e-01
-3.388959978552210650e-01
-3.388959978552210650e-01
-3.388959978552210650e-01
-3.388959978552210650e-01
-3.388959978552210650e-01
-3.388959978552210650e-01
-5.264444059441240054e-01
-5.264444059441240054e-01
-5.264444059441240054e-01
-5.264444059441240054e-01
-5.264444059441240054e-01
-5.264444059441240054e-01
-5.264444059441240054e-01
-1.348980896559545672e-01
-1.348980896559545672e-01
-1.348980896559545672e-01
-2.778171068395756671e-01
-2.778171068395756671e-01
-5.473499088396761580e-01
-5.473499088396761580e-01
-1.247320644714180332e-01
-2.922843108897454911e-01
-2.922843108897454911e-01
-2.922843108897454911e-01
-2.922843108897454911e-01
-2.922843108897454911e-01
-2.922843108897454911e-01
-2.922843108897454911e-01
-2.922843108897454911e-01
-2.922843108897454911e-01
-2.922843108897454911e-01
-3.214182463932219735e-01
-3.214182463932219735e-01
-2.746365494299572996e-01
-2.022114926040970151e-01
-3.239143760892674306e-01
-3.239143760892674306e-01
-3.239143760892674306e-01
-2.781572408019698517e-01
-2.781572408019698517e-01
-2.580133211544320959e-01
-2.580133211544320959e-01
-2.580133211544320959e-01
-2.580133211544320959e-01
-2.580133211544320959e-01
-3.132093306025400814e-01
-2.078558131340128845e-01
-2.241226101924538583e-01
-3.206127574293380911e-01
-3.979810394246992566e-01
-4.082881412816092848e-01
-4.082881412816092848e-01
-4.082881412816092848e-01
-4.082881412816092848e-01
-4.082881412816092848e-01
-4.082881412816092848e-01
-4.083012759571549299e-01
-4.576455737619053443e-01
-4.576455737619053443e-01
-4.576455737619053443e-01
-4.576455737619053443e-01
-4.576455737619053443e-01
-4.573373220162911257e-01
-4.730512660502475542e-01
-4.730512660502475542e-01
-4.730512660502475542e-01
-4.730512660502475542e-01
-3.322748962369521109e-01
-3.322748962369521109e-01
-3.322748962369521109e-01
-3.120270673449134780e-01
-3.120270673449134780e-01
-1.212418877143932733e-01
-1.083266766417778637e-01
-9.754282310177672666e-02
-9.754282310177672666e-02
-9.754282310177672666e-02
-9.678898247432525526e-02
-9.678898247432525526e-02
-9.678898247432525526e-02
-9.678898247432525526e-02
-9.678898247432525526e-02
-4.107347523960966917e-01
-4.860953094854409406e-01
-4.860953094854409406e-01
-4.860953094854409406e-01
-4.860953094854409406e-01
-4.860953094854409406e-01
-4.860953094854409406e-01
-2.664189436695543756e-01
-2.664189436695543756e-01
-1.354069657353096645e-01
-1.298277202573378530e-01
-1.298277202573378530e-01
-4.330281146853648955e-01
-3.752203562063650688e-01
-3.752203562063650688e-01
-3.394932124628391445e-01
-1.468425242668356112e-01
-1.565558590123120042e-01
-1.565558590123120042e-01
-1.514286771559122668e-01
-1.444653189433008356e-01
-6.645566874662730550e-01
-2.898522020525959308e-01
-2.898522020525959308e-01
-2.898522020525959308e-01
-5.132384441550784659e-01
-4.477280389738356181e-01
-4.477280389738356181e-01
-4.407077970741811734e-01
-2.244679581366806898e-01
-2.244679581366806898e-01
-4.699335043562529735e-01
-4.699335043562529735e-01
-4.699335043562529735e-01
-2.649533304156126423e-01
-2.649533304156126423e-01
-2.649533304156126423e-01
-5.061107885313307353e-01
-5.061107885313307353e-01
-5.061107885313307353e-01
-4.314559424584499814e-01
-4.314559424584499814e-01
-3.846682052539365793e-01
-4.869094314356378628e-01
-4.869094314356378628e-01
-3.090780905054358318e-01
-3.090780905054358318e-01
-3.090780905054358318e-01
-4.821250475159566395e-01
-4.821250475159566395e-01
-4.791473795305474237e-01
-4.791473795305474237e-01
-4.791473795305474237e-01
-4.791473795305474237e-01
-5.695042031217031342e-01
-4.447795464933260168e-01
-4.447795464933260168e-01
-4.447795464933260168e-01
-4.447795464933260168e-01
-2.887092288547902230e-01
-4.189442950042666092e-01
-3.946375949432927022e-01
-3.946375949432927022e-01
-4.166164942954739825e-01
-4.166164942954739825e-01
-4.166164942954739825e-01
-4.166164942954739825e-01
-4.238665502796209461e-01
-4.238665502796209461e-01
-2.185259562833359315e-01
-4.631593453040769859e-01
-4.631593453040769859e-01
-4.034132962017168422e-01
-4.034132962017168422e-01
-2.827120670624946319e-01
-5.284858365359771382e-01
-5.284858365359771382e-01
-5.284858365359771382e-01
-5.284858365359771382e-01
-5.272841134445160893e-01
-5.272841134445160893e-01
-5.272841134445160893e-01
-4.757396292732049004e-01
-4.757396292732049004e-01
-4.757396292732049004e-01
-4.757396292732049004e-01
-3.639673012848337885e-01
-4.246519241004783063e-01
-5.150685232866334395e-01
-5.111933666251129438e-01
-5.111933666251129438e-01
-5.355610674243583835e-01
-5.355610674243583835e-01
-5.355610674243583835e-01
-5.355610674243583835e-01
-5.355610674243583835e-01
-5.355610674243583835e-01
-5.355610674243583835e-01
-5.355610674243583835e-01
-5.355610674243583835e-01
-5.355610674243583835e-01
-1.356907431071848469e-01
-1.356907431071848469e-01
-1.189746959829421497e-01
-3.115465262651899159e-01
-3.115465262651899159e-01
-3.487141820714305118e-01
-3.487141820714305118e-01
-3.487141820714305118e-01
-3.501738120675314536e-01
-3.501738120675314536e-01
-5.208065815227209683e-01
-5.208065815227209683e-01
-5.208065815227209683e-01
-5.208065815227209683e-01
-5.208065815227209683e-01
-5.208065815227209683e-01
-5.208065815227209683e-01
-5.208065815227209683e-01
-5.208065815227209683e-01
-5.208065815227209683e-01
-5.208065815227209683e-01
-1.740442093882004493e-01
-1.740442093882004493e-01
-1.740442093882004493e-01
-1.740442093882004493e-01
-2.590341219254707061e-01
-2.590341219254707061e-01
-2.454847211363666570e-01
-1.827371849840503382e-01
-1.827371849840503382e-01
-1.827371849840503382e-01
-1.827371849840503382e-01
-1.827371849840503382e-01
-1.827371849840503382e-01
-1.513289846836038954e-01
-1.342987809080922468e-01
-2.399644819773861792e-01
-2.399644819773861792e-01
-2.399644819773861792e-01
-2.399644819773861792e-01
-2.399644819773861792e-01
-3.424795063116354427e-02
-3.604298852825711663e-02
-3.479061074854082614e-02
-2.537486259157752944e-01
-2.537486259157752944e-01
-2.537486259157752944e-01
-1.520762508503565591e-01
-5.186240600126422740e-01
-2.590538951680491642e-01
-2.590538951680491642e-01
-2.590538951680491642e-01
-2.559233122072529509e-01
-3.042851305828495612e-01
-2.892408270680881244e-01
-2.892408270680881244e-01
-2.892408270680881244e-01
-2.892408270680881244e-01
-2.497005246109533783e-01
-2.304763029227976934e-01
-2.690938588082220639e-01
-2.690938588082220639e-01
-2.690938588082220639e-01
-2.690938588082220639e-01
-2.690938588082220639e-01
-2.690938588082220639e-01
-2.690938588082220639e-01
-2.690938588082220639e-01
-1.626377836240181229e-01
-2.681225481270376187e-01
-2.681225481270376187e-01
-2.244423156030775079e-01
-8.308652425131422825e-02
-8.308652425131422825e-02
-1.857443561289552070e-01
-1.857443561289552070e-01
-1.857443561289552070e-01
-2.608274182671570518e-01
-5.573244412816049514e-02
-5.573244412816049514e-02
-4.325603735036648995e-02
-4.325603735036648995e-02
-4.325603735036648995e-02
-4.325603735036648995e-02
-2.487950297660171117e-01
-2.487950297660171117e-01
-2.487950297660171117e-01
-2.487950297660171117e-01
-2.487950297660171117e-01
-4.575906916170685568e-02
-4.575906916170685568e-02
-2.451819682896251018e-01
-4.160059811850122524e-02
-4.160059811850122524e-02
-4.160059811850122524e-02
-3.769371238310979810e-02
-3.769371238310979810e-02
-3.769371238310979810e-02
-1.475959873792090371e-01
-1.475959873792090371e-01
-1.475959873792090371e-01
-1.475959873792090371e-01
-1.475959873792090371e-01
-9.596755810039220291e-01
-8.264808678718187085e-02
-8.264808678718187085e-02
-1.318519845975288651e-01
-1.318519845975288651e-01
-1.318519845975288651e-01
-1.318519845975288651e-01
-1.318519845975288651e-01
-1.318519845975288651e-01
-1.318519845975288651e-01
-1.318519845975288651e-01
-3.908808925411669244e-02
-1.202906636845313265e-01
-1.202906636845313265e-01
-2.134380217492010401e-01
-1.192201733817105924e-01
-1.413959361627042666e-01
-1.413959361627042666e-01
-1.413959361627042666e-01
-1.413959361627042666e-01
-1.413959361627042666e-01
-2.664858136988506598e-01
-1.506270488179208555e-01
-2.255189031305550040e-01
-2.394643955887161557e-01
-2.394643955887161557e-01
-2.394643955887161557e-01
-2.147053612349821838e-01
-7.526350009965622478e-02
-7.526350009965622478e-02
-1.102053127598807969e-01
-4.427357582129665819e-02
-8.195749061969223592e-02
-8.195749061969223592e-02
-8.195749061969223592e-02
-8.195749061969223592e-02
-1.493251186227479224e-02
-1.493251186227479224e-02
-1.493251186227479224e-02
-2.906668973983359688e-02
-2.906668973983359688e-02
-2.906668973983359688e-02
-2.095283473882802658e-03
-2.095283473882802658e-03
-6.248311889331153307e-02
-6.248311889331153307e-02
-5.956849948739913886e-02
-5.956849948739913886e-02
-4.627449833298276360e-03
-4.709242837749293316e-03
-4.709242837749293316e-03
-4.709242837749293316e-03
-2.440764616825840186e-02
-2.440764616825840186e-02
-2.440764616825840186e-02
-2.440764616825840186e-02
-2.440764616825840186e-02
-2.440764616825840186e-02
-2.396977996279130996e-01
-2.396977996279130996e-01
-2.396977996279130996e-01
-1.712478510323149758e-03
-5.018940092158818977e-02
-5.852246717558763356e-01
-4.123048376056933501e-02
-4.123048376056933501e-02
-4.123048376056933501e-02
-4.123048376056933501e-02
-4.123048376056933501e-02
-3.416522496858928615e-02
-4.612013740361762398e-02
-1.095616780435149928e-01
-1.064516960092985798e+00
-1.064516960092985798e+00
-7.470428630225288413e-02
-7.290800545457215565e-02
-2.372201824165438844e-02
-2.372201824165438844e-02
-2.372201824165438844e-02
-2.372201824165438844e-02
-4.218973532803427934e-02
-6.957727094424841566e-03
-6.957727094424841566e-03
-6.957727094424841566e-03
-6.957727094424841566e-03
-7.646938013073134588e-01
-7.646938013073134588e-01
-2.517073057292752020e-02
-8.590252318528140973e-03
-1.698589027212864949e-02
-1.698636038524470662e-02
-1.698636038524470662e-02
-1.330795051462335676e-02
-1.330795051462335676e-02
-2.530853737708373130e-03
-1.879432995449288601e-02
-1.879432995449288601e-02
-1.879432995449288601e-02
-9.334473211823981782e-04
-9.334473211823981782e-04
-9.334473211823981782e-04
-1.517858313499855470e-02
-1.517858313499855470e-02
-1.517858313499855470e-02
-1.517858313499855470e-02
-1.209079471361568583e-02
-1.209079471361568583e-02
-1.209079471361568583e-02
-2.183211543534955418e-02
-2.183211543534955418e-02
-2.183211543534955418e-02
-2.138299358221586524e-02
-2.138299358221586524e-02
-2.987015401200172199e-02
-4.226602720769823476e-03
-4.226602720769823476e-03
-4.226602720769823476e-03
-2.029751130089477162e-02
-2.029751130089477162e-02
-2.029751130089477162e-02
-3.231336526487228831e-03
-7.262626612989897881e-03
-4.569622714706406130e-02
-4.569622714706406130e-02
-3.290908628394453167e-02
-3.290908628394453167e-02
-3.290908628394453167e-02
-1.617533334639514528e-02
-1.617533334639514528e-02
-4.546946968819169481e-03
-2.710249748643679679e-03
-2.710249748643679679e-03
-7.297067740935667818e-03
-7.297067740935667818e-03
-7.297067740935667818e-03
-7.297067740935667818e-03
-3.536515379499066691e-01
-6.673997036585616049e-01
-6.673997036585616049e-01
-2.571842481825593191e-02
-2.571842481825593191e-02
-2.571842481825593191e-02
-2.571842481825593191e-02
-1.962624319310853765e-02
-1.962624319310853765e-02
-1.962624319310853765e-02
-1.962624319310853765e-02
-1.869981228792416683e-02
-1.869981228792416683e-02
-4.974204110227396520e-04
-5.114521300616045206e-04
-5.114521300616045206e-04
-5.114521300616045206e-04
-1.101364358461837632e-02
-1.551199661671089514e-03
-2.994447462189493703e-02
-5.114438051418410125e-03
-6.420416739657093530e-02
-6.420416739657093530e-02
-6.420416739657093530e-02
-7.012985062644767897e-02
-4.691492702035557349e-01
-9.334820178453142603e-01
-9.334820178453142603e-01
-5.314244250330653428e-04
-1.891764026868867493e-02
-2.794814906857665416e-03
-8.569387131393753354e-02
-7.179207355496304219e-03
-2.273566037929308781e-02
-2.273566037929308781e-02
-2.806654367346608434e-02
-2.806654367346608434e-02
-2.806654367346608434e-02
-2.806654367346608434e-02
-2.806654367346608434e-02
-2.806654367346608434e-02
-4.417810991520406891e-03
-6.411788027099624143e-02
-6.411788027099624143e-02
-6.063469110437834375e-02
-1.723817362669093078e-02
-1.036770713033001501e+00
-1.036770713033001501e+00
-1.036770713033001501e+00
-1.185421941420828967e-03
-1.185421941420828967e-03
-1.998993089105613116e-02
-5.955048916900590461e-02
-5.955048916900590461e-02
-6.251606509716287237e-03
-1.287157958939699927e-02
-1.287157958939699927e-02
-1.287157958939699927e-02
-6.235318960012942169e-02
-4.812846063541864616e-02
-4.812846063541864616e-02
-4.874036271645051238e-02
-4.874036271645051238e-02
-4.874036271645051238e-02
-4.874036271645051238e-02
-4.874036271645051238e-02
-1.991407350987822733e-02
-1.991407350987822733e-02
-1.824919818179329342e-02
-1.824919818179329342e-02
-1.934069933558513199e-02
-5.357353867923780183e-03
-5.357353867923780183e-03
-5.357353867923780183e-03
-2.305234834038960481e-03
-3.287861796797575398e-02
-3.287861796797575398e-02
-3.287861796797575398e-02
-3.287861796797575398e-02
-3.287861796797575398e-02
-3.102989190651627305e-03
-3.102989190651627305e-03
-1.235164071559678028e-02
-7.683756257305865553e-04
-7.683756257305865553e-04
-7.683756257305865553e-04
-2.253982692558040568e-01
-2.253982692558040568e-01
-1.529603484255861665e-02
-1.529603484255861665e-02
-4.364066609461038082e-01
-5.744010722887903375e-01
-5.744010722887903375e-01
-5.530865424905634375e-01
-5.530865424905634375e-01
-5.530865424905634375e-01
-5.530865424905634375e-01
-8.392129022179324258e-03
-8.392129022179324258e-03
-8.392129022179324258e-03
-8.392129022179324258e-03
-4.542695561398966964e-02
-4.542695561398966964e-02
-4.542695561398966964e-02
-3.477959514348046011e-02
-2.478731058922598041e-02
-2.478731058922598041e-02
-2.526639146911938139e-02
-2.526639146911938139e-02
-4.657075863267449989e-02
-1.933470361262388734e-02
-5.393729760644540294e-03
-5.393729760644540294e-03
-3.737690867446576484e-03
-1.283951039580952247e-02
-1.283951039580952247e-02
-1.283951039580952247e-02
-1.283951039580952247e-02
-1.283951039580952247e-02
-8.414234132657315290e-03
-8.414234132657315290e-03
-8.414234132657315290e-03
-8.414234132657315290e-03
-8.414234132657315290e-03
-3.912262547312457261e-01
-3.912262547312457261e-01
-3.912262547312457261e-01
-3.912262547312457261e-01
-4.147866430975510887e-01
-1.863441314284705608e-02
-2.295474733722825122e-01
-3.216746770714482614e-03
-3.216746770714482614e-03
-3.216746770714482614e-03
-3.216746770714482614e-03
-3.216746770714482614e-03
-5.957234675780537052e-03
-5.012089618077469368e-03
-1.851008514059888964e-03
-1.851008514059888964e-03
-1.299224106548621006e-02
-1.299224106548621006e-02
-2.593964420216261346e-03
-2.593964420216261346e-03
-2.593964420216261346e-03
-2.666162398161213334e-03
-2.666162398161213334e-03
-1.909780221676051458e-03
-1.909780221676051458e-03
-1.769301875086632964e-03
-1.769301875086632964e-03
-1.769301875086632964e-03
-1.769301875086632964e-03
-8.688689018982545531e-02
-8.688689018982545531e-02
-1.443603969077592161e-03
-1.443603969077592161e-03
-1.609384952145085377e-03
-3.979662807220254311e-02
-6.833766813231471546e-03
-6.833766813231471546e-03
-3.545754099439252238e-02
-2.095019925620770010e-02
-2.095019925620770010e-02
-2.095019925620770010e-02
-2.095019925620770010e-02
-2.095019925620770010e-02
-2.095019925620770010e-02
-3.059330907424138990e-02
-1.025837236199791426e-03
-2.047468268848513795e-01
-2.047468268848513795e-01
-2.047468268848513795e-01
-2.047468268848513795e-01
-7.289353166893835926e-04
-2.473591867812960626e-03
-2.096732766732545099e-03
-2.095218477183044548e-02
-9.636682267683641459e-03
-2.655714401266542988e-03
-2.655714401266542988e-03
-4.434345528682832882e-03
-4.434345528682832882e-03
-4.434345528682832882e-03
-4.434345528682832882e-03
-4.434345528682832882e-03
-1.725264607677610062e-03
-7.927596683028095281e-01
-7.927596683028095281e-01
-7.927596683028095281e-01
-6.361703885217014076e-02
-6.361703885217014076e-02
-4.915896283167042226e-03
-2.158382581635938987e-03
-2.158382581635938987e-03
-9.222645276933052680e-03
-9.222645276933052680e-03
-9.222645276933052680e-03
-9.222645276933052680e-03
-3.437426860086320590e-02
-1.298771533637839981e-01
-1.298771533637839981e-01
-1.298771533637839981e-01
-9.340386887581351993e-02
-3.123640957115712824e-02
-3.123640957115712824e-02
-3.123640957115712824e-02
-3.123640957115712824e-02
-3.123640957115712824e-02
-3.123640957115712824e-02
-3.123640957115712824e-02
-2.249043628958055391e-03
-5.926591260483342616e-01
-1.165888095933438270e-02
-2.494762628472785640e-02
-2.494762628472785640e-02
-2.494762628472785640e-02
-2.494762628472785640e-02
-2.494762628472785640e-02
-2.608472707522872455e-03
-2.608472707522872455e-03
-2.608472707522872455e-03
-1.737762983339922324e-02
-1.737762983339922324e-02
-1.161615764918108411e-02
-1.981804400226581941e-02
-1.981804400226581941e-02
-1.413783394192019574e-03
-1.616876565247603037e-01
-1.616876565247603037e-01
-1.616876565247603037e-01
