# Variable: dg_gbsa_00000239
# Sample shape: (1000,)
# Date: 2014-03-03 23:31:52.318564
-4.265519005048799134e-02
-5.824646661432021644e-02
-8.570074807161581987e+00
-8.570074807161581987e+00
-8.570074807161581987e+00
-8.469928974859117332e+00
-8.469928974859117332e+00
-8.469928974859117332e+00
-8.469928974859117332e+00
-8.469928974859117332e+00
-8.469928974859117332e+00
-8.171990542293277926e+00
-8.171990542293277926e+00
-9.704633607007348672e+00
-9.186310704306023922e+00
-9.186310704306023922e+00
-7.450589258401844717e+00
-1.030474912596022286e+01
-1.030474912596022286e+01
-9.033928865684377030e+00
-9.033928865684377030e+00
-9.165613418783330246e+00
-6.516201774203298491e+00
-6.516201774203298491e+00
-6.516201774203298491e+00
-6.516201774203298491e+00
-6.516201774203298491e+00
-6.516201774203298491e+00
-6.516201774203298491e+00
-6.516201774203298491e+00
-6.516201774203298491e+00
-6.516201774203298491e+00
-6.516201774203298491e+00
-6.556633097719735126e+00
-6.556633097719735126e+00
-6.596844237347633033e+00
-6.596844237347633033e+00
-6.596844237347633033e+00
-6.596844237347633033e+00
-6.596844237347633033e+00
-4.961280020427521364e+00
-4.961280020427521364e+00
-4.961280020427521364e+00
-4.870961318736322099e+00
-5.186195355300465160e+00
-5.391316477700811127e+00
-5.461321278238387755e+00
-5.461321278238387755e+00
-5.506394698104712049e+00
-5.506394698104712049e+00
-5.506394698104712049e+00
-5.506394698104712049e+00
-5.506394698104712049e+00
-5.506394698104712049e+00
-5.506394698104712049e+00
-5.506394698104712049e+00
-5.506394698104712049e+00
-5.506394698104712049e+00
-5.506394698104712049e+00
-5.506394698104712049e+00
-5.552041598989220006e+00
-5.531184304056841583e+00
-5.531184304056841583e+00
-5.531184304056841583e+00
-5.531184304056841583e+00
-5.137523319251678267e+00
-5.137523319251678267e+00
-5.137523319251678267e+00
-5.137523319251678267e+00
-5.136660818388083527e+00
-5.309951009075682293e+00
-5.309951009075682293e+00
-5.342189030255231508e+00
-5.342189030255231508e+00
-5.253002702847949124e+00
-5.253002702847949124e+00
-5.639080791582796515e+00
-5.440895689605071084e+00
-5.440895689605071084e+00
-5.440895689605071084e+00
-5.440895689605071084e+00
-5.440895689605071084e+00
-5.539531689528980785e+00
-5.539531689528980785e+00
-5.539531689528980785e+00
-5.366458035791809245e+00
-5.366458035791809245e+00
-5.366458035791809245e+00
-5.366458035791809245e+00
-5.366458035791809245e+00
-5.352273270003426120e+00
-5.632144315292912040e+00
-5.632144315292912040e+00
-5.632144315292912040e+00
-5.354235322707925349e+00
-5.407487913025952331e+00
-4.600321129676716581e+00
-4.600321129676716581e+00
-8.983598384528953318e+00
-8.983598384528953318e+00
-9.515428634264273100e+00
-9.515428634264273100e+00
-9.515428634264273100e+00
-9.801639425594993682e+00
-9.801639425594993682e+00
-9.104601967631060333e+00
-7.804782167219523004e+00
-7.804782167219523004e+00
-7.804782167219523004e+00
-7.804782167219523004e+00
-7.804782167219523004e+00
-7.804782167219523004e+00
-7.804782167219523004e+00
-7.804782167219523004e+00
-7.804782167219523004e+00
-7.804782167219523004e+00
-7.804782167219523004e+00
-7.222537100884927952e+00
-7.431514404471927904e+00
-7.431514404471927904e+00
-7.431514404471927904e+00
-7.431514404471927904e+00
-7.478727209408469356e+00
-7.478727209408469356e+00
-4.295315842783473670e+00
-6.911157422038382236e+00
-6.928796294086521534e+00
-6.928796294086521534e+00
-6.928796294086521534e+00
-6.928796294086521534e+00
-6.928796294086521534e+00
-6.928796294086521534e+00
-6.928796294086521534e+00
-6.921940050435111402e+00
-6.921940050435111402e+00
-6.921940050435111402e+00
-6.921940050435111402e+00
-6.881150871116389567e+00
-6.881150871116389567e+00
-6.881150871116389567e+00
-6.881150871116389567e+00
-6.805994314627710651e+00
-6.805994314627710651e+00
-6.805994314627710651e+00
-6.805994314627710651e+00
-6.805994314627710651e+00
-6.805994314627710651e+00
-6.459463166917030819e+00
-6.459463166917030819e+00
-6.459463166917030819e+00
-6.459463166917030819e+00
-6.459463166917030819e+00
-6.459463166917030819e+00
-6.459463166917030819e+00
-6.459463166917030819e+00
-6.459463166917030819e+00
-6.459463166917030819e+00
-6.459463166917030819e+00
-6.459463166917030819e+00
-6.459463166917030819e+00
-6.459463166917030819e+00
-6.459463166917030819e+00
-6.459463166917030819e+00
-5.859003468179794005e+00
-5.859003468179794005e+00
-5.859003468179794005e+00
-5.859003468179794005e+00
-5.859003468179794005e+00
-5.859003468179794005e+00
-5.859003468179794005e+00
-5.860634105383323522e+00
-5.860634105383323522e+00
-5.860634105383323522e+00
-5.860634105383323522e+00
-5.860634105383323522e+00
-5.720394747207087072e+00
-5.720394747207087072e+00
-5.720394747207087072e+00
-5.720394747207087072e+00
-5.720394747207087072e+00
-5.720394747207087072e+00
-5.720394747207087072e+00
-5.720394747207087072e+00
-5.720394747207087072e+00
-5.753533106233147620e+00
-5.753533106233147620e+00
-5.753533106233147620e+00
-5.753533106233147620e+00
-5.753533106233147620e+00
-5.753533106233147620e+00
-5.753533106233147620e+00
-5.753533106233147620e+00
-5.753533106233147620e+00
-5.753533106233147620e+00
-5.753533106233147620e+00
-5.753533106233147620e+00
-5.753533106233147620e+00
-5.753533106233147620e+00
-5.753533106233147620e+00
-6.852485937552515338e+00
-6.852485937552515338e+00
-6.852485937552515338e+00
-6.852485937552515338e+00
-6.852485937552515338e+00
-6.852485937552515338e+00
-6.852485937552515338e+00
-5.572750737060779613e+00
-5.600211725180280986e+00
-5.600211725180280986e+00
-5.600211725180280986e+00
-5.600211725180280986e+00
-5.600211725180280986e+00
-5.600211725180280986e+00
-5.600211725180280986e+00
-5.600211725180280986e+00
-5.600211725180280986e+00
-5.600211725180280986e+00
-5.600211725180280986e+00
-5.600211725180280986e+00
-5.600211725180280986e+00
-5.600211725180280986e+00
-5.600211725180280986e+00
-5.600211725180280986e+00
-5.600211725180280986e+00
-5.368672638960595656e+00
-5.368672638960595656e+00
-5.368672638960595656e+00
-5.368672638960595656e+00
-5.368672638960595656e+00
-5.368672638960595656e+00
-5.368672638960595656e+00
-5.368672638960595656e+00
-5.368672638960595656e+00
-5.368672638960595656e+00
-5.217238092513658110e+00
-5.217238092513658110e+00
-5.217238092513658110e+00
-5.217238092513658110e+00
-5.217238092513658110e+00
-5.217238092513658110e+00
-5.355752904829969907e+00
-5.355752904829969907e+00
-5.355752904829969907e+00
-5.355752904829969907e+00
-5.355752904829969907e+00
-5.410836258080447436e+00
-5.410836258080447436e+00
-5.410836258080447436e+00
-5.410836258080447436e+00
-5.410836258080447436e+00
-5.410836258080447436e+00
-5.410836258080447436e+00
-5.410836258080447436e+00
-5.410836258080447436e+00
-5.410836258080447436e+00
-5.410836258080447436e+00
-5.410836258080447436e+00
-5.410836258080447436e+00
-5.410836258080447436e+00
-5.410836258080447436e+00
-5.410836258080447436e+00
-5.410836258080447436e+00
-5.410836258080447436e+00
-5.410836258080447436e+00
-5.410836258080447436e+00
-5.410836258080447436e+00
-5.410836258080447436e+00
-5.352861794641323279e+00
-5.352861794641323279e+00
-5.352861794641323279e+00
-5.352861794641323279e+00
-5.352861794641323279e+00
-5.508187624054246889e+00
-5.508187624054246889e+00
-5.508987215235401358e+00
-5.508987215235401358e+00
-5.508987215235401358e+00
-5.508987215235401358e+00
-5.493460832088900681e+00
-5.493460832088900681e+00
-5.493460832088900681e+00
-5.493460832088900681e+00
-5.493460832088900681e+00
-5.493460832088900681e+00
-5.493460832088900681e+00
-5.512981980070328802e+00
-5.512981980070328802e+00
-5.512981980070328802e+00
-5.512981980070328802e+00
-5.512981980070328802e+00
-5.512981980070328802e+00
-5.512981980070328802e+00
-5.512981980070328802e+00
-5.512981980070328802e+00
-5.512981980070328802e+00
-5.512981980070328802e+00
-5.512981980070328802e+00
-5.512981980070328802e+00
-6.001620630005349177e+00
-6.001620630005349177e+00
-6.001620630005349177e+00
-6.001620630005349177e+00
-6.001620630005349177e+00
-6.001620630005349177e+00
-6.001620630005349177e+00
-6.001620630005349177e+00
-6.001620630005349177e+00
-6.001620630005349177e+00
-6.001620630005349177e+00
-6.001620630005349177e+00
-6.001620630005349177e+00
-6.001620630005349177e+00
-6.001620630005349177e+00
-6.001620630005349177e+00
-6.001620630005349177e+00
-6.767861017989382333e+00
-6.767861017989382333e+00
-6.767861017989382333e+00
-6.767861017989382333e+00
-6.767861017989382333e+00
-6.795694905530881513e+00
-6.795694905530881513e+00
-6.795694905530881513e+00
-6.795694905530881513e+00
-6.795694905530881513e+00
-6.795694905530881513e+00
-6.795694905530881513e+00
-6.885708176155162619e+00
-6.885708176155162619e+00
-6.885708176155162619e+00
-6.885708176155162619e+00
-6.885708176155162619e+00
-6.885708176155162619e+00
-6.885708176155162619e+00
-6.885708176155162619e+00
-6.885708176155162619e+00
-5.542405476761593341e+00
-5.542405476761593341e+00
-5.542405476761593341e+00
-5.542405476761593341e+00
-5.542405476761593341e+00
-5.542405476761593341e+00
-7.195263018343689865e+00
-7.195263018343689865e+00
-7.195263018343689865e+00
-7.195263018343689865e+00
-7.195263018343689865e+00
-7.195263018343689865e+00
-7.195263018343689865e+00
-7.195263018343689865e+00
-7.195263018343689865e+00
-7.195263018343689865e+00
-7.195263018343689865e+00
-4.117579578669531060e+00
-4.117579578669531060e+00
-4.117579578669531060e+00
-4.117579578669531060e+00
-4.117579578669531060e+00
-4.117579578669531060e+00
-4.117579578669531060e+00
-4.117579578669531060e+00
-4.117579578669531060e+00
-4.117579578669531060e+00
-4.117579578669531060e+00
-4.117579578669531060e+00
-4.117579578669531060e+00
-4.117579578669531060e+00
-4.117579578669531060e+00
-4.117579578669531060e+00
-4.106533003126913606e+00
-4.106533003126913606e+00
-4.106533003126913606e+00
-4.106533003126913606e+00
-4.106533003126913606e+00
-4.106533003126913606e+00
-4.106533003126913606e+00
-4.106533003126913606e+00
-4.106533003126913606e+00
-4.106533003126913606e+00
-4.106533003126913606e+00
-4.106533003126913606e+00
-4.247686831034847899e+00
-4.247686831034847899e+00
-4.247686831034847899e+00
-4.247686831034847899e+00
-4.247686831034847899e+00
-4.247686831034847899e+00
-4.272514273969894028e+00
-4.272514273969894028e+00
-4.272514273969894028e+00
-4.272514273969894028e+00
-4.272514273969894028e+00
-6.483415344705089289e+00
-6.483415344705089289e+00
-6.483415344705089289e+00
-6.483415344705089289e+00
-6.446055198946600839e+00
-6.446055198946600839e+00
-6.446055198946600839e+00
-6.446055198946600839e+00
-6.446055198946600839e+00
-6.446055198946600839e+00
-6.446055198946600839e+00
-6.446055198946600839e+00
-6.379293893992786124e+00
-6.413488953336930365e+00
-6.413488953336930365e+00
-6.413488953336930365e+00
-6.489892762660067760e+00
-6.489892762660067760e+00
-6.495017166575327572e+00
-6.495017166575327572e+00
-6.495017166575327572e+00
-6.495017166575327572e+00
-6.495017166575327572e+00
-6.495017166575327572e+00
-6.495017166575327572e+00
-6.495017166575327572e+00
-6.495017166575327572e+00
-6.495017166575327572e+00
-6.495017166575327572e+00
-6.495017166575327572e+00
-6.495017166575327572e+00
-6.495017166575327572e+00
-6.497983038995279514e+00
-6.497983038995279514e+00
-6.497983038995279514e+00
-6.497983038995279514e+00
-6.497983038995279514e+00
-6.497983038995279514e+00
-6.459144971566719740e+00
-6.459144971566719740e+00
-6.459144971566719740e+00
-6.459144971566719740e+00
-6.459144971566719740e+00
-6.122551274345208405e+00
-6.122551274345208405e+00
-6.122551274345208405e+00
-6.122551274345208405e+00
-6.135982035678841484e+00
-6.135982035678841484e+00
-6.135982035678841484e+00
-6.135982035678841484e+00
-6.135982035678841484e+00
-6.135982035678841484e+00
-6.135982035678841484e+00
-6.135982035678841484e+00
-6.135982035678841484e+00
-6.135982035678841484e+00
-6.135982035678841484e+00
-6.135982035678841484e+00
-6.135982035678841484e+00
-6.135982035678841484e+00
-6.135982035678841484e+00
-6.135982035678841484e+00
-6.135982035678841484e+00
-6.135982035678841484e+00
-6.158226078828479721e+00
-6.158226078828479721e+00
-6.158226078828479721e+00
-6.158226078828479721e+00
-6.075411408170914740e+00
-6.075411408170914740e+00
-6.075411408170914740e+00
-6.075411408170914740e+00
-6.075411408170914740e+00
-6.075411408170914740e+00
-6.173447030908063127e+00
-6.173447030908063127e+00
-6.173447030908063127e+00
-6.173447030908063127e+00
-6.173447030908063127e+00
-6.173447030908063127e+00
-6.173447030908063127e+00
-6.173447030908063127e+00
-6.173447030908063127e+00
-6.173447030908063127e+00
-6.173447030908063127e+00
-6.173447030908063127e+00
-6.173447030908063127e+00
-6.173447030908063127e+00
-6.173447030908063127e+00
-6.090464601097325570e+00
-6.090464601097325570e+00
-6.090464601097325570e+00
-6.090464601097325570e+00
-6.090464601097325570e+00
-6.090464601097325570e+00
-6.090464601097325570e+00
-6.090464601097325570e+00
-6.088517136145275899e+00
-6.088517136145275899e+00
-6.088517136145275899e+00
-6.088517136145275899e+00
-6.088517136145275899e+00
-6.088517136145275899e+00
-6.079107579947884865e+00
-6.079107579947884865e+00
-6.079107579947884865e+00
-6.079107579947884865e+00
-6.079107579947884865e+00
-6.079107579947884865e+00
-6.079107579947884865e+00
-6.079107579947884865e+00
-6.079107579947884865e+00
-6.079107579947884865e+00
-6.079107579947884865e+00
-6.079107579947884865e+00
-5.676378483526109520e+00
-6.688568833681182824e+00
-6.688568833681182824e+00
-6.688568833681182824e+00
-6.246944230555575572e+00
-6.246944230555575572e+00
-6.246944230555575572e+00
-6.246944230555575572e+00
-6.246944230555575572e+00
-6.246944230555575572e+00
-6.246944230555575572e+00
-6.246944230555575572e+00
-6.246944230555575572e+00
-6.246944230555575572e+00
-6.246944230555575572e+00
-6.246944230555575572e+00
-6.282978714310187840e+00
-6.282978714310187840e+00
-6.282978714310187840e+00
-6.282978714310187840e+00
-6.282978714310187840e+00
-6.381920145301016589e+00
-6.381920145301016589e+00
-6.381920145301016589e+00
-6.421955776032252317e+00
-6.421955776032252317e+00
-6.421955776032252317e+00
-6.421955776032252317e+00
-6.421955776032252317e+00
-6.421955776032252317e+00
-6.403560620193043285e+00
-6.403560620193043285e+00
-6.237511425127718390e+00
-6.237511425127718390e+00
-6.237511425127718390e+00
-6.237511425127718390e+00
-6.237511425127718390e+00
-6.237511425127718390e+00
-6.237511425127718390e+00
-6.237511425127718390e+00
-6.237511425127718390e+00
-6.237511425127718390e+00
-6.237511425127718390e+00
-6.991773444881402177e+00
-6.991773444881402177e+00
-6.991773444881402177e+00
-6.406909876982067154e+00
-6.406909876982067154e+00
-6.370726324632108195e+00
-6.370726324632108195e+00
-6.370726324632108195e+00
-6.370726324632108195e+00
-6.370726324632108195e+00
-6.370726324632108195e+00
-6.370726324632108195e+00
-6.370726324632108195e+00
-6.370726324632108195e+00
-6.361833721912157458e+00
-6.361833721912157458e+00
-6.361833721912157458e+00
-6.361833721912157458e+00
-6.361833721912157458e+00
-6.361833721912157458e+00
-6.361833721912157458e+00
-6.361833721912157458e+00
-6.361833721912157458e+00
-6.361833721912157458e+00
-6.361833721912157458e+00
-4.770468571445909411e+00
-4.770468571445909411e+00
-4.770468571445909411e+00
-4.649702039321111258e+00
-4.649702039321111258e+00
-4.649702039321111258e+00
-4.649702039321111258e+00
-4.649702039321111258e+00
-4.649702039321111258e+00
-4.649702039321111258e+00
-4.649702039321111258e+00
-4.649702039321111258e+00
-4.743869628322739729e+00
-4.743869628322739729e+00
-4.685079618348217956e+00
-4.684767349272338954e+00
-4.684767349272338954e+00
-4.684767349272338954e+00
-4.684767349272338954e+00
-4.684767349272338954e+00
-4.684767349272338954e+00
-4.684767349272338954e+00
-4.684767349272338954e+00
-4.684767349272338954e+00
-4.684767349272338954e+00
-4.684767349272338954e+00
-4.684767349272338954e+00
-4.684767349272338954e+00
-4.084627213487205921e+00
-4.084627213487205921e+00
-4.084627213487205921e+00
-4.084627213487205921e+00
-4.084627213487205921e+00
-6.509406616765271991e+00
-6.509406616765271991e+00
-6.509406616765271991e+00
-6.509406616765271991e+00
-6.509406616765271991e+00
-6.509406616765271991e+00
-6.509406616765271991e+00
-6.509406616765271991e+00
-6.509406616765271991e+00
-6.509406616765271991e+00
-6.509406616765271991e+00
-6.509406616765271991e+00
-6.509406616765271991e+00
-6.523267260928910183e+00
-6.523267260928910183e+00
-6.523267260928910183e+00
-6.523267260928910183e+00
-6.523267260928910183e+00
-5.256741270280476996e+00
-5.256741270280476996e+00
-5.256741270280476996e+00
-5.256741270280476996e+00
-5.256741270280476996e+00
-5.256741270280476996e+00
-5.676046156290611933e+00
-5.676046156290611933e+00
-5.676046156290611933e+00
-5.676046156290611933e+00
-5.676046156290611933e+00
-5.676046156290611933e+00
-5.676046156290611933e+00
-5.676046156290611933e+00
-5.676046156290611933e+00
-5.676046156290611933e+00
-5.676046156290611933e+00
-5.676046156290611933e+00
-5.676046156290611933e+00
-5.676046156290611933e+00
-5.323921061382694830e+00
-5.323921061382694830e+00
-5.274464477772466076e+00
-5.274464477772466076e+00
-5.274464477772466076e+00
-5.274464477772466076e+00
-5.274464477772466076e+00
-5.283388535333636504e+00
-5.283388535333636504e+00
-5.283388535333636504e+00
-5.283388535333636504e+00
-5.283388535333636504e+00
-5.336117334165263237e+00
-5.336117334165263237e+00
-4.968995118004413847e+00
-4.968995118004413847e+00
-4.968995118004413847e+00
-5.037511967792109857e+00
-5.037511967792109857e+00
-5.037511967792109857e+00
-5.037511967792109857e+00
-5.037511967792109857e+00
-5.059896873926341243e+00
-5.059896873926341243e+00
-5.059896873926341243e+00
-5.059896873926341243e+00
-5.059896873926341243e+00
-5.059896873926341243e+00
-5.059896873926341243e+00
-5.059896873926341243e+00
-5.059896873926341243e+00
-5.059896873926341243e+00
-5.059896873926341243e+00
-5.059896873926341243e+00
-5.010912568801675349e+00
-5.010912568801675349e+00
-5.010912568801675349e+00
-5.010912568801675349e+00
-5.034135358967242624e+00
-5.034135358967242624e+00
-5.034135358967242624e+00
-5.034135358967242624e+00
-5.034135358967242624e+00
-5.034135358967242624e+00
-5.034135358967242624e+00
-5.034135358967242624e+00
-5.034135358967242624e+00
-5.034135358967242624e+00
-5.034135358967242624e+00
-5.034135358967242624e+00
-5.034135358967242624e+00
-5.034135358967242624e+00
-5.034135358967242624e+00
-5.034135358967242624e+00
-5.034135358967242624e+00
-5.034135358967242624e+00
-5.067213543514448304e+00
-4.949122496362397428e+00
-4.949122496362397428e+00
-4.949122496362397428e+00
-4.949122496362397428e+00
-4.949122496362397428e+00
-4.910961391820961808e+00
-4.910961391820961808e+00
-4.910961391820961808e+00
-4.910961391820961808e+00
-4.910961391820961808e+00
-5.331792977298422720e+00
-5.331792977298422720e+00
-5.331792977298422720e+00
-5.331792977298422720e+00
-5.331792977298422720e+00
-5.331792977298422720e+00
-5.412138214986592644e+00
-5.412138214986592644e+00
-5.412138214986592644e+00
-5.412138214986592644e+00
-5.412138214986592644e+00
-5.412138214986592644e+00
-5.412138214986592644e+00
-5.412138214986592644e+00
-5.412138214986592644e+00
-5.412138214986592644e+00
-5.412138214986592644e+00
-5.412138214986592644e+00
-5.408667241638066336e+00
-5.408667241638066336e+00
-5.408667241638066336e+00
-5.408667241638066336e+00
-5.408667241638066336e+00
-5.408667241638066336e+00
-5.408667241638066336e+00
-5.408667241638066336e+00
-5.408667241638066336e+00
-5.408667241638066336e+00
-5.408667241638066336e+00
-5.408667241638066336e+00
-5.408667241638066336e+00
-5.408667241638066336e+00
-5.358737923675011672e+00
-5.358737923675011672e+00
-5.358737923675011672e+00
-5.358737923675011672e+00
-5.358737923675011672e+00
-5.358737923675011672e+00
-5.358737923675011672e+00
-5.358737923675011672e+00
-5.247358154384401452e+00
-5.247358154384401452e+00
-5.247358154384401452e+00
-5.247358154384401452e+00
-5.247358154384401452e+00
-5.247358154384401452e+00
-5.450689541906061031e+00
-5.450689541906061031e+00
-5.450689541906061031e+00
-5.450689541906061031e+00
-5.450689541906061031e+00
-5.450689541906061031e+00
-5.450689541906061031e+00
-5.450689541906061031e+00
-5.450689541906061031e+00
-5.450689541906061031e+00
-5.450689541906061031e+00
-5.450689541906061031e+00
-5.450689541906061031e+00
-5.450689541906061031e+00
-5.450689541906061031e+00
-5.450689541906061031e+00
-5.450689541906061031e+00
-5.450689541906061031e+00
-5.450689541906061031e+00
-5.450689541906061031e+00
-5.450689541906061031e+00
-5.450689541906061031e+00
-5.358983180263074075e+00
-5.358983180263074075e+00
-5.358983180263074075e+00
-5.358983180263074075e+00
-5.358983180263074075e+00
-5.358983180263074075e+00
-5.358983180263074075e+00
-5.358983180263074075e+00
-5.358983180263074075e+00
-5.358983180263074075e+00
-5.358983180263074075e+00
-5.358983180263074075e+00
-5.358983180263074075e+00
-6.794958679899430365e+00
-6.794958679899430365e+00
-6.794958679899430365e+00
-6.794958679899430365e+00
-4.502498396951883031e+00
-4.502498396951883031e+00
-4.502498396951883031e+00
-4.502498396951883031e+00
-4.502498396951883031e+00
-4.502498396951883031e+00
-4.502498396951883031e+00
-4.502498396951883031e+00
-4.502498396951883031e+00
-4.502498396951883031e+00
-4.502498396951883031e+00
-4.502498396951883031e+00
-4.232645490657303000e+00
-4.232645490657303000e+00
-4.232645490657303000e+00
-4.232645490657303000e+00
-4.252316618968605688e+00
-4.252316618968605688e+00
-4.252316618968605688e+00
-4.252316618968605688e+00
-4.252316618968605688e+00
-4.252316618968605688e+00
-4.252316618968605688e+00
-4.252316618968605688e+00
-5.488916291333521436e+00
-4.382780359534415027e+00
-4.382780359534415027e+00
-4.440137122830742911e+00
-4.440137122830742911e+00
-4.440137122830742911e+00
-4.440137122830742911e+00
-4.471688152043358677e+00
-4.471688152043358677e+00
-4.471688152043358677e+00
-4.471688152043358677e+00
-4.471688152043358677e+00
-4.767742485206851732e+00
-4.767742485206851732e+00
-4.767742485206851732e+00
-4.767742485206851732e+00
-5.411617614571040846e+00
-5.411617614571040846e+00
-5.411617614571040846e+00
-5.411617614571040846e+00
-5.411617614571040846e+00
-5.411617614571040846e+00
-5.088040751207398849e+00
-5.088040751207398849e+00
-5.088040751207398849e+00
-5.088040751207398849e+00
-5.088040751207398849e+00
-5.088040751207398849e+00
-5.088040751207398849e+00
-5.044158968369317542e+00
-5.044158968369317542e+00
-5.044158968369317542e+00
-5.044158968369317542e+00
-5.044158968369317542e+00
-5.044158968369317542e+00
-5.044158968369317542e+00
-5.044158968369317542e+00
-5.044158968369317542e+00
-5.044158968369317542e+00
-4.999413317065849682e+00
-4.999413317065849682e+00
-4.999413317065849682e+00
-4.999413317065849682e+00
-4.854213667189413606e+00
-4.854213667189413606e+00
-4.854213667189413606e+00
-4.854213667189413606e+00
-4.854213667189413606e+00
-4.854213667189413606e+00
-4.854213667189413606e+00
-4.854213667189413606e+00
-4.904292053747814961e+00
-4.904292053747814961e+00
-4.904292053747814961e+00
-4.904292053747814961e+00
-4.904292053747814961e+00
-4.904292053747814961e+00
-4.904292053747814961e+00
-4.904292053747814961e+00
-5.166134916345657579e+00
-5.166134916345657579e+00
-5.166134916345657579e+00
-5.166134916345657579e+00
-5.166134916345657579e+00
-5.166134916345657579e+00
-5.892998401795017216e+00
-5.892998401795017216e+00
-5.892998401795017216e+00
-5.892998401795017216e+00
-5.892998401795017216e+00
-5.892998401795017216e+00
-4.784973811920924192e+00
-4.784973811920924192e+00
-4.784973811920924192e+00
-4.784973811920924192e+00
-4.784973811920924192e+00
-4.784973811920924192e+00
-4.705495177901725334e+00
-4.705495177901725334e+00
-4.705495177901725334e+00
-4.705495177901725334e+00
-4.705495177901725334e+00
-4.705495177901725334e+00
-4.675733427700531131e+00
-4.457307819198695675e+00
-4.457307819198695675e+00
-4.457307819198695675e+00
-4.457307819198695675e+00
-4.457307819198695675e+00
-4.457307819198695675e+00
-4.457307819198695675e+00
-4.457307819198695675e+00
-4.457307819198695675e+00
-4.457307819198695675e+00
-4.457307819198695675e+00
-4.396567609068540605e+00
-4.396567609068540605e+00
-4.396567609068540605e+00
-6.094550539385063637e+00
-6.094550539385063637e+00
-6.094550539385063637e+00
-6.094550539385063637e+00
-6.094550539385063637e+00
-6.094550539385063637e+00
-6.094550539385063637e+00
-5.598928914699225601e+00
-5.598928914699225601e+00
-5.598928914699225601e+00
-5.598928914699225601e+00
-5.598928914699225601e+00
-4.642332944997638045e+00
-4.642332944997638045e+00
-4.642332944997638045e+00
-4.642332944997638045e+00
-4.642332944997638045e+00
-4.286396343894943506e+00
-4.286396343894943506e+00
-4.286396343894943506e+00
-4.255805371140430893e+00
-4.255805371140430893e+00
-4.451533348564892023e+00
-4.451533348564892023e+00
-4.451533348564892023e+00
-4.451533348564892023e+00
-4.451533348564892023e+00
-4.451533348564892023e+00
-4.451533348564892023e+00
-4.824875873543791549e+00
-4.824875873543791549e+00
-4.824875873543791549e+00
-4.824875873543791549e+00
-4.824875873543791549e+00
-4.824875873543791549e+00
-4.824875873543791549e+00
-4.824875873543791549e+00
-4.824875873543791549e+00
-4.824875873543791549e+00
-4.824875873543791549e+00
-4.680396949811829188e+00
-4.587702267940367840e+00
-4.587702267940367840e+00
-4.780733790497934343e+00
-4.780733790497934343e+00
-4.780733790497934343e+00
-4.780733790497934343e+00
-4.780733790497934343e+00
-4.808129133731411819e+00
-4.808129133731411819e+00
-4.808129133731411819e+00
-4.808129133731411819e+00
-4.316257473159701874e+00
-4.316257473159701874e+00
-4.316257473159701874e+00
-4.316257473159701874e+00
-4.316257473159701874e+00
-4.316257473159701874e+00
-4.316257473159701874e+00
-4.348678297112138047e+00
-4.348678297112138047e+00
-4.348678297112138047e+00
-5.564931245880418764e+00
-5.564931245880418764e+00
-5.564931245880418764e+00
-5.564931245880418764e+00
-5.564931245880418764e+00
-5.564931245880418764e+00
-5.638820035507755790e+00
-5.638820035507755790e+00
-5.638820035507755790e+00
-5.638820035507755790e+00
-5.638820035507755790e+00
-5.699666462710436754e+00
-5.699666462710436754e+00
-5.699666462710436754e+00
-5.699666462710436754e+00
-5.699666462710436754e+00
-5.699666462710436754e+00
