# Variable: dg_gbsa_00000086
# Sample shape: (1000,)
# Date: 2014-03-03 23:31:52.718047
-6.404330466035218494e-01
-2.626400889675657990e-01
-2.626400889675657990e-01
-2.626400889675657990e-01
-2.626400889675657990e-01
-2.504545290657028689e-01
-2.504545290657028689e-01
-2.504545290657028689e-01
-2.504545290657028689e-01
-2.504545290657028689e-01
-2.504545290657028689e-01
-6.300667389856925427e-01
-4.240284401417689919e-01
-7.583840285386911351e-01
-2.272250547463761539e+00
-2.272250547463761539e+00
-1.501938467043991476e+00
-2.678242057960757982e+00
-2.678242057960757982e+00
-2.393201249963238908e+00
-2.393201249963238908e+00
-2.463243659550099718e+00
-1.365975029837788846e+00
-1.365975029837788846e+00
-1.365975029837788846e+00
-1.365975029837788846e+00
-1.365975029837788846e+00
-2.614832517065919681e+00
-2.614832517065919681e+00
-2.614832517065919681e+00
-2.614832517065919681e+00
-2.614832517065919681e+00
-2.614832517065919681e+00
-2.638125054922887625e+00
-2.638125054922887625e+00
-2.661331433866949148e+00
-2.661331433866949148e+00
-2.661331433866949148e+00
-2.661331433866949148e+00
-2.661331433866949148e+00
-2.241470845661929001e+00
-2.241470845661929001e+00
-2.241470845661929001e+00
-2.200523024535315564e+00
-2.300367984443504099e+00
-2.418242494645127749e+00
-2.458914744010618936e+00
-2.458914744010618936e+00
-2.485217829279416257e+00
-2.485217829279416257e+00
-2.485217829279416257e+00
-2.485217829279416257e+00
-2.485217829279416257e+00
-2.485217829279416257e+00
-2.485217829279416257e+00
-2.485217829279416257e+00
-2.485217829279416257e+00
-2.485217829279416257e+00
-2.485217829279416257e+00
-2.485217829279416257e+00
-2.511947606307370684e+00
-2.499722841820798624e+00
-2.499722841820798624e+00
-2.499722841820798624e+00
-2.499722841820798624e+00
-2.272690915240840326e+00
-2.272690915240840326e+00
-2.272690915240840326e+00
-2.272690915240840326e+00
-2.272201085865611425e+00
-2.371250557398020931e+00
-2.371250557398020931e+00
-2.389832390881860835e+00
-2.389832390881860835e+00
-2.337355230779994297e+00
-2.337355230779994297e+00
-2.566192163791984449e+00
-2.448198672234441986e+00
-2.448198672234441986e+00
-2.448198672234441986e+00
-2.448198672234441986e+00
-2.448198672234441986e+00
-2.495495356747570614e+00
-2.495495356747570614e+00
-2.495495356747570614e+00
-2.394272310100139745e+00
-2.394272310100139745e+00
-2.394272310100139745e+00
-2.394272310100139745e+00
-2.394272310100139745e+00
-2.386035244505902320e+00
-2.550195325628977105e+00
-2.550195325628977105e+00
-2.550195325628977105e+00
-2.417839963850966001e+00
-2.449074393248694470e+00
-2.173682927629459805e+00
-2.173682927629459805e+00
-2.159723360269520942e+00
-2.159723360269520942e+00
-2.348085206507724454e+00
-2.348085206507724454e+00
-2.348085206507724454e+00
-2.459212881201311873e+00
-2.459212881201311873e+00
-2.459212881201311873e+00
-2.215789335407672755e+00
-2.215789335407672755e+00
-2.215789335407672755e+00
-2.215789335407672755e+00
-2.215789335407672755e+00
-2.215789335407672755e+00
-2.215789335407672755e+00
-2.215789335407672755e+00
-2.215789335407672755e+00
-2.215789335407672755e+00
-2.215789335407672755e+00
-1.988772224513795983e+00
-2.041203114088360859e+00
-2.041203114088360859e+00
-2.041203114088360859e+00
-2.041203114088360859e+00
-2.059786771041257403e+00
-2.059786771041257403e+00
-1.494023129771361980e+00
-1.494023129771361980e+00
-1.498906265937119509e+00
-1.498906265937119509e+00
-1.498906265937119509e+00
-1.498906265937119509e+00
-1.498906265937119509e+00
-1.498906265937119509e+00
-1.498906265937119509e+00
-1.497006097213715803e+00
-1.497006097213715803e+00
-1.497006097213715803e+00
-1.497006097213715803e+00
-2.088231064849328078e+00
-2.088231064849328078e+00
-2.088231064849328078e+00
-2.088231064849328078e+00
-2.075404327640569591e+00
-2.075404327640569591e+00
-2.075404327640569591e+00
-2.075404327640569591e+00
-2.075404327640569591e+00
-2.075404327640569591e+00
-2.037610196246699701e+00
-2.037610196246699701e+00
-2.037610196246699701e+00
-2.037610196246699701e+00
-2.037610196246699701e+00
-2.037610196246699701e+00
-2.037610196246699701e+00
-2.037610196246699701e+00
-2.037610196246699701e+00
-2.037610196246699701e+00
-2.037610196246699701e+00
-2.037610196246699701e+00
-2.037610196246699701e+00
-2.037610196246699701e+00
-2.037610196246699701e+00
-2.037610196246699701e+00
-2.037610196246699701e+00
-2.037610196246699701e+00
-2.037610196246699701e+00
-2.037610196246699701e+00
-2.037610196246699701e+00
-2.037610196246699701e+00
-2.037610196246699701e+00
-2.038162251503472078e+00
-2.038162251503472078e+00
-2.038162251503472078e+00
-2.038162251503472078e+00
-2.038162251503472078e+00
-2.015459150018929169e+00
-2.015459150018929169e+00
-2.015459150018929169e+00
-2.015459150018929169e+00
-2.015459150018929169e+00
-2.015459150018929169e+00
-2.015459150018929169e+00
-2.015459150018929169e+00
-2.015459150018929169e+00
-2.026647728214300059e+00
-2.026647728214300059e+00
-2.026647728214300059e+00
-2.026647728214300059e+00
-2.026647728214300059e+00
-2.026647728214300059e+00
-2.026647728214300059e+00
-2.026647728214300059e+00
-2.026647728214300059e+00
-2.026647728214300059e+00
-2.026647728214300059e+00
-2.026647728214300059e+00
-2.026647728214300059e+00
-2.026647728214300059e+00
-1.555414204387774113e+00
-1.699857798406772202e+00
-1.699857798406772202e+00
-1.699857798406772202e+00
-1.699857798406772202e+00
-1.699857798406772202e+00
-1.699857798406772202e+00
-1.699857798406772202e+00
-1.532482941337570681e+00
-1.539511730748426288e+00
-1.539511730748426288e+00
-1.539511730748426288e+00
-1.539511730748426288e+00
-1.539511730748426288e+00
-1.539511730748426288e+00
-1.539511730748426288e+00
-1.539511730748426288e+00
-1.539511730748426288e+00
-1.539511730748426288e+00
-1.539511730748426288e+00
-1.539511730748426288e+00
-1.539511730748426288e+00
-1.539511730748426288e+00
-1.539511730748426288e+00
-1.539511730748426288e+00
-1.539511730748426288e+00
-1.510314572153766077e+00
-1.510314572153766077e+00
-1.510314572153766077e+00
-1.510314572153766077e+00
-1.510314572153766077e+00
-2.198711863895219221e+00
-2.198711863895219221e+00
-2.198711863895219221e+00
-2.198711863895219221e+00
-2.198711863895219221e+00
-2.198711863895219221e+00
-2.198711863895219221e+00
-2.198711863895219221e+00
-2.198711863895219221e+00
-2.198711863895219221e+00
-2.198711863895219221e+00
-2.232645255429794862e+00
-2.232645255429794862e+00
-2.232645255429794862e+00
-2.232645255429794862e+00
-2.232645255429794862e+00
-2.254594580393220138e+00
-2.254594580393220138e+00
-2.254594580393220138e+00
-2.254594580393220138e+00
-2.254594580393220138e+00
-2.254594580393220138e+00
-2.254594580393220138e+00
-2.254594580393220138e+00
-2.254594580393220138e+00
-2.254594580393220138e+00
-2.254594580393220138e+00
-2.254594580393220138e+00
-2.254594580393220138e+00
-2.254594580393220138e+00
-2.254594580393220138e+00
-2.254594580393220138e+00
-2.254594580393220138e+00
-2.254594580393220138e+00
-2.254594580393220138e+00
-2.254594580393220138e+00
-2.254594580393220138e+00
-2.254594580393220138e+00
-2.231498293393428423e+00
-2.231498293393428423e+00
-2.231498293393428423e+00
-2.231498293393428423e+00
-2.231498293393428423e+00
-2.231498293393428423e+00
-2.231498293393428423e+00
-2.231810334535675011e+00
-2.231810334535675011e+00
-2.231810334535675011e+00
-2.231810334535675011e+00
-2.228081340315692938e+00
-2.228081340315692938e+00
-2.228081340315692938e+00
-2.228081340315692938e+00
-2.228081340315692938e+00
-2.228081340315692938e+00
-2.228081340315692938e+00
-2.232769479259250289e+00
-2.232769479259250289e+00
-2.232769479259250289e+00
-2.232769479259250289e+00
-2.232769479259250289e+00
-2.232769479259250289e+00
-2.232769479259250289e+00
-2.232769479259250289e+00
-2.232769479259250289e+00
-2.232769479259250289e+00
-2.232769479259250289e+00
-2.232769479259250289e+00
-2.232769479259250289e+00
-2.232769479259250289e+00
-1.716153457561368834e+00
-1.716153457561368834e+00
-1.716153457561368834e+00
-1.716153457561368834e+00
-1.716153457561368834e+00
-1.716153457561368834e+00
-1.716153457561368834e+00
-1.716153457561368834e+00
-1.716153457561368834e+00
-1.716153457561368834e+00
-1.716153457561368834e+00
-1.716153457561368834e+00
-1.716153457561368834e+00
-1.716153457561368834e+00
-1.716153457561368834e+00
-1.716153457561368834e+00
-1.716153457561368834e+00
-1.716153457561368834e+00
-1.716153457561368834e+00
-1.716153457561368834e+00
-1.716153457561368834e+00
-1.723747522379654340e+00
-1.723747522379654340e+00
-1.723747522379654340e+00
-1.723747522379654340e+00
-1.723747522379654340e+00
-1.723747522379654340e+00
-1.723747522379654340e+00
-1.748620210140658493e+00
-1.748620210140658493e+00
-1.748620210140658493e+00
-1.748620210140658493e+00
-1.748620210140658493e+00
-1.748620210140658493e+00
-1.748620210140658493e+00
-1.748620210140658493e+00
-1.748620210140658493e+00
-1.748620210140658493e+00
-1.748620210140658493e+00
-1.748620210140658493e+00
-1.748620210140658493e+00
-1.748620210140658493e+00
-1.748620210140658493e+00
-1.748620210140658493e+00
-1.748620210140658493e+00
-1.748620210140658493e+00
-1.748620210140658493e+00
-1.748620210140658493e+00
-1.748620210140658493e+00
-1.748620210140658493e+00
-1.748620210140658493e+00
-1.748620210140658493e+00
-1.748620210140658493e+00
-1.748620210140658493e+00
-1.636749243873027115e+00
-1.636749243873027115e+00
-1.636749243873027115e+00
-1.636749243873027115e+00
-1.636749243873027115e+00
-1.636749243873027115e+00
-1.636749243873027115e+00
-1.636749243873027115e+00
-1.636749243873027115e+00
-1.636749243873027115e+00
-1.636749243873027115e+00
-1.636749243873027115e+00
-1.636749243873027115e+00
-1.636749243873027115e+00
-1.636749243873027115e+00
-1.565633722746577305e+00
-1.562120923576573617e+00
-1.562120923576573617e+00
-1.562120923576573617e+00
-1.562120923576573617e+00
-1.562120923576573617e+00
-1.562120923576573617e+00
-1.562120923576573617e+00
-1.562120923576573617e+00
-1.562120923576573617e+00
-1.562120923576573617e+00
-1.562120923576573617e+00
-1.562120923576573617e+00
-1.621600546754796923e+00
-1.621600546754796923e+00
-1.621600546754796923e+00
-1.621600546754796923e+00
-1.510274569801345113e+00
-1.510274569801345113e+00
-1.514852958701080832e+00
-1.514852958701080832e+00
-1.514852958701080832e+00
-1.493518598676867537e+00
-1.493518598676867537e+00
-1.865687835284902230e+00
-1.865687835284902230e+00
-1.865687835284902230e+00
-1.865687835284902230e+00
-1.865687835284902230e+00
-1.865687835284902230e+00
-1.865687835284902230e+00
-1.865687835284902230e+00
-1.865687835284902230e+00
-1.865687835284902230e+00
-1.865687835284902230e+00
-1.865687835284902230e+00
-1.846612981354984973e+00
-1.859001288222537074e+00
-1.859001288222537074e+00
-1.859001288222537074e+00
-1.886926121283215574e+00
-1.886926121283215574e+00
-1.888809992751929290e+00
-1.888809992751929290e+00
-1.888809992751929290e+00
-1.888809992751929290e+00
-1.888809992751929290e+00
-1.888809992751929290e+00
-1.888809992751929290e+00
-1.888809992751929290e+00
-1.888809992751929290e+00
-1.888809992751929290e+00
-1.888809992751929290e+00
-1.888809992751929290e+00
-1.888809992751929290e+00
-1.888809992751929290e+00
-1.889693691443302681e+00
-1.889693691443302681e+00
-1.889693691443302681e+00
-1.889693691443302681e+00
-1.889693691443302681e+00
-1.889693691443302681e+00
-1.902998975312504504e+00
-1.902998975312504504e+00
-1.902998975312504504e+00
-1.902998975312504504e+00
-1.902998975312504504e+00
-1.846247717709659675e+00
-1.846247717709659675e+00
-1.846247717709659675e+00
-1.846247717709659675e+00
-1.849907989939585606e+00
-1.849907989939585606e+00
-1.849907989939585606e+00
-1.849907989939585606e+00
-1.849907989939585606e+00
-1.849907989939585606e+00
-1.849907989939585606e+00
-1.849907989939585606e+00
-1.849907989939585606e+00
-1.849907989939585606e+00
-1.849907989939585606e+00
-1.849907989939585606e+00
-1.849907989939585606e+00
-1.849907989939585606e+00
-1.849907989939585606e+00
-1.849907989939585606e+00
-1.849907989939585606e+00
-1.849907989939585606e+00
-1.853723826873370673e+00
-1.853723826873370673e+00
-1.853723826873370673e+00
-1.853723826873370673e+00
-1.824284032927416366e+00
-1.824284032927416366e+00
-1.824284032927416366e+00
-1.824284032927416366e+00
-1.824284032927416366e+00
-1.824284032927416366e+00
-2.121772182603183232e+00
-2.121772182603183232e+00
-2.121772182603183232e+00
-2.121772182603183232e+00
-2.121772182603183232e+00
-2.121772182603183232e+00
-2.121772182603183232e+00
-2.121772182603183232e+00
-2.121772182603183232e+00
-2.121772182603183232e+00
-2.121772182603183232e+00
-2.121772182603183232e+00
-2.121772182603183232e+00
-2.121772182603183232e+00
-2.121772182603183232e+00
-2.089024045955154563e+00
-2.089024045955154563e+00
-2.089024045955154563e+00
-2.089024045955154563e+00
-2.089024045955154563e+00
-2.089024045955154563e+00
-2.089024045955154563e+00
-2.089024045955154563e+00
-2.088437572719946012e+00
-2.088437572719946012e+00
-2.088437572719946012e+00
-2.088437572719946012e+00
-2.088437572719946012e+00
-2.088437572719946012e+00
-2.085600026934825824e+00
-2.085600026934825824e+00
-2.085600026934825824e+00
-2.085600026934825824e+00
-2.085600026934825824e+00
-2.085600026934825824e+00
-2.085600026934825824e+00
-2.085600026934825824e+00
-2.085600026934825824e+00
-2.085600026934825824e+00
-2.085600026934825824e+00
-2.085600026934825824e+00
-2.011602968832274740e+00
-2.011602968832274740e+00
-2.011602968832274740e+00
-2.011602968832274740e+00
-1.938030779019824346e+00
-1.938030779019824346e+00
-1.938030779019824346e+00
-1.938030779019824346e+00
-1.938030779019824346e+00
-1.938030779019824346e+00
-1.938030779019824346e+00
-1.938030779019824346e+00
-1.938030779019824346e+00
-1.938030779019824346e+00
-1.938030779019824346e+00
-1.938030779019824346e+00
-1.950566672914114674e+00
-1.950566672914114674e+00
-1.950566672914114674e+00
-1.950566672914114674e+00
-1.950566672914114674e+00
-1.985392652551712933e+00
-1.985392652551712933e+00
-1.985392652551712933e+00
-1.996070431477708906e+00
-1.996070431477708906e+00
-1.996070431477708906e+00
-1.996070431477708906e+00
-1.996070431477708906e+00
-1.996070431477708906e+00
-1.993137153567137165e+00
-1.993137153567137165e+00
-1.972526938691877563e+00
-1.972526938691877563e+00
-1.972526938691877563e+00
-1.972526938691877563e+00
-1.972526938691877563e+00
-1.972526938691877563e+00
-1.972526938691877563e+00
-1.972526938691877563e+00
-1.972526938691877563e+00
-1.972526938691877563e+00
-1.972526938691877563e+00
-2.132353317669199111e+00
-2.132353317669199111e+00
-2.132353317669199111e+00
-2.132353317669199111e+00
-2.132353317669199111e+00
-2.116625897059249084e+00
-2.116625897059249084e+00
-2.116625897059249084e+00
-2.116625897059249084e+00
-2.116625897059249084e+00
-2.116625897059249084e+00
-2.116625897059249084e+00
-2.116625897059249084e+00
-2.116625897059249084e+00
-2.112772223142547201e+00
-2.112772223142547201e+00
-2.112772223142547201e+00
-2.112772223142547201e+00
-2.112772223142547201e+00
-2.112772223142547201e+00
-2.112772223142547201e+00
-2.112772223142547201e+00
-2.112772223142547201e+00
-2.112772223142547201e+00
-2.112772223142547201e+00
-1.791993928912948508e+00
-1.791993928912948508e+00
-1.791993928912948508e+00
-1.763283636556300715e+00
-1.763283636556300715e+00
-1.763283636556300715e+00
-1.763283636556300715e+00
-1.763283636556300715e+00
-1.763283636556300715e+00
-1.763283636556300715e+00
-1.763283636556300715e+00
-1.763283636556300715e+00
-1.785231935818382132e+00
-1.785231935818382132e+00
-1.760557436350426608e+00
-1.760426830379274499e+00
-1.760426830379274499e+00
-1.760426830379274499e+00
-1.760426830379274499e+00
-1.760426830379274499e+00
-1.760426830379274499e+00
-1.760426830379274499e+00
-1.760426830379274499e+00
-1.760426830379274499e+00
-1.760426830379274499e+00
-1.760426830379274499e+00
-1.760426830379274499e+00
-1.760426830379274499e+00
-1.642378406816413117e+00
-1.642378406816413117e+00
-1.642378406816413117e+00
-1.642378406816413117e+00
-1.642378406816413117e+00
-2.123079837850129437e+00
-2.123079837850129437e+00
-2.123079837850129437e+00
-2.123079837850129437e+00
-2.123079837850129437e+00
-2.123079837850129437e+00
-2.123079837850129437e+00
-2.123079837850129437e+00
-2.123079837850129437e+00
-2.123079837850129437e+00
-2.123079837850129437e+00
-2.123079837850129437e+00
-2.123079837850129437e+00
-2.128110333108993224e+00
-2.128110333108993224e+00
-2.128110333108993224e+00
-2.128110333108993224e+00
-2.128110333108993224e+00
-1.875179903457087072e+00
-1.875179903457087072e+00
-1.875179903457087072e+00
-1.875179903457087072e+00
-1.875179903457087072e+00
-1.875179903457087072e+00
-2.007159630609515855e+00
-2.007159630609515855e+00
-2.007159630609515855e+00
-2.007159630609515855e+00
-2.007159630609515855e+00
-2.007159630609515855e+00
-2.007159630609515855e+00
-2.007159630609515855e+00
-2.007159630609515855e+00
-2.007159630609515855e+00
-2.007159630609515855e+00
-2.007159630609515855e+00
-2.007159630609515855e+00
-2.007159630609515855e+00
-1.893640476248688254e+00
-1.893640476248688254e+00
-1.876739539334240536e+00
-1.876739539334240536e+00
-1.876739539334240536e+00
-1.876739539334240536e+00
-1.876739539334240536e+00
-1.880529391833974495e+00
-1.880529391833974495e+00
-1.880529391833974495e+00
-1.880529391833974495e+00
-1.880529391833974495e+00
-1.903023934045211751e+00
-1.810360820981786079e+00
-1.800259372244373379e+00
-1.800259372244373379e+00
-1.800259372244373379e+00
-1.828045507689962879e+00
-1.828045507689962879e+00
-1.828045507689962879e+00
-1.828045507689962879e+00
-1.828045507689962879e+00
-1.837156242895764402e+00
-1.837156242895764402e+00
-1.837156242895764402e+00
-1.837156242895764402e+00
-1.837156242895764402e+00
-1.837156242895764402e+00
-1.837156242895764402e+00
-1.837156242895764402e+00
-1.837156242895764402e+00
-1.837156242895764402e+00
-1.837156242895764402e+00
-1.837156242895764402e+00
-1.814042746906754600e+00
-1.814042746906754600e+00
-1.814042746906754600e+00
-1.814042746906754600e+00
-1.824983447277295001e+00
-1.824983447277295001e+00
-1.824983447277295001e+00
-1.827300848514126441e+00
-1.827300848514126441e+00
-1.827300848514126441e+00
-1.827300848514126441e+00
-1.827300848514126441e+00
-1.827300848514126441e+00
-1.827300848514126441e+00
-1.827300848514126441e+00
-1.827300848514126441e+00
-1.827300848514126441e+00
-1.827300848514126441e+00
-1.827300848514126441e+00
-1.827300848514126441e+00
-1.827300848514126441e+00
-1.827300848514126441e+00
-1.842948720286498698e+00
-1.787363229244662399e+00
-1.787363229244662399e+00
-1.787363229244662399e+00
-1.787363229244662399e+00
-1.787363229244662399e+00
-1.773337903031883434e+00
-1.773337903031883434e+00
-1.773337903031883434e+00
-1.773337903031883434e+00
-1.773337903031883434e+00
-1.940407898868246939e+00
-1.940407898868246939e+00
-1.940407898868246939e+00
-1.940407898868246939e+00
-1.940407898868246939e+00
-1.940407898868246939e+00
-1.980425066975288972e+00
-1.980425066975288972e+00
-1.980425066975288972e+00
-1.980425066975288972e+00
-1.980425066975288972e+00
-1.980425066975288972e+00
-1.980425066975288972e+00
-1.980425066975288972e+00
-1.980425066975288972e+00
-1.980425066975288972e+00
-1.823969484515217454e+00
-1.823969484515217454e+00
-1.822311267342211716e+00
-1.822311267342211716e+00
-1.822311267342211716e+00
-1.822311267342211716e+00
-1.822311267342211716e+00
-1.822311267342211716e+00
-1.822311267342211716e+00
-1.822311267342211716e+00
-1.822311267342211716e+00
-1.822311267342211716e+00
-1.822311267342211716e+00
-1.822311267342211716e+00
-1.822311267342211716e+00
-1.822311267342211716e+00
-1.800663954441223735e+00
-1.800663954441223735e+00
-1.800663954441223735e+00
-1.800663954441223735e+00
-1.800663954441223735e+00
-1.800663954441223735e+00
-1.800663954441223735e+00
-1.800663954441223735e+00
-1.756081275684655552e+00
-1.756081275684655552e+00
-1.756081275684655552e+00
-1.756081275684655552e+00
-1.756081275684655552e+00
-1.756081275684655552e+00
-1.838600772288743634e+00
-1.838600772288743634e+00
-1.838600772288743634e+00
-1.838600772288743634e+00
-1.838600772288743634e+00
-1.838600772288743634e+00
-1.838600772288743634e+00
-1.838600772288743634e+00
-1.838600772288743634e+00
-1.838600772288743634e+00
-1.838600772288743634e+00
-1.838600772288743634e+00
-1.838600772288743634e+00
-1.838600772288743634e+00
-1.838600772288743634e+00
-1.838600772288743634e+00
-1.838600772288743634e+00
-1.838600772288743634e+00
-1.838600772288743634e+00
-1.838600772288743634e+00
-1.838600772288743634e+00
-1.838600772288743634e+00
-1.800763675405236075e+00
-1.800763675405236075e+00
-1.800763675405236075e+00
-1.800763675405236075e+00
-1.800763675405236075e+00
-1.800763675405236075e+00
-1.800763675405236075e+00
-1.800763675405236075e+00
-1.800763675405236075e+00
-1.800763675405236075e+00
-1.800763675405236075e+00
-1.800763675405236075e+00
-1.800763675405236075e+00
-1.800763675405236075e+00
-1.800763675405236075e+00
-1.800763675405236075e+00
-1.800763675405236075e+00
-1.800763675405236075e+00
-1.800763675405236075e+00
-1.800763675405236075e+00
-1.800763675405236075e+00
-1.800763675405236075e+00
-1.800763675405236075e+00
-1.800763675405236075e+00
-1.800763675405236075e+00
-1.800763675405236075e+00
-1.800763675405236075e+00
-1.800763675405236075e+00
-1.800763675405236075e+00
-1.686665455652240464e+00
-1.686665455652240464e+00
-1.686665455652240464e+00
-1.686665455652240464e+00
-1.695110510685703620e+00
-1.695110510685703620e+00
-1.695110510685703620e+00
-1.695110510685703620e+00
-1.695110510685703620e+00
-1.695110510685703620e+00
-1.695110510685703620e+00
-1.695110510685703620e+00
-1.981639269433103534e+00
-1.727538058680284427e+00
-1.727538058680284427e+00
-1.756343855228752249e+00
-1.756343855228752249e+00
-1.756343855228752249e+00
-1.756343855228752249e+00
-1.770269346510702890e+00
-1.770269346510702890e+00
-1.770269346510702890e+00
-1.770269346510702890e+00
-1.770269346510702890e+00
-1.900451589040956790e+00
-1.900451589040956790e+00
-1.900451589040956790e+00
-1.900451589040956790e+00
-2.058315231512882981e+00
-2.058315231512882981e+00
-2.058315231512882981e+00
-2.058315231512882981e+00
-2.058315231512882981e+00
-2.058315231512882981e+00
-1.979132455348056707e+00
-1.979132455348056707e+00
-1.979132455348056707e+00
-1.979132455348056707e+00
-1.979132455348056707e+00
-1.979132455348056707e+00
-1.979132455348056707e+00
-1.957908871069009127e+00
-1.957908871069009127e+00
-1.957908871069009127e+00
-1.957908871069009127e+00
-1.957908871069009127e+00
-1.957908871069009127e+00
-1.957908871069009127e+00
-1.957908871069009127e+00
-1.957908871069009127e+00
-1.957908871069009127e+00
-1.936327430987677012e+00
-1.936327430987677012e+00
-1.936327430987677012e+00
-1.936327430987677012e+00
-1.861246434498015523e+00
-1.861246434498015523e+00
-1.861246434498015523e+00
-1.861246434498015523e+00
-1.861246434498015523e+00
-1.861246434498015523e+00
-1.861246434498015523e+00
-1.861246434498015523e+00
-1.883392694119513600e+00
-1.883392694119513600e+00
-1.883392694119513600e+00
-1.883392694119513600e+00
-1.883392694119513600e+00
-1.883392694119513600e+00
-1.883392694119513600e+00
-1.883392694119513600e+00
-2.003829976112847078e+00
-2.003829976112847078e+00
-2.003829976112847078e+00
-2.003829976112847078e+00
-2.003829976112847078e+00
-2.003829976112847078e+00
-2.369850589030103372e+00
-2.369850589030103372e+00
-2.369850589030103372e+00
-2.369850589030103372e+00
-2.369850589030103372e+00
-2.369850589030103372e+00
-2.074734658629670658e+00
-2.074734658629670658e+00
-2.074734658629670658e+00
-2.074734658629670658e+00
-2.074734658629670658e+00
-2.074734658629670658e+00
-2.030455587470964218e+00
-2.030455587470964218e+00
-2.030455587470964218e+00
-2.030455587470964218e+00
-2.030455587470964218e+00
-2.030455587470964218e+00
-2.014812958172128798e+00
-1.900116868502323308e+00
-1.900116868502323308e+00
-1.900116868502323308e+00
-1.900116868502323308e+00
-1.900116868502323308e+00
-1.900116868502323308e+00
-1.900116868502323308e+00
-1.900116868502323308e+00
-1.900116868502323308e+00
-1.900116868502323308e+00
-1.900116868502323308e+00
-1.867793942044843281e+00
-1.867793942044843281e+00
-1.867793942044843281e+00
-1.867793942044843281e+00
-1.867793942044843281e+00
-1.867793942044843281e+00
-1.867793942044843281e+00
-1.867793942044843281e+00
-1.867793942044843281e+00
-1.867793942044843281e+00
-1.667317195330705326e+00
-1.667317195330705326e+00
-1.667317195330705326e+00
-1.667317195330705326e+00
-1.667317195330705326e+00
-1.667317195330705326e+00
-1.667317195330705326e+00
-1.667317195330705326e+00
-1.667317195330705326e+00
-1.667317195330705326e+00
-1.587223482405478281e+00
-1.587223482405478281e+00
-1.587223482405478281e+00
-1.572529057015880305e+00
-1.572529057015880305e+00
-1.655486414127094408e+00
-1.655486414127094408e+00
-1.655486414127094408e+00
-1.655486414127094408e+00
-1.655486414127094408e+00
-1.655486414127094408e+00
-1.655486414127094408e+00
-1.825789990434227184e+00
-1.825789990434227184e+00
-1.825789990434227184e+00
-1.825789990434227184e+00
-1.825789990434227184e+00
-1.825789990434227184e+00
-1.825789990434227184e+00
-1.825789990434227184e+00
-1.825789990434227184e+00
-1.825789990434227184e+00
-1.825789990434227184e+00
-1.758225789261593563e+00
-1.715940225648606487e+00
-1.715940225648606487e+00
-1.804943750283002357e+00
-1.804943750283002357e+00
-1.804943750283002357e+00
-1.804943750283002357e+00
-1.804943750283002357e+00
-1.819110623281270822e+00
-1.819110623281270822e+00
-1.819110623281270822e+00
-1.819110623281270822e+00
-1.599302369367551879e+00
-1.599302369367551879e+00
-1.599302369367551879e+00
-1.599302369367551879e+00
-1.599302369367551879e+00
-1.599302369367551879e+00
-1.599302369367551879e+00
-1.613809775212070807e+00
-1.613809775212070807e+00
-1.613809775212070807e+00
-1.613809775212070807e+00
-1.613809775212070807e+00
-1.613809775212070807e+00
-1.613809775212070807e+00
-1.613809775212070807e+00
-1.613809775212070807e+00
-1.645415622463189731e+00
-1.645415622463189731e+00
-1.645415622463189731e+00
-1.645415622463189731e+00
-1.645415622463189731e+00
-1.671645996903370124e+00
-1.671645996903370124e+00
-1.671645996903370124e+00
-1.671645996903370124e+00
-1.671645996903370124e+00
-1.671645996903370124e+00
