# Variable: dg_gbsa_00000109
# Sample shape: (1000,)
# Date: 2014-03-03 23:31:52.309806
-1.343717310670228926e+00
-3.907485856152856929e+00
-3.907485856152856929e+00
-3.907485856152856929e+00
-3.907485856152856929e+00
-4.006656132510241441e+00
-4.006656132510241441e+00
-4.006656132510241441e+00
-4.006656132510241441e+00
-4.006656132510241441e+00
-4.006656132510241441e+00
-4.311832369627505379e+00
-4.311832369627505379e+00
-3.736376762390136719e+00
-4.201790570756901211e+00
-4.201790570756901211e+00
-4.819104593980836349e+00
-3.739767047232924746e+00
-3.739767047232924746e+00
-3.739767047232924746e+00
-3.739767047232924746e+00
-3.700247458244600551e+00
-4.766539451497006752e+00
-4.766539451497006752e+00
-4.766539451497006752e+00
-4.766539451497006752e+00
-4.766539451497006752e+00
-4.766539451497006752e+00
-4.766539451497006752e+00
-4.766539451497006752e+00
-4.766539451497006752e+00
-4.766539451497006752e+00
-4.766539451497006752e+00
-4.749283507950674554e+00
-4.749283507950674554e+00
-4.732212190646285954e+00
-4.732212190646285954e+00
-4.732212190646285954e+00
-4.732212190646285954e+00
-4.732212190646285954e+00
-4.732212190646285954e+00
-4.730255152481691816e+00
-4.731916788659177975e+00
-4.786416631811663436e+00
-4.758213947653541886e+00
-4.484839010876861209e+00
-4.394304683969763481e+00
-4.394304683969763481e+00
-4.336736854130177399e+00
-4.336736854130177399e+00
-4.336736854130177399e+00
-4.336736854130177399e+00
-4.336736854130177399e+00
-4.336736854130177399e+00
-4.336736854130177399e+00
-4.336736854130177399e+00
-4.336736854130177399e+00
-4.336736854130177399e+00
-4.336736854130177399e+00
-4.336736854130177399e+00
-4.279007191411851707e+00
-4.305315747087817613e+00
-4.305315747087817613e+00
-4.305315747087817613e+00
-4.305315747087817613e+00
-4.824903225579634913e+00
-4.824903225579634913e+00
-4.824903225579634913e+00
-4.824903225579634913e+00
-4.826092127404295162e+00
-4.591814646529421395e+00
-4.591814646529421395e+00
-4.549203365756266493e+00
-4.549203365756266493e+00
-4.591123551757111620e+00
-4.591123551757111620e+00
-4.413872786279389615e+00
-4.503481246773189284e+00
-4.503481246773189284e+00
-4.503481246773189284e+00
-4.503481246773189284e+00
-4.503481246773189284e+00
-4.450106484028395037e+00
-4.450106484028395037e+00
-4.450106484028395037e+00
-4.674449705484947870e+00
-4.674449705484947870e+00
-4.674449705484947870e+00
-4.674449705484947870e+00
-4.674449705484947870e+00
-4.693194055648423735e+00
-4.333405376164452427e+00
-4.333405376164452427e+00
-4.550235905109354384e+00
-4.702874852867928723e+00
-4.677672231174563322e+00
-5.039039123126698883e+00
-5.039039123126698883e+00
-5.082839305724514034e+00
-5.082839305724514034e+00
-4.868404815119493634e+00
-4.868404815119493634e+00
-4.868404815119493634e+00
-4.576586856440877149e+00
-4.576586856440877149e+00
-4.576586856440877149e+00
-4.576586856440877149e+00
-4.576586856440877149e+00
-4.576586856440877149e+00
-4.576586856440877149e+00
-4.576586856440877149e+00
-4.576586856440877149e+00
-4.576586856440877149e+00
-4.576586856440877149e+00
-4.576586856440877149e+00
-4.576586856440877149e+00
-4.576586856440877149e+00
-5.267054811262491754e+00
-5.135434079580507571e+00
-5.135434079580507571e+00
-5.135434079580507571e+00
-5.135434079580507571e+00
-5.079256189029029755e+00
-5.079256189029029755e+00
-5.069673403271297119e+00
-5.069673403271297119e+00
-5.048471928554556953e+00
-5.048471928554556953e+00
-5.048471928554556953e+00
-5.048471928554556953e+00
-5.048471928554556953e+00
-5.048471928554556953e+00
-5.048471928554556953e+00
-5.056705347210681545e+00
-5.056705347210681545e+00
-5.056705347210681545e+00
-5.056705347210681545e+00
-5.105878381382666475e+00
-5.105878381382666475e+00
-5.105878381382666475e+00
-5.105878381382666475e+00
-5.105878381382666475e+00
-5.105878381382666475e+00
-5.105878381382666475e+00
-5.105878381382666475e+00
-5.105878381382666475e+00
-5.105878381382666475e+00
-5.398064680810639615e+00
-5.398064680810639615e+00
-5.398064680810639615e+00
-5.398064680810639615e+00
-5.398064680810639615e+00
-5.398064680810639615e+00
-5.398064680810639615e+00
-5.398064680810639615e+00
-5.398064680810639615e+00
-5.398064680810639615e+00
-5.398064680810639615e+00
-5.398064680810639615e+00
-5.398064680810639615e+00
-5.398064680810639615e+00
-5.398064680810639615e+00
-5.398064680810639615e+00
-5.398064680810639615e+00
-5.398064680810639615e+00
-5.398064680810639615e+00
-5.398064680810639615e+00
-5.398064680810639615e+00
-5.398064680810639615e+00
-5.398064680810639615e+00
-5.395756624852722005e+00
-5.395756624852722005e+00
-5.395756624852722005e+00
-5.395756624852722005e+00
-5.395756624852722005e+00
-5.395756624852722005e+00
-5.395756624852722005e+00
-5.395756624852722005e+00
-5.395756624852722005e+00
-5.395756624852722005e+00
-5.395756624852722005e+00
-5.395756624852722005e+00
-5.395756624852722005e+00
-5.395756624852722005e+00
-5.348377884232062840e+00
-5.348377884232062840e+00
-5.348377884232062840e+00
-5.348377884232062840e+00
-5.348377884232062840e+00
-5.348377884232062840e+00
-5.348377884232062840e+00
-5.348377884232062840e+00
-5.348377884232062840e+00
-5.348377884232062840e+00
-5.348377884232062840e+00
-5.348377884232062840e+00
-5.348377884232062840e+00
-5.348377884232062840e+00
-5.348377884232062840e+00
-5.348377884232062840e+00
-5.348377884232062840e+00
-5.348377884232062840e+00
-5.348377884232062840e+00
-5.348377884232062840e+00
-5.348377884232062840e+00
-5.348377884232062840e+00
-5.348377884232062840e+00
-5.308652243240385538e+00
-5.308652243240385538e+00
-5.308652243240385538e+00
-5.308652243240385538e+00
-5.308652243240385538e+00
-5.308652243240385538e+00
-5.308652243240385538e+00
-5.308652243240385538e+00
-5.308652243240385538e+00
-5.308652243240385538e+00
-5.308652243240385538e+00
-5.308652243240385538e+00
-5.308652243240385538e+00
-5.308652243240385538e+00
-5.308652243240385538e+00
-5.308652243240385538e+00
-5.308652243240385538e+00
-5.308652243240385538e+00
-5.308652243240385538e+00
-5.308652243240385538e+00
-5.308652243240385538e+00
-5.308652243240385538e+00
-5.308652243240385538e+00
-5.308652243240385538e+00
-5.308652243240385538e+00
-5.308652243240385538e+00
-5.308652243240385538e+00
-5.308652243240385538e+00
-5.308652243240385538e+00
-5.308652243240385538e+00
-5.308652243240385538e+00
-5.308652243240385538e+00
-5.308652243240385538e+00
-5.212392223496737920e+00
-5.212392223496737920e+00
-5.212392223496737920e+00
-5.212392223496737920e+00
-5.212392223496737920e+00
-5.132936838708006100e+00
-5.132936838708006100e+00
-5.132936838708006100e+00
-5.132936838708006100e+00
-5.132936838708006100e+00
-5.132936838708006100e+00
-5.132936838708006100e+00
-5.132936838708006100e+00
-5.132936838708006100e+00
-5.132936838708006100e+00
-5.132936838708006100e+00
-5.132936838708006100e+00
-5.132936838708006100e+00
-5.132936838708006100e+00
-5.132936838708006100e+00
-5.132936838708006100e+00
-5.132936838708006100e+00
-5.132936838708006100e+00
-5.132936838708006100e+00
-5.132936838708006100e+00
-5.132936838708006100e+00
-5.132936838708006100e+00
-5.216587114060585506e+00
-5.216587114060585506e+00
-5.216587114060585506e+00
-5.216587114060585506e+00
-5.216587114060585506e+00
-5.216587114060585506e+00
-5.216587114060585506e+00
-5.215447901767708672e+00
-5.215452460440348936e+00
-5.215452460440348936e+00
-5.215452460440348936e+00
-5.226016728417595125e+00
-5.226016728417595125e+00
-5.226016728417595125e+00
-5.226016728417595125e+00
-5.226016728417595125e+00
-5.226016728417595125e+00
-5.226016728417595125e+00
-5.135692100451962894e+00
-5.135692100451962894e+00
-5.135692100451962894e+00
-5.135692100451962894e+00
-5.929652409161481508e+00
-5.929652409161481508e+00
-5.929652409161481508e+00
-5.929652409161481508e+00
-5.929652409161481508e+00
-5.929652409161481508e+00
-5.929652409161481508e+00
-5.929652409161481508e+00
-5.929652409161481508e+00
-5.929652409161481508e+00
-5.929652409161481508e+00
-5.929652409161481508e+00
-5.929652409161481508e+00
-5.929652409161481508e+00
-5.929652409161481508e+00
-5.929652409161481508e+00
-5.929652409161481508e+00
-5.929652409161481508e+00
-5.929652409161481508e+00
-5.929652409161481508e+00
-5.929652409161481508e+00
-5.929652409161481508e+00
-5.929652409161481508e+00
-5.929652409161481508e+00
-5.929652409161481508e+00
-5.929652409161481508e+00
-5.929652409161481508e+00
-5.929652409161481508e+00
-5.929652409161481508e+00
-5.929652409161481508e+00
-5.929652409161481508e+00
-5.892293631004785759e+00
-5.892293631004785759e+00
-5.892293631004785759e+00
-5.445525021671564936e+00
-5.445525021671564936e+00
-5.445525021671564936e+00
-5.445525021671564936e+00
-5.330547547933019992e+00
-5.330547547933019992e+00
-5.330547547933019992e+00
-5.330547547933019992e+00
-5.330547547933019992e+00
-5.330547547933019992e+00
-5.330547547933019992e+00
-5.330547547933019992e+00
-5.330547547933019992e+00
-5.330547547933019992e+00
-5.330547547933019992e+00
-5.330547547933019992e+00
-5.330547547933019992e+00
-5.330547547933019992e+00
-5.330547547933019992e+00
-5.330547547933019992e+00
-5.330547547933019992e+00
-5.330547547933019992e+00
-5.330547547933019992e+00
-5.330547547933019992e+00
-5.330547547933019992e+00
-5.330547547933019992e+00
-5.330547547933019992e+00
-5.330547547933019992e+00
-5.330547547933019992e+00
-5.330547547933019992e+00
-5.114730867783380042e+00
-5.114730867783380042e+00
-5.114730867783380042e+00
-5.114730867783380042e+00
-5.114730867783380042e+00
-5.114730867783380042e+00
-5.114730867783380042e+00
-5.114730867783380042e+00
-5.114730867783380042e+00
-5.114730867783380042e+00
-5.729649308534698449e+00
-5.729649308534698449e+00
-5.729649308534698449e+00
-5.729649308534698449e+00
-5.729649308534698449e+00
-5.729649308534698449e+00
-5.749372405714104239e+00
-5.749372405714104239e+00
-5.749372405714104239e+00
-5.749372405714104239e+00
-5.749372405714104239e+00
-5.749372405714104239e+00
-5.749372405714104239e+00
-5.749372405714104239e+00
-5.749372405714104239e+00
-5.749372405714104239e+00
-5.749372405714104239e+00
-5.749372405714104239e+00
-5.583369709109712531e+00
-5.583369709109712531e+00
-5.583369709109712531e+00
-5.583369709109712531e+00
-5.697653352872363186e+00
-5.697653352872363186e+00
-5.678943648620955464e+00
-5.678943648620955464e+00
-5.678943648620955464e+00
-5.678943648620955464e+00
-5.678943648620955464e+00
-5.678943648620955464e+00
-5.761078165320547839e+00
-5.761078165320547839e+00
-5.761078165320547839e+00
-4.974210695372484281e+00
-4.974210695372484281e+00
-4.974210695372484281e+00
-4.974210695372484281e+00
-4.974210695372484281e+00
-4.974210695372484281e+00
-4.974210695372484281e+00
-4.974215254045125434e+00
-5.010164034754094331e+00
-4.966495141928327861e+00
-4.966495141928327861e+00
-4.966495141928327861e+00
-5.418653014057224659e+00
-5.418639793906566915e+00
-5.411850562742973381e+00
-5.411850562742973381e+00
-5.411850562742973381e+00
-5.411850562742973381e+00
-5.411850562742973381e+00
-5.411850562742973381e+00
-5.411850562742973381e+00
-5.411850562742973381e+00
-5.411850562742973381e+00
-5.411850562742973381e+00
-5.411837798459579574e+00
-5.411837798459579574e+00
-5.411837798459579574e+00
-5.411837798459579574e+00
-5.410257762522359570e+00
-5.410279644151034795e+00
-5.220374459290367142e+00
-5.220374459290367142e+00
-5.220374459290367142e+00
-5.220222199624172887e+00
-5.178121946054024427e+00
-5.178121946054024427e+00
-5.178121946054024427e+00
-5.489946551350288750e+00
-5.489946551350288750e+00
-5.489946551350288750e+00
-5.489941992677648486e+00
-5.489941992677648486e+00
-5.489941992677648486e+00
-5.482314421615454236e+00
-5.482314421615454236e+00
-5.482314421615454236e+00
-5.482327185898848043e+00
-5.482327185898848043e+00
-5.482331744571488308e+00
-5.482331744571488308e+00
-5.482331744571488308e+00
-5.482331744571488308e+00
-5.482331744571488308e+00
-5.482331744571488308e+00
-5.482331744571488308e+00
-5.482331744571488308e+00
-5.482331744571488308e+00
-5.482331744571488308e+00
-5.482331744571488308e+00
-5.482331744571488308e+00
-5.482331744571488308e+00
-5.464629962840909627e+00
-5.464629962840909627e+00
-5.464629962840909627e+00
-5.464629962840909627e+00
-5.580785853457040702e+00
-5.580785853457040702e+00
-5.580785853457040702e+00
-5.580785853457040702e+00
-5.580785853457040702e+00
-5.580785853457040702e+00
-5.443451281487371674e+00
-5.443451281487371674e+00
-5.443451281487371674e+00
-5.443451281487371674e+00
-5.443451281487371674e+00
-5.443451281487371674e+00
-5.443451281487371674e+00
-5.443451281487371674e+00
-5.443451281487371674e+00
-5.443451281487371674e+00
-5.443451281487371674e+00
-5.443451281487371674e+00
-5.443451281487371674e+00
-5.443451281487371674e+00
-5.443451281487371674e+00
-5.559553835633607832e+00
-5.559553835633607832e+00
-5.559553835633607832e+00
-5.559553835633607832e+00
-5.141506687405004605e+00
-5.141506687405004605e+00
-5.141506687405004605e+00
-5.141506687405004605e+00
-5.142614900723925686e+00
-5.142614900723925686e+00
-5.142614900723925686e+00
-5.142614900723925686e+00
-5.142614900723925686e+00
-5.142614900723925686e+00
-5.147980002554606749e+00
-5.147980002554606749e+00
-5.147980002554606749e+00
-5.147980002554606749e+00
-5.147980002554606749e+00
-5.147980002554606749e+00
-5.147980002554606749e+00
-5.147980002554606749e+00
-5.147980002554606749e+00
-5.147980002554606749e+00
-5.147980002554606749e+00
-5.147980002554606749e+00
-5.147980002554606749e+00
-5.147980002554606749e+00
-5.147980002554606749e+00
-5.147980002554606749e+00
-5.147980002554606749e+00
-5.147980002554606749e+00
-5.147980002554606749e+00
-5.147987752298095465e+00
-5.147987752298095465e+00
-5.147987752298095465e+00
-5.147987752298095465e+00
-5.147987752298095465e+00
-5.147987752298095465e+00
-5.147987752298095465e+00
-5.147987752298095465e+00
-5.147987752298095465e+00
-5.100303124743255090e+00
-5.100303124743255090e+00
-5.100303124743255090e+00
-5.100303124743255090e+00
-5.100303124743255090e+00
-4.970894261026473693e+00
-4.970894261026473693e+00
-4.970894261026473693e+00
-4.948630159717216870e+00
-4.948630159717216870e+00
-4.948630159717216870e+00
-4.948630159717216870e+00
-4.948630159717216870e+00
-4.948630159717216870e+00
-4.963192383600238067e+00
-4.963192383600238067e+00
-5.102932567122333118e+00
-5.102932567122333118e+00
-5.102932567122333118e+00
-5.102932567122333118e+00
-5.102932567122333118e+00
-5.102932567122333118e+00
-5.102932567122333118e+00
-5.102932567122333118e+00
-5.102932567122333118e+00
-5.102932567122333118e+00
-5.984663735384239125e+00
-5.419895708219042874e+00
-5.419895708219042874e+00
-5.419895708219042874e+00
-5.419895708219042874e+00
-5.419895708219042874e+00
-5.466691394608973020e+00
-5.466691394608973020e+00
-5.466691394608973020e+00
-5.466691394608973020e+00
-5.466691394608973020e+00
-5.466691394608973020e+00
-5.466691394608973020e+00
-5.466691394608973020e+00
-5.466691394608973020e+00
-5.478233042000356434e+00
-5.478233042000356434e+00
-5.478233042000356434e+00
-5.478233042000356434e+00
-5.478233042000356434e+00
-5.478233042000356434e+00
-5.478233042000356434e+00
-5.478233042000356434e+00
-5.478233042000356434e+00
-5.478233042000356434e+00
-5.478233042000356434e+00
-5.478233042000356434e+00
-5.478233042000356434e+00
-5.478233042000356434e+00
-5.580963185822758632e+00
-5.580963185822758632e+00
-5.580963185822758632e+00
-5.580963185822758632e+00
-5.580963185822758632e+00
-5.580963185822758632e+00
-6.178147934135013841e+00
-6.178147934135013841e+00
-6.178147934135013841e+00
-6.095290867821892000e+00
-6.095290867821892000e+00
-6.189630774649333311e+00
-6.190134507976115863e+00
-6.190134507976115863e+00
-6.190134507976115863e+00
-6.190134507976115863e+00
-6.190134507976115863e+00
-6.190134507976115863e+00
-6.190134507976115863e+00
-6.190134507976115863e+00
-6.190134507976115863e+00
-6.190134507976115863e+00
-6.190134507976115863e+00
-6.190134507976115863e+00
-6.190134507976115863e+00
-6.190134507976115863e+00
-6.190134507976115863e+00
-6.190134507976115863e+00
-6.190134507976115863e+00
-6.190134507976115863e+00
-6.190134507976115863e+00
-6.190134507976115863e+00
-6.190134507976115863e+00
-6.190134507976115863e+00
-6.190134507976115863e+00
-6.190129493436211661e+00
-6.190129493436211661e+00
-6.190129493436211661e+00
-6.190129493436211661e+00
-6.190129493436211661e+00
-6.190129493436211661e+00
-6.190129493436211661e+00
-6.190129493436211661e+00
-6.183288749271778961e+00
-6.183288749271778961e+00
-6.183288749271778961e+00
-6.183288749271778961e+00
-6.183343453343465690e+00
-6.183343453343465690e+00
-6.183343453343465690e+00
-6.183343453343465690e+00
-6.183073579923144436e+00
-6.183073579923144436e+00
-6.183073579923144436e+00
-5.881284892445084012e+00
-5.881284892445084012e+00
-5.881284892445084012e+00
-5.881284892445084012e+00
-5.881284892445084012e+00
-5.881284892445084012e+00
-5.881284892445084012e+00
-5.881284892445084012e+00
-5.881284892445084012e+00
-5.881284892445084012e+00
-5.881284892445084012e+00
-5.881284892445084012e+00
-5.881284892445084012e+00
-5.881284892445084012e+00
-6.130642918282211085e+00
-6.130642918282211085e+00
-6.158617212941040364e+00
-6.158617212941040364e+00
-6.158617212941040364e+00
-6.158617212941040364e+00
-6.158617212941040364e+00
-6.145157276102507282e+00
-6.145157276102507282e+00
-6.145157276102507282e+00
-6.145157276102507282e+00
-6.145157276102507282e+00
-6.066018719062293840e+00
-6.066018719062293840e+00
-5.660980654948072122e+00
-5.660980654948072122e+00
-5.660980654948072122e+00
-5.626567235184444904e+00
-5.626567235184444904e+00
-5.626567235184444904e+00
-5.626567235184444904e+00
-5.626567235184444904e+00
-5.615556217288423468e+00
-5.615556217288423468e+00
-5.615556217288423468e+00
-5.615556217288423468e+00
-5.615556217288423468e+00
-5.615556217288423468e+00
-5.615556217288423468e+00
-5.615556217288423468e+00
-5.615556217288423468e+00
-5.615556217288423468e+00
-5.615556217288423468e+00
-5.615556217288423468e+00
-5.684469671595848261e+00
-5.684581359075542295e+00
-5.684581359075542295e+00
-5.684581359075542295e+00
-5.651798576515445482e+00
-5.651798576515445482e+00
-5.651798576515445482e+00
-5.651798576515445482e+00
-5.651798576515445482e+00
-5.651798576515445482e+00
-5.651798576515445482e+00
-5.651798576515445482e+00
-5.651798576515445482e+00
-5.651798576515445482e+00
-5.651798576515445482e+00
-5.651798576515445482e+00
-5.651798576515445482e+00
-5.651798576515445482e+00
-5.651798576515445482e+00
-5.651798576515445482e+00
-5.651798576515445482e+00
-5.651798576515445482e+00
-5.605325644148466679e+00
-5.772415128310369070e+00
-5.772415128310369070e+00
-5.772415128310369070e+00
-5.772415128310369070e+00
-5.772415128310369070e+00
-5.798330726404718583e+00
-5.798330726404718583e+00
-5.798330726404718583e+00
-5.798330726404718583e+00
-5.798330726404718583e+00
-5.532288414570387225e+00
-5.532288414570387225e+00
-6.656070512293856822e+00
-6.655700803942707466e+00
-6.655700803942707466e+00
-6.655700803942707466e+00
-6.540154863725883949e+00
-6.540154863725883949e+00
-6.540154863725883949e+00
-6.540173098416446784e+00
-6.540173098416446784e+00
-6.540173098416446784e+00
-6.540173098416446784e+00
-6.540173098416446784e+00
-6.540173098416446784e+00
-6.540173098416446784e+00
-6.540173098416446784e+00
-6.540173098416446784e+00
-6.545140228125606363e+00
-6.545140228125606363e+00
-6.545140228125606363e+00
-6.545140228125606363e+00
-6.545140228125606363e+00
-6.545140228125606363e+00
-6.545140228125606363e+00
-6.545140228125606363e+00
-6.545140228125606363e+00
-6.545140228125606363e+00
-6.545140228125606363e+00
-6.545140228125606363e+00
-6.543904827840012928e+00
-6.543904827840012928e+00
-6.566798481840931956e+00
-6.566798481840931956e+00
-6.566798481840931956e+00
-6.566798481840931956e+00
-6.566798481840931956e+00
-6.566798481840931956e+00
-6.566798481840931956e+00
-6.566798481840931956e+00
-6.636569422472047286e+00
-6.636569422472047286e+00
-6.636569422472047286e+00
-6.636569422472047286e+00
-6.636569422472047286e+00
-6.636569422472047286e+00
-6.510967050410137347e+00
-6.510967050410137347e+00
-6.510967050410137347e+00
-6.510967050410137347e+00
-6.510967050410137347e+00
-6.510967050410137347e+00
-6.510967050410137347e+00
-6.510967050410137347e+00
-6.510967050410137347e+00
-6.510967050410137347e+00
-6.510967050410137347e+00
-6.510967050410137347e+00
-6.510967050410137347e+00
-6.510967050410137347e+00
-6.510967050410137347e+00
-6.510967050410137347e+00
-6.510967050410137347e+00
-6.510967050410137347e+00
-6.510967050410137347e+00
-6.510967050410137347e+00
-6.510967050410137347e+00
-6.510967050410137347e+00
-6.566648045643793452e+00
-6.566648045643793452e+00
-6.566648045643793452e+00
-6.566648045643793452e+00
-6.319289909494082202e+00
-6.319289909494082202e+00
-6.319289909494082202e+00
-6.319289909494082202e+00
-6.319289909494082202e+00
-6.319438522222164956e+00
-6.319438522222164956e+00
-6.319438522222164956e+00
-6.319438522222164956e+00
-6.319438522222164956e+00
-6.319438522222164956e+00
-6.319438522222164956e+00
-6.319438522222164956e+00
-6.319438522222164956e+00
-6.319438522222164956e+00
-6.319438522222164956e+00
-6.319438522222164956e+00
-6.319438522222164956e+00
-6.319438522222164956e+00
-6.319438522222164956e+00
-6.319438522222164956e+00
-6.319438522222164956e+00
-6.319438522222164956e+00
-6.319438522222164956e+00
-6.319438522222164956e+00
-6.507547590062449316e+00
-6.507547590062449316e+00
-6.507547590062449316e+00
-6.545378646704707926e+00
-6.534793408833315276e+00
-6.534793408833315276e+00
-6.534793408833315276e+00
-6.534793408833315276e+00
-6.534793408833315276e+00
-6.534793408833315276e+00
-6.534793408833315276e+00
-6.469110685826259477e+00
-6.469110685826259477e+00
-6.460595997068211638e+00
-6.460595997068211638e+00
-6.368326183486850312e+00
-6.368326183486850312e+00
-6.368326183486850312e+00
-6.368326183486850312e+00
-6.352491178202583022e+00
-6.352491178202583022e+00
-6.352491178202583022e+00
-6.352491178202583022e+00
-6.352491178202583022e+00
-6.158165904349623965e+00
-6.158165904349623965e+00
-6.158165904349623965e+00
-6.158165904349623965e+00
-6.158165904349623965e+00
-6.158165904349623965e+00
-6.158165904349623965e+00
-6.158165904349623965e+00
-6.158165904349623965e+00
-6.158165904349623965e+00
-6.158165904349623965e+00
-6.158165904349623965e+00
-6.158165904349623965e+00
-6.158165904349623965e+00
-6.158165904349623965e+00
-6.158165904349623965e+00
-6.158165904349623965e+00
-6.177166451915500289e+00
-6.177166451915500289e+00
-6.177166451915500289e+00
-6.177149128959466218e+00
-6.177149128959466218e+00
-6.177149128959466218e+00
-6.177149128959466218e+00
-6.177149128959466218e+00
-6.176657704048812647e+00
-6.176971340726483461e+00
-6.196996222034695023e+00
-6.196996222034695023e+00
-6.196996222034695023e+00
-6.196996222034695023e+00
-6.412255832387657506e+00
-6.412255832387657506e+00
-6.412255832387657506e+00
-6.412255832387657506e+00
-6.412255832387657506e+00
-6.412255832387657506e+00
-6.412255832387657506e+00
-6.412255832387657506e+00
-6.380577616208369385e+00
-6.380577616208369385e+00
-6.380577616208369385e+00
-6.380577616208369385e+00
-6.380577616208369385e+00
-6.380577616208369385e+00
-6.380577616208369385e+00
-6.380577616208369385e+00
-6.222295031720775249e+00
-6.222295031720775249e+00
-6.222295031720775249e+00
-6.222295031720775249e+00
-6.222295031720775249e+00
-6.222295031720775249e+00
-5.833449372825841195e+00
-5.833449372825841195e+00
-5.833449372825841195e+00
-5.833449372825841195e+00
-5.833449372825841195e+00
-5.833449372825841195e+00
-5.833449372825841195e+00
-5.833449372825841195e+00
-5.833449372825841195e+00
-5.833449372825841195e+00
-5.833449372825841195e+00
-5.833449372825841195e+00
-5.866479235443056162e+00
-5.866479235443056162e+00
-5.866479235443056162e+00
-5.866479235443056162e+00
-5.866479235443056162e+00
-5.866479235443056162e+00
-5.883265179840146075e+00
-6.047222855897979699e+00
-6.047222855897979699e+00
-6.047222855897979699e+00
-6.047222855897979699e+00
-6.047222855897979699e+00
-6.047222855897979699e+00
-6.047222855897979699e+00
-6.047222855897979699e+00
-6.047222855897979699e+00
-6.047222855897979699e+00
-6.047222855897979699e+00
-6.075442407144870494e+00
-6.075442407144870494e+00
-6.075442407144870494e+00
-6.075442407144870494e+00
-6.075442407144870494e+00
-6.075442407144870494e+00
-6.075442407144870494e+00
-6.075442407144870494e+00
-6.075442407144870494e+00
-6.075442407144870494e+00
-6.349005161234343220e+00
-6.349005161234343220e+00
-6.349005161234343220e+00
-6.349005161234343220e+00
-6.349005161234343220e+00
-6.349005161234343220e+00
-6.349005161234343220e+00
-6.349005161234343220e+00
-6.349005161234343220e+00
-6.349005161234343220e+00
-6.349005161234343220e+00
-6.349005161234343220e+00
-6.349005161234343220e+00
-6.397157508602105302e+00
-6.397152494062201100e+00
-6.267985695862632767e+00
-6.267985695862632767e+00
-6.267985695862632767e+00
-6.267985695862632767e+00
-6.267985695862632767e+00
-6.267619178582331863e+00
-6.267619178582331863e+00
-6.042045115512825859e+00
-6.042045115512825859e+00
-6.042045115512825859e+00
-6.042045115512825859e+00
-6.042143126974598211e+00
-6.037092117688851900e+00
-6.037092117688851900e+00
-6.037092117688851900e+00
-6.037092117688851900e+00
-6.037092117688851900e+00
-6.037092117688851900e+00
-6.587536795417391566e+00
-6.644951453856254631e+00
-6.644951453856254631e+00
-6.526998078617949339e+00
-6.526998078617949339e+00
-6.526998078617949339e+00
-6.526998078617949339e+00
-6.526998078617949339e+00
-6.486526638782274645e+00
-6.486526638782274645e+00
-6.486526638782274645e+00
-6.486526638782274645e+00
-6.798505327213789862e+00
-6.798505327213789862e+00
-6.798505327213789862e+00
-6.798505327213789862e+00
-6.798505327213789862e+00
-6.798505327213789862e+00
-6.798505327213789862e+00
-6.781553447132584012e+00
-6.781553447132584012e+00
-6.781553447132584012e+00
-6.781553447132584012e+00
-6.781553447132584012e+00
-6.781553447132584012e+00
-6.781553447132584012e+00
-6.781553447132584012e+00
-6.781553447132584012e+00
-6.678699307414358799e+00
-6.678699307414358799e+00
-6.678699307414358799e+00
-6.678699307414358799e+00
-6.678699307414358799e+00
-6.594639207391391977e+00
-6.594639207391391977e+00
-6.594639207391391977e+00
-6.594067549842264953e+00
-6.594067549842264953e+00
-6.594067549842264953e+00
