# Variable: dg_gbsa_00000076
# Sample shape: (1000,)
# Date: 2014-03-03 23:31:52.519049
-1.354870103285371830e+00
-3.576131384413738790e-01
-3.576131384413738790e-01
-3.576131384413738790e-01
-3.576131384413738790e-01
-3.393374768087558113e-01
-3.393374768087558113e-01
-3.393374768087558113e-01
-3.393374768087558113e-01
-3.393374768087558113e-01
-3.393374768087558113e-01
-4.141535859262965857e-01
-5.284264028414257242e-01
-6.839807927038655810e-01
-2.122124567998298961e+00
-2.122124567998298961e+00
-2.612013205971362328e+00
-3.266290314566792752e+00
-3.575916727915776416e+00
-2.949015816128732315e+00
-2.948533052696096668e+00
-2.910056488007933595e+00
-2.303600539212928844e+00
-2.303600539212928844e+00
-2.509220836267416654e+00
-2.509220836267416654e+00
-2.304786249966739753e+00
-3.837136419963654177e+00
-3.837142346238086699e+00
-3.837136419963654177e+00
-3.837960627977068384e+00
-3.874931007224788448e+00
-3.977934671405624290e+00
-3.800977940313218451e+00
-3.800977940313218451e+00
-3.785495776291330827e+00
-3.790545873842549263e+00
-3.799349582446008622e+00
-3.779019042137247819e+00
-3.791077415072439116e+00
-3.220049418637219052e+00
-5.891580654603800760e+00
-5.425987006601365792e+00
-5.399533941002694348e+00
-3.308779422913180834e+00
-3.441596578229681569e+00
-3.495907920268479963e+00
-3.495907920268479963e+00
-3.531303050185252701e+00
-3.531303050185252701e+00
-3.531303050185252701e+00
-3.531303050185252701e+00
-3.531303050185252701e+00
-3.531303050185252701e+00
-3.531303050185252701e+00
-3.531303050185252701e+00
-3.531303050185252701e+00
-3.531303050185252701e+00
-3.531303050185252701e+00
-3.531303050185252701e+00
-3.567198494424327571e+00
-3.551007456806831719e+00
-3.551220802686410050e+00
-3.551215788146505847e+00
-3.551111394543036592e+00
-3.374689623685001472e+00
-3.374689623685001472e+00
-3.369304007827437886e+00
-3.374646772162180230e+00
-3.800398305086970741e+00
-3.209259724297897076e+00
-3.237279149815867285e+00
-3.495268338497008465e+00
-3.448130295791771882e+00
-3.440158089077951065e+00
-3.440158089077951065e+00
-3.280762276731531202e+00
-3.361541044187819072e+00
-3.361541044187819072e+00
-3.361544235258667523e+00
-3.361544235258667523e+00
-3.361541044187819072e+00
-3.392587884206388793e+00
-3.392587884206388793e+00
-3.425956912068062188e+00
-4.083074985453093220e+00
-4.083074985453093220e+00
-4.083074985453093220e+00
-4.083074985453093220e+00
-3.262387406985572724e+00
-3.261028466671420212e+00
-3.463412789952002413e+00
-3.463420539695491573e+00
-3.463425098368132282e+00
-3.375210452034186126e+00
-3.352713174619364356e+00
-2.835390444695379486e+00
-2.835390444695379486e+00
-2.814222020355282794e+00
-2.814222020355282794e+00
-2.647977030300045609e+00
-2.647977030300045609e+00
-2.647977030300045609e+00
-2.787586151983723948e+00
-2.787638804652722513e+00
-2.787638804652722513e+00
-2.484025736383908445e+00
-2.483825610654987415e+00
-2.483820140247818831e+00
-2.483820140247818831e+00
-2.483818088845130667e+00
-2.483818088845130667e+00
-2.483818088845130667e+00
-2.483818088845130667e+00
-2.483818088845130667e+00
-2.483818088845130667e+00
-2.483818088845130667e+00
-4.297288380435046129e+00
-3.937186520140667945e+00
-3.920020838312619382e+00
-3.920020838312619382e+00
-3.932598671995203077e+00
-3.389641842012423467e+00
-3.389641842012423467e+00
-3.565728550431376931e+00
-3.565728550431376931e+00
-3.356263924739100624e+00
-3.356263924739100624e+00
-3.356263924739100624e+00
-3.356263924739100624e+00
-3.325771875180887793e+00
-3.312765754203723212e+00
-3.312765754203723212e+00
-3.392826530719122324e+00
-3.387442966264246902e+00
-3.387442966264246902e+00
-3.403388291426415968e+00
-2.656682271574468679e+00
-2.656682271574468679e+00
-2.656682271574468679e+00
-2.658089077951347079e+00
-2.661555264693601153e+00
-2.661555264693601153e+00
-2.661555264693601153e+00
-2.680458256664969063e+00
-2.680458256664969063e+00
-2.680458256664969063e+00
-3.086389592683109750e+00
-3.086389592683109750e+00
-2.823538123763541741e+00
-2.823538123763541741e+00
-2.567598286367966942e+00
-2.561484650489704862e+00
-2.561484650489704862e+00
-2.562980350983074196e+00
-2.562980350983074196e+00
-2.560871509019548853e+00
-2.560871509019548853e+00
-2.511830448420508066e+00
-3.492644594458730989e+00
-3.492644594458730989e+00
-3.492644594458730989e+00
-3.492644594458730989e+00
-3.492644594458730989e+00
-3.492644594458730989e+00
-3.114083528974543658e+00
-3.114083528974543658e+00
-3.114083528974543658e+00
-3.145408675957820144e+00
-3.003219345559581477e+00
-2.986493347707715351e+00
-3.127785303396658723e+00
-3.127785303396658723e+00
-2.475734650518880198e+00
-2.475734650518880198e+00
-2.476812548664741875e+00
-2.476812548664741875e+00
-2.476812548664741875e+00
-2.467514679947045320e+00
-2.467514679947045320e+00
-3.123086223638764203e+00
-3.123086223638764203e+00
-3.123086223638764203e+00
-3.127488989675021980e+00
-2.335743512067922190e+00
-2.335743512067922190e+00
-2.335743512067922190e+00
-2.335743512067922190e+00
-2.335743512067922190e+00
-2.344533088786196373e+00
-2.344533088786196373e+00
-2.234551236460815105e+00
-2.234551236460815105e+00
-2.270081986888644821e+00
-2.270081986888644821e+00
-2.270081986888644821e+00
-2.251661074549016650e+00
-2.251661074549016650e+00
-1.719441514170192420e+00
-1.860096623291249029e+00
-2.929096240158518327e+00
-2.929096240158518327e+00
-2.929096240158518327e+00
-2.929096240158518327e+00
-2.233637906397277995e+00
-2.004387045909524101e+00
-2.005374226469838650e+00
-1.855086756026083750e+00
-2.291352525495890191e+00
-2.291352525495890191e+00
-1.928003750613269007e+00
-1.928003750613269007e+00
-1.928003750613269007e+00
-1.928003750613269007e+00
-1.928003750613269007e+00
-1.928003750613269007e+00
-1.928003750613269007e+00
-1.928003750613269007e+00
-2.005110735191213855e+00
-2.005110735191213855e+00
-2.005110735191213855e+00
-2.005110735191213855e+00
-2.005110735191213855e+00
-2.005110735191213855e+00
-2.019533007824170223e+00
-3.398512791037331393e+00
-3.398512791037331393e+00
-3.398512791037331393e+00
-3.398512791037331393e+00
-4.481062606461416742e+00
-4.481062606461416742e+00
-3.954861861569931580e+00
-3.954861861569931580e+00
-3.954861861569931580e+00
-3.954861861569931580e+00
-3.954861861569931580e+00
-3.727043563959475225e+00
-3.727043563959475225e+00
-3.727043563959475225e+00
-3.561014427053768472e+00
-4.774677593894943506e+00
-4.774677593894943506e+00
-4.774677593894943506e+00
-4.774677593894943506e+00
-4.774677593894943506e+00
-3.974595899563674095e+00
-3.853908688342821964e+00
-3.820549005760061512e+00
-3.974595899563674095e+00
-3.974595899563674095e+00
-3.974595899563674095e+00
-3.974595899563674095e+00
-3.974595899563674095e+00
-3.974595899563674095e+00
-3.889192358713532638e+00
-3.889192358713532638e+00
-3.889192358713532638e+00
-3.769720717552286882e+00
-3.769720717552286882e+00
-3.769720717552286882e+00
-3.769720717552286882e+00
-3.769720717552286882e+00
-3.769720717552286882e+00
-3.769720717552286882e+00
-3.769720717552286882e+00
-3.769720717552286882e+00
-3.797409867237448111e+00
-4.642627891117482086e+00
-4.642627891117482086e+00
-4.627263796716984956e+00
-4.627263796716984956e+00
-4.627263796716984956e+00
-4.819379481941062693e+00
-3.300342231590022823e+00
-3.253032554859868863e+00
-4.259948292836176265e+00
-4.259948292836176265e+00
-4.259948292836176265e+00
-4.153469552501437789e+00
-4.153469552501437789e+00
-4.153469552501437789e+00
-4.153469552501437789e+00
-4.153469552501437789e+00
-4.153469552501437789e+00
-4.153469552501437789e+00
-4.185652413742036337e+00
-4.185652413742036337e+00
-3.224586437582741549e+00
-3.224586437582741549e+00
-3.224586437582741549e+00
-2.953880603637111690e+00
-2.953880603637111690e+00
-2.953880603637111690e+00
-2.953880603637111690e+00
-2.953880603637111690e+00
-3.090244862135235859e+00
-3.090244862135235859e+00
-3.090244862135235859e+00
-3.117181602901072157e+00
-2.468066279336553759e+00
-2.468066279336553759e+00
-2.468066279336553759e+00
-2.372417349660373542e+00
-2.466140012212282517e+00
-2.466140012212282517e+00
-2.466140012212282517e+00
-2.466140012212282517e+00
-2.466140012212282517e+00
-2.466140012212282517e+00
-2.466140012212282517e+00
-2.537162992284129004e+00
-2.537162992284129004e+00
-2.534596459587490802e+00
-2.534596459587490802e+00
-2.534596459587490802e+00
-2.539194792680028900e+00
-2.539194792680028900e+00
-2.539194792680028900e+00
-2.539194792680028900e+00
-2.777937493406335889e+00
-2.533364250372746262e+00
-2.535749803765553700e+00
-2.938494627607939780e+00
-2.933799878589053556e+00
-2.933799878589053556e+00
-2.933799878589053556e+00
-3.188862855302216026e+00
-2.583536317653911230e+00
-2.592739821847948267e+00
-2.592739821847948267e+00
-3.205043863839902585e+00
-3.205043863839902585e+00
-3.064653157731998867e+00
-3.064653157731998867e+00
-3.156670192915440154e+00
-3.156670192915440154e+00
-3.030515765596757838e+00
-3.030515765596757838e+00
-3.030515765596757838e+00
-3.199718650394826280e+00
-3.204091101258024210e+00
-3.205043863839902585e+00
-3.205043863839902585e+00
-3.205043863839902585e+00
-3.205043863839902585e+00
-2.999657654625507597e+00
-2.999657654625507597e+00
-2.017787947937361714e+00
-2.017787947937361714e+00
-2.017787947937361714e+00
-2.017787947937361714e+00
-2.017787947937361714e+00
-2.017787947937361714e+00
-2.038252741155387238e+00
-1.983700701201167149e+00
-1.983700701201167149e+00
-1.983700701201167149e+00
-1.983700701201167149e+00
-1.983700701201167149e+00
-1.956187288346299624e+00
-1.956187288346299624e+00
-1.956187288346299624e+00
-1.944776018992436573e+00
-1.983700701201167149e+00
-1.756935456970681653e+00
-1.756935456970681653e+00
-1.756935456970681653e+00
-1.756935456970681653e+00
-1.624437294772204554e+00
-1.659245723520136551e+00
-1.693339466364844004e+00
-1.693339466364844004e+00
-1.693339466364844004e+00
-1.693339466364844004e+00
-1.720213867282320397e+00
-1.720213867282320397e+00
-1.720213867282320397e+00
-1.808169808943914214e+00
-1.745012476612915142e+00
-1.766658535878927072e+00
-1.766658535878927072e+00
-1.748551146250153954e+00
-1.748551146250153954e+00
-1.752103719838946416e+00
-1.766559270782178892e+00
-1.655292214672606343e+00
-1.655292214672606343e+00
-1.698787080170319541e+00
-1.698787080170319541e+00
-1.698787080170319541e+00
-1.674848236499735243e+00
-1.674848236499735243e+00
-1.913588088055641512e+00
-1.979283575346091339e+00
-1.985108191378941678e+00
-1.985108191378941678e+00
-1.985108191378941678e+00
-1.964765798521315388e+00
-1.948663655020310692e+00
-1.948663655020310692e+00
-2.968371256359676469e+00
-2.549379551159947965e+00
-2.549379551159947965e+00
-1.850139456542910343e+00
-1.867173734632094462e+00
-1.881972439658345486e+00
-1.882994152163911972e+00
-1.883660174236698737e+00
-1.917208357933146479e+00
-2.773062676818147221e+00
-2.737730684517446278e+00
-2.737730684517446278e+00
-2.737730684517446278e+00
-2.737730684517446278e+00
-2.539105442696274029e+00
-2.539105442696274029e+00
-2.670484336794676228e+00
-2.670484336794676228e+00
-2.722400780161753353e+00
-2.650872927094964471e+00
-2.751581071667643652e+00
-2.857248368272361727e+00
-2.857248368272361727e+00
-2.857248368272361727e+00
-2.868575985983270460e+00
-2.535694415892971065e+00
-2.535694415892971065e+00
-2.535694415892971065e+00
-2.535694415892971065e+00
-3.360658941031869684e+00
-2.598866905810500061e+00
-2.598866905810500061e+00
-2.598866905810500061e+00
-2.306066553177842593e+00
-2.306066553177842593e+00
-2.527789677534230783e+00
-2.416316227520856952e+00
-2.416316227520856952e+00
-2.584637237096607532e+00
-2.627841601180300746e+00
-2.311944733614219594e+00
-1.997130550800272353e+00
-1.972260712209668698e+00
-1.972260712209668698e+00
-1.955328662354449021e+00
-1.955328662354449021e+00
-1.955328662354449021e+00
-1.955328662354449021e+00
-1.955328662354449021e+00
-1.937476216493099646e+00
-1.937476216493099646e+00
-1.967113970798470390e+00
-1.967113970798470390e+00
-2.091285831385770955e+00
-2.083150196257786302e+00
-2.083150196257786302e+00
-3.605522343579031119e+00
-3.599147267824832852e+00
-3.599147267824832852e+00
-3.599147267824832852e+00
-2.040313944989818662e+00
-2.205818834541860340e+00
-2.205818834541860340e+00
-2.205818834541860340e+00
-2.205818834541860340e+00
-2.099902862344599441e+00
-2.099902862344599441e+00
-2.245657530615024378e+00
-2.245657530615024378e+00
-2.237008133080447880e+00
-2.237008133080447880e+00
-2.237008133080447880e+00
-2.237008133080447880e+00
-2.221425678260467773e+00
-2.270992125881333479e+00
-2.270324280339490741e+00
-2.270324280339490741e+00
-2.270324280339490741e+00
-2.270324280339490741e+00
-2.270324280339490741e+00
-2.270324280339490741e+00
-2.274301266351119732e+00
-2.882785596537544404e+00
-2.486378011466439997e+00
-2.485274812687423118e+00
-2.485274812687423118e+00
-2.485274812687423118e+00
-2.484890288650191792e+00
-2.484890288650191792e+00
-2.484890288650191792e+00
-2.481131435124413365e+00
-2.481131435124413365e+00
-2.481131435124413365e+00
-2.481131435124413365e+00
-2.481131435124413365e+00
-2.481131435124413365e+00
-2.466607959958836638e+00
-2.466607959958836638e+00
-2.466660840561467172e+00
-2.466614797967797479e+00
-2.466614797967797479e+00
-2.466614797967797479e+00
-2.451510547907812754e+00
-2.451510547907812754e+00
-2.451510547907812754e+00
-2.464624025625662629e+00
-2.464624025625662629e+00
-2.464624025625662629e+00
-2.399467373441327656e+00
-2.399467373441327656e+00
-2.399467373441327656e+00
-2.452590497456362595e+00
-2.453595000972711215e+00
-2.453595000972711215e+00
-2.453595000972711215e+00
-2.402600093279924298e+00
-2.402600093279924298e+00
-2.402600093279924298e+00
-2.402596902209075846e+00
-2.402596902209075846e+00
-2.386950170104863655e+00
-2.386950170104863655e+00
-2.386950170104863655e+00
-2.386950170104863655e+00
-2.274523045775083130e+00
-2.274523045775083130e+00
-2.172730848848477780e+00
-2.053124498910703366e+00
-2.053124498910703366e+00
-2.041207672761001568e+00
-2.041207672761001568e+00
-2.041207672761001568e+00
-2.065683414101828319e+00
-2.086051791393506161e+00
-2.086051791393506161e+00
-2.086051791393506161e+00
-2.086051791393506161e+00
-2.086051791393506161e+00
-4.934835616306866513e+00
-4.934835616306866513e+00
-4.970839101087522138e+00
-4.528821540380299382e+00
-4.528821540380299382e+00
-4.528821540380299382e+00
-4.549495120805262083e+00
-4.549495120805262083e+00
-4.549495120805262083e+00
-4.549495120805262083e+00
-4.549495120805262083e+00
-4.949991379367689071e+00
-5.037495556570603661e+00
-4.771524815896728278e+00
-4.771524815896728278e+00
-4.192574758146734304e+00
-4.289113312788720656e+00
-4.289113312788720656e+00
-4.297830406612009213e+00
-4.297830406612009213e+00
-4.297830406612009213e+00
-4.297830406612009213e+00
-2.549770229405244226e+00
-2.549770229405244226e+00
-2.549770229405244226e+00
-2.549770229405244226e+00
-2.549770229405244226e+00
-2.584159488203876531e+00
-2.761140152327644870e+00
-2.761140152327644870e+00
-2.760002763503823786e+00
-2.760002763503823786e+00
-2.760002763503823786e+00
-2.760002763503823786e+00
-2.760002763503823786e+00
-2.760002763503823786e+00
-2.760002763503823786e+00
-2.741677355356015866e+00
-3.001779032938794778e+00
-2.146641793260154696e+00
-2.146641793260154696e+00
-2.156616396931343438e+00
-2.020424912126296491e+00
-2.020424912126296491e+00
-2.020424912126296491e+00
-2.020424912126296491e+00
-2.020424912126296491e+00
-2.151110887983333164e+00
-2.113795873083986088e+00
-2.127465736797617080e+00
-2.120996752387022788e+00
-2.120996752387022788e+00
-2.393331172133494888e+00
-2.395128884689301962e+00
-2.315084975262672984e+00
-2.315084975262672984e+00
-4.508289278807192879e+00
-4.508289278807192879e+00
-4.508289278807192879e+00
-4.508289278807192879e+00
-4.409937740056053990e+00
-4.416360453939346620e+00
-4.460249530653652705e+00
-4.460249530653652705e+00
-4.460249530653652705e+00
-4.460249530653652705e+00
-4.848848109491468605e+00
-4.848847197756939842e+00
-4.848847197756939842e+00
-4.417749025625662185e+00
-4.417749025625662185e+00
-3.844490470667413895e+00
-3.386262270050340195e+00
-3.386262270050340195e+00
-3.497087476814225937e+00
-3.745774921905925758e+00
-3.766582755240154068e+00
-3.865947231052026645e+00
-3.865689210180570434e+00
-3.396899476789835504e+00
-3.396899476789835504e+00
-3.396899476789835504e+00
-3.396899476789835504e+00
-3.850150974485203825e+00
-3.927816168527985763e+00
-3.927816168527985763e+00
-3.927816168527985763e+00
-3.340660500024974056e+00
-3.251605462389739909e+00
-3.587786827670912171e+00
-3.587786827670912171e+00
-3.587786827670912171e+00
-4.079343711896790126e+00
-4.079343711896790126e+00
-4.079343711896790126e+00
-3.513234979108004197e+00
-3.513234979108004197e+00
-3.962546871907396184e+00
-3.907827756600899427e+00
-3.907827756600899427e+00
-3.907827756600899427e+00
-3.517088197157442142e+00
-3.923661850150638841e+00
-3.923661850150638841e+00
-3.923661850150638841e+00
-3.923661850150638841e+00
-3.923661850150638841e+00
-3.923661850150638841e+00
-3.923661850150638841e+00
-4.025926097629175082e+00
-4.025926097629175082e+00
-3.700885216547015855e+00
-3.700885216547015855e+00
-3.700885216547015855e+00
-3.700885216547015855e+00
-3.700885216547015855e+00
-3.617601002607472971e+00
-3.651002624978526789e+00
-3.651002624978526789e+00
-3.651002624978526789e+00
-2.392872797599486123e+00
-2.214163028943151090e+00
-2.112702247517514564e+00
-2.066993120751462687e+00
-2.014110238784585505e+00
-2.014110238784585505e+00
-2.056427713106056654e+00
-2.056427713106056654e+00
-2.056427713106056654e+00
-2.056427713106056654e+00
-2.056427713106056654e+00
-2.104815287982072736e+00
-2.104815287982072736e+00
-2.104815287982072736e+00
-2.104815287982072736e+00
-2.157641642408206550e+00
-2.146958393075041993e+00
-2.289377252640733218e+00
-2.289377252640733218e+00
-2.289377252640733218e+00
-2.161852488326296839e+00
-2.161852488326296839e+00
-2.161852488326296839e+00
-2.396277214327460214e+00
-2.217279565493873505e+00
-2.012318680436843366e+00
-2.024964438341771533e+00
-1.951890283515302693e+00
-1.951890283515302693e+00
-1.951890283515302693e+00
-2.112897586640162917e+00
-2.118273401351549179e+00
-2.118273401351549179e+00
-2.120391132726723971e+00
-2.000532460258294343e+00
-2.000532460258294343e+00
-2.000532460258294343e+00
-2.114057312959922719e+00
-2.119571711319582441e+00
-2.119571711319582441e+00
-2.235984711072640962e+00
-2.235984711072640962e+00
-2.235984711072640962e+00
-2.235984711072640962e+00
-2.416949655084263515e+00
-2.248761302882352986e+00
-3.032468245088712155e+00
-3.032468245088712155e+00
-2.930428056370459444e+00
-2.825525021233932232e+00
-2.825525021233932232e+00
-2.837076241837860557e+00
-2.837076241837860557e+00
-2.837076241837860557e+00
-2.837076241837860557e+00
-2.837076241837860557e+00
-2.692168119076788990e+00
-2.692168119076788990e+00
-2.692168119076788990e+00
-3.059832817281864958e+00
-3.180038860605506112e+00
-3.180038860605506112e+00
-2.543360507738977372e+00
-2.543360507738977372e+00
-2.543360507738977372e+00
-2.450484618630053735e+00
-2.450484618630053735e+00
-2.450484618630053735e+00
-2.450484618630053735e+00
-4.004451558421264323e+00
-4.004451558421264323e+00
-4.004451558421264323e+00
-3.761075650756719124e+00
-4.179076528458020690e+00
-4.215913338597371940e+00
-2.660840008956296465e+00
-2.660840008956296465e+00
-2.041206305159209311e+00
-2.041206305159209311e+00
-2.040243285563890119e+00
-1.932832980475051698e+00
-1.932832980475051698e+00
-2.016682241888392735e+00
-2.197993872954330019e+00
-2.197993872954330019e+00
-1.993433467288773908e+00
-2.480066757129209432e+00
-2.867619804396911665e+00
-2.645323882823236605e+00
-2.636894213309935342e+00
-2.636894213309935342e+00
-3.666288538143238185e+00
-3.666288538143238185e+00
-3.666288538143238185e+00
-3.666288538143238185e+00
-3.666288538143238185e+00
-3.663437544273828284e+00
-3.703965739583877870e+00
-3.703945225556995346e+00
-3.703945225556995346e+00
-3.166444442924076341e+00
-3.166444442924076341e+00
-3.126376445617092159e+00
-3.126376445617092159e+00
-3.126376445617092159e+00
-3.126376445617092159e+00
-3.126376445617092159e+00
-2.849855112983893157e+00
-2.849855112983893157e+00
-2.849855112983893157e+00
-3.259178557313878954e+00
-3.026508464412068999e+00
-3.026508464412068999e+00
-2.979621148702063405e+00
-2.979621148702063405e+00
-2.979621148702063405e+00
-2.979621148702063405e+00
-2.979621148702063405e+00
-2.979621148702063405e+00
-2.979621148702063405e+00
-2.979621148702063405e+00
-2.979621148702063405e+00
-2.979621148702063405e+00
-2.979621148702063405e+00
-2.997390170854090652e+00
-2.997398832332107688e+00
-2.997398832332107688e+00
-2.938363565769523511e+00
-2.938363565769523511e+00
-2.938363565769523511e+00
-2.819262544693955874e+00
-2.819262544693955874e+00
-2.819262544693955874e+00
-2.607922709010983109e+00
-2.607922709010983109e+00
-2.460544697413252990e+00
-2.460544697413252990e+00
-2.460544697413252990e+00
-2.460544697413252990e+00
-2.460544697413252990e+00
-2.460544697413252990e+00
-2.460544697413252990e+00
-2.460544697413252990e+00
-2.460544697413252990e+00
-2.460544697413252990e+00
-2.690178486402813984e+00
-2.724772201669375615e+00
-2.992684025153602878e+00
-3.031942630133254823e+00
-2.959423493700775065e+00
-3.040670664770880993e+00
-2.749755779142361245e+00
-2.749755779142361245e+00
-2.821479199265430449e+00
-3.127161449045797514e+00
-3.127161449045797514e+00
-3.127161449045797514e+00
-2.909028051460222031e+00
-3.245167249019469402e+00
-3.245167249019469402e+00
-3.245167249019469402e+00
-3.249876585790805184e+00
-3.249876585790805184e+00
-3.249876585790805184e+00
-3.455798894907730734e+00
-3.028044965025571411e+00
-3.344613780938872072e+00
-3.380282203280446929e+00
-2.848261401028751472e+00
-2.645420070815952318e+00
-2.885726168324340701e+00
-3.130932610987704923e+00
-3.321030399767435970e+00
-3.289431276558461903e+00
-3.289431276558461903e+00
-3.048432488742339519e+00
-3.048432488742339519e+00
-2.945018316090220800e+00
-2.945018316090220800e+00
-2.945018316090220800e+00
-2.110225064804631234e+00
-2.125480662796282783e+00
-2.162275533147341111e+00
-2.162275533147341111e+00
-2.162275533147341111e+00
-2.162275533147341111e+00
-2.054242741309433740e+00
-2.234992515972421767e+00
-2.234992515972421767e+00
-2.228856314664589000e+00
-2.213048889349797044e+00
-2.232707025444074400e+00
-2.234992515972421767e+00
-2.234992515972421767e+00
-2.135451163662095198e+00
-2.135443185984974068e+00
-2.135443185984974068e+00
-2.094299341934816816e+00
-2.094299341934816816e+00
-2.094299341934816816e+00
-2.094299341934816816e+00
-2.094299341934816816e+00
-2.485428212021778105e+00
-2.373360766963338531e+00
-2.253232904875483555e+00
-2.253232904875483555e+00
-2.253232904875483555e+00
-2.253232904875483555e+00
-3.140905847057101852e+00
-3.150170209530890553e+00
-3.150170209530890553e+00
-3.150170209530890553e+00
-3.150170209530890553e+00
-3.150170209530890553e+00
-3.150170209530890553e+00
-3.150170209530890553e+00
-3.145902152271160990e+00
-3.145902152271160990e+00
-3.145902152271160990e+00
-3.145902152271160990e+00
-3.145902152271160990e+00
-2.994310559551756512e+00
-2.994310559551756512e+00
-2.994310559551756512e+00
-3.103874837463262093e+00
-3.103874837463262093e+00
-3.103874837463262093e+00
-3.103874837463262093e+00
-3.103874837463262093e+00
-3.103874837463262093e+00
-2.924636262780621720e+00
-2.870868314520578668e+00
-2.870868314520578668e+00
-2.870868314520578668e+00
-2.870868314520578668e+00
-2.870868314520578668e+00
-3.096616063017689768e+00
-3.162729808522911856e+00
-3.162729808522911856e+00
-3.162729808522911856e+00
-3.023817935819607339e+00
-2.798811655427484002e+00
-2.539252004021668174e+00
-2.539252004021668174e+00
-2.539252004021668174e+00
-2.508749697450014082e+00
-2.508749697450014082e+00
-2.508749697450014082e+00
-2.518127342938921043e+00
-2.939739145238814189e+00
-2.939739145238814189e+00
-2.939739145238814189e+00
-2.939739145238814189e+00
-2.857949720058112764e+00
-2.938405505557816877e+00
-2.938405505557816877e+00
-2.939739145238814189e+00
-2.939739145238814189e+00
-2.936642666847710359e+00
-2.936642666847710359e+00
-2.660080534094378280e+00
-2.642488160507172612e+00
-2.642488160507172612e+00
-2.662755563199862063e+00
-2.662755563199862063e+00
-2.662755563199862063e+00
-2.662755563199862063e+00
-2.662755563199862063e+00
-2.660821318398470137e+00
-2.660821318398470137e+00
-2.746832074444334637e+00
-2.746832074444334637e+00
-2.746832074444334637e+00
-2.748930203527155225e+00
-2.748930203527155225e+00
-2.748928835925362968e+00
-2.748928835925362968e+00
-2.748928835925362968e+00
-2.748928835925362968e+00
-2.748928835925362968e+00
-2.833553071687599623e+00
-2.801888759459865597e+00
-2.801888759459865597e+00
-3.090548925600361763e+00
-2.807583681256091701e+00
-2.813239170533976985e+00
-2.813239170533976985e+00
-2.813239170533976985e+00
-3.094150276986408432e+00
-3.094150276986408432e+00
-3.523804717492418970e+00
-3.523804717492418970e+00
-3.370799252453543282e+00
-3.370799252453543282e+00
-3.370799252453543282e+00
-3.420860771923174504e+00
-3.112991498943496360e+00
-2.978317824194125496e+00
-2.978317824194125496e+00
-2.804674336376883126e+00
-2.804674336376883126e+00
-2.831411179347430362e+00
-2.831411179347430362e+00
-3.139799001339972584e+00
-3.239508796604367635e+00
-3.239508796604367635e+00
-3.138304668448395063e+00
-3.138304668448395063e+00
-3.138304668448395063e+00
-3.138304668448395063e+00
-3.138304668448395063e+00
-3.175074694033562572e+00
-3.175074694033562572e+00
-3.175074694033562572e+00
-3.175074694033562572e+00
-3.410889131389201800e+00
-3.410889131389201800e+00
-3.410889131389201800e+00
-3.410889131389201800e+00
-3.391048876322933836e+00
-3.391048876322933836e+00
-3.391048876322933836e+00
-3.608288090270062476e+00
-3.636835182146177736e+00
-3.636835182146177736e+00
-3.633647758235894809e+00
-3.149039202848765928e+00
-3.149039202848765928e+00
-3.149039202848765928e+00
-3.149039202848765928e+00
-3.153219505660164401e+00
-2.571847197202605795e+00
-2.571847197202605795e+00
-2.571847197202605795e+00
-2.571847197202605795e+00
-2.571847197202605795e+00
-2.217270676082224501e+00
-2.214767281001658095e+00
-2.214767281001658095e+00
-2.830476195588850441e+00
-2.830476195588850441e+00
-2.830476195588850441e+00
