# Variable: dg_gbsa_00000135
# Sample shape: (1000,)
# Date: 2014-03-03 23:31:51.774061
-1.176709540715408897e+00
-9.302732821404363639e-01
-9.302732821404363639e-01
-9.302732821404363639e-01
-9.302732821404363639e-01
-9.302732821404363639e-01
-9.302732821404363639e-01
-9.302732821404363639e-01
-9.302732821404363639e-01
-9.302732821404363639e-01
-9.302732821404363639e-01
-9.302732821404363639e-01
-9.302732821404363639e-01
-2.918548839270042605e-01
-2.918548839270042605e-01
-2.918548839270042605e-01
-6.415796097560320099e-01
-3.002003462091230781e-03
-3.002003462091230781e-03
-2.584901609837324862e-03
-2.584901609837324862e-03
-4.367590801751180390e-03
-4.622399749992910367e-01
-4.622399749992910367e-01
-4.622399749992910367e-01
-4.622399749992910367e-01
-4.622399749992910367e-01
-4.622399749992910367e-01
-4.622399749992910367e-01
-4.622399749992910367e-01
-4.622399749992910367e-01
-4.622399749992910367e-01
-4.622399749992910367e-01
-4.532069936537149735e-01
-4.532069936537149735e-01
-4.443162998779325856e-01
-4.443162998779325856e-01
-4.443162998779325856e-01
-4.443162998779325856e-01
-4.443162998779325856e-01
-2.479457205613757875e-01
-2.479457205613757875e-01
-2.479457205613757875e-01
-2.847916480460084832e-01
-3.035316104870681153e-01
-3.035316104870681153e-01
-3.035316104870681153e-01
-3.035316104870681153e-01
-3.035316104870681153e-01
-3.035316104870681153e-01
-3.035316104870681153e-01
-3.035316104870681153e-01
-3.035316104870681153e-01
-3.035316104870681153e-01
-3.035316104870681153e-01
-3.035316104870681153e-01
-3.035316104870681153e-01
-3.035316104870681153e-01
-3.035316104870681153e-01
-3.035316104870681153e-01
-3.035316104870681153e-01
-3.035316104870681153e-01
-3.035316104870681153e-01
-3.035316104870681153e-01
-3.035316104870681153e-01
-3.035316104870681153e-01
-3.035316104870681153e-01
-3.035316104870681153e-01
-3.035316104870681153e-01
-3.035316104870681153e-01
-3.035316104870681153e-01
-3.035316104870681153e-01
-3.035316104870681153e-01
-3.035316104870681153e-01
-3.223160199863732700e-01
-3.223160199863732700e-01
-2.452144488321891247e-01
-2.834239607787268911e-01
-2.834239607787268911e-01
-2.834239607787268911e-01
-2.834239607787268911e-01
-2.834239607787268911e-01
-2.461516549436813528e-01
-2.461516549436813528e-01
-2.461516549436813528e-01
-2.461516549436813528e-01
-2.461516549436813528e-01
-2.461516549436813528e-01
-2.461516549436813528e-01
-2.461516549436813528e-01
-2.461516549436813528e-01
-2.461516549436813528e-01
-2.461516549436813528e-01
-2.461516549436813528e-01
-3.587469373104905102e-01
-3.466735492472894364e-01
-1.001301846586267530e+00
-1.001301846586267530e+00
-1.001301846586267530e+00
-1.001301846586267530e+00
-8.384943806190563453e-01
-8.384943806190563453e-01
-8.384943806190563453e-01
-8.384943806190563453e-01
-8.384943806190563453e-01
-8.384943806190563453e-01
-6.398399632929843150e-01
-6.398399632929843150e-01
-6.398399632929843150e-01
-6.398399632929843150e-01
-6.398399632929843150e-01
-6.398399632929843150e-01
-6.398399632929843150e-01
-6.398399632929843150e-01
-6.398399632929843150e-01
-6.398399632929843150e-01
-6.398399632929843150e-01
-6.398399632929843150e-01
-5.165622293607226023e-01
-5.165622293607226023e-01
-5.165622293607226023e-01
-5.165622293607226023e-01
-5.165622293607226023e-01
-5.165622293607226023e-01
-1.405088612044062546e-01
-1.405088612044062546e-01
-1.405088612044062546e-01
-1.405088612044062546e-01
-1.405088612044062546e-01
-1.405088612044062546e-01
-1.405088612044062546e-01
-1.405088612044062546e-01
-1.405088612044062546e-01
-1.405088612044062546e-01
-1.405088612044062546e-01
-1.405088612044062546e-01
-1.405088612044062546e-01
-1.405088612044062546e-01
-1.405088612044062546e-01
-1.405088612044062546e-01
-1.405088612044062546e-01
-1.350648088619312293e-01
-1.350648088619312293e-01
-1.350648088619312293e-01
-1.350648088619312293e-01
-1.350648088619312293e-01
-1.350648088619312293e-01
-2.945360387488487053e-01
-2.945360387488487053e-01
-2.945360387488487053e-01
-2.945360387488487053e-01
-2.945360387488487053e-01
-2.945360387488487053e-01
-2.945360387488487053e-01
-2.945360387488487053e-01
-2.945360387488487053e-01
-2.945360387488487053e-01
-2.945360387488487053e-01
-2.945360387488487053e-01
-2.945360387488487053e-01
-2.945360387488487053e-01
-2.945360387488487053e-01
-2.945360387488487053e-01
-2.945360387488487053e-01
-2.945360387488487053e-01
-2.945360387488487053e-01
-2.945360387488487053e-01
-2.945360387488487053e-01
-2.945360387488487053e-01
-2.945360387488487053e-01
-2.945360387488487053e-01
-2.945360387488487053e-01
-2.945360387488487053e-01
-2.945360387488487053e-01
-2.945360387488487053e-01
-2.779768313322194540e-01
-2.779768313322194540e-01
-2.779768313322194540e-01
-2.779768313322194540e-01
-2.779768313322194540e-01
-2.779768313322194540e-01
-2.779768313322194540e-01
-2.779768313322194540e-01
-2.779768313322194540e-01
-2.779768313322194540e-01
-2.779768313322194540e-01
-2.779768313322194540e-01
-2.779768313322194540e-01
-2.779768313322194540e-01
-2.779768313322194540e-01
-2.779768313322194540e-01
-2.779768313322194540e-01
-2.779768313322194540e-01
-2.779768313322194540e-01
-2.779768313322194540e-01
-2.779768313322194540e-01
-2.779768313322194540e-01
-2.779768313322194540e-01
-2.779768313322194540e-01
-4.136846694618064313e-01
-4.136846694618064313e-01
-4.136846694618064313e-01
-4.136846694618064313e-01
-4.136846694618064313e-01
-4.136846694618064313e-01
-4.136846694618064313e-01
-2.570929821317100017e-01
-2.570929821317100017e-01
-2.570929821317100017e-01
-2.570929821317100017e-01
-2.570929821317100017e-01
-2.570929821317100017e-01
-2.570929821317100017e-01
-2.570929821317100017e-01
-2.570929821317100017e-01
-2.570929821317100017e-01
-2.570929821317100017e-01
-2.570929821317100017e-01
-2.570929821317100017e-01
-2.570929821317100017e-01
-2.570929821317100017e-01
-2.570929821317100017e-01
-2.570929821317100017e-01
-2.570929821317100017e-01
-2.311048014214116264e-01
-2.311048014214116264e-01
-2.311048014214116264e-01
-2.311048014214116264e-01
-2.311048014214116264e-01
-2.311048014214116264e-01
-2.311048014214116264e-01
-2.311048014214116264e-01
-2.311048014214116264e-01
-2.311048014214116264e-01
-2.311048014214116264e-01
-2.311048014214116264e-01
-2.311048014214116264e-01
-2.311048014214116264e-01
-2.311048014214116264e-01
-2.311048014214116264e-01
-1.930230320297737223e-01
-1.930230320297737223e-01
-1.930230320297737223e-01
-1.930230320297737223e-01
-1.930230320297737223e-01
-1.930230320297737223e-01
-1.930230320297737223e-01
-1.930230320297737223e-01
-1.930230320297737223e-01
-1.930230320297737223e-01
-1.930230320297737223e-01
-1.930230320297737223e-01
-1.930230320297737223e-01
-1.930230320297737223e-01
-1.930230320297737223e-01
-1.930230320297737223e-01
-1.930230320297737223e-01
-1.930230320297737223e-01
-1.930230320297737223e-01
-1.930230320297737223e-01
-1.930230320297737223e-01
-1.930230320297737223e-01
-1.930230320297737223e-01
-1.930230320297737223e-01
-1.930230320297737223e-01
-1.930230320297737223e-01
-1.930230320297737223e-01
-1.930230320297737223e-01
-1.930230320297737223e-01
-1.930230320297737223e-01
-1.930230320297737223e-01
-1.930230320297737223e-01
-1.930230320297737223e-01
-1.930230320297737223e-01
-1.930230320297737223e-01
-1.930230320297737223e-01
-1.930230320297737223e-01
-1.930230320297737223e-01
-1.970765040208003194e-01
-1.970765040208003194e-01
-1.970765040208003194e-01
-1.970765040208003194e-01
-1.970765040208003194e-01
-1.970765040208003194e-01
-1.970765040208003194e-01
-1.919867317717572075e-01
-1.919867317717572075e-01
-1.919867317717572075e-01
-1.919867317717572075e-01
-1.919867317717572075e-01
-1.919867317717572075e-01
-1.919867317717572075e-01
-1.919867317717572075e-01
-1.919867317717572075e-01
-1.919867317717572075e-01
-1.919867317717572075e-01
-1.919867317717572075e-01
-1.919867317717572075e-01
-1.919867317717572075e-01
-1.919867317717572075e-01
-1.919867317717572075e-01
-1.919867317717572075e-01
-1.919867317717572075e-01
-1.919867317717572075e-01
-1.919867317717572075e-01
-1.919867317717572075e-01
-1.919867317717572075e-01
-1.919867317717572075e-01
-1.919867317717572075e-01
-1.919867317717572075e-01
-1.919867317717572075e-01
-1.919867317717572075e-01
-1.919867317717572075e-01
-1.919867317717572075e-01
-1.919867317717572075e-01
-1.919867317717572075e-01
-1.919867317717572075e-01
-1.919867317717572075e-01
-1.919867317717572075e-01
-1.919867317717572075e-01
-1.919867317717572075e-01
-1.919867317717572075e-01
-1.919867317717572075e-01
-1.919867317717572075e-01
-1.919867317717572075e-01
-1.919867317717572075e-01
-1.919867317717572075e-01
-1.919867317717572075e-01
-1.919867317717572075e-01
-1.919867317717572075e-01
-1.919867317717572075e-01
-1.919867317717572075e-01
-1.919867317717572075e-01
-1.919867317717572075e-01
-1.919867317717572075e-01
-1.919867317717572075e-01
-1.919867317717572075e-01
-1.919867317717572075e-01
-1.919867317717572075e-01
-1.919867317717572075e-01
-1.919867317717572075e-01
-1.919867317717572075e-01
-1.919867317717572075e-01
-1.919867317717572075e-01
-1.919867317717572075e-01
-1.919867317717572075e-01
-1.919867317717572075e-01
-1.919867317717572075e-01
-1.919867317717572075e-01
-1.919867317717572075e-01
-1.919867317717572075e-01
-1.919867317717572075e-01
-1.919867317717572075e-01
-1.232701978765527728e-01
-1.232701978765527728e-01
-1.232701978765527728e-01
-1.232701978765527728e-01
-1.232701978765527728e-01
-1.232701978765527728e-01
-1.232701978765527728e-01
-1.232701978765527728e-01
-1.232701978765527728e-01
-1.232701978765527728e-01
-1.232701978765527728e-01
-1.232701978765527728e-01
-1.232701978765527728e-01
-1.232701978765527728e-01
-1.232701978765527728e-01
-1.232701978765527728e-01
-1.232701978765527728e-01
-1.232701978765527728e-01
-1.232701978765527728e-01
-1.232701978765527728e-01
-1.232701978765527728e-01
-1.232701978765527728e-01
-1.232701978765527728e-01
-1.232701978765527728e-01
-1.232701978765527728e-01
-1.232701978765527728e-01
-1.232701978765527728e-01
-1.232701978765527728e-01
-6.369942261429635544e-02
-6.369942261429635544e-02
-6.369942261429635544e-02
-6.369942261429635544e-02
-6.369942261429635544e-02
-6.369942261429635544e-02
-5.937400443148202478e-02
-5.937400443148202478e-02
-5.937400443148202478e-02
-5.937400443148202478e-02
-5.937400443148202478e-02
-2.463202973396782514e-01
-2.463202973396782514e-01
-2.463202973396782514e-01
-2.463202973396782514e-01
-2.463202973396782514e-01
-2.463202973396782514e-01
-2.463202973396782514e-01
-2.463202973396782514e-01
-2.463202973396782514e-01
-2.463202973396782514e-01
-2.463202973396782514e-01
-2.463202973396782514e-01
-2.622297229548029018e-01
-2.622297229548029018e-01
-2.622297229548029018e-01
-2.622297229548029018e-01
-2.622297229548029018e-01
-2.622297229548029018e-01
-2.622297229548029018e-01
-2.622297229548029018e-01
-2.622297229548029018e-01
-2.622297229548029018e-01
-2.622297229548029018e-01
-2.622297229548029018e-01
-2.622297229548029018e-01
-2.622297229548029018e-01
-2.622297229548029018e-01
-2.622297229548029018e-01
-2.622297229548029018e-01
-2.622297229548029018e-01
-2.622297229548029018e-01
-2.622297229548029018e-01
-2.615221599775792161e-01
-2.615221599775792161e-01
-2.615221599775792161e-01
-2.615221599775792161e-01
-2.615221599775792161e-01
-2.615221599775792161e-01
-3.441685871230028559e-01
-3.441685871230028559e-01
-3.441685871230028559e-01
-3.441685871230028559e-01
-3.441685871230028559e-01
-3.038472700757232636e-01
-3.038472700757232636e-01
-3.038472700757232636e-01
-3.038472700757232636e-01
-3.001640050406665372e-01
-3.001640050406665372e-01
-3.001640050406665372e-01
-3.001640050406665372e-01
-3.001640050406665372e-01
-3.001640050406665372e-01
-3.001640050406665372e-01
-3.001640050406665372e-01
-3.001640050406665372e-01
-3.001640050406665372e-01
-3.001640050406665372e-01
-3.001640050406665372e-01
-3.001640050406665372e-01
-3.001640050406665372e-01
-3.001640050406665372e-01
-3.001640050406665372e-01
-3.001640050406665372e-01
-3.001640050406665372e-01
-2.883430249832328318e-01
-2.883430249832328318e-01
-2.883430249832328318e-01
-2.883430249832328318e-01
-2.883430249832328318e-01
-2.883430249832328318e-01
-2.883430249832328318e-01
-2.883430249832328318e-01
-2.883430249832328318e-01
-2.883430249832328318e-01
-2.883430249832328318e-01
-2.883430249832328318e-01
-2.883430249832328318e-01
-2.883430249832328318e-01
-2.883430249832328318e-01
-2.883430249832328318e-01
-2.883430249832328318e-01
-2.883430249832328318e-01
-2.883430249832328318e-01
-2.883430249832328318e-01
-2.883430249832328318e-01
-2.883430249832328318e-01
-2.883430249832328318e-01
-2.883430249832328318e-01
-2.883430249832328318e-01
-2.883430249832328318e-01
-2.883430249832328318e-01
-2.883430249832328318e-01
-2.883430249832328318e-01
-2.883430249832328318e-01
-2.883430249832328318e-01
-2.883430249832328318e-01
-2.883430249832328318e-01
-2.888664460774817422e-01
-2.888664460774817422e-01
-2.888664460774817422e-01
-2.888664460774817422e-01
-2.888664460774817422e-01
-2.888664460774817422e-01
-2.914060256221326362e-01
-2.914060256221326362e-01
-2.914060256221326362e-01
-2.914060256221326362e-01
-2.914060256221326362e-01
-2.914060256221326362e-01
-2.914060256221326362e-01
-2.914060256221326362e-01
-2.914060256221326362e-01
-2.914060256221326362e-01
-2.914060256221326362e-01
-2.914060256221326362e-01
-2.459067687477709818e-01
-2.459067687477709818e-01
-2.459067687477709818e-01
-2.459067687477709818e-01
-2.026847398075957152e-01
-2.026847398075957152e-01
-2.026847398075957152e-01
-2.026847398075957152e-01
-2.026847398075957152e-01
-2.026847398075957152e-01
-2.026847398075957152e-01
-2.026847398075957152e-01
-2.026847398075957152e-01
-2.026847398075957152e-01
-2.026847398075957152e-01
-2.026847398075957152e-01
-2.026847398075957152e-01
-2.026847398075957152e-01
-2.026847398075957152e-01
-2.026847398075957152e-01
-2.026847398075957152e-01
-2.026847398075957152e-01
-2.026847398075957152e-01
-2.026847398075957152e-01
-1.935752297450661907e-01
-1.935752297450661907e-01
-1.935752297450661907e-01
-1.935752297450661907e-01
-1.935752297450661907e-01
-1.935752297450661907e-01
-2.017802564181515601e-01
-2.017802564181515601e-01
-2.877282594859486009e-01
-2.877282594859486009e-01
-2.877282594859486009e-01
-2.877282594859486009e-01
-2.877282594859486009e-01
-2.877282594859486009e-01
-2.877282594859486009e-01
-2.877282594859486009e-01
-2.877282594859486009e-01
-2.877282594859486009e-01
-2.877282594859486009e-01
-3.412528672250233347e-02
-3.412528672250233347e-02
-3.412528672250233347e-02
-3.412528672250233347e-02
-3.412528672250233347e-02
-3.412528672250233347e-02
-3.412528672250233347e-02
-3.412528672250233347e-02
-3.412528672250233347e-02
-3.412528672250233347e-02
-3.412528672250233347e-02
-3.412528672250233347e-02
-3.412528672250233347e-02
-3.412528672250233347e-02
-3.412528672250233347e-02
-3.412528672250233347e-02
-3.412528672250233347e-02
-3.412528672250233347e-02
-3.412528672250233347e-02
-3.412528672250233347e-02
-3.412528672250233347e-02
-3.412528672250233347e-02
-3.412528672250233347e-02
-3.412528672250233347e-02
-3.412528672250233347e-02
9.242047682176584081e-04
9.242047682176584081e-04
9.242047682176584081e-04
-5.325916388836006779e-03
-5.325916388836006779e-03
-5.325916388836006779e-03
-5.325916388836006779e-03
-5.325916388836006779e-03
-5.325916388836006779e-03
-5.325916388836006779e-03
-5.325916388836006779e-03
-5.325916388836006779e-03
2.909413381723640452e-04
2.909413381723640452e-04
2.909413381723640452e-04
2.909413381723640452e-04
2.909413381723640452e-04
2.909413381723640452e-04
2.909413381723640452e-04
2.909413381723640452e-04
2.909413381723640452e-04
2.909413381723640452e-04
2.909413381723640452e-04
2.909413381723640452e-04
2.909413381723640452e-04
2.909413381723640452e-04
2.909413381723640452e-04
2.909413381723640452e-04
-8.344742644001261218e-04
-8.344742644001261218e-04
-8.344742644001261218e-04
-8.344742644001261218e-04
-8.344742644001261218e-04
-5.031329353498455170e-02
-5.031329353498455170e-02
-5.031329353498455170e-02
-5.031329353498455170e-02
-5.031329353498455170e-02
-5.031329353498455170e-02
-5.031329353498455170e-02
-5.031329353498455170e-02
-5.031329353498455170e-02
-5.031329353498455170e-02
-5.031329353498455170e-02
-5.031329353498455170e-02
-5.031329353498455170e-02
-4.887216890063385971e-02
-4.887216890063385971e-02
-4.887216890063385971e-02
-4.887216890063385971e-02
-4.887216890063385971e-02
-6.995740814942930270e-03
-6.995740814942930270e-03
-6.995740814942930270e-03
-6.995740814942930270e-03
-6.995740814942930270e-03
-6.995740814942930270e-03
-8.429448702595201612e-03
-8.429448702595201612e-03
-8.429448702595201612e-03
-8.429448702595201612e-03
-8.429448702595201612e-03
-8.429448702595201612e-03
-8.429448702595201612e-03
-8.429448702595201612e-03
-8.429448702595201612e-03
-8.429448702595201612e-03
-8.429448702595201612e-03
-8.429448702595201612e-03
-8.429448702595201612e-03
-8.429448702595201612e-03
-2.182558905440124160e-03
-2.182558905440124160e-03
-4.173025406939805115e-03
-4.173025406939805115e-03
-4.173025406939805115e-03
-4.173025406939805115e-03
-4.173025406939805115e-03
-4.173025406939805115e-03
-4.173025406939805115e-03
-4.173025406939805115e-03
-4.173025406939805115e-03
-4.173025406939805115e-03
-4.173025406939805115e-03
-4.173025406939805115e-03
-8.242987594914481797e-02
-8.242987594914481797e-02
-8.242987594914481797e-02
-9.223832312551100143e-02
-9.223832312551100143e-02
-9.223832312551100143e-02
-9.223832312551100143e-02
-9.223832312551100143e-02
-9.561456868115163210e-02
-9.561456868115163210e-02
-9.561456868115163210e-02
-9.561456868115163210e-02
-9.561456868115163210e-02
-9.561456868115163210e-02
-9.561456868115163210e-02
-9.561456868115163210e-02
-9.561456868115163210e-02
-9.561456868115163210e-02
-9.561456868115163210e-02
-9.561456868115163210e-02
-9.561456868115163210e-02
-9.561456868115163210e-02
-9.561456868115163210e-02
-9.561456868115163210e-02
-9.561456868115163210e-02
-9.561456868115163210e-02
-9.561456868115163210e-02
-9.561456868115163210e-02
-9.561456868115163210e-02
-9.561456868115163210e-02
-9.561456868115163210e-02
-9.561456868115163210e-02
-9.561456868115163210e-02
-9.561456868115163210e-02
-9.561456868115163210e-02
-9.561456868115163210e-02
-9.561456868115163210e-02
-9.561456868115163210e-02
-9.561456868115163210e-02
-9.561456868115163210e-02
-9.561456868115163210e-02
-9.561456868115163210e-02
-9.561456868115163210e-02
-9.561456868115163210e-02
-9.561456868115163210e-02
-9.561456868115163210e-02
-9.561456868115163210e-02
-9.561456868115163210e-02
-8.553656861613402607e-02
-8.553656861613402607e-02
-8.553656861613402607e-02
-8.553656861613402607e-02
-8.553656861613402607e-02
-2.170475787460006134e-01
-2.170475787460006134e-01
-2.170475787460006134e-01
-2.170475787460006134e-01
-2.170475787460006134e-01
-2.170475787460006134e-01
-2.170475787460006134e-01
-2.170475787460006134e-01
-2.170475787460006134e-01
-2.170475787460006134e-01
-2.170475787460006134e-01
-2.170475787460006134e-01
-2.170475787460006134e-01
-2.170475787460006134e-01
-2.170475787460006134e-01
-2.170475787460006134e-01
-2.170475787460006134e-01
-2.170475787460006134e-01
-2.170475787460006134e-01
-2.170475787460006134e-01
-2.170475787460006134e-01
-2.170475787460006134e-01
-2.170475787460006134e-01
-2.170475787460006134e-01
-2.170475787460006134e-01
-2.170475787460006134e-01
-2.170475787460006134e-01
-2.170475787460006134e-01
-2.170475787460006134e-01
-2.170475787460006134e-01
-2.170475787460006134e-01
-2.170475787460006134e-01
-2.064161843141223696e-01
-2.064161843141223696e-01
-2.064161843141223696e-01
-2.064161843141223696e-01
-2.064161843141223696e-01
-2.064161843141223696e-01
-2.064161843141223696e-01
-2.064161843141223696e-01
-1.686432365021787727e-01
-1.686432365021787727e-01
-1.686432365021787727e-01
-1.686432365021787727e-01
-1.686432365021787727e-01
-1.686432365021787727e-01
-2.394970755732082068e-01
-2.394970755732082068e-01
-2.394970755732082068e-01
-2.394970755732082068e-01
-2.394970755732082068e-01
-2.394970755732082068e-01
-2.394970755732082068e-01
-2.394970755732082068e-01
-2.394970755732082068e-01
-2.394970755732082068e-01
-2.394970755732082068e-01
-2.394970755732082068e-01
-2.394970755732082068e-01
-2.394970755732082068e-01
-2.394970755732082068e-01
-2.394970755732082068e-01
-2.394970755732082068e-01
-2.394970755732082068e-01
-2.394970755732082068e-01
-2.394970755732082068e-01
-2.394970755732082068e-01
-2.394970755732082068e-01
-2.065022150143610569e-01
-2.065022150143610569e-01
-2.065022150143610569e-01
-2.065022150143610569e-01
-2.065022150143610569e-01
-2.065022150143610569e-01
-2.065022150143610569e-01
-2.065022150143610569e-01
-2.065022150143610569e-01
-2.065022150143610569e-01
-2.065022150143610569e-01
-2.065022150143610569e-01
-2.065022150143610569e-01
-2.065022150143610569e-01
-2.065022150143610569e-01
-2.065022150143610569e-01
-2.065022150143610569e-01
-2.065022150143610569e-01
-2.065022150143610569e-01
-2.065022150143610569e-01
-2.065022150143610569e-01
-2.065022150143610569e-01
-2.065022150143610569e-01
-2.065022150143610569e-01
-2.065022150143610569e-01
-2.065022150143610569e-01
-2.065022150143610569e-01
-2.065022150143610569e-01
-2.065022150143610569e-01
-1.128076880201554777e-01
-1.128076880201554777e-01
-1.128076880201554777e-01
-1.128076880201554777e-01
-1.163078582423594798e-01
-1.163078582423594798e-01
-1.163078582423594798e-01
-1.163078582423594798e-01
-1.163078582423594798e-01
-1.163078582423594798e-01
-1.163078582423594798e-01
-1.163078582423594798e-01
-4.080233536304524872e-02
-1.103879160908394497e-01
-1.103879160908394497e-01
-1.103879160908394497e-01
-1.103879160908394497e-01
-1.103879160908394497e-01
-1.103879160908394497e-01
-1.158481802128924903e-01
-1.158481802128924903e-01
-1.158481802128924903e-01
-1.158481802128924903e-01
-1.158481802128924903e-01
-2.163191598414462846e-01
-2.163191598414462846e-01
-2.163191598414462846e-01
-2.163191598414462846e-01
-1.563804783283182509e-01
-1.563804783283182509e-01
-1.563804783283182509e-01
-1.563804783283182509e-01
-1.563804783283182509e-01
-1.563804783283182509e-01
-1.847942147838453897e-01
-1.847942147838453897e-01
-1.847942147838453897e-01
-1.847942147838453897e-01
-1.847942147838453897e-01
-1.847942147838453897e-01
-1.847942147838453897e-01
-1.760538574842376303e-01
-1.760538574842376303e-01
-1.760538574842376303e-01
-1.760538574842376303e-01
-1.760538574842376303e-01
-1.760538574842376303e-01
-1.760538574842376303e-01
-1.760538574842376303e-01
-1.760538574842376303e-01
-1.760538574842376303e-01
-1.674259996778878212e-01
-1.674259996778878212e-01
-1.674259996778878212e-01
-1.674259996778878212e-01
-1.674259996778878212e-01
-1.674259996778878212e-01
-1.674259996778878212e-01
-1.674259996778878212e-01
-1.674259996778878212e-01
-1.674259996778878212e-01
-1.674259996778878212e-01
-1.674259996778878212e-01
-1.841726682610083099e-01
-1.841726682610083099e-01
-1.841726682610083099e-01
-1.841726682610083099e-01
-1.841726682610083099e-01
-1.841726682610083099e-01
-1.841726682610083099e-01
-1.841726682610083099e-01
-2.802353687085795131e-01
-2.802353687085795131e-01
-2.802353687085795131e-01
-2.802353687085795131e-01
-2.802353687085795131e-01
-2.802353687085795131e-01
-6.060845309416148519e-01
-6.060845309416148519e-01
-6.060845309416148519e-01
-6.060845309416148519e-01
-6.060845309416148519e-01
-6.060845309416148519e-01
-7.991945196520073846e-01
-7.991945196520073846e-01
-7.991945196520073846e-01
-7.991945196520073846e-01
-7.991945196520073846e-01
-7.991945196520073846e-01
-7.672681407308487023e-01
-7.672681407308487023e-01
-7.672681407308487023e-01
-7.672681407308487023e-01
-7.672681407308487023e-01
-7.672681407308487023e-01
-7.485678957251700183e-01
-6.396686141851071206e-01
-6.396686141851071206e-01
-6.396686141851071206e-01
-6.396686141851071206e-01
-6.396686141851071206e-01
-6.396686141851071206e-01
-6.396686141851071206e-01
-6.396686141851071206e-01
-6.396686141851071206e-01
-6.396686141851071206e-01
-6.396686141851071206e-01
-6.171289411147282689e-01
-6.171289411147282689e-01
-6.171289411147282689e-01
-6.171289411147282689e-01
-6.171289411147282689e-01
-6.171289411147282689e-01
-6.171289411147282689e-01
-6.171289411147282689e-01
-6.171289411147282689e-01
-6.171289411147282689e-01
-3.781648313566101649e-01
-3.781648313566101649e-01
-3.781648313566101649e-01
-3.781648313566101649e-01
-3.781648313566101649e-01
-3.781648313566101649e-01
-3.781648313566101649e-01
-3.781648313566101649e-01
-3.781648313566101649e-01
-3.781648313566101649e-01
-4.304777652766006990e-01
-4.304777652766006990e-01
-4.304777652766006990e-01
-4.304777652766006990e-01
-4.304777652766006990e-01
-5.415144659593045251e-01
-5.415144659593045251e-01
-5.415144659593045251e-01
-5.415144659593045251e-01
-5.415144659593045251e-01
-5.415144659593045251e-01
-5.415144659593045251e-01
-7.687763775739796523e-01
-7.687763775739796523e-01
-7.687763775739796523e-01
-7.687763775739796523e-01
-7.687763775739796523e-01
-7.687763775739796523e-01
-7.687763775739796523e-01
-7.687763775739796523e-01
-7.687763775739796523e-01
-7.687763775739796523e-01
-7.687763775739796523e-01
-6.786742128332076129e-01
-6.222519204447874985e-01
-6.222519204447874985e-01
-7.409811817665172828e-01
-7.409811817665172828e-01
-7.409811817665172828e-01
-7.409811817665172828e-01
-7.409811817665172828e-01
-7.409811817665172828e-01
-7.409811817665172828e-01
-7.409811817665172828e-01
-7.409811817665172828e-01
-4.497098364292093642e-01
-4.497098364292093642e-01
-4.497098364292093642e-01
-4.497098364292093642e-01
-4.497098364292093642e-01
-4.497098364292093642e-01
-4.497098364292093642e-01
-4.603704633493951870e-01
-4.603704633493951870e-01
-4.603704633493951870e-01
-4.603704633493951870e-01
-4.603704633493951870e-01
-4.603704633493951870e-01
-4.603704633493951870e-01
-4.603704633493951870e-01
-4.603704633493951870e-01
-4.603704633493951870e-01
-4.603704633493951870e-01
-4.603704633493951870e-01
-4.603704633493951870e-01
-4.603704633493951870e-01
-4.603704633493951870e-01
-4.603704633493951870e-01
-4.603704633493951870e-01
-4.603704633493951870e-01
-4.603704633493951870e-01
-4.603704633493951870e-01
