# Variable: dg_gbsa_00000213
# Sample shape: (1000,)
# Date: 2014-03-03 23:31:52.195522
-1.788856644169151307e-03
-1.484966956178727059e-02
-1.484966956178727059e-02
-1.484966956178727059e-02
-1.484966956178727059e-02
-1.484966956178727059e-02
-1.484966956178727059e-02
-1.484966956178727059e-02
-4.552051168554827054e-02
-4.552051168554827054e-02
-5.818874242200906127e-02
-3.360516710445483890e-02
-3.360516710445483890e-02
-5.321122392527687789e-02
-5.116306929127891617e-02
-5.116306929127891617e-02
-3.510210208993682539e-04
-8.316521833777198655e-03
-7.786252046178449016e-02
-7.786615315404493698e-02
-8.316521833777198655e-03
-5.938158589584421020e-03
-4.158932608810483184e-02
-4.158932608810483184e-02
-6.537805409322049177e-02
-1.135259994927145522e-01
-1.259726235361673628e-02
-4.256637784764597671e-02
-1.520099186019733227e-02
-4.381335644945359709e-02
-7.776650341929258747e-03
-2.585790595520522789e-02
-6.634875932569485324e-02
-1.696410302222344652e-02
-1.696410302222344652e-02
-1.946894583749953292e-02
-7.210973913765317267e-02
-7.248477543745168727e-02
-4.030415934312867599e-01
-4.030415934312867599e-01
-1.651682743150918731e-01
-6.212944852234528748e-01
-6.103485423793756359e-01
-5.896097729356520878e-01
-1.744966398404615426e-02
-1.884201260187429866e-02
-3.962079508240774414e-03
-6.693514708579155481e-02
-2.643811324144754258e-03
-4.504769541907264335e-02
-1.774251774437796830e-02
-1.901118387512677407e-02
-1.901118387512677407e-02
-2.252561241445304174e-02
-2.247746855761307422e-02
-2.250757004289280494e-02
-2.250757004289280494e-02
-2.250757004289280494e-02
-3.495348001301402246e-02
-3.495438818607913417e-02
-2.240004947490947459e-02
-2.141477073583730462e-01
-5.493284226261634789e-02
-9.680613448013539180e-02
-1.649743918308108417e-02
-2.862551529138539219e-02
-1.550220971638568111e-02
-4.557196058005265338e-02
-5.331398370759436386e-03
-4.630304345893130127e-03
-3.355275305347734521e-02
-3.355275305347734521e-02
-2.310354169992370060e-02
-9.759837658238911667e-03
-1.477116868469728790e-02
-3.292656906063082343e-03
-1.333166273528029779e-02
-1.400673270481950228e-02
-1.400673270481950228e-02
-7.276642750628135869e-03
-7.276642750628135869e-03
-7.276642750628135869e-03
-7.978344895301766812e-03
-9.667049081956907014e-03
-4.218669116753464947e-03
-4.218669116753464947e-03
-4.218669116753464947e-03
-4.218669116753464947e-03
-4.218669116753464947e-03
-4.218669116753464947e-03
-4.218669116753464947e-03
-1.883658671299312439e-03
-1.883658671299312439e-03
-2.055199875587145064e-03
-1.310417050207265130e-03
-8.533652658159371698e-03
-3.341133537102155757e-03
-3.341133537102155757e-03
-3.341133537102155757e-03
-3.341133537102155757e-03
-1.606963268600503786e-02
-1.606963268600503786e-02
-9.839184382791500705e-03
-9.839184382791500705e-03
-3.759503047592780822e-03
-3.759503047592780822e-03
-3.759503047592780822e-03
-1.200652248573348679e-02
-1.200652248573348679e-02
-1.200652248573348679e-02
-1.669049540794602382e-02
-1.669049540794602382e-02
-1.669049540794602382e-02
-1.669049540794602382e-02
-1.669049540794602382e-02
-1.669049540794602382e-02
-1.700943332329307028e-02
-1.700943332329307028e-02
-1.423792329476166775e-02
-1.423792329476166775e-02
-1.423792329476166775e-02
-1.423792329476166775e-02
-1.423792329476166775e-02
-1.423792329476166775e-02
-1.423792329476166775e-02
-1.423792329476166775e-02
-1.423792329476166775e-02
-1.423792329476166775e-02
-1.423792329476166775e-02
-8.137850357971045459e-03
-8.137850357971045459e-03
-8.137850357971045459e-03
-8.137850357971045459e-03
-8.137850357971045459e-03
-8.137850357971045459e-03
-8.137850357971045459e-03
-8.137850357971045459e-03
-8.137850357971045459e-03
-8.137850357971045459e-03
-8.137850357971045459e-03
-8.137850357971045459e-03
-8.137850357971045459e-03
-1.334868652842240849e-02
-1.812050649700383542e-02
-1.812050649700383542e-02
-1.812050649700383542e-02
-1.812050649700383542e-02
-2.548294800759273379e-02
-2.548294800759273379e-02
-2.548294800759273379e-02
-2.548294800759273379e-02
-2.548294800759273379e-02
-2.548294800759273379e-02
-2.548294800759273379e-02
-2.548294800759273379e-02
-2.548294800759273379e-02
-2.548294800759273379e-02
-2.548294800759273379e-02
-2.548294800759273379e-02
-2.548294800759273379e-02
-2.548294800759273379e-02
-2.126812393533112147e-02
-2.126812393533112147e-02
-2.126812393533112147e-02
-2.131079026207641225e-02
-2.131079026207641225e-02
-2.131079026207641225e-02
-2.131079026207641225e-02
-2.131079026207641225e-02
-2.131079026207641225e-02
-2.131079026207641225e-02
-2.131079026207641225e-02
-2.131079026207641225e-02
-2.131079026207641225e-02
-2.131079026207641225e-02
-2.131079026207641225e-02
-2.131079026207641225e-02
-2.131079026207641225e-02
-2.131079026207641225e-02
-2.131079026207641225e-02
-2.131079026207641225e-02
-6.435556073689095886e-03
-6.435556073689095886e-03
-2.713169346974866891e-02
-2.713169346974866891e-02
-3.063216463557620617e-02
-3.063216463557620617e-02
-3.063216463557620617e-02
-4.882503115709151305e-03
-9.522343278785963885e-03
-9.522343278785963885e-03
-9.522343278785963885e-03
-1.659037912154060976e-02
-1.659037912154060976e-02
-1.659037912154060976e-02
-1.659037912154060976e-02
-1.659037912154060976e-02
-1.659037912154060976e-02
-1.659037912154060976e-02
-1.659037912154060976e-02
-1.659037912154060976e-02
-4.220987183983877095e-02
-4.220987183983877095e-02
-3.326912526304817708e-02
-3.326912526304817708e-02
-3.326912526304817708e-02
-4.494356536386573397e-02
-4.494356536386573397e-02
-3.040701606761428769e-02
-3.040701606761428769e-02
-3.040701606761428769e-02
-3.040701606761428769e-02
-3.040701606761428769e-02
-3.040701606761428769e-02
-3.040701606761428769e-02
-3.040701606761428769e-02
-3.040701606761428769e-02
-7.378464087445010811e-03
-7.378464087445010811e-03
-7.378464087445010811e-03
-4.287444083572117606e-03
-4.287444083572117606e-03
-4.287444083572117606e-03
-4.287444083572117606e-03
-4.287444083572117606e-03
-4.287444083572117606e-03
-4.287444083572117606e-03
-4.287444083572117606e-03
-4.287444083572117606e-03
-4.287444083572117606e-03
-4.287444083572117606e-03
-4.287444083572117606e-03
-5.037415626656484464e-03
-5.037415626656484464e-03
-5.037415626656484464e-03
-1.533040296051287922e-02
-1.533040296051287922e-02
-1.533040296051287922e-02
-1.533040296051287922e-02
-1.533040296051287922e-02
-2.462766266803668308e-02
-2.462766266803668308e-02
-2.462766266803668308e-02
-2.462766266803668308e-02
-2.462766266803668308e-02
-2.462766266803668308e-02
-2.462766266803668308e-02
-2.462766266803668308e-02
-1.064235572462783955e-02
-6.411245527248081444e-03
-6.411245527248081444e-03
-6.411245527248081444e-03
-6.411245527248081444e-03
-6.411245527248081444e-03
-6.411245527248081444e-03
-6.411245527248081444e-03
-6.411245527248081444e-03
-6.411245527248081444e-03
-6.411245527248081444e-03
-6.411245527248081444e-03
-6.411245527248081444e-03
-6.411245527248081444e-03
-6.411245527248081444e-03
-6.411245527248081444e-03
-6.411245527248081444e-03
-1.135473647092541914e-02
-1.135473647092541914e-02
-1.135473647092541914e-02
-1.758507258805444562e-02
-1.758507258805444562e-02
-1.758507258805444562e-02
-1.758507258805444562e-02
-1.758507258805444562e-02
-1.758507258805444562e-02
-9.044772459204748413e-03
-9.044772459204748413e-03
-9.044772459204748413e-03
-9.044772459204748413e-03
-9.406008089876538927e-03
-9.406008089876538927e-03
-6.203585078166957457e-03
-6.203585078166957457e-03
-6.203585078166957457e-03
-6.203585078166957457e-03
-6.203585078166957457e-03
-5.775063172210698377e-03
-5.775063172210698377e-03
-5.775063172210698377e-03
-5.775063172210698377e-03
-5.775063172210698377e-03
-5.775063172210698377e-03
-5.775063172210698377e-03
-5.775063172210698377e-03
-5.775063172210698377e-03
-5.775063172210698377e-03
-5.775063172210698377e-03
-5.775063172210698377e-03
-5.775063172210698377e-03
-5.775063172210698377e-03
-5.775063172210698377e-03
-5.775063172210698377e-03
-5.775063172210698377e-03
-5.775063172210698377e-03
-5.775063172210698377e-03
-5.775063172210698377e-03
-5.775063172210698377e-03
-1.383245162252714176e-02
-1.383245162252714176e-02
-1.383245162252714176e-02
-1.383245162252714176e-02
-5.465299140369914328e-03
-5.465299140369914328e-03
-5.465299140369914328e-03
-2.163558500332768419e-02
-2.163558500332768419e-02
-2.163558500332768419e-02
-1.292570848480921117e-02
-1.292570848480921117e-02
-1.292570848480921117e-02
-7.514789501066189426e-02
-7.514789501066189426e-02
-7.514789501066189426e-02
-7.514789501066189426e-02
-7.514789501066189426e-02
-7.514789501066189426e-02
-7.514789501066189426e-02
-4.312648557226243101e-02
-4.312648557226243101e-02
-4.312648557226243101e-02
-4.312648557226243101e-02
-4.312648557226243101e-02
-4.312648557226243101e-02
-4.312648557226243101e-02
-4.312648557226243101e-02
-4.312648557226243101e-02
-4.312648557226243101e-02
-4.312648557226243101e-02
-4.312648557226243101e-02
-4.312648557226243101e-02
-4.312648557226243101e-02
-4.312648557226243101e-02
-4.312648557226243101e-02
-6.121345110109385410e-03
-6.121345110109385410e-03
-6.121345110109385410e-03
-6.121345110109385410e-03
-9.360065217170842819e-03
-2.241978710285792015e-02
-2.241978710285792015e-02
-2.241978710285792015e-02
-2.241978710285792015e-02
-2.241978710285792015e-02
-2.241978710285792015e-02
-2.241978710285792015e-02
-2.241978710285792015e-02
-2.241978710285792015e-02
-5.776961431989934004e-03
-5.776961431989934004e-03
-5.776961431989934004e-03
-5.776961431989934004e-03
-5.776961431989934004e-03
-5.776961431989934004e-03
-5.776961431989934004e-03
-5.776961431989934004e-03
-5.776961431989934004e-03
-5.776961431989934004e-03
-5.776961431989934004e-03
-5.776961431989934004e-03
-5.297785728144144106e-03
-5.297785728144144106e-03
-3.608590415741243923e-02
-3.608590415741243923e-02
-3.608590415741243923e-02
-3.608590415741243923e-02
-3.608590415741243923e-02
-3.608590415741243923e-02
-3.608590415741243923e-02
-3.608590415741243923e-02
-3.608590415741243923e-02
-4.097964279852223113e-02
-4.097964279852223113e-02
-4.555534991661859545e-02
-4.555534991661859545e-02
-4.555534991661859545e-02
-5.196010690346274108e-03
-5.196010690346274108e-03
-5.196010690346274108e-03
-5.133414861833387847e-03
-5.133414861833387847e-03
-5.133414861833387847e-03
-5.133414861833387847e-03
-5.133414861833387847e-03
-5.482936395513851591e-03
-5.379962925416333260e-03
-5.379962925416333260e-03
-5.379962925416333260e-03
-5.379962925416333260e-03
-5.379962925416333260e-03
-5.379962925416333260e-03
-5.379962925416333260e-03
-5.379962925416333260e-03
-5.379962925416333260e-03
-5.379962925416333260e-03
-5.379962925416333260e-03
-5.773644819570772878e-03
-5.773644819570772878e-03
-5.773644819570772878e-03
-5.773644819570772878e-03
-5.773644819570772878e-03
-4.543902808319542214e-03
-4.543902808319542214e-03
-4.515173821843604385e-03
-4.515173821843604385e-03
-4.515173821843604385e-03
-4.515173821843604385e-03
-4.515173821843604385e-03
-4.515173821843604385e-03
-4.515173821843604385e-03
-4.515173821843604385e-03
-4.515173821843604385e-03
-4.515173821843604385e-03
-4.515173821843604385e-03
-4.515173821843604385e-03
-4.515173821843604385e-03
-4.524696728723910134e-03
-4.524696728723910134e-03
-4.524696728723910134e-03
-4.524696728723910134e-03
-4.524696728723910134e-03
-4.524838742061053007e-03
-4.962588843834331818e-03
-4.962588843834331818e-03
-4.970266912880408512e-03
-4.970266912880408512e-03
-4.970266912880408512e-03
-4.970266912880408512e-03
-4.986349589424652479e-03
-4.986349589424652479e-03
-4.986349589424652479e-03
-2.297244246614594740e-02
-2.297244246614594740e-02
-2.297244246614594740e-02
-2.524631372145439215e-02
-2.532426880433955724e-02
-2.532318611958742430e-02
-2.532318611958742430e-02
-2.532318611958742430e-02
-2.532318611958742430e-02
-2.532395539559552031e-02
-2.532395539559552031e-02
-2.532395539559552031e-02
-4.420878924785563019e-02
-4.420878924785563019e-02
-4.420878924785563019e-02
-4.420878924785563019e-02
-7.315441328554946054e-03
-7.315441328554946054e-03
-7.097663653455318217e-03
-7.098475667019418789e-03
-7.098475667019418789e-03
-7.098475667019418789e-03
-7.098475667019418789e-03
-7.098454298241416507e-03
-1.007489803074422680e-01
-7.132679512492784597e-03
-7.097692145159321259e-03
-7.097692145159321259e-03
-7.097692145159321259e-03
-7.097692145159321259e-03
-7.103069954289988226e-03
-7.103069954289988226e-03
-7.103069954289988226e-03
-4.790253566852262918e-02
-4.790253566852262918e-02
-4.790253566852262918e-02
-3.555042751090704140e-02
-3.555042751090704140e-02
-3.555042751090704140e-02
-3.555042751090704140e-02
-3.555042751090704140e-02
-3.555042751090704140e-02
-3.555042751090704140e-02
-3.555042751090704140e-02
-1.464714874899865869e-02
-4.910145945006529067e-02
-4.910145945006529067e-02
-4.910145945006529067e-02
-4.910145945006529067e-02
-1.424974824228888472e-02
-1.579685489260671538e-01
-1.598980641045944229e-01
-1.598980641045944229e-01
-1.598980641045944229e-01
-1.598980641045944229e-01
-1.170578008485569782e-02
-1.170578008485569782e-02
-1.132781002991058161e-02
-1.131085123346822763e-02
-1.131085123346822763e-02
-1.131085123346822763e-02
-1.131085123346822763e-02
-1.127992348877239308e-02
-1.127992348877239308e-02
-1.127992348877239308e-02
-1.127992348877239308e-02
-1.127992348877239308e-02
-1.127992348877239308e-02
-1.127992348877239308e-02
-3.170364502511106158e-02
-3.168915699362526844e-02
-3.168915699362526844e-02
-3.168915699362526844e-02
-3.168915699362526844e-02
-3.168915699362526844e-02
-3.168915699362526844e-02
-3.170086708397071990e-02
-3.170086708397071990e-02
-3.170086708397071990e-02
-3.170086708397071990e-02
-3.170086708397071990e-02
-3.170086708397071990e-02
-3.390600032263914321e-02
-3.390600032263914321e-02
-3.390600032263914321e-02
-3.390600032263914321e-02
-3.853957409156667790e-02
-2.000308871611126277e-02
-2.000308871611126277e-02
-2.000308871611126277e-02
-1.454475490700446287e-02
-1.454475490700446287e-02
-1.454475490700446287e-02
-1.319970340818793497e-02
-1.319970340818793497e-02
-1.319970340818793497e-02
-1.319970340818793497e-02
-1.319970340818793497e-02
-1.319970340818793497e-02
-1.303708789795352159e-02
-1.303708789795352159e-02
-1.167743618156668294e-02
-1.167287038600011741e-02
-1.167287038600011741e-02
-1.167287038600011741e-02
-1.167287038600011741e-02
-1.167287038600011741e-02
-1.167287038600011741e-02
-1.167287038600011741e-02
-1.167287038600011741e-02
-1.167287038600011741e-02
-1.082886419976646433e-02
-1.117546221750644053e-02
-1.117546221750644053e-02
-1.117546221750644053e-02
-1.117546221750644053e-02
-1.040875313386862427e-02
-1.040875313386862427e-02
-1.040875313386862427e-02
-1.040875313386862427e-02
-1.131706153457524844e-02
-1.089297178028646312e-01
-1.089297178028646312e-01
-7.599779541816127637e-02
-7.599779541816127637e-02
-7.197422547048637487e-02
-5.254472461644823372e-02
-1.185093267356004537e-01
-3.624728473035145060e-02
-3.624728473035145060e-02
-1.230162263885282818e-02
-1.230162263885282818e-02
-1.230162263885282818e-02
-1.230162263885282818e-02
-1.230162263885282818e-02
-1.230172948274284132e-02
-1.230172948274284132e-02
-1.230172948274284132e-02
-1.230172948274284132e-02
-1.230172948274284132e-02
-1.110280481083443169e-02
-1.110280481083443169e-02
-1.110280481083443169e-02
-1.110234182064437358e-02
-1.107320193037476114e-02
-7.050250074603589545e-02
-7.050250074603589545e-02
-7.050250074603589545e-02
-1.047394785096950748e-01
-6.121295160590804058e-02
-6.121295160590804058e-02
-6.121295160590804058e-02
-6.121295160590804058e-02
-6.121295160590804058e-02
-3.972667292558212070e-03
-3.972667292558212070e-03
-4.645934271453443058e-03
-5.580358791305731203e-02
-5.854543006442928382e-02
-5.854543006442928382e-02
-5.855655607484266251e-02
-5.855655607484266251e-02
-5.855655607484266251e-02
-5.855655607484266251e-02
-5.855655607484266251e-02
-5.855655607484266251e-02
-5.855655607484266251e-02
-5.855655607484266251e-02
-5.855655607484266251e-02
-5.855655607484266251e-02
-4.184949096028708904e-02
-4.184949096028708904e-02
-5.855508875208648156e-02
-5.855508875208648156e-02
-5.855508875208648156e-02
-5.854306525299698971e-02
-5.854306525299698971e-02
-5.854306525299698971e-02
-5.854306525299698971e-02
-5.854306525299698971e-02
-5.854306525299698971e-02
-5.854306525299698971e-02
-5.854306525299698971e-02
-5.734884972554091936e-02
-1.766539782456640409e-02
-1.766539782456640409e-02
-1.766539782456640409e-02
-1.766556877479042581e-02
-4.205479505641054189e-02
-4.205479505641054189e-02
-4.205479505641054189e-02
-4.205273653079628915e-02
-4.205273653079628915e-02
-4.205273653079628915e-02
-5.134900615160597342e-02
-5.134900615160597342e-02
-5.134900615160597342e-02
-5.134900615160597342e-02
-5.134900615160597342e-02
-5.134900615160597342e-02
-5.134900615160597342e-02
-5.134900615160597342e-02
-5.134865000530592499e-02
-5.134865000530592499e-02
-4.949681389628131367e-02
-4.949681389628131367e-02
-3.679146915389292644e-02
-3.679146915389292644e-02
-1.335047527321437874e-02
-1.335047527321437874e-02
-1.302837121725994134e-02
-1.302837121725994134e-02
-3.927436089196578717e-02
-6.891341869279485333e-02
-6.891341869279485333e-02
-1.685082997920180348e-01
-1.685082997920180348e-01
-1.685082997920180348e-01
-1.451666137456437966e-01
-9.709021813782861554e-02
-1.129989670749832059e-01
-2.847703789889698481e-02
-9.634228953895787595e-02
-9.634228953895787595e-02
-9.163494718690218255e-02
-1.060755898460147423e-01
-1.101167890355418261e-01
-1.101167890355418261e-01
-1.101167890355418261e-01
-1.101167890355418261e-01
-1.113472460104903972e-01
-1.113472460104903972e-01
-7.753239421042155965e-02
-1.159376584093155770e-02
-1.159376584093155770e-02
-1.213328830940545514e-02
-1.213328830940545514e-02
-1.213328830940545514e-02
-1.213328830940545514e-02
-1.213328830940545514e-02
-1.120915899968511972e-02
-1.120915899968511972e-02
-1.213345213670347610e-02
-1.213338090744346676e-02
-1.213338090744346676e-02
-1.188747435238347687e-02
-1.188747435238347687e-02
-6.624688723803022483e-02
-7.009868782519382280e-02
-7.009892288175184616e-02
-7.009910095490187731e-02
-7.009910095490187731e-02
-7.009910095490187731e-02
-7.009910095490187731e-02
-7.009910095490187731e-02
-7.009910095490187731e-02
-7.009910095490187731e-02
-7.009910095490187731e-02
-7.009910095490187731e-02
-7.009910095490187731e-02
-7.009910095490187731e-02
-7.009910095490187731e-02
-7.003621264124007539e-02
-7.003621264124007539e-02
-7.003621264124007539e-02
-7.006917041984615790e-02
-7.006917041984615790e-02
-7.006917041984615790e-02
-7.006917041984615790e-02
-7.006917041984615790e-02
-6.903217923800758493e-02
-6.700342745443602088e-02
-6.700342745443602088e-02
-6.700342745443602088e-02
-6.700342745443602088e-02
-8.004224266194476245e-02
-1.643339517467564403e-01
-3.902486972439585255e-02
-3.900915654963790086e-02
-3.900915654963790086e-02
-3.900915654963790086e-02
-3.900915654963790086e-02
-3.900915654963790086e-02
-1.188681904319139476e-02
-1.188847868494960144e-02
-1.188847868494960144e-02
-1.183238653305839633e-02
-1.183238653305839633e-02
-1.183238653305839633e-02
-1.183238653305839633e-02
-3.245982197229082405e-02
-3.245982197229082405e-02
-3.253272155844686570e-02
-3.253272155844686570e-02
-3.253272155844686570e-02
-3.253272155844686570e-02
-3.253272155844686570e-02
-3.253272155844686570e-02
-3.253272155844686570e-02
-3.253272155844686570e-02
-1.575033506289494900e-01
-1.575033506289494900e-01
-1.574897458402877981e-01
-1.574897458402877981e-01
-5.831564447164079221e-03
-1.622703973467445604e-01
-4.386660032131019932e-02
-1.535279316610405620e-01
-8.224097595160138885e-02
-1.536786242835152250e-01
-1.536786242835152250e-01
-1.536786242835152250e-01
-1.536786242835152250e-01
-1.536786242835152250e-01
-1.536786242835152250e-01
-1.496138695777032290e-01
-8.631962036311512099e-02
-8.631962036311512099e-02
-8.631962036311512099e-02
-8.631962036311512099e-02
-8.631962036311512099e-02
-1.197605755315455933e-01
-1.506497139684556674e-01
-2.853491345338566090e-02
-2.853491345338566090e-02
-2.853491345338566090e-02
-2.853491345338566090e-02
-2.853491345338566090e-02
-3.244481752866996277e-02
-8.065421775296814297e-03
-6.722570815431683743e-03
-6.722570815431683743e-03
-6.722570815431683743e-03
-6.722570815431683743e-03
-6.722570815431683743e-03
-1.010978327312615360e-01
-1.010978327312615360e-01
-1.010978327312615360e-01
-9.724860352038425249e-02
-9.724860352038425249e-02
-1.010427155298666974e-01
-1.010427155298666974e-01
-1.010427155298666974e-01
-9.838341384499295350e-02
-9.838341384499295350e-02
-9.838341384499295350e-02
-9.838341384499295350e-02
-9.838341384499295350e-02
-9.838341384499295350e-02
-9.838341384499295350e-02
-9.836535722758071865e-02
-9.836535722758071865e-02
-1.600555377526219347e-01
-1.600555377526219347e-01
-1.600555377526219347e-01
-1.816233303077362249e-01
-1.816233303077362249e-01
-1.816233303077362249e-01
-1.816233303077362249e-01
-1.816233303077362249e-01
-1.813937441568757580e-01
-1.813937441568757580e-01
-1.813937441568757580e-01
-1.813937441568757580e-01
-1.813937441568757580e-01
-2.522470276396771571e-01
-2.522470276396771571e-01
-2.522470276396771571e-01
-2.522470276396771571e-01
-2.522470276396771571e-01
-2.522470276396771571e-01
-2.522470276396771571e-01
-2.317786302210951832e-01
-2.317786302210951832e-01
-2.317786302210951832e-01
-2.395645439282885758e-01
-5.497812982612996363e-02
-2.372147689927832370e-02
-2.372147689927832370e-02
-2.372147689927832370e-02
-3.612536872892033180e-02
-2.372119910516428884e-02
-6.916113269032757305e-02
-5.280486455838948739e-02
-5.280486455838948739e-02
-4.907745162797931548e-02
-4.907745162797931548e-02
-4.907745162797931548e-02
-4.907745162797931548e-02
-4.907745162797931548e-02
-1.318922291294338453e-02
-1.044446570410555164e-02
-1.703956330027680405e-02
-1.703956330027680405e-02
-1.703956330027680405e-02
-1.703956330027680405e-02
-4.470495446576214921e-02
-4.470495446576214921e-02
-4.470495446576214921e-02
-4.470495446576214921e-02
-4.470495446576214921e-02
-4.470495446576214921e-02
-5.393827166657602645e-02
-5.393777306175596281e-02
-5.393777306175596281e-02
-5.393777306175596281e-02
-5.228788615070838891e-02
-5.393814345390800929e-02
-5.393814345390800929e-02
-5.393814345390800929e-02
-5.393814345390800929e-02
-5.393814345390800929e-02
-5.393814345390800929e-02
-5.800625661932943405e-02
-5.800625661932943405e-02
-5.800625661932943405e-02
-5.800625661932943405e-02
-5.795398146540894913e-02
-5.795398146540894913e-02
-5.795398146540894913e-02
-5.795398146540894913e-02
-4.590257119038364253e-02
-5.519083108090533374e-02
-5.647731343031384826e-02
-5.647731343031384826e-02
-5.647731343031384826e-02
-2.119890690191753718e-02
-2.065592269140721290e-02
-2.065592269140721290e-02
-2.065592269140721290e-02
-6.432261453303962651e-02
-6.432261453303962651e-02
-6.432261453303962651e-02
-8.912028363740238934e-02
-1.737259713003329875e-01
-1.510339388427953122e-01
-1.510339388427953122e-01
-8.836059508770419124e-02
-8.836059508770419124e-02
-8.836059508770419124e-02
-8.836059508770419124e-02
-8.836059508770419124e-02
-8.836059508770419124e-02
-5.490791914453925504e-02
-5.490791914453925504e-02
-1.297594826262493950e-01
-1.297594826262493950e-01
-1.297594826262493950e-01
-1.297594826262493950e-01
-1.021880161437432009e-02
-1.021880161437432009e-02
-1.021880161437432009e-02
-1.530787670703508650e-02
-2.801062870435915009e-02
-1.105495299396049881e-02
-1.105542755890530707e-02
-8.076540662784192220e-03
-9.971315016254184149e-02
-2.066210895263898006e-02
-2.749232899390488538e-02
-2.747088542517922560e-02
-3.265331269564181876e-02
-2.085736616163818835e-01
-2.188669734885542173e-01
-2.188699936091785814e-01
-2.188699936091785814e-01
-2.188699936091785814e-01
-2.176725442733181137e-01
-2.104430023160536734e-01
-2.104430023160536734e-01
-2.104430023160536734e-01
-2.104430023160536734e-01
-2.104458229947500369e-01
-1.224918757524362661e-01
-1.224918757524362661e-01
-1.224918757524362661e-01
-1.224918757524362661e-01
-1.819612276713661048e-01
-1.819612276713661048e-01
-5.315888822648538736e-02
-5.315888822648538736e-02
-5.315888822648538736e-02
-5.315888822648538736e-02
-5.315888822648538736e-02
-5.315888822648538736e-02
-5.657553145694003277e-02
-5.657553145694003277e-02
-5.657553145694003277e-02
-5.657553145694003277e-02
-4.339851367769916035e-02
-4.339851367769916035e-02
-4.339851367769916035e-02
-4.339851367769916035e-02
-4.339851367769916035e-02
-4.768326351451144390e-02
-4.768326351451144390e-02
-4.768326351451144390e-02
-4.768326351451144390e-02
-2.324265066398945034e-02
-2.324265066398945034e-02
-2.324265066398945034e-02
-2.324265066398945034e-02
-5.451323781483032038e-02
-5.447737388241587209e-02
-5.597708814458682292e-02
-5.906019680358711582e-02
-5.805492401123046875e-02
-1.643255751857793934e-01
-1.643255751857793934e-01
-1.643162868902742491e-01
-1.643162868902742491e-01
-2.193192223062022661e-01
-2.193192223062022661e-01
-2.193192223062022661e-01
-2.280048612882712433e-01
-2.286108370948703727e-01
-2.286108370948703727e-01
-2.286108370948703727e-01
-2.286108370948703727e-01
-2.286108370948703727e-01
-2.282794358397532974e-01
-2.282794358397532974e-01
-2.214060401825330426e-01
-8.625673917237931809e-02
-8.625673917237931809e-02
-2.218679619336903219e-01
-2.218679619336903219e-01
-2.218679619336903219e-01
-2.218679619336903219e-01
-8.355174391720991689e-02
-8.355174391720991689e-02
-8.355174391720991689e-02
-8.355174391720991689e-02
-8.355174391720991689e-02
-3.023106198807747058e-02
-3.023106198807747058e-02
-3.023106198807747058e-02
-3.023106198807747058e-02
-3.023106198807747058e-02
-3.023106198807747058e-02
-3.023106198807747058e-02
-2.943028305901167901e-02
-2.943028305901167901e-02
-2.943053236142171084e-02
-2.589685945677255505e-02
-2.589685945677255505e-02
-9.912852354589885007e-03
-9.912852354589885007e-03
-9.912852354589885007e-03
-9.912852354589885007e-03
-9.912852354589885007e-03
-9.912852354589885007e-03
-2.018608558873145539e-02
-2.018608558873145539e-02
-2.942045342113046302e-02
-2.942045342113046302e-02
-2.942045342113046302e-02
-2.942045342113046302e-02
-1.076987568809015076e-02
-4.198478809050346650e-01
-4.198478809050346650e-01
