# Variable: dg_gbsa_00000198
# Sample shape: (1000,)
# Date: 2014-03-03 23:31:51.852376
-2.868469256060073302e-01
-9.782427127684962809e-01
-9.782427127684962809e-01
-9.782427127684962809e-01
-9.782427127684962809e-01
-9.782427127684962809e-01
-9.782427127684962809e-01
-9.782427127684962809e-01
-9.782427127684962809e-01
-9.782427127684962809e-01
-9.782427127684962809e-01
-1.728345762874154701e-02
-1.409027818056183046e+00
-2.098205212653252882e+00
-4.626440044570834687e+00
-4.626440044570834687e+00
-1.856423358844297544e+00
-3.145768811096424589e+00
-3.145768811096424589e+00
-2.863133158784067600e+00
-2.863133158784067600e+00
-3.052024950716736740e+00
-1.793990171662252164e+00
-1.793990171662252164e+00
-1.793990171662252164e+00
-1.793990171662252164e+00
-1.793990171662252164e+00
-3.186815783352970222e+00
-3.186815783352970222e+00
-3.186815783352970222e+00
-3.186815783352970222e+00
-3.186815783352970222e+00
-3.186815783352970222e+00
-3.255080994410906481e+00
-3.255080994410906481e+00
-3.323790220184034361e+00
-3.323790220184034361e+00
-3.323790220184034361e+00
-3.323790220184034361e+00
-3.323790220184034361e+00
-2.870496326833108292e+00
-2.870496326833108292e+00
-2.870496326833108292e+00
-2.816269092304528598e+00
-2.994871960087442275e+00
-2.994871960087442275e+00
-2.994871960087442275e+00
-2.994871960087442275e+00
-2.994871960087442275e+00
-2.994871960087442275e+00
-2.994871960087442275e+00
-2.994871960087442275e+00
-2.994871960087442275e+00
-2.994871960087442275e+00
-2.994871960087442275e+00
-2.994871960087442275e+00
-2.994871960087442275e+00
-2.994871960087442275e+00
-2.994871960087442275e+00
-2.994871960087442275e+00
-2.994871960087442275e+00
-2.994871960087442275e+00
-2.994871960087442275e+00
-2.994871960087442275e+00
-2.994871960087442275e+00
-2.994871960087442275e+00
-2.994871960087442275e+00
-2.994871960087442275e+00
-2.994871960087442275e+00
-2.994871960087442275e+00
-2.994871960087442275e+00
-2.994871960087442275e+00
-2.994871960087442275e+00
-2.994871960087442275e+00
-2.836540825736226346e+00
-2.836540825736226346e+00
-3.559286462189362510e+00
-3.176115666931035530e+00
-3.176115666931035530e+00
-3.176115666931035530e+00
-3.176115666931035530e+00
-3.176115666931035530e+00
-3.237315163329727685e+00
-3.237315163329727685e+00
-3.237315163329727685e+00
-3.237315163329727685e+00
-3.237315163329727685e+00
-3.237315163329727685e+00
-3.237315163329727685e+00
-3.237315163329727685e+00
-3.237315163329727685e+00
-3.237315163329727685e+00
-3.237315163329727685e+00
-3.237315163329727685e+00
-3.068004693857342424e+00
-3.166821445151450920e+00
-3.114427480825274319e+00
-3.114427480825274319e+00
-3.114427480825274319e+00
-3.114427480825274319e+00
-4.006895006956606942e+00
-4.006895006956606942e+00
-4.006895006956606942e+00
-4.006895006956606942e+00
-4.006895006956606942e+00
-4.006895006956606942e+00
-3.673994746308481663e+00
-3.673994746308481663e+00
-3.673994746308481663e+00
-3.673994746308481663e+00
-3.673994746308481663e+00
-3.673994746308481663e+00
-3.673994746308481663e+00
-3.673994746308481663e+00
-3.673994746308481663e+00
-3.673994746308481663e+00
-3.673994746308481663e+00
-3.673994746308481663e+00
-3.815417991769473272e+00
-3.815417991769473272e+00
-3.815417991769473272e+00
-3.815417991769473272e+00
-3.815417991769473272e+00
-3.815417991769473272e+00
-2.895981814163820722e+00
-2.895981814163820722e+00
-2.895981814163820722e+00
-2.895981814163820722e+00
-2.895981814163820722e+00
-2.895981814163820722e+00
-2.895981814163820722e+00
-2.895981814163820722e+00
-2.895981814163820722e+00
-2.895981814163820722e+00
-2.895981814163820722e+00
-2.895981814163820722e+00
-2.895981814163820722e+00
-3.769215388690080104e+00
-3.769215388690080104e+00
-3.769215388690080104e+00
-3.769215388690080104e+00
-3.748719140630834890e+00
-3.748719140630834890e+00
-3.748719140630834890e+00
-3.748719140630834890e+00
-3.748719140630834890e+00
-3.748719140630834890e+00
-3.499310513527397859e+00
-3.499310513527397859e+00
-3.499310513527397859e+00
-3.499310513527397859e+00
-3.499310513527397859e+00
-3.499310513527397859e+00
-3.499310513527397859e+00
-3.499310513527397859e+00
-3.499310513527397859e+00
-3.499310513527397859e+00
-3.499310513527397859e+00
-3.499310513527397859e+00
-3.499310513527397859e+00
-3.499310513527397859e+00
-3.499310513527397859e+00
-3.499310513527397859e+00
-3.499310513527397859e+00
-3.499310513527397859e+00
-3.499310513527397859e+00
-3.499310513527397859e+00
-3.499310513527397859e+00
-3.499310513527397859e+00
-3.499310513527397859e+00
-3.499310513527397859e+00
-3.499310513527397859e+00
-3.499310513527397859e+00
-3.499310513527397859e+00
-3.499310513527397859e+00
-3.460016578834781420e+00
-3.460016578834781420e+00
-3.460016578834781420e+00
-3.460016578834781420e+00
-3.460016578834781420e+00
-3.460016578834781420e+00
-3.460016578834781420e+00
-3.460016578834781420e+00
-3.460016578834781420e+00
-3.460016578834781420e+00
-3.460016578834781420e+00
-3.460016578834781420e+00
-3.460016578834781420e+00
-3.460016578834781420e+00
-3.460016578834781420e+00
-3.460016578834781420e+00
-3.460016578834781420e+00
-3.460016578834781420e+00
-3.460016578834781420e+00
-3.460016578834781420e+00
-3.460016578834781420e+00
-3.460016578834781420e+00
-3.460016578834781420e+00
-2.775493816937360858e+00
-3.044675002818353793e+00
-3.044675002818353793e+00
-3.044675002818353793e+00
-3.044675002818353793e+00
-3.044675002818353793e+00
-3.044675002818353793e+00
-3.044675002818353793e+00
-2.730385295291703596e+00
-2.730385295291703596e+00
-2.730385295291703596e+00
-2.730385295291703596e+00
-2.730385295291703596e+00
-2.730385295291703596e+00
-2.730385295291703596e+00
-2.730385295291703596e+00
-2.730385295291703596e+00
-2.730385295291703596e+00
-2.730385295291703596e+00
-2.730385295291703596e+00
-2.730385295291703596e+00
-2.730385295291703596e+00
-2.730385295291703596e+00
-2.730385295291703596e+00
-2.730385295291703596e+00
-2.730385295291703596e+00
-2.672381884281311404e+00
-2.672381884281311404e+00
-2.672381884281311404e+00
-2.672381884281311404e+00
-2.672381884281311404e+00
-3.665721439266751869e+00
-3.665721439266751869e+00
-3.665721439266751869e+00
-3.665721439266751869e+00
-3.665721439266751869e+00
-3.665721439266751869e+00
-3.665721439266751869e+00
-3.665721439266751869e+00
-3.665721439266751869e+00
-3.665721439266751869e+00
-3.665721439266751869e+00
-4.029347381445918863e+00
-4.029347381445918863e+00
-4.029347381445918863e+00
-4.029347381445918863e+00
-4.029347381445918863e+00
-4.029347381445918863e+00
-4.029347381445918863e+00
-4.029347381445918863e+00
-4.029347381445918863e+00
-4.029347381445918863e+00
-4.029347381445918863e+00
-4.029347381445918863e+00
-4.029347381445918863e+00
-4.029347381445918863e+00
-4.029347381445918863e+00
-4.029347381445918863e+00
-4.029347381445918863e+00
-4.029347381445918863e+00
-4.029347381445918863e+00
-4.029347381445918863e+00
-4.029347381445918863e+00
-4.029347381445918863e+00
-4.029347381445918863e+00
-4.029347381445918863e+00
-4.029347381445918863e+00
-4.029347381445918863e+00
-4.029347381445918863e+00
-4.029347381445918863e+00
-4.029347381445918863e+00
-4.029347381445918863e+00
-4.029347381445918863e+00
-4.029347381445918863e+00
-4.029347381445918863e+00
-4.029347381445918863e+00
-4.029347381445918863e+00
-4.029347381445918863e+00
-4.029347381445918863e+00
-4.029347381445918863e+00
-3.987134528661548938e+00
-3.987134528661548938e+00
-3.987134528661548938e+00
-3.987134528661548938e+00
-3.987134528661548938e+00
-3.987134528661548938e+00
-3.987134528661548938e+00
-4.040287739916011311e+00
-4.040287739916011311e+00
-4.040287739916011311e+00
-4.040287739916011311e+00
-4.040287739916011311e+00
-4.040287739916011311e+00
-4.040287739916011311e+00
-4.040287739916011311e+00
-4.040287739916011311e+00
-4.040287739916011311e+00
-4.040287739916011311e+00
-4.040287739916011311e+00
-4.040287739916011311e+00
-4.040287739916011311e+00
-3.282842171123788955e+00
-3.282842171123788955e+00
-3.282842171123788955e+00
-3.282842171123788955e+00
-3.282842171123788955e+00
-3.282842171123788955e+00
-3.282842171123788955e+00
-3.282842171123788955e+00
-3.282842171123788955e+00
-3.282842171123788955e+00
-3.282842171123788955e+00
-3.282842171123788955e+00
-3.282842171123788955e+00
-3.282842171123788955e+00
-3.282842171123788955e+00
-3.282842171123788955e+00
-3.282842171123788955e+00
-3.282842171123788955e+00
-3.282842171123788955e+00
-3.282842171123788955e+00
-3.282842171123788955e+00
-3.282842171123788955e+00
-3.282842171123788955e+00
-3.282842171123788955e+00
-3.282842171123788955e+00
-3.282842171123788955e+00
-3.282842171123788955e+00
-3.282842171123788955e+00
-3.282842171123788955e+00
-3.282842171123788955e+00
-3.282842171123788955e+00
-3.282842171123788955e+00
-3.282842171123788955e+00
-3.282842171123788955e+00
-3.282842171123788955e+00
-3.282842171123788955e+00
-3.282842171123788955e+00
-3.282842171123788955e+00
-3.282842171123788955e+00
-3.282842171123788955e+00
-3.282842171123788955e+00
-3.282842171123788955e+00
-3.282842171123788955e+00
-3.282842171123788955e+00
-3.282842171123788955e+00
-3.282842171123788955e+00
-3.282842171123788955e+00
-3.282842171123788955e+00
-3.282842171123788955e+00
-3.282842171123788955e+00
-3.282842171123788955e+00
-3.282842171123788955e+00
-3.282842171123788955e+00
-3.282842171123788955e+00
-3.068908222774702210e+00
-3.068908222774702210e+00
-3.068908222774702210e+00
-3.068908222774702210e+00
-3.068908222774702210e+00
-3.068908222774702210e+00
-3.068908222774702210e+00
-3.068908222774702210e+00
-3.068908222774702210e+00
-3.068908222774702210e+00
-3.068908222774702210e+00
-3.068908222774702210e+00
-3.068908222774702210e+00
-3.068908222774702210e+00
-3.068908222774702210e+00
-2.959797304857301192e+00
-2.959797304857301192e+00
-2.959797304857301192e+00
-2.959797304857301192e+00
-2.959797304857301192e+00
-2.959797304857301192e+00
-2.959797304857301192e+00
-2.959797304857301192e+00
-2.959797304857301192e+00
-2.959797304857301192e+00
-2.959797304857301192e+00
-2.959797304857301192e+00
-2.959797304857301192e+00
-3.179188668158040354e+00
-3.179188668158040354e+00
-3.179188668158040354e+00
-3.179188668158040354e+00
-3.008145447214976009e+00
-3.008145447214976009e+00
-3.077447072497744962e+00
-3.077447072497744962e+00
-3.077447072497744962e+00
-3.044098786596586059e+00
-3.044098786596586059e+00
-3.712676907132733906e+00
-3.712676907132733906e+00
-3.712676907132733906e+00
-3.712676907132733906e+00
-3.712676907132733906e+00
-3.712676907132733906e+00
-3.712676907132733906e+00
-3.712676907132733906e+00
-3.712676907132733906e+00
-3.712676907132733906e+00
-3.712676907132733906e+00
-3.712676907132733906e+00
-3.556709444545650634e+00
-3.556709444545650634e+00
-3.556709444545650634e+00
-3.556709444545650634e+00
-3.556709444545650634e+00
-3.556709444545650634e+00
-3.556709444545650634e+00
-3.556709444545650634e+00
-3.556709444545650634e+00
-3.556709444545650634e+00
-3.556709444545650634e+00
-3.556709444545650634e+00
-3.556709444545650634e+00
-3.556709444545650634e+00
-3.556709444545650634e+00
-3.556709444545650634e+00
-3.556709444545650634e+00
-3.556709444545650634e+00
-3.556709444545650634e+00
-3.556709444545650634e+00
-3.563402715650160868e+00
-3.563402715650160868e+00
-3.563402715650160868e+00
-3.563402715650160868e+00
-3.563402715650160868e+00
-3.563402715650160868e+00
-3.444539657286430412e+00
-3.444539657286430412e+00
-3.444539657286430412e+00
-3.444539657286430412e+00
-3.444539657286430412e+00
-3.351822182051765964e+00
-3.351822182051765964e+00
-3.351822182051765964e+00
-3.351822182051765964e+00
-3.382268189016309101e+00
-3.382268189016309101e+00
-3.382268189016309101e+00
-3.382268189016309101e+00
-3.382268189016309101e+00
-3.382268189016309101e+00
-3.382268189016309101e+00
-3.382268189016309101e+00
-3.382268189016309101e+00
-3.382268189016309101e+00
-3.382268189016309101e+00
-3.382268189016309101e+00
-3.382268189016309101e+00
-3.382268189016309101e+00
-3.382268189016309101e+00
-3.382268189016309101e+00
-3.382268189016309101e+00
-3.382268189016309101e+00
-3.398779473386804639e+00
-3.398779473386804639e+00
-3.398779473386804639e+00
-3.398779473386804639e+00
-3.398779473386804639e+00
-3.398779473386804639e+00
-3.398779473386804639e+00
-3.398779473386804639e+00
-3.398779473386804639e+00
-3.398779473386804639e+00
-3.764598820906980059e+00
-3.764598820906980059e+00
-3.764598820906980059e+00
-3.764598820906980059e+00
-3.764598820906980059e+00
-3.764598820906980059e+00
-3.764598820906980059e+00
-3.764598820906980059e+00
-3.764598820906980059e+00
-3.764598820906980059e+00
-3.764598820906980059e+00
-3.764598820906980059e+00
-3.764598820906980059e+00
-3.764598820906980059e+00
-3.764598820906980059e+00
-3.764598820906980059e+00
-3.764598820906980059e+00
-3.764598820906980059e+00
-3.764598820906980059e+00
-3.764598820906980059e+00
-3.764598820906980059e+00
-3.764598820906980059e+00
-3.764598820906980059e+00
-3.759910454029790738e+00
-3.759910454029790738e+00
-3.759910454029790738e+00
-3.759910454029790738e+00
-3.759910454029790738e+00
-3.759910454029790738e+00
-3.737320407626733676e+00
-3.737320407626733676e+00
-3.737320407626733676e+00
-3.737320407626733676e+00
-3.737320407626733676e+00
-3.737320407626733676e+00
-3.737320407626733676e+00
-3.737320407626733676e+00
-3.737320407626733676e+00
-3.737320407626733676e+00
-3.737320407626733676e+00
-3.737320407626733676e+00
-3.617769217627909928e+00
-3.617769217627909928e+00
-3.617769217627909928e+00
-3.617769217627909928e+00
-3.496208108861861064e+00
-3.496208108861861064e+00
-3.496208108861861064e+00
-3.496208108861861064e+00
-3.496208108861861064e+00
-3.496208108861861064e+00
-3.496208108861861064e+00
-3.496208108861861064e+00
-3.496208108861861064e+00
-3.496208108861861064e+00
-3.496208108861861064e+00
-3.496208108861861064e+00
-3.496208108861861064e+00
-3.496208108861861064e+00
-3.496208108861861064e+00
-3.496208108861861064e+00
-3.496208108861861064e+00
-3.496208108861861064e+00
-3.496208108861861064e+00
-3.496208108861861064e+00
-3.588502311341848827e+00
-3.588502311341848827e+00
-3.588502311341848827e+00
-3.588502311341848827e+00
-3.588502311341848827e+00
-3.588502311341848827e+00
-3.574592661447324460e+00
-3.574592661447324460e+00
-3.448733408182118598e+00
-3.448733408182118598e+00
-3.448733408182118598e+00
-3.448733408182118598e+00
-3.448733408182118598e+00
-3.448733408182118598e+00
-3.448733408182118598e+00
-3.448733408182118598e+00
-3.448733408182118598e+00
-3.448733408182118598e+00
-3.448733408182118598e+00
-4.016110819566773849e+00
-4.016110819566773849e+00
-4.016110819566773849e+00
-4.016110819566773849e+00
-4.016110819566773849e+00
-4.016110819566773849e+00
-4.016110819566773849e+00
-4.016110819566773849e+00
-4.016110819566773849e+00
-4.016110819566773849e+00
-4.016110819566773849e+00
-4.016110819566773849e+00
-4.016110819566773849e+00
-4.016110819566773849e+00
-4.016110819566773849e+00
-4.016110819566773849e+00
-4.016110819566773849e+00
-4.016110819566773849e+00
-4.016110819566773849e+00
-4.016110819566773849e+00
-4.016110819566773849e+00
-4.016110819566773849e+00
-4.016110819566773849e+00
-4.016110819566773849e+00
-4.016110819566773849e+00
-3.515100160018891362e+00
-3.515100160018891362e+00
-3.515100160018891362e+00
-3.410227667989055966e+00
-3.410227667989055966e+00
-3.410227667989055966e+00
-3.410227667989055966e+00
-3.410227667989055966e+00
-3.410227667989055966e+00
-3.410227667989055966e+00
-3.410227667989055966e+00
-3.410227667989055966e+00
-3.492099833078183835e+00
-3.492099833078183835e+00
-3.492099833078183835e+00
-3.492099833078183835e+00
-3.492099833078183835e+00
-3.492099833078183835e+00
-3.492099833078183835e+00
-3.492099833078183835e+00
-3.492099833078183835e+00
-3.492099833078183835e+00
-3.492099833078183835e+00
-3.492099833078183835e+00
-3.492099833078183835e+00
-3.492099833078183835e+00
-3.492099833078183835e+00
-3.492099833078183835e+00
-3.291568610225990898e+00
-3.291568610225990898e+00
-3.291568610225990898e+00
-3.291568610225990898e+00
-3.291568610225990898e+00
-4.066087547725290463e+00
-4.066087547725290463e+00
-4.066087547725290463e+00
-4.066087547725290463e+00
-4.066087547725290463e+00
-4.066087547725290463e+00
-4.066087547725290463e+00
-4.066087547725290463e+00
-4.066087547725290463e+00
-4.066087547725290463e+00
-4.066087547725290463e+00
-4.066087547725290463e+00
-4.066087547725290463e+00
-4.100146758624745758e+00
-4.100146758624745758e+00
-4.100146758624745758e+00
-4.100146758624745758e+00
-4.100146758624745758e+00
-3.704915994895803699e+00
-3.704915994895803699e+00
-3.704915994895803699e+00
-3.704915994895803699e+00
-3.704915994895803699e+00
-3.704915994895803699e+00
-4.054442418464966558e+00
-4.054442418464966558e+00
-4.054442418464966558e+00
-4.054442418464966558e+00
-4.054442418464966558e+00
-4.054442418464966558e+00
-4.054442418464966558e+00
-4.054442418464966558e+00
-4.054442418464966558e+00
-4.054442418464966558e+00
-4.054442418464966558e+00
-4.054442418464966558e+00
-4.054442418464966558e+00
-4.054442418464966558e+00
-3.761515334732901561e+00
-3.761515334732901561e+00
-3.632005268483498917e+00
-3.632005268483498917e+00
-3.632005268483498917e+00
-3.632005268483498917e+00
-3.632005268483498917e+00
-3.632005268483498917e+00
-3.632005268483498917e+00
-3.632005268483498917e+00
-3.632005268483498917e+00
-3.632005268483498917e+00
-3.632005268483498917e+00
-3.500409381567405998e+00
-3.662359418194334637e+00
-3.662359418194334637e+00
-3.662359418194334637e+00
-3.847640969329308547e+00
-3.847640969329308547e+00
-3.847640969329308547e+00
-3.847640969329308547e+00
-3.847640969329308547e+00
-3.909880982758210166e+00
-3.909880982758210166e+00
-3.909880982758210166e+00
-3.909880982758210166e+00
-3.909880982758210166e+00
-3.909880982758210166e+00
-3.909880982758210166e+00
-3.909880982758210166e+00
-3.909880982758210166e+00
-3.909880982758210166e+00
-3.909880982758210166e+00
-3.909880982758210166e+00
-3.909880982758210166e+00
-3.909880982758210166e+00
-3.909880982758210166e+00
-3.909880982758210166e+00
-3.909880982758210166e+00
-3.909880982758210166e+00
-3.909880982758210166e+00
-3.913273091070054388e+00
-3.913273091070054388e+00
-3.913273091070054388e+00
-3.913273091070054388e+00
-3.913273091070054388e+00
-3.913273091070054388e+00
-3.913273091070054388e+00
-3.913273091070054388e+00
-3.913273091070054388e+00
-3.913273091070054388e+00
-3.913273091070054388e+00
-3.913273091070054388e+00
-3.913273091070054388e+00
-3.913273091070054388e+00
-3.913273091070054388e+00
-3.913273091070054388e+00
-3.913273091070054388e+00
-3.913273091070054388e+00
-3.913273091070054388e+00
-3.913273091070054388e+00
-3.913273091070054388e+00
-3.880014838953546708e+00
-3.880014838953546708e+00
-3.880014838953546708e+00
-3.880014838953546708e+00
-3.880014838953546708e+00
-4.242231923353147138e+00
-4.242231923353147138e+00
-4.242231923353147138e+00
-4.242231923353147138e+00
-4.242231923353147138e+00
-4.242231923353147138e+00
-4.242231923353147138e+00
-4.242231923353147138e+00
-4.242231923353147138e+00
-4.242231923353147138e+00
-4.242231923353147138e+00
-4.242231923353147138e+00
-4.242231923353147138e+00
-4.242231923353147138e+00
-4.242231923353147138e+00
-4.242231923353147138e+00
-4.014204838535753161e+00
-4.014204838535753161e+00
-4.014204838535753161e+00
-4.014204838535753161e+00
-4.014204838535753161e+00
-4.014204838535753161e+00
-4.014204838535753161e+00
-4.014204838535753161e+00
-4.014204838535753161e+00
-4.014204838535753161e+00
-4.014204838535753161e+00
-4.014204838535753161e+00
-4.014204838535753161e+00
-4.014204838535753161e+00
-4.014204838535753161e+00
-4.014204838535753161e+00
-3.880137467247577909e+00
-3.880137467247577909e+00
-3.880137467247577909e+00
-3.880137467247577909e+00
-3.880137467247577909e+00
-3.880137467247577909e+00
-3.880137467247577909e+00
-3.880137467247577909e+00
-3.789777281635349659e+00
-3.789777281635349659e+00
-3.789777281635349659e+00
-3.789777281635349659e+00
-3.789777281635349659e+00
-3.789777281635349659e+00
-3.954394597624273366e+00
-3.954394597624273366e+00
-3.954394597624273366e+00
-3.954394597624273366e+00
-3.954394597624273366e+00
-3.954394597624273366e+00
-3.954394597624273366e+00
-3.954394597624273366e+00
-3.954394597624273366e+00
-3.954394597624273366e+00
-3.954394597624273366e+00
-3.954394597624273366e+00
-3.954394597624273366e+00
-3.954394597624273366e+00
-3.954394597624273366e+00
-3.954394597624273366e+00
-3.954394597624273366e+00
-3.954394597624273366e+00
-3.954394597624273366e+00
-3.954394597624273366e+00
-3.954394597624273366e+00
-3.954394597624273366e+00
-3.880336225374706682e+00
-3.880336225374706682e+00
-3.880336225374706682e+00
-3.880336225374706682e+00
-3.880336225374706682e+00
-3.880336225374706682e+00
-3.880336225374706682e+00
-3.880336225374706682e+00
-3.880336225374706682e+00
-3.880336225374706682e+00
-3.880336225374706682e+00
-3.880336225374706682e+00
-3.880336225374706682e+00
-3.880336225374706682e+00
-3.880336225374706682e+00
-3.880336225374706682e+00
-3.880336225374706682e+00
-3.880336225374706682e+00
-3.880336225374706682e+00
-3.880336225374706682e+00
-3.880336225374706682e+00
-3.880336225374706682e+00
-3.880336225374706682e+00
-3.880336225374706682e+00
-3.880336225374706682e+00
-3.880336225374706682e+00
-3.880336225374706682e+00
-3.880336225374706682e+00
-3.880336225374706682e+00
-3.640607711689877846e+00
-3.640607711689877846e+00
-3.640607711689877846e+00
-3.640607711689877846e+00
-3.697907491578198425e+00
-3.697907491578198425e+00
-3.697907491578198425e+00
-3.697907491578198425e+00
-3.697907491578198425e+00
-3.697907491578198425e+00
-3.697907491578198425e+00
-3.697907491578198425e+00
-4.133371732430977552e+00
-3.751680910245410061e+00
-3.751680910245410061e+00
-3.751680910245410061e+00
-3.751680910245410061e+00
-3.751680910245410061e+00
-3.751680910245410061e+00
-3.843157514787312490e+00
-3.843157514787312490e+00
-3.843157514787312490e+00
-3.843157514787312490e+00
-3.843157514787312490e+00
-4.106682983456788172e+00
-4.106682983456788172e+00
-4.106682983456788172e+00
-4.106682983456788172e+00
-4.338632806081388793e+00
-4.338632806081388793e+00
-4.338632806081388793e+00
-4.338632806081388793e+00
-4.338632806081388793e+00
-4.338632806081388793e+00
-4.223055411023345584e+00
-4.223055411023345584e+00
-4.223055411023345584e+00
-4.223055411023345584e+00
-4.223055411023345584e+00
-4.223055411023345584e+00
-4.223055411023345584e+00
-4.100178213465965449e+00
-4.100178213465965449e+00
-4.100178213465965449e+00
-4.100178213465965449e+00
-4.100178213465965449e+00
-4.100178213465965449e+00
-4.100178213465965449e+00
-4.100178213465965449e+00
-4.100178213465965449e+00
-4.100178213465965449e+00
-3.977641548754835998e+00
-3.977641548754835998e+00
-3.977641548754835998e+00
-3.977641548754835998e+00
-3.977641548754835998e+00
-3.977641548754835998e+00
-3.977641548754835998e+00
-3.977641548754835998e+00
-3.977641548754835998e+00
-3.977641548754835998e+00
-3.977641548754835998e+00
-3.977641548754835998e+00
-4.020413750672203079e+00
-4.020413750672203079e+00
-4.020413750672203079e+00
-4.020413750672203079e+00
-4.020413750672203079e+00
-4.020413750672203079e+00
-4.020413750672203079e+00
-4.020413750672203079e+00
-4.242453930710743393e+00
-4.242453930710743393e+00
-4.242453930710743393e+00
-4.242453930710743393e+00
-4.242453930710743393e+00
-4.242453930710743393e+00
-4.847433553371100601e+00
-4.847433553371100601e+00
-4.847433553371100601e+00
-4.847433553371100601e+00
-4.847433553371100601e+00
-4.847433553371100601e+00
-4.435942232266894436e+00
-4.435942232266894436e+00
-4.435942232266894436e+00
-4.435942232266894436e+00
-4.435942232266894436e+00
-4.435942232266894436e+00
-4.210725569132408808e+00
-4.210725569132408808e+00
-4.210725569132408808e+00
-4.210725569132408808e+00
-4.210725569132408808e+00
-4.210725569132408808e+00
-4.185410804092086323e+00
-4.034223793569531757e+00
-4.034223793569531757e+00
-4.034223793569531757e+00
-4.034223793569531757e+00
-4.034223793569531757e+00
-4.034223793569531757e+00
-4.034223793569531757e+00
-4.034223793569531757e+00
-4.034223793569531757e+00
-4.034223793569531757e+00
-4.034223793569531757e+00
-3.865881130298738366e+00
-3.865881130298738366e+00
-3.865881130298738366e+00
-3.865881130298738366e+00
-3.865881130298738366e+00
-3.865881130298738366e+00
-3.865881130298738366e+00
-3.865881130298738366e+00
-3.865881130298738366e+00
-3.865881130298738366e+00
-3.507368651220492684e+00
-3.507368651220492684e+00
-3.507368651220492684e+00
-3.507368651220492684e+00
-3.507368651220492684e+00
-3.507368651220492684e+00
-3.507368651220492684e+00
-3.507368651220492684e+00
-3.507368651220492684e+00
-3.507368651220492684e+00
-3.386458748841148836e+00
-3.386458748841148836e+00
-3.386458748841148836e+00
-3.386458748841148836e+00
-3.386458748841148836e+00
-3.546071326071627894e+00
-3.546071326071627894e+00
-3.546071326071627894e+00
-3.546071326071627894e+00
-3.546071326071627894e+00
-3.546071326071627894e+00
-3.546071326071627894e+00
-3.846850495493434607e+00
-3.846850495493434607e+00
-3.846850495493434607e+00
-3.846850495493434607e+00
-3.846850495493434607e+00
-3.846850495493434607e+00
-3.846850495493434607e+00
-3.846850495493434607e+00
-3.846850495493434607e+00
-3.846850495493434607e+00
-3.846850495493434607e+00
-3.730966073833049457e+00
-3.656287722104365923e+00
-3.656287722104365923e+00
-3.811507562378396496e+00
-3.811507562378396496e+00
-3.811507562378396496e+00
-3.811507562378396496e+00
-3.811507562378396496e+00
-3.811507562378396496e+00
-3.811507562378396496e+00
-3.811507562378396496e+00
-3.811507562378396496e+00
-3.414888682830401923e+00
-3.414888682830401923e+00
-3.414888682830401923e+00
-3.414888682830401923e+00
-3.414888682830401923e+00
-3.414888682830401923e+00
-3.414888682830401923e+00
-3.500938415527343750e+00
-3.500938415527343750e+00
-3.500938415527343750e+00
-3.500938415527343750e+00
-3.500938415527343750e+00
-3.500938415527343750e+00
-3.500938415527343750e+00
-3.500938415527343750e+00
-3.500938415527343750e+00
-3.500938415527343750e+00
-3.500938415527343750e+00
-3.500938415527343750e+00
-3.500938415527343750e+00
-3.500938415527343750e+00
-3.500938415527343750e+00
-3.500938415527343750e+00
-3.500938415527343750e+00
-3.500938415527343750e+00
-3.500938415527343750e+00
-3.500938415527343750e+00
