# Variable: dg_gbsa_00000190
# Sample shape: (1000,)
# Date: 2014-03-03 23:31:52.227874
-1.405549750273359932e-01
-1.405549750273359932e-01
-1.868165017997785338e+00
-1.868165017997785338e+00
-1.868165017997785338e+00
-1.868165017997785338e+00
-1.868165017997785338e+00
-1.868165017997785338e+00
-1.868165017997785338e+00
-1.868165017997785338e+00
-2.182296767517439839e+00
-1.899009794851561850e+00
-2.846469614747377364e+00
-2.172366382970864596e+00
-3.195305855278758767e+00
-2.387764576972100539e+00
-2.137154283760610340e+00
-3.427009509580768665e+00
-3.340484763194680351e+00
-3.148855260407719125e+00
-4.144425145982555847e+00
-3.092237230012794935e+00
-1.913242768603118815e+00
-1.913242768603118815e+00
-1.913338272794938622e+00
-2.009611284755612015e+00
-3.186462942090590555e+00
-3.186462942090590555e+00
-3.186462942090590555e+00
-2.108373787845297720e+00
-2.108373787845297720e+00
-2.108373787845297720e+00
-2.108373787845297720e+00
-2.108373787845297720e+00
-2.108373787845297720e+00
-2.108373787845297720e+00
-2.397481159771833514e+00
-2.397481159771833514e+00
-2.158611500012487028e+00
-1.954619104957945108e+00
-1.724171592902043137e+00
-1.694807700855553989e+00
-1.694806105320129985e+00
-1.651678099003166311e+00
-1.971663298160122535e+00
-1.971663298160122535e+00
-2.223410752261801626e+00
-1.740284221350120841e+00
-1.944532585873430586e+00
-1.641768570383921544e+00
-1.641768570383921544e+00
-1.797416925886164973e+00
-1.797416925886164973e+00
-1.797416925886164973e+00
-1.797416925886164973e+00
-1.800990127468656166e+00
-1.800990127468656166e+00
-1.697749868177774957e+00
-1.697749868177774957e+00
-1.697749868177774957e+00
-1.697749868177774957e+00
-2.019035428705452606e+00
-2.099145894752633801e+00
-2.099145894752633801e+00
-2.099145894752633801e+00
-1.882712540161541215e+00
-1.882712540161541215e+00
-1.902548578455616646e+00
-1.902548578455616646e+00
-1.902548578455616646e+00
-1.676622585858259296e+00
-1.676622585858259296e+00
-1.762217021125224381e+00
-1.762217021125224381e+00
-2.018748688196360774e+00
-2.018748688196360774e+00
-2.018748688196360774e+00
-2.128074319595132380e+00
-2.845001950090747300e+00
-2.845001950090747300e+00
-2.264325295078138733e+00
-2.264325295078138733e+00
-1.950979232788085938e+00
-1.795392191432857887e+00
-1.795392191432857887e+00
-1.795392191432857887e+00
-1.697682741723142597e+00
-1.697682741723142597e+00
-1.683649893700506661e+00
-1.971780683980617122e+00
-2.689120418482938923e+00
-2.689120418482938923e+00
-2.689120418482938923e+00
-1.842668817786367930e+00
-1.672206599671343774e+00
-1.672206599671343774e+00
-1.193140478480614330e+00
-1.183970594497301354e+00
-2.495517238376245395e+00
-2.950725090435312392e+00
-2.893659398387084636e+00
-5.567567070401192808e+00
-2.916729017151928893e+00
-3.469779660095448026e+00
-3.234590900559726201e+00
-3.966552577556660797e+00
-2.961833435992209829e+00
-2.077884017623405466e+00
-2.077884017623405466e+00
-2.166709526091187055e+00
-2.166709526091187055e+00
-2.166709526091187055e+00
-2.166709526091187055e+00
-2.166709526091187055e+00
-2.166709526091187055e+00
-2.166709526091187055e+00
-2.179866311199122553e+00
-2.045106933404109206e+00
-2.129659825939520967e+00
-2.129515771884079367e+00
-2.129577769831990874e+00
-2.541283348550304133e+00
-2.549682930824177518e+00
-2.549682930824177518e+00
-1.842008152153933986e+00
-2.898679180765242780e+00
-2.938418041907578271e+00
-2.766934681121067552e+00
-3.129539024761484267e+00
-3.129539024761484267e+00
-2.902947693892236281e+00
-2.902947693892236281e+00
-3.241199152419489415e+00
-3.241199152419489415e+00
-3.241199152419489415e+00
-3.241199152419489415e+00
-3.241199152419489415e+00
-3.241199152419489415e+00
-3.241199152419489415e+00
-2.770906196725527959e+00
-2.983073431492763383e+00
-2.969646545030874663e+00
-2.969646545030874663e+00
-2.969646545030874663e+00
-2.969646545030874663e+00
-2.635802411212520013e+00
-2.835388849159955260e+00
-2.635012393243910012e+00
-2.635012393243910012e+00
-2.460252030629728637e+00
-2.460252030629728637e+00
-2.515607764570480409e+00
-2.879025603343606132e+00
-2.832278010950033842e+00
-4.961896352968525825e+00
-4.961896352968525825e+00
-4.961896352968525825e+00
-2.707655525572213229e+00
-2.707655525572213229e+00
-2.520846591169017881e+00
-2.520846591169017881e+00
-2.628286299696387829e+00
-2.471617485323553964e+00
-2.236615631366094981e+00
-2.236615631366094981e+00
-2.360700421305960806e+00
-2.360700421305960806e+00
-2.360700421305960806e+00
-2.360700421305960806e+00
-2.360700421305960806e+00
-2.360700421305960806e+00
-2.360700421305960806e+00
-2.380607688860045368e+00
-2.266816153808943746e+00
-2.330275840102828511e+00
-2.305979938397671791e+00
-2.198980825581012599e+00
-2.198980825581012599e+00
-2.198980825581012599e+00
-2.198980825581012599e+00
-2.249383105830526031e+00
-2.249383105830526031e+00
-2.249383105830526031e+00
-2.249383105830526031e+00
-2.249383105830526031e+00
-2.177849554422936595e+00
-2.177849554422936595e+00
-2.177849554422936595e+00
-2.177849554422936595e+00
-2.177849554422936595e+00
-2.394684642040478817e+00
-2.394684642040478817e+00
-2.394684642040478817e+00
-2.512773181922577148e+00
-2.423933085702345114e+00
-2.423933085702345114e+00
-2.423933085702345114e+00
-2.423933085702345114e+00
-2.423933085702345114e+00
-2.593372793544090893e+00
-2.593372793544090893e+00
-2.593372793544090893e+00
-2.593372793544090893e+00
-2.593372793544090893e+00
-2.593372793544090893e+00
-2.389792958363520015e+00
-2.180338361751053000e+00
-2.180338361751053000e+00
-2.186326862065331333e+00
-2.186326862065331333e+00
-2.137131034530143747e+00
-2.137131034530143747e+00
-2.137131034530143747e+00
-2.137131034530143747e+00
-2.137131034530143747e+00
-2.140156853495318590e+00
-2.140156853495318590e+00
-2.177980388327720451e+00
-2.498587504399666148e+00
-2.358055479439904900e+00
-2.358055479439904900e+00
-2.358055479439904900e+00
-2.358055479439904900e+00
-2.358055479439904900e+00
-2.316029532233797816e+00
-2.316029532233797816e+00
-2.316029532233797816e+00
-2.316029532233797816e+00
-2.160305730699353166e+00
-2.169951426139525186e+00
-2.165855914639241320e+00
-2.165855914639241320e+00
-2.165855914639241320e+00
-2.271601392479745130e+00
-2.209276587739729347e+00
-2.209276587739729347e+00
-2.209275903938832997e+00
-2.771193848969147666e+00
-2.771193848969147666e+00
-2.344193011807210070e+00
-2.344193011807210070e+00
-2.344193011807210070e+00
-2.344193011807210070e+00
-2.344193011807210070e+00
-2.540254684068960600e+00
-2.540254684068960600e+00
-2.540254684068960600e+00
-2.563457644008541703e+00
-2.563457644008541703e+00
-2.563457644008541703e+00
-2.563457644008541703e+00
-2.563457644008541703e+00
-2.334516089459450328e+00
-2.487547083065113185e+00
-2.549744700838457057e+00
-2.549744700838457057e+00
-2.549744700838457057e+00
-2.596163840868277006e+00
-2.596163840868277006e+00
-2.531034084852521016e+00
-2.531034084852521016e+00
-2.328489752162254955e+00
-2.328489752162254955e+00
-2.379852088869871540e+00
-2.100208977212413508e+00
-2.100208977212413508e+00
-2.102937342787791763e+00
-2.102937342787791763e+00
-2.102937342787791763e+00
-2.102937342787791763e+00
-2.105895009596990608e+00
-2.105895009596990608e+00
-2.167272978029560981e+00
-2.102928453376142759e+00
-2.102688439261616971e+00
-2.226135015031803555e+00
-2.169830849248182147e+00
-2.169830849248182147e+00
-2.162444204035042006e+00
-2.162444204035042006e+00
-2.162444204035042006e+00
-2.159048904652349332e+00
-2.160758406892561378e+00
-2.271226213721426745e+00
-2.271226213721426745e+00
-2.271226213721426745e+00
-2.271226213721426745e+00
-2.434333469398163086e+00
-2.217119784017821615e+00
-2.217119784017821615e+00
-2.198142029815148391e+00
-2.198142029815148391e+00
-2.198142029815148391e+00
-2.139765719382758391e+00
-2.101718581657336493e+00
-2.101586152217128411e+00
-2.101586152217128411e+00
-2.101586152217128411e+00
-2.412369556682287364e+00
-2.412369556682287364e+00
-2.453400117717327245e+00
-2.453400117717327245e+00
-2.453400117717327245e+00
-2.323945211406875266e+00
-2.323945211406875266e+00
-2.323945211406875266e+00
-2.323945211406875266e+00
-2.323946579008667523e+00
-2.323989658465120733e+00
-2.323989658465120733e+00
-2.323989658465120733e+00
-2.323989658465120733e+00
-2.330009613620619202e+00
-2.330009613620619202e+00
-2.435101833671730276e+00
-2.615779581306997059e+00
-2.866923011283801337e+00
-2.751517250250675950e+00
-2.751517250250675950e+00
-2.751517250250675950e+00
-2.751517250250675950e+00
-2.615375454977411085e+00
-2.618515924559496444e+00
-2.618515924559496444e+00
-2.617656842700381681e+00
-2.617656842700381681e+00
-2.624212213957514805e+00
-2.626962005294303459e+00
-2.626962005294303459e+00
-2.626962005294303459e+00
-2.744125818431263131e+00
-2.715782727155812815e+00
-3.029329371042051022e+00
-3.029329371042051022e+00
-3.029329371042051022e+00
-3.029329371042051022e+00
-2.457332200803446387e+00
-2.457332200803446387e+00
-3.253695841729070892e+00
-3.253695841729070892e+00
-2.296789426420660085e+00
-2.296789426420660085e+00
-3.114128887767317444e+00
-3.114128887767317444e+00
-2.853247221295737823e+00
-2.799877928958112161e+00
-2.802466115349793174e+00
-2.718703012849359002e+00
-2.718693211703181678e+00
-2.718693211703181678e+00
-2.959653250801859592e+00
-2.798168198784268146e+00
-2.798168198784268146e+00
-1.729829817383512713e+00
-1.814021890979423901e+00
-1.814021890979423901e+00
-1.873440655877895544e+00
-1.873440655877895544e+00
-1.873440655877895544e+00
-1.873440655877895544e+00
-1.919744575456724833e+00
-1.919744575456724833e+00
-3.098824739912043658e+00
-4.491250328078552734e+00
-4.491250328078552734e+00
-4.491250328078552734e+00
-4.491250328078552734e+00
-4.491250328078552734e+00
-2.474309609451439851e+00
-2.474309609451439851e+00
-1.676123639137749421e+00
-1.796968466465149517e+00
-1.796968466465149517e+00
-1.796968466465149517e+00
-1.796968466465149517e+00
-1.796968466465149517e+00
-1.791477203369140625e+00
-1.791477203369140625e+00
-1.791477203369140625e+00
-1.791477203369140625e+00
-1.791477203369140625e+00
-1.878907644042093317e+00
-1.780758852256643543e+00
-1.780758852256643543e+00
-1.780758852256643543e+00
-1.780758852256643543e+00
-1.958911779049933521e+00
-1.988288093479367857e+00
-1.988288093479367857e+00
-1.988288093479367857e+00
-1.862578478643588609e+00
-2.074424440956480264e+00
-4.195470882875285135e+00
-3.281712304109824618e+00
-2.263997298581650330e+00
-2.263997298581650330e+00
-2.179106380469940429e+00
-2.179106380469940429e+00
-2.179106380469940429e+00
-2.179106380469940429e+00
-2.179108659806260562e+00
-2.290579374616050323e+00
-2.290579374616050323e+00
-2.278610351664614342e+00
-2.278610351664614342e+00
-2.148117435593905888e+00
-2.294963450094481772e+00
-2.294963450094481772e+00
-2.239674500707914184e+00
-2.239674500707914184e+00
-2.239674500707914184e+00
-2.239674500707914184e+00
-2.239674500707914184e+00
-2.239674500707914184e+00
-2.146437108858593401e+00
-2.146437108858593401e+00
-2.439670763325736846e+00
-2.439670763325736846e+00
-2.666343238567986607e+00
-2.666343238567986607e+00
-2.521282172339823990e+00
-2.521282172339823990e+00
-2.591704775224907831e+00
-2.416654025163522679e+00
-2.416654025163522679e+00
-2.416654025163522679e+00
-2.416654025163522679e+00
-2.416654025163522679e+00
-2.416654025163522679e+00
-2.416654025163522679e+00
-2.261095931379562440e+00
-2.261095931379562440e+00
-2.261095931379562440e+00
-2.222523634565947592e+00
-2.222523634565947592e+00
-2.169754263547820639e+00
-2.169754263547820639e+00
-2.007398277122249386e+00
-2.007398277122249386e+00
-3.353551514517964627e+00
-2.088504129340498228e+00
-2.088504129340498228e+00
-2.079991491985138552e+00
-2.079991491985138552e+00
-2.079991491985138552e+00
-2.079991491985138552e+00
-2.158099561074951378e+00
-2.158099561074951378e+00
-2.158099561074951378e+00
-2.096247946555026331e+00
-2.079688112320908999e+00
-2.079688112320908999e+00
-2.079688112320908999e+00
-2.079688112320908999e+00
-1.974273366180478106e+00
-1.974131591461356638e+00
-2.532476904743260260e+00
-2.542689471126286183e+00
-2.585205475641254136e+00
-2.585205475641254136e+00
-1.983436526121646448e+00
-1.983436526121646448e+00
-1.983436526121646448e+00
-1.983436526121646448e+00
-2.043052339645006210e+00
-2.170348714460150319e+00
-2.157908552691311765e+00
-2.103834033696190708e+00
-2.103834033696190708e+00
-2.103834033696190708e+00
-2.062770650218139323e+00
-2.062770650218139323e+00
-2.062770650218139323e+00
-2.062770650218139323e+00
-2.178551817943215507e+00
-2.178551817943215507e+00
-2.178551817943215507e+00
-2.009197813147112655e+00
-2.009197813147112655e+00
-2.009197813147112655e+00
-2.009197813147112655e+00
-2.009197813147112655e+00
-2.009978941704073652e+00
-2.119311866979070036e+00
-2.119311866979070036e+00
-2.119311866979070036e+00
-2.119311866979070036e+00
-2.119311866979070036e+00
-2.119311866979070036e+00
-2.196730892699261695e+00
-2.094639874781067057e+00
-2.094639874781067057e+00
-2.005214672927418729e+00
-2.005215356728314635e+00
-2.005215356728314635e+00
-2.005215356728314635e+00
-2.005215356728314635e+00
-2.036157575209783577e+00
-2.036157575209783577e+00
-2.036157575209783577e+00
-2.036157575209783577e+00
-2.036157575209783577e+00
-2.036157575209783577e+00
-2.137842187462071664e+00
-2.137842187462071664e+00
-2.137842187462071664e+00
-2.136936379208391301e+00
-2.136936379208391301e+00
-2.072355943245823617e+00
-2.475283797794728624e+00
-2.475283797794728624e+00
-2.475283797794728624e+00
-2.401863411781208768e+00
-2.401863411781208768e+00
-2.401863411781208768e+00
-2.401863411781208768e+00
-2.244255510844418211e+00
-2.244225423604990777e+00
-2.307644993579638371e+00
-2.307644993579638371e+00
-2.307644993579638371e+00
-2.307644993579638371e+00
-2.516181929389559535e+00
-2.239052697759741140e+00
-2.239057028498749879e+00
-2.239057028498749879e+00
-2.239056344697853529e+00
-3.240871383856632981e+00
-3.989924436317574763e+00
-3.989924436317574763e+00
-3.811402940841295273e+00
-3.811402940841295273e+00
-2.694258726349751942e+00
-2.694258726349751942e+00
-2.694258726349751942e+00
-2.252883254683952341e+00
-4.411489512222902754e+00
-4.411489512222902754e+00
-4.396815144992922697e+00
-4.396815144992922697e+00
-4.262883622149436391e+00
-4.262883622149436391e+00
-4.262883622149436391e+00
-4.262883622149436391e+00
-4.262883622149436391e+00
-4.990588182700979480e+00
-2.437593604137063164e+00
-2.698310018725422310e+00
-2.698310018725422310e+00
-2.698310018725422310e+00
-2.406091580655333129e+00
-2.712761922730542175e+00
-3.577079645306384670e+00
-3.577079645306384670e+00
-3.145328671252978214e+00
-3.145328671252978214e+00
-3.145328671252978214e+00
-3.186725749568318999e+00
-3.187755781651454789e+00
-3.187759656523199148e+00
-2.331190993635421815e+00
-2.458699574661983966e+00
-2.458699574661983966e+00
-2.933738336508405986e+00
-2.396027627000389071e+00
-2.396027627000389071e+00
-2.396027627000389071e+00
-2.396027854934021040e+00
-2.396027854934021040e+00
-2.319638177496069265e+00
-2.320232172541135007e+00
-2.318161395494158228e+00
-2.318161395494158228e+00
-2.318161395494158228e+00
-2.318161395494158228e+00
-2.316202989727771389e+00
-2.149120115641198314e+00
-2.038755790681273439e+00
-2.038755790681273439e+00
-1.970491263424233308e+00
-2.127167827540556111e+00
-2.025634107352670465e+00
-2.025634107352670465e+00
-1.970144576369918132e+00
-1.970144576369918132e+00
-1.970144576369918132e+00
-1.970029925753008060e+00
-1.970029925753008060e+00
-2.023496089884245563e+00
-2.023496089884245563e+00
-2.023496089884245563e+00
-2.081835475068247288e+00
-2.081835475068247288e+00
-2.081836158869143194e+00
-2.238804705968094666e+00
-2.238804705968094666e+00
-2.284650820846995334e+00
-2.284650820846995334e+00
-2.284650820846995334e+00
-2.284650820846995334e+00
-2.284653328116947435e+00
-2.254740002050454439e+00
-2.254740002050454439e+00
-2.254706723740178109e+00
-2.080010182542964881e+00
-2.084257953709443445e+00
-2.084257953709443445e+00
-2.052072813132524765e+00
-2.052482409869279767e+00
-2.492986947127099562e+00
-2.424601387111452233e+00
-2.424601387111452233e+00
-2.602697786363998844e+00
-2.523125243688404407e+00
-2.523125243688404407e+00
-2.544920257582946821e+00
-2.380914487528755341e+00
-2.380914487528755341e+00
-2.380914487528755341e+00
-2.560481970442412436e+00
-2.633488428980168994e+00
-2.603446776278843799e+00
-2.603446776278843799e+00
-2.633488428980168994e+00
-2.633488428980168994e+00
-2.434740330931333130e+00
-2.420357034949454089e+00
-2.514764638065607905e+00
-2.514764638065607905e+00
-2.514764638065607905e+00
-2.587267819143845848e+00
-2.587267819143845848e+00
-2.454169393725422310e+00
-2.430800953968988765e+00
-2.430506463716408216e+00
-2.430506463716408216e+00
-2.426055831617424552e+00
-2.419802244489097198e+00
-2.402928089776412701e+00
-2.402928089776412701e+00
-2.396137718944658879e+00
-2.538101850914453728e+00
-2.456526911281490921e+00
-2.673250995220235016e+00
-2.673250995220235016e+00
-2.673250995220235016e+00
-2.673250995220235016e+00
-2.226169433010239729e+00
-2.227747873412035506e+00
-2.307263660613255052e+00
-2.407873109923265975e+00
-2.306665106895548600e+00
-2.306665106895548600e+00
-2.306665106895548600e+00
-2.306666018630076920e+00
-2.306663055492860437e+00
-2.306663055492860437e+00
-2.306663055492860437e+00
-2.306663055492860437e+00
-2.134882925117448593e+00
-2.134882925117448593e+00
-2.310711840598578704e+00
-2.310711840598578704e+00
-2.310711840598578704e+00
-2.310711840598578704e+00
-2.310711840598578704e+00
-2.334962383510961637e+00
-2.392669936666981023e+00
-2.392669936666981023e+00
-2.392669936666981023e+00
-2.353615788155258404e+00
-2.597084236874406926e+00
-2.373907579746574292e+00
-2.373907579746574292e+00
-2.373910770817422744e+00
-2.373907579746574292e+00
-2.373907351812942323e+00
-2.387246711760132367e+00
-2.387246711760132367e+00
-2.387246711760132367e+00
-2.387246711760132367e+00
-2.387246711760132367e+00
-2.387246711760132367e+00
-2.387246711760132367e+00
-2.976847880201175300e+00
-2.976847880201175300e+00
-2.444711743531673864e+00
-2.444711743531673864e+00
-2.444711743531673864e+00
-2.444711743531673864e+00
-2.444711743531673864e+00
-2.444711743531673864e+00
-2.523457342990269581e+00
-2.523457342990269581e+00
-2.292574021829929531e+00
-2.292574021829929531e+00
-2.775679126980199918e+00
-2.775679126980199918e+00
-2.775679126980199918e+00
-2.775679126980199918e+00
-2.466697309942591954e+00
-2.466697309942591954e+00
-2.466697309942591954e+00
-2.843273757292708925e+00
-3.014268200438519507e+00
-2.345074659095895520e+00
-2.556064616653704658e+00
-2.556064616653704658e+00
-2.556064616653704658e+00
-2.532415134728980277e+00
-2.532415134728980277e+00
-2.837403326599821085e+00
-2.837403326599821085e+00
-2.837403326599821085e+00
-3.115107862716878895e+00
-2.528367261357790330e+00
-2.528367261357790330e+00
-2.713175622272673504e+00
-2.713175622272673504e+00
-2.713175622272673504e+00
-4.394743684145050011e+00
-4.394743684145050011e+00
-4.394743684145050011e+00
-2.539139860674710203e+00
-2.539140544475606553e+00
-2.647350896612863824e+00
-2.647350896612863824e+00
-2.756528827018080996e+00
-2.756528827018080996e+00
-2.760987208860553821e+00
-2.760987208860553821e+00
-2.791581600619547743e+00
-3.820601430495427664e+00
-3.049034917331790329e+00
-3.231207909593162508e+00
-3.231207909593162508e+00
-3.231207909593162508e+00
-3.231207909593162508e+00
-3.231207909593162508e+00
-3.231207909593162508e+00
-3.231207909593162508e+00
-3.231207909593162508e+00
-3.231207909593162508e+00
-3.231207909593162508e+00
-2.787668208091254485e+00
-3.117785854959578717e+00
-3.319937685935492322e+00
-3.319937685935492322e+00
-3.319937685935492322e+00
-3.319937685935492322e+00
-2.911271374266644507e+00
-2.911271374266644507e+00
-2.911271374266644507e+00
-2.710772973857463519e+00
-2.644632332183662893e+00
-2.644633471851822737e+00
-2.532680221543029297e+00
-4.257371731059729214e+00
-4.257371731059729214e+00
-3.886992343297195784e+00
-4.039790388730925663e+00
-4.039790388730925663e+00
-4.039790388730925663e+00
-4.039790388730925663e+00
-4.039790388730925663e+00
-4.039790388730925663e+00
-4.039790388730925663e+00
-4.039790388730925663e+00
-4.666335724052006029e+00
-4.379253770379673227e+00
-4.379253770379673227e+00
-4.379253770379673227e+00
-4.379253770379673227e+00
-4.379253770379673227e+00
-4.379253770379673227e+00
-4.379253770379673227e+00
-4.379253770379673227e+00
-4.379253770379673227e+00
-4.227152290125421708e+00
-4.227152290125421708e+00
-4.227152290125421708e+00
-4.227152290125421708e+00
-4.156892659787238209e+00
-4.156892659787238209e+00
-4.156892659787238209e+00
-4.156892659787238209e+00
-4.156892659787238209e+00
-5.080999881314046007e+00
-5.080999881314046007e+00
-2.579979413326110027e+00
-2.579800941292231808e+00
-2.579779971398085348e+00
-2.579779971398085348e+00
-2.579779971398085348e+00
-2.779653149854612426e+00
-3.425243935667078077e+00
-3.425243935667078077e+00
-3.425243935667078077e+00
-5.771623742739967255e+00
-4.494605511142008680e+00
-4.494605511142008680e+00
-4.494605511142008680e+00
-3.447150637041314081e+00
-3.447150637041314081e+00
-3.447150637041314081e+00
-3.447150637041314081e+00
-2.313556224392659288e+00
-2.467474563627808148e+00
-2.187138533728984147e+00
-2.187138533728984147e+00
-2.265772673641518242e+00
-2.104965724179211239e+00
-2.104965724179211239e+00
-2.104965724179211239e+00
-2.104965724179211239e+00
-2.104993760015950510e+00
-2.239225699386450774e+00
-2.079356468886307763e+00
-2.079356468886307763e+00
-2.079356468886307763e+00
-2.067252281291079186e+00
-2.041783433115504920e+00
-2.187692640388444687e+00
-2.421841794628485811e+00
-2.221734756265497879e+00
-2.221734756265497879e+00
-2.221734756265497879e+00
-2.221734756265497879e+00
-2.221734756265497879e+00
-2.221734756265497879e+00
-2.221734756265497879e+00
-2.227392069012439357e+00
-2.098352001912278997e+00
-2.092304466787305195e+00
-2.087736448867826944e+00
-2.250333133208819891e+00
-2.248700672536233736e+00
-2.248700672536233736e+00
-2.228774714424322845e+00
-2.347124694182357363e+00
-2.347124694182357363e+00
-3.519339725574617272e+00
-3.055026608716917114e+00
-3.055026608716917114e+00
-2.515923908518103769e+00
-2.455196918538605999e+00
-2.455196918538605999e+00
-2.455196918538605999e+00
-2.455196918538605999e+00
-2.455196918538605999e+00
-2.455196918538605999e+00
-2.311931969330825787e+00
-2.240965972666986605e+00
-2.240965972666986605e+00
-2.410344138428084371e+00
-2.472064463175961180e+00
-2.472064463175961180e+00
-2.472064463175961180e+00
-2.472064463175961180e+00
-2.472064463175961180e+00
-2.409848838645686886e+00
-2.319336849234527875e+00
-2.319336849234527875e+00
-2.319336849234527875e+00
-2.304800609785557786e+00
-2.304800609785557786e+00
-2.304800609785557786e+00
-2.304800609785557786e+00
-2.304800609785557786e+00
-2.304800609785557786e+00
-2.304801065652821723e+00
-2.362872400885557944e+00
-2.362872400885557944e+00
-2.362872400885557944e+00
-2.391790796648247674e+00
-2.312240819402223924e+00
-2.312240819402223924e+00
-2.312240819402223924e+00
-2.312240819402223924e+00
-2.312236032795951690e+00
-2.312236032795951690e+00
-2.553376139463931604e+00
-2.491049967122123565e+00
-2.491051562657547791e+00
-2.491051562657547791e+00
-2.487469129762959419e+00
-2.487466394559374905e+00
-2.487469129762959419e+00
-2.891845274609771810e+00
-2.891845274609771810e+00
-2.891843907007979553e+00
-2.833613702033719317e+00
-2.833613702033719317e+00
-2.833616893104567769e+00
-2.628156605459763817e+00
-2.628156605459763817e+00
-2.628544548501476008e+00
-2.626360716373012938e+00
-2.626360716373012938e+00
-2.626360716373012938e+00
-3.161974892333633935e+00
-3.320064872902164232e+00
-2.744857257456442046e+00
-2.744857257456442046e+00
-2.744857257456442046e+00
-2.744857257456442046e+00
-2.726242601529589749e+00
-2.617681003665377037e+00
-2.490953095328511502e+00
-2.942417821282410362e+00
-2.942417821282410362e+00
-2.957294593577631137e+00
-2.957294593577631137e+00
-2.957294593577631137e+00
-2.957294593577631137e+00
-2.957294593577631137e+00
-2.957294593577631137e+00
-2.957294593577631137e+00
-4.117537183013974200e+00
-4.117537183013974200e+00
-4.614961306861891543e+00
-5.412601831994138024e+00
-5.412601831994138024e+00
-5.412601831994138024e+00
-4.842331942819044777e+00
-4.842331942819044777e+00
-4.842331942819044777e+00
-4.842331942819044777e+00
-4.469106119859742599e+00
-4.469106119859742599e+00
-3.007489226288366790e+00
-3.007626898202111931e+00
-3.007496064297327631e+00
-2.567529222477462181e+00
-2.567529222477462181e+00
-2.678880955931333130e+00
-2.678880955931333130e+00
-2.678880955931333130e+00
-2.602111085195158324e+00
-2.602111085195158324e+00
-2.576108416453374073e+00
-2.576108416453374073e+00
-2.576107732652478166e+00
-3.590416953850886550e+00
-3.590416953850886550e+00
-3.590416953850886550e+00
-3.590416953850886550e+00
-3.590416953850886550e+00
-3.590416953850886550e+00
-3.590416953850886550e+00
-3.870022228525427543e+00
-3.823932452593888698e+00
-4.049385938772052107e+00
-3.433955331149566081e+00
-3.433955331149566081e+00
-3.216128732232701015e+00
-3.042795006221384657e+00
-3.441196554705471922e+00
-3.441196554705471922e+00
-2.943783827539155684e+00
-2.943783827539155684e+00
-2.852657556989680376e+00
-2.793739448313959262e+00
-2.822698416263149657e+00
-2.945736079097477589e+00
-4.001522611249701100e+00
-4.001522611249701100e+00
-4.001522611249701100e+00
-4.001522611249701100e+00
-4.001522611249701100e+00
-4.001522611249701100e+00
-4.002317643758215304e+00
-4.002317643758215304e+00
-2.688973857157544778e+00
-3.225600514311635081e+00
-4.643212312950002918e+00
-4.643212312950002918e+00
-2.873177966013920948e+00
-2.812722217056536689e+00
-2.812722217056536689e+00
-2.812722217056536689e+00
-2.751155063709382897e+00
-2.751155063709382897e+00
-3.282192788206140577e+00
-3.125702445867184487e+00
-3.125702445867184487e+00
-3.122169702504378641e+00
-3.122169702504378641e+00
-3.122169702504378641e+00
-4.049228664565951874e+00
-3.074446326232092908e+00
-3.074446326232092908e+00
-3.074446326232092908e+00
-3.383375034733438369e+00
-4.814844970265491853e+00
-4.814844970265491853e+00
-4.814844970265491853e+00
-4.814844970265491853e+00
-4.814844970265491853e+00
-4.814844970265491853e+00
