# Variable: dg_gbsa_00000225
# Sample shape: (1000,)
# Date: 2014-03-03 23:31:52.946916
-7.306715299020989651e-02
-6.245616574132419052e-02
-6.245616574132419052e-02
-6.245616574132419052e-02
-6.245616574132419052e-02
-6.245616574132419052e-02
-6.245616574132419052e-02
-6.245616574132419052e-02
-2.352115671447768397e-01
-2.352115671447768397e-01
-4.099703769610898996e-01
-2.427923120914408095e-01
-4.238628748498044496e-01
-6.835066337658387559e-01
-2.134523388304628289e-01
-4.476814265460858366e-01
-1.663178575882264254e-01
-1.328433534383317849e-01
-1.192415706514172447e-01
-1.174155444647568269e-01
-3.139720820104186516e-01
-6.697371060716034163e-02
-3.871301021676218368e-02
-3.871301021676218368e-02
-3.871301021676218368e-02
-3.588747724634283598e-02
-2.036868357749559502e-02
-2.036868357749559502e-02
-2.038765905236194706e-02
-2.287496522382385933e-02
-2.287496522382385933e-02
-2.779666491095011960e-02
-2.779666491095011960e-02
-3.146807428086122703e-03
-3.146807428086122703e-03
-6.868222632212118810e-03
-1.462940161193938673e-06
-1.462940161193938673e-06
-4.645280297809987503e-03
-1.661717734988743186e-02
-6.744669426239699450e-02
-7.251896548225592043e-02
-7.251896548225592043e-02
-7.251896548225592043e-02
-5.030597828998164406e-02
-5.030597828998164406e-02
-2.288831002568651393e-02
-2.697011790671038217e-03
-5.911653202532810014e-02
-1.154820974310770965e-01
-5.537522048555869845e-03
-5.557469357638468097e-04
-4.818040029952448400e-01
-1.410612441157747532e-01
-1.368723937931753676e-01
-1.449346057999430226e-01
-1.449346057999430226e-01
-2.162764828303119849e-02
-7.182405994453575082e-02
-1.248342499678267020e-01
-6.727581526763580511e-02
-2.495685403536200206e-02
-2.012496153480349860e-03
-5.620002415365971463e-03
1.124260832974509145e-05
-4.365575904058680359e-03
-1.430944690968748712e-01
-4.470036730141757966e-03
-2.349214005082788520e-02
-2.349214005082788520e-02
-9.554511302971703188e-03
-9.554511302971703188e-03
-4.868100559335365556e-03
-1.566793861305679474e-03
-1.163739732414996800e-02
-7.225414221646908608e-02
-5.494926728479150287e-04
-5.955321724966424098e-03
-7.743302226978322766e-02
-1.295845435636677201e-01
-3.979725488969062391e-02
-3.979725488969062391e-02
-4.871154959041119024e-03
-2.131047643597342773e-05
-6.955642748203833686e-03
-6.955642748203833686e-03
-2.695519760265290780e-03
-2.695519760265290780e-03
-2.226913143056186324e-03
-1.908798860546279813e-02
-1.172287243616056684e-01
-3.341475989576963013e-01
-3.335843179695464622e-01
-1.547035848433383209e-01
-2.214458573388779772e-01
-2.070022301737710346e-01
-2.623342661397178727e-02
-2.492533508780809398e-02
-2.492533508780809398e-02
-8.145020295283533773e-02
-1.366726651673791024e-02
-2.711466575899725839e-01
-1.188385969002946595e-03
-1.169498974233010996e-02
-5.810332785486947010e-02
-2.252236578478183926e-01
-7.964393576290137999e-02
-3.719387957060542038e-01
-3.719387957060542038e-01
-1.600485715309930834e-01
-4.615955567610650900e-02
-4.615955567610650900e-02
-4.660217429780139087e-02
-4.660217429780139087e-02
-4.660217429780139087e-02
-4.660217429780139087e-02
-4.757719602343228604e-02
1.235628859175593580e-04
1.235628859175593580e-04
1.235628859175593580e-04
1.235628859175593580e-04
-1.996049361862598306e-02
-1.928466327673618308e-02
-1.928466327673618308e-02
-3.959552294095661229e-02
-3.959552294095661229e-02
-3.546509129595346033e-02
-5.518464838113656956e-02
-1.893843921261125288e-02
-7.483110287677260941e-02
-4.540384528057980762e-02
-4.540384528057980762e-02
-9.142227086236781597e-02
-9.142227086236781597e-02
-9.142227086236781597e-02
-9.142227086236781597e-02
-9.142227086236781597e-02
-9.142227086236781597e-02
-9.142227086236781597e-02
-3.274167259268277036e-02
-5.514253764261934504e-02
-5.514253764261934504e-02
-9.417398538917701178e-02
-4.720136907884769223e-02
-4.720136907884769223e-02
-9.087650514925414702e-02
-6.425214030318687763e-02
-6.425214030318687763e-02
-6.425214030318687763e-02
-9.352342006581235156e-02
-8.645190734480352746e-02
-8.245689320746615869e-02
-3.348525620669297320e-02
-3.853533595059615430e-02
-1.338799528592403143e-01
-1.338799528592403143e-01
-1.338799528592403143e-01
-1.532537595548775491e-03
-1.532537595548775491e-03
7.517472801892083258e-05
7.517472801892083258e-05
-4.646563849075346225e-02
-4.824698901776202742e-04
-4.824698901776202742e-04
-4.388928862135451194e-04
-4.698480719817983708e-02
-4.698480719817983708e-02
-4.698480719817983708e-02
-4.698480719817983708e-02
-4.698480719817983708e-02
-4.698480719817983708e-02
-4.698480719817983708e-02
-4.689103743884120989e-02
-4.345422475304931524e-03
-4.122899150757215053e-02
-4.122899150757215053e-02
-4.164493922322247237e-03
-4.164493922322247237e-03
-4.164493922322247237e-03
-4.164493922322247237e-03
-7.693185675782409153e-03
-2.644457222170856769e-01
-6.506559982126575159e-02
-9.226212794420594887e-02
-9.231247990810620419e-02
-4.021253287222371631e-01
-4.021253287222371631e-01
-4.021253287222371631e-01
-1.608411359456483544e-02
-1.925001024174188835e-02
-5.199430140009573056e-03
-5.175059048697551282e-03
-1.190531104945543803e-02
-1.494669805977130207e-02
-1.454844369230717110e-02
-1.454844369230717110e-02
-1.445105815765734478e-02
-1.445105815765734478e-02
-1.445105815765734478e-02
-1.230685175690322646e-02
-1.230685175690322646e-02
-1.208767807734399957e-01
-1.208767807734399957e-01
-7.906832498984400770e-02
-7.906832498984400770e-02
1.120868799620331098e-02
9.694101954908260210e-03
9.694101954908260210e-03
4.825592272510719795e-03
4.825592272510719795e-03
1.409474340041326490e-01
2.876274024152390869e-03
-1.011698597589824611e-01
-1.263782011619261347e-01
-1.263782011619261347e-01
-2.651081605677280909e-03
3.181375477669571433e-02
-1.047065634686449864e-01
-4.344531330484789817e-04
-1.261029686301547593e-03
-8.091834475273838520e-03
-2.141939885700637827e-02
-2.141939885700637827e-02
-2.141939885700637827e-02
-2.441971418563539803e-02
-8.677555351423714772e-03
-8.677555351423714772e-03
-8.677555351423714772e-03
4.095992297788878661e-02
4.095992297788878661e-02
-1.174130158260265205e-01
-1.582644780096998660e-01
-1.169072738341118134e-01
-4.552302180467098225e-01
-1.577292898416974842e-01
-4.435492319768974401e-02
-4.435492319768974401e-02
-3.613047586686296553e-02
8.129761329483432830e-05
-1.474452359925948301e-02
-8.653994671017443963e-02
-8.653994671017443963e-02
-8.653994671017443963e-02
-8.653994671017443963e-02
-3.399112641127569751e-02
-3.399112641127569751e-02
-2.410994703751449114e-02
-2.689253054488001393e-02
-2.045040579786947758e-03
-1.723525612071925752e-03
-9.058033566686892130e-04
-9.058033566686892130e-04
-4.556671821781171959e-04
-4.543898968617244563e-04
-7.528620598442410834e-04
-7.528620598442410834e-04
-7.528620598442410834e-04
-1.359144319204994532e-03
-1.359144319204994532e-03
-5.777057480195227053e-04
-5.777057480195227053e-04
-2.782575716665210488e-03
-2.903188667821040778e-03
-1.600872499095436132e-03
-1.452786644945637008e-03
-2.127485331967045659e-02
-2.127485331967045659e-02
-2.127485331967045659e-02
-3.138449235354509037e-01
-3.138449235354509037e-01
-3.138449235354509037e-01
-3.138449235354509037e-01
-3.138449235354509037e-01
-2.414276449447835815e-01
-9.258214676357363893e-02
-7.849268572508262543e-02
-3.696974886876902566e-02
-3.696974886876902566e-02
-4.217546810725450457e-02
-9.272345136957915734e-02
-3.214420155972869120e-02
-6.170844103621023202e-03
-6.170844103621023202e-03
-5.903416518015113315e-03
-5.903416518015113315e-03
-1.453307620205170243e-03
-1.453307620205170243e-03
-8.561524667600827962e-03
-1.691662788570967016e-04
-1.691662788570967016e-04
6.656334003127298792e-05
6.656334003127298792e-05
6.656334003127298792e-05
-6.604913878566220226e-03
-1.408692242766429459e-01
-1.408692242766429459e-01
-1.408692242766429459e-01
-2.239010587021223950e-02
-1.109186419126458246e-04
-1.399204505333253024e-01
-8.421427575625606288e-02
-1.654967115426268613e-03
-1.654967115426268613e-03
-9.885603423100355891e-02
-9.885603423100355891e-02
-9.885603423100355891e-02
-2.906909978184599730e-01
-2.524061822982408554e-01
-1.565350030849814167e-01
-1.565350030849814167e-01
1.360373304405358141e-01
1.360373304405358141e-01
2.187215375854681676e-01
-4.646751182029169869e-02
-7.559703110964757777e-02
-2.867838734650475230e-01
-7.128894300579340093e-02
-3.303522261903116958e-02
-3.203064787342260744e-02
-3.670998501732061770e-01
-3.670998501732061770e-01
-8.573564585034750829e-01
-8.573564585034750829e-01
-8.573564585034750829e-01
-8.573564585034750829e-01
-8.573564585034750829e-01
-5.121976991912374766e-01
-5.121976991912374766e-01
-5.121976991912374766e-01
-5.121976991912374766e-01
-5.121975852244214922e-01
-1.834226668906713265e-01
-2.542552084129581225e-01
-6.534780302649473294e-02
-2.542552084129581225e-01
-2.542552084129581225e-01
-2.542552084129581225e-01
-2.542552084129581225e-01
-5.256653287898513938e-01
-4.507887032930071314e-01
-4.020364915891541102e-01
-4.723891188492054249e-01
-4.774689283506877084e-04
-4.774689283506877084e-04
-7.909154572860688237e-02
-7.401962353212199197e-02
-2.551399043139718215e-01
-1.765454675909665927e-01
-1.765454675909665927e-01
-1.765454675909665927e-01
-2.920058329748149717e-01
-4.781870381554043647e-01
-1.109351063891532985e-01
-1.109351063891532985e-01
-8.279369364049192492e-02
-8.279369364049192492e-02
-2.216972209456203897e-03
-2.216972209456203897e-03
-2.216972209456203897e-03
-2.216972209456203897e-03
-1.141504316909477176e-03
-1.141504316909477176e-03
-1.066413923499689026e-01
-4.694543878617295496e-01
-4.694543878617295496e-01
-4.694543878617295496e-01
-4.694543878617295496e-01
-4.694543878617295496e-01
-4.280432987509448506e-02
-4.280432987509448506e-02
-5.326985059231233999e-01
-3.776071347424450608e-01
-3.776071347424450608e-01
-3.776071347424450608e-01
-3.776071347424450608e-01
-3.776071347424450608e-01
-3.955170483707697859e-01
-1.665113447501144206e-01
-1.665113447501144206e-01
-1.977500194117398358e-01
-1.977500194117398358e-01
-1.977500194117398358e-01
-5.284572878485656044e-01
-5.284570029315255324e-01
-9.477954984679959338e-03
-1.066909808252384292e-03
-8.970385962246024171e-04
-2.736218879533571522e-04
-2.736218879533571522e-04
-2.736218879533571522e-04
-1.241883595098330038e-03
-1.327938112620812711e-03
-1.436906580031487857e-01
-6.996918590757175704e-02
-1.446991393397816883e-04
-1.446991393397816883e-04
-2.092086615657031377e-03
-2.092086615657031377e-03
-2.092086615657031377e-03
-2.092086615657031377e-03
-2.092086615657031377e-03
-4.769716746606516428e-02
-4.769716746606516428e-02
-4.945445741681706031e-02
-4.924938481578863131e-02
-1.429276074323781731e-01
-6.966810694844043084e-02
-6.966810694844043084e-02
-9.265201554471630407e-02
-2.817700600988778253e-02
-5.092525259942443094e-03
-1.448988878875115925e-02
-1.448988878875115925e-02
-1.448988878875115925e-02
-1.806443454528558696e-04
-6.832989523931625332e-04
-2.033252582438361145e-03
-2.033252582438361145e-03
-1.171813925183297876e-02
-1.171813925183297876e-02
-4.619327916925769148e-03
-4.619327916925769148e-03
-7.677684408072987451e-03
-2.118984787559304202e-03
-1.889775706594008352e-03
-1.637141659221902053e-03
-1.844816131563590091e-03
-1.300386412257958837e-03
-1.300386412257958837e-03
-1.300386412257958837e-03
-2.914344895022064302e-04
-2.914344895022064302e-04
-2.950030197807895359e-04
-1.566661558519998922e-04
-1.566661558519998922e-04
-1.566661558519998922e-04
-1.566661558519998922e-04
-9.505316814546602155e-02
-9.505316814546602155e-02
-4.341696063145624729e-01
-2.423100330177730133e-01
-2.423100330177730133e-01
-1.993146983205018319e-01
-8.767129529274672595e-02
-9.990858900615406935e-02
-9.990858900615406935e-02
-1.042788175164399561e-01
-1.042788175164399561e-01
-1.041964836147957485e-01
-9.246343607884291438e-02
-9.207906162305726228e-02
-6.123148118560673980e-01
-6.123211939977641904e-01
-6.123211939977641904e-01
-6.458962738627912481e-01
-2.816553631829486065e-02
-2.816553631829486065e-02
-3.058352039318467611e-03
-3.557087386999257389e-02
-3.557087386999257389e-02
-3.557087386999257389e-02
-3.557087386999257389e-02
-3.539845276175219990e-02
3.036177693999748128e-01
-2.807977272778122355e-02
-1.411726716086695796e-02
-1.505752188468754277e-02
-1.953714963468949212e-02
-1.953714963468949212e-02
-6.155890410847918853e-03
-1.034351581276659595e-03
-1.034351581276659595e-03
-7.298466950711966772e-02
-7.298466950711966772e-02
-2.478553519992025833e-02
-6.100216285676391065e-04
-6.100216285676391065e-04
1.106550115700205700e-01
1.106559233045486812e-01
9.822064074002077871e-02
1.106550115700205700e-01
1.699731010323956570e-01
1.699731010323956570e-01
-6.040956390519442581e-02
-2.055047845635313633e-02
-2.055047845635313633e-02
-2.055047845635313633e-02
-2.055047845635313633e-02
2.784343983044929418e-04
-1.772912308203330664e-02
-4.014067252097120592e-02
2.480803162614542232e-03
2.225395826263135979e-01
2.225395826263135979e-01
-9.798552541785212483e-03
-9.798552541785212483e-03
-1.411017717839882848e-02
-5.875264933728123300e-03
-5.875264933728123300e-03
-5.875264933728123300e-03
-5.875264933728123300e-03
-5.530434915258140849e-02
-5.530434915258140849e-02
-4.080139157535012800e-02
-4.080139157535012800e-02
-4.080139157535012800e-02
-4.091923326310874243e-02
-4.091923326310874243e-02
-1.328963195160743627e-01
-1.429789352371405309e-01
-1.429789352371405309e-01
-1.429789352371405309e-01
-1.429789352371405309e-01
-1.429789352371405309e-01
-1.429789352371405309e-01
-1.429789352371405309e-01
-4.739315457371406914e-01
-4.739315457371406914e-01
-2.411417306951081363e-01
-2.411417306951081363e-01
-2.411417306951081363e-01
-2.124686556268148493e-02
-7.512082611112703631e-03
1.470092149811082771e-01
1.470080753129481277e-01
1.653564620200352053e-01
-1.210979903633234295e-01
-2.897495446623397052e-03
-1.929340132620776735e-02
-4.115462246178213102e-01
-3.590270392525491960e-01
-3.590270392525491960e-01
-7.061576239237593589e-02
-7.061576239237593589e-02
-7.061576239237593589e-02
-4.534345711394431599e-02
-4.813522385365648359e-01
-4.813522385365648359e-01
-4.813522385365648359e-01
-4.813522385365648359e-01
-4.813522385365648359e-01
-4.813522385365648359e-01
-4.813522385365648359e-01
-4.813522385365648359e-01
-4.813522385365648359e-01
-7.336932887994536134e-01
-4.816351255426899042e-02
-8.922259734647906837e-02
-8.922259734647906837e-02
-8.922259734647906837e-02
-4.484293978825126120e-02
-1.180682609117737619e-01
-1.936187793146355862e-01
-1.936187793146355862e-01
-2.101734565503282637e-01
-1.845630473434127228e-01
-1.845630473434127228e-01
-1.845630473434127228e-01
-1.845630473434127228e-01
-3.148310142880871715e-02
-9.877601955406524192e-01
-4.186627114935996818e-01
-9.502601555155065771e-01
-4.180735600382146089e-01
-1.146059989017464531e+00
-9.011091739224201813e-01
-4.592619081300257644e-01
-1.594157280475186067e-01
-1.594157280475186067e-01
-1.656442282304708968e-01
-1.656442282304708968e-01
-1.364848923728753105e-01
-1.364848923728753105e-01
-1.330963312781791585e-01
-8.896634296067129632e-03
-3.029133618789694657e-02
-2.601077997376768230e-02
-2.601077997376768230e-02
-2.601077997376768230e-02
-1.045284190893629034e-01
-1.214089737510589892e-02
-2.103618543815886227e-02
-3.673328553285470921e-02
-2.223734759919729909e-01
-9.423857608215302495e-02
-9.423857608215302495e-02
-4.018340651551350479e-02
1.153948059729362763e-01
1.153948059729362763e-01
8.675926160174163293e-02
8.675926160174163293e-02
-8.542447512965813117e-02
-8.542447512965813117e-02
-1.054716494155203549e-02
-1.054716494155203549e-02
-1.006478703728597435e-01
-2.564403226681010728e-01
-2.214422104007655046e-01
-2.214422104007655046e-01
-2.209805878125002676e-01
-2.209805878125002676e-01
-2.123740987841531147e-01
-2.123740987841531147e-01
-2.123740987841531147e-01
-1.961610655711668039e-01
-1.961610655711668039e-01
-1.961610655711668039e-01
-1.880078225701078409e-01
-1.880078225701078409e-01
-5.412682406533060320e-01
-6.829466578153533529e-01
-2.530368176746550790e-01
-2.168232208228247915e-01
-1.983994308210923485e-01
-2.077010604437176944e-01
-2.073194568061463849e-01
-4.882140095785516554e-01
-4.882140095785516554e-01
-4.882140095785516554e-01
-6.510226721973308983e-01
-6.383998786058298069e-01
-6.383998786058298069e-01
-6.119957617546358808e-01
-2.576598530745642934e-01
-2.576598530745642934e-01
-2.576598530745642934e-01
-2.576598530745642934e-01
-3.921751994247874018e-01
-3.921751994247874018e-01
-3.921751994247874018e-01
-3.921751994247874018e-01
-3.921751994247874018e-01
-3.455111162156493387e-01
-2.007384857529663780e-01
-2.007384857529663780e-01
-2.007384857529663780e-01
-2.007384857529663780e-01
-2.007384857529663780e-01
-1.358129012881000020e-01
-1.358129012881000020e-01
-1.358129012881000020e-01
-1.198363919558989993e-01
-1.242642306916800221e-01
-1.617128574369514349e-01
-1.617128574369514349e-01
-2.271636579734189476e-01
-2.271636579734189476e-01
-5.660808109188626425e-01
-5.660808109188626425e-01
-4.643193850325808558e-01
-3.101582964793218045e-01
-2.720481920880523652e-01
-5.716193702435173885e-01
-5.716193702435173885e-01
-3.678827167241112694e-01
-3.678827167241112694e-01
-3.678827167241112694e-01
-4.597118277508715350e-02
1.175517401520882223e-02
-1.121248957303924154e+00
-9.917643056544929170e-01
-9.917643056544929170e-01
-9.942620023942585483e-01
-9.892107651748802688e-01
-7.385916965185569394e-01
-7.477132585718799795e-01
-1.029209584624543927e+00
-1.058848364631258976e+00
-1.058848364631258976e+00
-1.016355153479493900e+00
-1.003101724511578752e+00
-4.519157781199788504e-01
-1.661079876965363966e-01
-1.661079876965363966e-01
-5.794387403341369480e-02
-5.794387403341369480e-02
-5.794387403341369480e-02
-4.290818569765036256e-02
-4.290818569765036256e-02
-1.694173703458067559e-01
-1.694173703458067559e-01
1.450515294093175634e-04
1.185454662362145638e-04
1.185454662362145638e-04
-1.800098736017201675e-02
-1.800098736017201675e-02
-5.189336508683446425e-01
-1.971647428280992598e-01
-1.883567177314831032e-01
-1.571706957388562254e-01
-1.571706957388562254e-01
-1.571706957388562254e-01
-1.519361144042151723e-01
-1.519361144042151723e-01
-5.209456210382581443e-01
-5.209456210382581443e-01
-2.087502104602397823e-01
-2.087502104602397823e-01
-2.087502104602397823e-01
-2.087502104602397823e-01
-1.498099922222115576e-01
-2.829054687492705833e-01
-2.831455968306123561e-01
-2.247077585634264241e-01
-2.688630190223854077e-01
-5.469986631127206067e-01
-1.837166300467277802e-01
-1.837166300467277802e-01
-1.837166300467277802e-01
-1.837166300467277802e-01
-2.914022932089081475e-01
-2.351035123573434471e-01
-2.351035123573434471e-01
-2.351035123573434471e-01
-2.351035123573434471e-01
-1.037003319304486304e+00
-2.545212069615351291e-01
-2.050754786905321370e-01
-2.050754786905321370e-01
-2.050754786905321370e-01
-3.262992741728831803e-01
-5.526207814822917119e-02
-6.745497110241001348e-02
-7.963064438298372849e-02
-7.963064438298372849e-02
5.922557155728111564e-04
5.922557155728111564e-04
-4.310408040852665296e-02
-9.333749032841129334e-02
-2.844144178850017135e-01
-2.786725417605777633e-01
-2.009845401087408945e-01
-1.627403252667268263e-01
-4.947576208848569745e-02
-7.113938292855286061e-02
-7.113938292855286061e-02
-7.113938292855286061e-02
-7.113938292855286061e-02
-7.113938292855286061e-02
-4.870743414184103282e-01
-4.870743414184103282e-01
-1.086777870331393947e+00
-5.917098964377525139e-01
-3.967019591309543011e-04
-5.122403085345747509e-02
-3.727854551822231688e-01
-6.536590095687778712e-01
-6.551751671056218473e-01
-6.536590095687778712e-01
-6.536590095687778712e-01
-5.009731074820057417e-01
-5.009731074820057417e-01
-5.009731074820057417e-01
-4.311259515426810740e-01
-4.311259515426810740e-01
-7.850832624599536347e-01
-1.113462516500206778e+00
-3.614439620114648921e-01
-3.614439620114648921e-01
-4.605628108431230605e-01
-4.605628108431230605e-01
-8.963290067749314360e-01
-6.417916592630783235e-02
-6.417916592630783235e-02
-6.417916592630783235e-02
-6.417916592630783235e-02
-6.417916592630783235e-02
-3.070594390309335300e-02
-1.418468601161161635e-01
-8.307049054488624407e-02
-8.307049054488624407e-02
-8.307049054488624407e-02
-8.307049054488624407e-02
-8.307049054488624407e-02
-7.280607638349951838e-01
-7.280607638349951838e-01
-7.280607638349951838e-01
-7.279645758422792490e-01
-6.732921299469402099e-01
-6.733456943504668724e-01
-6.733456943504668724e-01
-6.733456943504668724e-01
-6.733456943504668724e-01
-6.733456943504668724e-01
-6.733456943504668724e-01
-6.733456943504668724e-01
-6.733456943504668724e-01
-1.033209819866639956e+00
-1.033209819866639956e+00
-4.835858171802177585e-01
-4.835858171802177585e-01
-9.167552222257362438e-01
-9.167552222257362438e-01
-9.167552222257362438e-01
-5.827805964030453589e-01
-5.827805964030453589e-01
-5.827805964030453589e-01
-5.827805964030453589e-01
-1.537181565228201485e+00
-1.537169256812071838e+00
-1.537169256812071838e+00
-1.537054834128793734e+00
-1.031318882455333430e+00
-1.031318882455333430e+00
-1.397241825811265770e+00
-1.399696671028210160e+00
-1.149118402492019797e+00
-9.084210569042547867e-01
-1.696464664393583455e+00
-1.696464664393583455e+00
-1.352553271882620534e+00
-1.352553271882620534e+00
-1.352553271882620534e+00
-1.352553271882620534e+00
-9.533642126998754796e-01
-8.603986032150442997e-02
-1.969467136246752167e-02
-2.071900332407103362e-02
-2.071900332407103362e-02
1.843427067505014061e-01
-1.037250456345012867e-01
-2.409076143633111233e-02
-3.168432195145586827e-01
-3.168432195145586827e-01
-1.445553224555165030e-02
-1.445553224555165030e-02
-1.445553224555165030e-02
-1.671803584518213592e-01
-1.671803584518213592e-01
-3.636997926759445998e-01
-3.401653602519864594e-01
-3.206353228589088888e-01
-3.472351207331990652e-01
-3.472351207331990652e-01
-2.630531332005050515e-01
-2.399171287653323048e-01
-2.285055887402813457e-01
-2.285055887402813457e-01
-2.285055887402813457e-01
-2.285055887402813457e-01
-2.285055887402813457e-01
-2.557021026173695311e-01
-1.564375329655853242e-01
-1.564375329655853242e-01
-7.606433779286152219e-02
-1.433196532794667744e-01
-7.244804963099112094e-02
-7.244804963099112094e-02
-7.244804963099112094e-02
-7.244804963099112094e-02
-7.244804963099112094e-02
-2.490269807283098658e-01
-4.412063734025389872e-01
-4.412063734025389872e-01
-1.090573178992444575e-01
-9.859301306549494992e-02
-1.241009447360357787e-01
-1.241009447360357787e-01
-1.241009447360357787e-01
-1.241009447360357787e-01
-1.810563881356219151e-01
-3.801275108785975299e-01
-4.111110708225753085e-01
-4.111110708225753085e-01
-4.510457269548229786e-01
-1.174413294568800309e-01
-1.455958270206050287e-01
-1.455958270206050287e-01
-1.455958270206050287e-01
-6.901024632426565608e-01
-6.901024632426565608e-01
-5.282154502649836214e-01
-2.479928458397976376e-01
-1.158404162235515261e-01
-1.158404162235515261e-01
1.517579130415250832e-01
-6.376751636227959708e-01
-6.376751636227959708e-01
-6.376751636227959708e-01
-6.376751636227959708e-01
-6.376751636227959708e-01
-2.385613937678801866e-01
-1.220452682921808890e-01
-1.220452682921808890e-01
1.037893941479932636e-01
1.084585647396102137e-01
1.084585647396102137e-01
1.084585647396102137e-01
1.084585647396102137e-01
1.084585647396102137e-01
1.084585647396102137e-01
-3.837887019659775439e-02
-1.649602706300140886e-01
-4.463535279434451691e-02
-2.294654884940123402e-02
6.435783740211399595e-02
-6.999858934610341255e-01
-6.299188990950811695e-03
7.207269235433971235e-04
-1.740049050825275834e-01
-4.464848034696414919e-02
-8.370221003063778031e-01
-6.841395484785732783e-01
-6.381224833756513615e-01
-6.381224833756513615e-01
-6.381224833756513615e-01
-6.385041012590747522e-01
-6.385041012590747522e-01
-1.242625553794846072e+00
-7.329288563810387735e-01
-7.329288563810387735e-01
-7.392324179581883925e-01
-8.723254869362592201e-01
-8.723254869362592201e-01
-8.740777267324764122e-01
-8.740777267324764122e-01
-7.638943810763824116e-01
-7.638943810763824116e-01
-4.315535835280701060e-01
-4.300904775440806405e-01
-5.820066477554933781e-01
-5.253015467131342264e-01
-5.296619170938349219e-01
-5.296619170938349219e-01
-3.712056186869313046e-01
-3.712056186869313046e-01
-3.712056186869313046e-01
-3.712056186869313046e-01
-3.712056186869313046e-01
-3.712056186869313046e-01
-3.285074097248609770e-01
-3.285074097248609770e-01
-3.285074097248609770e-01
-8.124245569309358761e-02
-8.124245569309358761e-02
-9.428692650384701279e-02
-9.428692650384701279e-02
-4.133790959363685680e-01
-4.133790959363685680e-01
-4.133790959363685680e-01
-4.575312080620351773e-01
-1.145416575111804780e-01
-1.145416575111804780e-01
-3.030195575827166476e-01
-3.030263955916774887e-01
-3.030263955916774887e-01
-9.226987056476891880e-01
-9.226987056476891880e-01
-9.226987056476891880e-01
-9.226987056476891880e-01
-9.226987056476891880e-01
-9.113770711946213021e-01
-9.702440657533605295e-01
-9.127975535894214953e-01
-9.127975535894214953e-01
-8.190428093788044706e-01
-7.807881380814211125e-01
-9.159647483898621934e-01
-9.159647483898621934e-01
-1.162684100535813947e+00
-1.162684100535813947e+00
-1.162684100535813947e+00
-6.411237424919755679e-01
-4.853036389979987764e-01
-1.280912933568425505e+00
-9.353079941714925738e-02
-9.353079941714925738e-02
-9.353079941714925738e-02
-4.295681961179919073e-01
-4.295681961179919073e-01
-2.601862124685575539e-01
-4.368590807139759447e-01
-4.368590807139759447e-01
-7.142395094521414300e-02
-1.276542876008363858e-01
-4.725872216671420101e-01
-4.725737735828523522e-01
-7.375258503634887775e-02
-6.674435238993189912e-02
-6.674435238993189912e-02
-4.840631173286109173e-02
-4.171931948762094833e-02
-4.171914853739692314e-02
-1.909845930668409575e-01
-1.909845930668409575e-01
-8.256593095868768051e-02
-8.256593095868768051e-02
-8.256593095868768051e-02
-8.256593095868768051e-02
-8.839123791535999364e-02
-1.523030875517806804e-01
-2.048419321928151848e-01
-2.048419321928151848e-01
-4.521440037919731425e-02
-2.790991765363266541e-01
-2.790991765363266541e-01
-2.790991765363266541e-01
-2.790991765363266541e-01
-6.529246643897907987e-01
-6.529246643897907987e-01
