# Variable: dg_gbsa_00000240
# Sample shape: (1000,)
# Date: 2014-03-03 23:31:52.285863
-2.516269057020402433e-02
-1.755129033076375730e-02
-7.549627447219469101e-01
-7.549627447219469101e-01
-7.549627447219469101e-01
-7.549627447219469101e-01
-7.549627447219469101e-01
-7.549627447219469101e-01
-7.549627447219469101e-01
-7.549627447219469101e-01
-7.549627447219469101e-01
-7.549627447219469101e-01
-7.549627447219469101e-01
-9.245773916262740588e-01
-9.245773916262740588e-01
-9.245773916262740588e-01
-8.110405154255562188e-01
-1.150869046752812874e+00
-1.186330049489241922e+00
-1.202805890179956760e+00
-1.086996458684509115e+00
-1.095748882220762388e+00
-7.677094202424553648e-01
-7.677094202424553648e-01
-9.193493348918498898e-01
-9.171333071378631185e-01
-7.678313077521825569e-01
-7.677094202424553648e-01
-7.677094202424553648e-01
-7.677094202424553648e-01
-8.270305725630108240e-01
-9.293393810666085164e-01
-1.018928182284644990e+00
-1.011529342622191630e+00
-1.011529342622191630e+00
-9.992254851653060710e-01
-9.991779610030281367e-01
-9.686046531049972153e-01
-9.642821197072132255e-01
-9.642821197072132255e-01
-8.982562426171384340e-01
-8.378787888623560054e-01
-8.654438286848779027e-01
-8.516182293171635775e-01
-8.852786133439772831e-01
-8.588635556784459668e-01
-7.010351289526681740e-01
-7.076833831648525752e-01
-6.937424493793319380e-01
-6.930271366586192583e-01
-6.930271366586192583e-01
-6.930271366586192583e-01
-6.930271366586192583e-01
-6.930271366586192583e-01
-6.930271366586192583e-01
-6.930271366586192583e-01
-6.930271366586192583e-01
-6.930271366586192583e-01
-6.930271366586192583e-01
-6.930271366586192583e-01
-6.930271366586192583e-01
-7.229631991049071393e-01
-7.504266944943605022e-01
-7.332077901632334527e-01
-7.332077901632334527e-01
-7.332055678103210905e-01
-7.332055678103210905e-01
-7.332055678103210905e-01
-7.665601788697689045e-01
-8.272965141281798385e-01
-8.064527242634993431e-01
-8.064527242634993431e-01
-8.065529580781837238e-01
-8.085694869207378233e-01
-6.867357695307831911e-01
-6.867357695307831911e-01
-7.141441049812856656e-01
-7.000170064018059746e-01
-7.000170064018059746e-01
-7.000170064018059746e-01
-7.000170064018059746e-01
-7.000170064018059746e-01
-7.132761337105220090e-01
-7.132761337105220090e-01
-7.132761337105220090e-01
-7.132761337105220090e-01
-7.132761337105220090e-01
-7.132761337105220090e-01
-7.132761337105220090e-01
-7.132761337105220090e-01
-7.132761337105220090e-01
-7.132761337105220090e-01
-7.132761337105220090e-01
-7.132761337105220090e-01
-6.762144100597665686e-01
-6.799652289250156523e-01
-5.506961455080749968e-01
-5.506961455080749968e-01
-1.046747596040510375e+00
-1.046747596040510375e+00
-1.084228774557606023e+00
-1.084228774557606023e+00
-1.084228774557606023e+00
-1.084228774557606023e+00
-1.084228774557606023e+00
-1.006238547155551499e+00
-9.435168529787665292e-01
-9.435168529787665292e-01
-9.435168529787665292e-01
-9.435168529787665292e-01
-9.435168529787665292e-01
-9.435168529787665292e-01
-9.435168529787665292e-01
-9.435168529787665292e-01
-9.435168529787665292e-01
-9.435168529787665292e-01
-9.435168529787665292e-01
-9.435168529787665292e-01
-9.738072382560423179e-01
-9.738072382560423179e-01
-9.738072382560423179e-01
-9.738072382560423179e-01
-9.738072382560423179e-01
-9.738072382560423179e-01
-7.959304530579546233e-01
-1.186669442667331875e+00
-1.186669442667331875e+00
-1.186669442667331875e+00
-1.186669442667331875e+00
-1.186669442667331875e+00
-1.186669442667331875e+00
-1.186669442667331875e+00
-1.186669442667331875e+00
-1.186669442667331875e+00
-1.186669442667331875e+00
-1.186669442667331875e+00
-1.186669442667331875e+00
-1.186669442667331875e+00
-1.186669442667331875e+00
-1.186669442667331875e+00
-1.186669442667331875e+00
-1.182270209602370503e+00
-1.182270209602370503e+00
-1.182270209602370503e+00
-1.182270209602370503e+00
-1.182270209602370503e+00
-1.182270209602370503e+00
-1.116727095944931580e+00
-1.116727095944931580e+00
-1.116727095944931580e+00
-1.116727095944931580e+00
-1.116727095944931580e+00
-1.116727095944931580e+00
-1.116727095944931580e+00
-1.116727095944931580e+00
-1.116727095944931580e+00
-1.116727095944931580e+00
-1.116727095944931580e+00
-1.116727095944931580e+00
-1.116727095944931580e+00
-1.116727095944931580e+00
-1.116727095944931580e+00
-1.116727095944931580e+00
-1.025928366024680960e+00
-1.025928366024680960e+00
-1.025928366024680960e+00
-1.025928366024680960e+00
-1.025928366024680960e+00
-1.025928366024680960e+00
-1.025928366024680960e+00
-1.025928366024680960e+00
-1.025928366024680960e+00
-1.025928366024680960e+00
-1.025928366024680960e+00
-1.025928366024680960e+00
-1.017620185137250832e+00
-1.017620185137250832e+00
-1.017620185137250832e+00
-1.017620185137250832e+00
-1.017620185137250832e+00
-1.017620185137250832e+00
-1.017620185137250832e+00
-1.017620185137250832e+00
-1.017620185137250832e+00
-1.017620185137250832e+00
-1.017620185137250832e+00
-1.017620185137250832e+00
-1.017620185137250832e+00
-1.017620185137250832e+00
-1.017620185137250832e+00
-1.017620185137250832e+00
-1.017620185137250832e+00
-1.017620185137250832e+00
-1.017620185137250832e+00
-1.017620185137250832e+00
-1.017620185137250832e+00
-1.017620185137250832e+00
-1.017620185137250832e+00
-1.017620185137250832e+00
-1.080807946608125736e+00
-1.080807946608125736e+00
-1.080807946608125736e+00
-1.080807946608125736e+00
-1.080807946608125736e+00
-1.080807946608125736e+00
-1.080807946608125736e+00
-1.006837556740521888e+00
-1.006837556740521888e+00
-1.006837556740521888e+00
-1.006837556740521888e+00
-1.006837556740521888e+00
-1.006837556740521888e+00
-1.006837556740521888e+00
-1.006837556740521888e+00
-1.006837556740521888e+00
-1.006837556740521888e+00
-1.006837556740521888e+00
-1.006837556740521888e+00
-1.006837556740521888e+00
-1.006837556740521888e+00
-1.006837556740521888e+00
-1.006837556740521888e+00
-1.006837556740521888e+00
-1.006837556740521888e+00
-9.928817502855113997e-01
-9.928817502855113997e-01
-9.928817502855113997e-01
-9.928817502855113997e-01
-9.928817502855113997e-01
-9.928817502855113997e-01
-9.928817502855113997e-01
-9.928817502855113997e-01
-9.928817502855113997e-01
-9.928817502855113997e-01
-9.693172876055335951e-01
-9.693172876055335951e-01
-9.693172876055335951e-01
-9.693172876055335951e-01
-9.693172876055335951e-01
-9.693172876055335951e-01
-9.845921459890916161e-01
-9.845921459890916161e-01
-9.845921459890916161e-01
-9.845921459890916161e-01
-9.845921459890916161e-01
-9.845921459890916161e-01
-9.845921459890916161e-01
-9.845921459890916161e-01
-9.845921459890916161e-01
-9.845921459890916161e-01
-9.845921459890916161e-01
-9.845921459890916161e-01
-9.845921459890916161e-01
-9.845921459890916161e-01
-9.845921459890916161e-01
-9.845921459890916161e-01
-9.845921459890916161e-01
-9.845921459890916161e-01
-9.845921459890916161e-01
-9.845921459890916161e-01
-9.845921459890916161e-01
-9.845921459890916161e-01
-9.845921459890916161e-01
-9.845921459890916161e-01
-9.845921459890916161e-01
-9.845921459890916161e-01
-9.845921459890916161e-01
-9.845921459890916161e-01
-9.845921459890916161e-01
-9.845921459890916161e-01
-9.845921459890916161e-01
-9.845921459890916161e-01
-1.008615553037158330e+00
-1.008615553037158330e+00
-1.008615553037158330e+00
-1.008615553037158330e+00
-1.008615553037158330e+00
-1.008615553037158330e+00
-1.006882459666031515e+00
-1.006882459666031515e+00
-1.006882459666031515e+00
-1.006882459666031515e+00
-1.006882459666031515e+00
-1.006882459666031515e+00
-1.006882459666031515e+00
-1.009062416922749783e+00
-1.009062416922749783e+00
-1.009062416922749783e+00
-1.009062416922749783e+00
-1.009062416922749783e+00
-1.009062416922749783e+00
-1.009062416922749783e+00
-1.009062416922749783e+00
-1.009062416922749783e+00
-1.009062416922749783e+00
-1.009062416922749783e+00
-1.009062416922749783e+00
-1.009062416922749783e+00
-1.084789035425131498e+00
-1.084789035425131498e+00
-1.084789035425131498e+00
-1.084789035425131498e+00
-1.084789035425131498e+00
-1.084789035425131498e+00
-1.084789035425131498e+00
-1.084789035425131498e+00
-1.084789035425131498e+00
-1.084789035425131498e+00
-1.084789035425131498e+00
-1.084789035425131498e+00
-1.084789035425131498e+00
-1.084789035425131498e+00
-1.084789035425131498e+00
-1.084789035425131498e+00
-1.084789035425131498e+00
-1.204190473027712427e+00
-1.204190473027712427e+00
-1.204190473027712427e+00
-1.204190473027712427e+00
-1.204190473027712427e+00
-1.204190473027712427e+00
-1.204190473027712427e+00
-1.204190473027712427e+00
-1.204190473027712427e+00
-1.204190473027712427e+00
-1.204190473027712427e+00
-1.204190473027712427e+00
-1.204190473027712427e+00
-1.204190473027712427e+00
-1.204190473027712427e+00
-1.204190473027712427e+00
-1.204190473027712427e+00
-1.204190473027712427e+00
-1.204190473027712427e+00
-1.204190473027712427e+00
-1.204190473027712427e+00
-9.976228837985152698e-01
-9.976228837985152698e-01
-9.976228837985152698e-01
-9.976228837985152698e-01
-9.976228837985152698e-01
-9.976228837985152698e-01
-1.252206402116706085e+00
-1.252206402116706085e+00
-1.252206402116706085e+00
-1.252206402116706085e+00
-1.252206402116706085e+00
-1.252206402116706085e+00
-1.252206402116706085e+00
-1.252206402116706085e+00
-1.252206402116706085e+00
-1.252206402116706085e+00
-1.252206402116706085e+00
-8.414461211538223351e-01
-8.414461211538223351e-01
-8.414461211538223351e-01
-8.414461211538223351e-01
-8.414461211538223351e-01
-8.414461211538223351e-01
-8.414461211538223351e-01
-8.414461211538223351e-01
-8.414461211538223351e-01
-8.414461211538223351e-01
-8.414461211538223351e-01
-8.414461211538223351e-01
-8.414461211538223351e-01
-8.414461211538223351e-01
-8.414461211538223351e-01
-8.414461211538223351e-01
-8.414461211538223351e-01
-8.414461211538223351e-01
-8.414461211538223351e-01
-8.414461211538223351e-01
-8.414461211538223351e-01
-8.414461211538223351e-01
-8.414461211538223351e-01
-8.414461211538223351e-01
-8.414461211538223351e-01
-8.414461211538223351e-01
-8.414461211538223351e-01
-8.414461211538223351e-01
-8.723059986107207786e-01
-8.723059986107207786e-01
-8.723059986107207786e-01
-8.723059986107207786e-01
-8.723059986107207786e-01
-8.723059986107207786e-01
-8.752838375463539711e-01
-8.752838375463539711e-01
-8.752838375463539711e-01
-8.752838375463539711e-01
-8.752838375463539711e-01
-1.006570760424232880e+00
-1.006570760424232880e+00
-1.006570760424232880e+00
-1.006570760424232880e+00
-1.001409317293768808e+00
-1.001409317293768808e+00
-1.001409317293768808e+00
-1.001409317293768808e+00
-1.001409317293768808e+00
-1.001409317293768808e+00
-1.001409317293768808e+00
-1.001409317293768808e+00
-9.949962905898376286e-01
-9.949962905898376286e-01
-9.949962905898376286e-01
-9.949962905898376286e-01
-9.949962905898376286e-01
-9.949962905898376286e-01
-9.949962905898376286e-01
-9.949962905898376286e-01
-9.949962905898376286e-01
-9.949962905898376286e-01
-9.949962905898376286e-01
-9.949962905898376286e-01
-9.949962905898376286e-01
-9.949962905898376286e-01
-9.949962905898376286e-01
-9.949962905898376286e-01
-9.949962905898376286e-01
-9.949962905898376286e-01
-9.949962905898376286e-01
-9.949962905898376286e-01
-9.952758511895203331e-01
-9.952758511895203331e-01
-9.952758511895203331e-01
-9.952758511895203331e-01
-9.952758511895203331e-01
-9.948828936079036067e-01
-9.679193706403041997e-01
-9.679193706403041997e-01
-9.679193706403041997e-01
-9.686249391982477697e-01
-9.686249391982477697e-01
-9.496298620395404733e-01
-9.501208310829293291e-01
-9.501084656833918007e-01
-9.501084656833918007e-01
-9.502440861944486672e-01
-9.504428443215772182e-01
-9.504424454377211617e-01
-9.511286966203502669e-01
-9.511286966203502669e-01
-9.511963929090626602e-01
-9.513275687142949133e-01
-9.514096248218251173e-01
-9.514096248218251173e-01
-9.514096248218251173e-01
-9.514096248218251173e-01
-9.514096248218251173e-01
-9.512933216860827157e-01
-9.514012482608481536e-01
-9.514012482608481536e-01
-9.511463614768325137e-01
-9.514096248218251173e-01
-9.514096248218251173e-01
-9.551360547884472085e-01
-9.549572408541210367e-01
-9.549572408541210367e-01
-9.549570699038969490e-01
-9.549570699038969490e-01
-9.549570699038969490e-01
-9.549570699038969490e-01
-9.549570699038969490e-01
-9.551360547884472085e-01
-9.550680165992867510e-01
-9.550680165992867510e-01
-9.550680165992867510e-01
-9.550680165992867510e-01
-9.550680165992867510e-01
-9.550680165992867510e-01
-9.551363966888952728e-01
-9.551363966888952728e-01
-9.551363966888952728e-01
-9.551363966888952728e-01
-9.550103493903836505e-01
-9.551305843812785135e-01
-9.551305843812785135e-01
-9.551305843812785135e-01
-9.551305843812785135e-01
-9.551305843812785135e-01
-9.551305843812785135e-01
-9.550857384391769900e-01
-9.550857384391769900e-01
-9.550857384391769900e-01
-9.551360547884472085e-01
-9.551360547884472085e-01
-9.549802051675478909e-01
-9.549802051675478909e-01
-9.547935845063246774e-01
-9.549479525586158646e-01
-9.549479525586158646e-01
-9.549479525586158646e-01
-9.549479525586158646e-01
-9.549479525586158646e-01
-9.540368448479908947e-01
-9.540123989659559101e-01
-9.540321722085343126e-01
-9.540311465071902308e-01
-9.540311465071902308e-01
-9.540311465071902308e-01
-9.540311465071902308e-01
-9.540311465071902308e-01
-9.540311465071902308e-01
-9.540311465071902308e-01
-9.540217442448690743e-01
-9.540217442448690743e-01
-9.312949946460030715e-01
-1.076040030893358646e+00
-1.075979970381319095e+00
-1.075979970381319095e+00
-1.050874562382014155e+00
-1.050874562382014155e+00
-1.050909208294082520e+00
-1.050909208294082520e+00
-1.050909208294082520e+00
-1.050909208294082520e+00
-1.050909208294082520e+00
-1.050909208294082520e+00
-1.050909208294082520e+00
-1.050870231643005637e+00
-1.050898153512929145e+00
-1.050898153512929145e+00
-1.050885959063615704e+00
-1.050885959063615704e+00
-1.050890061868992031e+00
-1.050895874176608791e+00
-1.050909208294082520e+00
-1.050909208294082520e+00
-1.050872283045694022e+00
-1.050872283045694022e+00
-1.054444003059576751e+00
-1.054444003059576751e+00
-1.054444003059576751e+00
-1.054416081189653243e+00
-1.054416081189653243e+00
-1.054416081189653243e+00
-1.051131329618494092e+00
-1.051131329618494092e+00
-1.020894793661784927e+00
-1.020894793661784927e+00
-1.020894793661784927e+00
-1.020894793661784927e+00
-1.020894793661784927e+00
-1.021935880526073870e+00
-1.021939983331450419e+00
-1.021939983331450419e+00
-1.021638085235829108e+00
-1.021638085235829108e+00
-1.021638085235829108e+00
-1.152117325288615657e+00
-1.152117325288615657e+00
-1.152117325288615657e+00
-1.067200992576934571e+00
-1.067200992576934571e+00
-1.067200992576934571e+00
-1.067178769047811837e+00
-1.067169081868450720e+00
-1.067158824855009458e+00
-1.067158482954561283e+00
-1.067201220510566539e+00
-1.067200992576934571e+00
-1.067201220510566539e+00
-1.067199169107878376e+00
-1.067199169107878376e+00
-1.067199169107878376e+00
-1.067193128866629648e+00
-1.067193128866629648e+00
-1.067193128866629648e+00
-1.067167030465762334e+00
-1.067167030465762334e+00
-1.067167030465762334e+00
-1.067167030465762334e+00
-1.067167030465762334e+00
-1.067201220510566539e+00
-9.706642614040046357e-01
-9.706642614040046357e-01
-9.706642614040046357e-01
-9.471227060540455822e-01
-9.471227060540455822e-01
-9.471227060540455822e-01
-9.471227060540455822e-01
-9.471227060540455822e-01
-9.471227060540455822e-01
-9.471227060540455822e-01
-9.471227060540455822e-01
-9.471227060540455822e-01
-9.655329055129683313e-01
-9.655329055129683313e-01
-9.655329055129683313e-01
-9.655329055129683313e-01
-9.655329055129683313e-01
-9.655329055129683313e-01
-9.655329055129683313e-01
-9.655329055129683313e-01
-9.655329055129683313e-01
-9.655329055129683313e-01
-9.655329055129683313e-01
-9.655329055129683313e-01
-9.655310820439121366e-01
-9.655310820439121366e-01
-9.655310820439121366e-01
-9.655329055129683313e-01
-9.259902382444012980e-01
-9.259890415928331286e-01
-9.259890415928331286e-01
-9.259890415928331286e-01
-9.259862494058408444e-01
-1.075999116806409583e+00
-1.075999116806409583e+00
-1.075999116806409583e+00
-1.075999116806409583e+00
-1.075999116806409583e+00
-1.075987606157992049e+00
-1.075987606157992049e+00
-1.075987606157992049e+00
-1.075987606157992049e+00
-1.075987606157992049e+00
-1.076015414061099573e+00
-1.076015414061099573e+00
-1.076067724829649963e+00
-1.077435098688187542e+00
-1.077390651629942075e+00
-1.077349851509808998e+00
-1.077349851509808998e+00
-1.077416408130361214e+00
-1.002120812126145122e+00
-1.002120812126145122e+00
-1.002120812126145122e+00
-1.001942454059082888e+00
-1.001934932249225918e+00
-1.001934932249225918e+00
-1.076875179721110021e+00
-1.076884980867287345e+00
-1.076884980867287345e+00
-1.076895465814360575e+00
-1.076896263582072688e+00
-1.076896263582072688e+00
-1.076896263582072688e+00
-1.076896263582072688e+00
-1.076896263582072688e+00
-1.076896263582072688e+00
-1.076896263582072688e+00
-1.076896263582072688e+00
-1.076896263582072688e+00
-1.076896263582072688e+00
-1.014429456189303247e+00
-1.014428544454775150e+00
-1.009076206907487450e+00
-1.009076206907487450e+00
-1.009076206907487450e+00
-1.009076206907487450e+00
-1.009073813604351111e+00
-1.009053071643836619e+00
-1.009075865007039496e+00
-1.009075865007039496e+00
-1.009075865007039496e+00
-1.009075865007039496e+00
-1.009022870437592756e+00
-1.009022870437592756e+00
-1.052367641638615403e+00
-1.052367071804535259e+00
-1.052367071804535259e+00
-1.060010028386890957e+00
-1.060010028386890957e+00
-1.060010028386890957e+00
-1.060010028386890957e+00
-1.060010028386890957e+00
-1.062523110646818481e+00
-1.062524250314978769e+00
-1.062524250314978769e+00
-1.062524934115874675e+00
-1.062524934115874675e+00
-1.062524250314978769e+00
-1.062524934115874675e+00
-1.062524934115874675e+00
-1.062524934115874675e+00
-1.062524934115874675e+00
-1.062524934115874675e+00
-1.062524934115874675e+00
-1.062524934115874675e+00
-1.062524934115874675e+00
-1.062524934115874675e+00
-1.062524934115874675e+00
-1.062524934115874675e+00
-1.062524934115874675e+00
-1.062524250314978769e+00
-1.062524250314978769e+00
-1.062524250314978769e+00
-1.062524250314978769e+00
-1.062524250314978769e+00
-1.062524250314978769e+00
-1.062524250314978769e+00
-1.062524250314978769e+00
-1.062524250314978769e+00
-1.062524934115874675e+00
-1.062524934115874675e+00
-1.062524934115874675e+00
-1.062524934115874675e+00
-1.062524934115874675e+00
-1.062524934115874675e+00
-1.062524934115874675e+00
-1.062524934115874675e+00
-1.062524934115874675e+00
-1.062524250314978769e+00
-1.062524250314978769e+00
-1.062524250314978769e+00
-1.062524250314978769e+00
-1.055586406423302481e+00
-1.055586406423302481e+00
-1.055586406423302481e+00
-1.055586406423302481e+00
-1.055586406423302481e+00
-1.130116259390719691e+00
-1.130116259390719691e+00
-1.130116259390719691e+00
-1.130116259390719691e+00
-1.130116259390719691e+00
-1.130116259390719691e+00
-1.130116259390719691e+00
-1.130116259390719691e+00
-1.130116259390719691e+00
-1.130116259390719691e+00
-1.130116259390719691e+00
-1.130116259390719691e+00
-1.130116259390719691e+00
-1.130116259390719691e+00
-1.130116259390719691e+00
-1.130116259390719691e+00
-1.130116259390719691e+00
-1.130116259390719691e+00
-1.130116259390719691e+00
-1.130116259390719691e+00
-1.130116259390719691e+00
-1.130116259390719691e+00
-1.130116259390719691e+00
-1.130116259390719691e+00
-1.130116259390719691e+00
-1.130116259390719691e+00
-1.130116259390719691e+00
-1.130116259390719691e+00
-1.130116259390719691e+00
-1.130116259390719691e+00
-1.130031582046421290e+00
-1.130031582046421290e+00
-1.124578611800593153e+00
-1.124640381814872692e+00
-1.124640381814872692e+00
-1.124640381814872692e+00
-1.124640381814872692e+00
-1.124640381814872692e+00
-1.124640381814872692e+00
-1.124640381814872692e+00
-1.105386258083365325e+00
-1.105378508339876387e+00
-1.105299757270010508e+00
-1.105299757270010508e+00
-1.105299757270010508e+00
-1.105299757270010508e+00
-1.140319594461648878e+00
-1.140319594461648878e+00
-1.140319594461648878e+00
-1.140350479468788647e+00
-1.140351049302868791e+00
-1.140351049302868791e+00
-1.140351049302868791e+00
-1.140351049302868791e+00
-1.140329395607825980e+00
-1.140329395607825980e+00
-1.140329395607825980e+00
-1.140329395607825980e+00
-1.140329395607825980e+00
-1.140329395607825980e+00
-1.140351049302868791e+00
-1.140323355366577252e+00
-1.140323355366577252e+00
-1.140323355366577252e+00
-1.140323355366577252e+00
-1.140323355366577252e+00
-1.140323355366577252e+00
-1.140323355366577252e+00
-1.124611206309973133e+00
-1.124671380788828667e+00
-1.124671380788828667e+00
-1.124671380788828667e+00
-1.124671380788828667e+00
-1.124671380788828667e+00
-1.124655197500954662e+00
-1.124655197500954662e+00
-1.124682663503614011e+00
-1.124677079129629220e+00
-1.124677079129629220e+00
-1.124677079129629220e+00
-1.124677079129629220e+00
-1.360791819045466200e+00
-1.360791819045466200e+00
-1.360785778804217250e+00
-1.360785778804217250e+00
-9.842445472002484541e-01
-9.842445472002484541e-01
-9.842463706693046488e-01
-9.842463706693046488e-01
-9.842463706693046488e-01
-9.842501315742331336e-01
-9.842501315742331336e-01
-9.842501315742331336e-01
-9.842481941383609545e-01
-9.842501315742331336e-01
-9.842501315742331336e-01
-9.842501315742331336e-01
-9.359263211317773168e-01
-9.359263211317773168e-01
-9.359263211317773168e-01
-9.359263211317773168e-01
-9.381551701525656650e-01
-9.381629768794625956e-01
-9.381629768794625956e-01
-9.381629768794625956e-01
-9.381629768794625956e-01
-9.381629768794625956e-01
-9.381629768794625956e-01
-9.381629768794625956e-01
-1.017448893012781630e+00
-9.482259048330623497e-01
-9.482259048330623497e-01
-9.482259048330623497e-01
-9.482259048330623497e-01
-9.482259048330623497e-01
-9.481981539133629289e-01
-9.517099843654304170e-01
-9.517099843654304170e-01
-9.517223497649679453e-01
-9.517433766425225095e-01
-9.517433766425225095e-01
-1.003225720407401989e+00
-1.003225720407401989e+00
-1.003225720407401989e+00
-1.003225720407401989e+00
-1.044606729401684975e+00
-1.044606729401684975e+00
-1.044606729401684975e+00
-1.044606729401684975e+00
-1.044606729401684975e+00
-1.044606729401684975e+00
-1.024034693409790142e+00
-1.024034693409790142e+00
-1.024034693409790142e+00
-1.024034693409790142e+00
-1.024034693409790142e+00
-1.024034693409790142e+00
-1.024027171599933173e+00
-1.019374020468892361e+00
-1.019374020468892361e+00
-1.019376641705660669e+00
-1.019376641705660669e+00
-1.019376641705660669e+00
-1.019379376909244961e+00
-1.019379376909244961e+00
-1.019371171298491863e+00
-1.019297320801714868e+00
-1.019214922793736600e+00
-1.014524162613410940e+00
-1.014646335040178204e+00
-1.014595391873419850e+00
-1.014595391873419850e+00
-1.014595391873419850e+00
-1.014595391873419850e+00
-1.014595391873419850e+00
-1.014595391873419850e+00
-1.014461594831419289e+00
-1.014461594831419289e+00
-1.014532938058243960e+00
-1.014532938058243960e+00
-1.023217323405336776e+00
-1.023218121173048889e+00
-1.023218121173048889e+00
-1.023218121173048889e+00
-1.023218121173048889e+00
-1.023218121173048889e+00
-1.023218121173048889e+00
-1.023218121173048889e+00
-1.067240653028907582e+00
-1.067192672999365488e+00
-1.067192672999365488e+00
-1.067192672999365488e+00
-1.067240653028907582e+00
-1.067195522169765987e+00
-1.184121372594888033e+00
-1.184121372594888033e+00
-1.184122284329416130e+00
-1.184122284329416130e+00
-1.184122284329416130e+00
-1.184122284329416130e+00
-1.109785719081958888e+00
-1.109785719081958888e+00
-1.109785719081958888e+00
-1.109785719081958888e+00
-1.109785719081958888e+00
-1.109785719081958888e+00
-1.101066345922349754e+00
-1.101066345922349754e+00
-1.101066345922349754e+00
-1.101066345922349754e+00
-1.101066345922349754e+00
-1.101066345922349754e+00
-1.096029012654525125e+00
-1.065762617392020273e+00
-1.065762617392020273e+00
-1.065762617392020273e+00
-1.065762617392020273e+00
-1.065762617392020273e+00
-1.065762617392020273e+00
-1.065762617392020273e+00
-1.065762617392020273e+00
-1.065762617392020273e+00
-1.065762617392020273e+00
-1.065762617392020273e+00
-1.059022050058864517e+00
-1.059022050058864517e+00
-1.059022050058864517e+00
-1.350498222256253822e+00
-1.350498222256253822e+00
-1.350498222256253822e+00
-1.350498222256253822e+00
-1.350498222256253822e+00
-1.350498222256253822e+00
-1.350498222256253822e+00
-1.266045962419382276e+00
-1.266039352344053404e+00
-1.266045962419382276e+00
-1.266046532253462198e+00
-1.266045962419382276e+00
-1.099850775862742935e+00
-1.099850775862742935e+00
-1.099850775862742935e+00
-1.099850775862742935e+00
-1.099851117763191111e+00
-1.074668326295812548e+00
-1.074670149764868743e+00
-1.074670149764868743e+00
-1.074670149764868743e+00
-1.074668326295812548e+00
-1.110602063385067950e+00
-1.110602063385067950e+00
-1.110602405285516125e+00
-1.110602177351884157e+00
-1.110602177351884157e+00
-1.110602177351884157e+00
-1.110602177351884157e+00
-1.176737804485780581e+00
-1.176737804485780581e+00
-1.176737804485780581e+00
-1.176737804485780581e+00
-1.176737804485780581e+00
-1.176737804485780581e+00
-1.176737804485780581e+00
-1.176737804485780581e+00
-1.176737804485780581e+00
-1.176737804485780581e+00
-1.176737804485780581e+00
-1.151478655251672478e+00
-1.135058088466724513e+00
-1.135058088466724513e+00
-1.169061797526780744e+00
-1.169061797526780744e+00
-1.169061797526780744e+00
-1.169061797526780744e+00
-1.169061797526780744e+00
-1.169061797526780744e+00
-1.169061797526780744e+00
-1.169061797526780744e+00
-1.169061797526780744e+00
-1.081116112878627966e+00
-1.081116112878627966e+00
-1.081116112878627966e+00
-1.081116568745892126e+00
-1.081116568745892126e+00
-1.081116682712708110e+00
-1.081116682712708110e+00
-1.084868356329077299e+00
-1.084868356329077299e+00
-1.084868356329077299e+00
-1.301784702286437501e+00
-1.301784018485541372e+00
-1.301784018485541372e+00
-1.301784702286437501e+00
-1.301784702286437501e+00
-1.301784702286437501e+00
-1.301784702286437501e+00
-1.301784702286437501e+00
-1.301784702286437501e+00
-1.301784702286437501e+00
-1.301784702286437501e+00
-1.301784702286437501e+00
-1.301784702286437501e+00
-1.301784702286437501e+00
-1.302291626684068504e+00
-1.302291626684068504e+00
-1.302291626684068504e+00
