# Variable: dg_gbsa_00000226
# Sample shape: (1000,)
# Date: 2014-03-03 23:31:52.950885
-1.032870996522629869e-01
-1.287523151355765283e-01
-1.287523151355765283e-01
-1.287523151355765283e-01
-1.287523151355765283e-01
-1.287523151355765283e-01
-1.287523151355765283e-01
-1.287523151355765283e-01
-4.094190624886215324e-01
-4.094190624886215324e-01
-5.653117628443993237e-01
-1.879567511906815314e-01
-8.001030631092720391e-01
-7.197188915075808380e-02
-2.393803735536097488e-01
-7.563190637993311150e-01
-1.886988746048615384e-01
-2.016853647979677810e-01
-1.711152052332292617e-01
-1.671326206017634541e-01
-6.535861277899367439e-01
-8.522341629743120095e-02
-6.544938307419333190e-02
-6.544938307419333190e-02
-6.544938307419333190e-02
-5.206766664753908341e-02
-1.263617044653080890e-01
-1.263617044653080890e-01
-1.263617044653080890e-01
-2.667268677605725419e-02
-2.667268677605725419e-02
-3.310446102122275441e-02
-3.310446102122275441e-02
-2.667279584586164463e-03
-2.667279584586164463e-03
-7.531212119253825367e-03
-4.037048304400069933e-03
-4.037048304400069933e-03
-3.539791052901038182e-03
-2.950561690512852261e-02
-1.083359079538750019e-01
-1.203022170705047578e-01
-1.203022170705047578e-01
-1.203022170705047578e-01
-5.746318693370709024e-02
-5.746318693370709024e-02
-1.032615212249938207e-02
-2.078874033108267950e-03
-7.170819130727938695e-02
-1.999326976261904532e-01
-1.618833802854125620e-02
-1.119670211506676233e-03
-1.119670211506676233e-03
-5.559057324953789632e-03
-5.559057324953789632e-03
-5.248668256356428877e-03
-5.248668256356428877e-03
-1.801234308494892300e-02
-2.032973826729316535e-01
-2.032973826729316535e-01
-1.141339697185939361e-01
-2.265183956684619498e-02
1.800807300210711243e-04
-1.085301091890945912e-03
-2.799451486501365344e-03
-4.502916156561834714e-03
-2.176962921086050551e-01
-4.098524943165067838e-03
-4.016960584638679110e-02
-4.016960584638679110e-02
-2.186563948657270842e-02
-2.186563948657270842e-02
-9.265580494134876069e-03
-3.593927293830688312e-03
-3.092413337235240881e-02
-1.364147315517666159e-01
-1.414136897218742960e-04
-2.079408074485184291e-02
-2.525089518745816108e-01
-3.626284191302997506e-01
-9.999470518150474496e-02
-9.999470518150474496e-02
-8.490574982437531365e-03
-6.310637536357169416e-04
-5.977287493204522760e-03
-5.977287493204522760e-03
-3.523862020096547149e-04
-3.523862020096547149e-04
-8.908033509646145099e-05
-3.180540670742268428e-02
-3.020950872629140083e-01
-6.910127731855695288e-01
-6.910116905008173438e-01
-1.555905173431162969e-01
-1.408942684844620430e-01
-2.689710880556708261e-01
-1.796485275656953609e-02
-1.595778315974466857e-02
-1.595778315974466857e-02
-1.311571004285866926e-01
-2.921424471340489104e-02
-5.760537620712192775e-01
-4.568745793479122609e-03
-3.465657508851920782e-02
-9.665028485923606028e-02
-5.038052968267728859e-01
-1.481024986471318194e-01
-3.395196456412283986e-02
-3.395196456412283986e-02
-4.294933484115746186e-02
-1.291967572263276187e-01
-1.291967572263276187e-01
-1.291967572263276187e-01
-1.291967572263276187e-01
-1.291967572263276187e-01
-1.291967572263276187e-01
-1.265735687762783723e-01
-1.897677266347020664e-01
-1.897677266347020664e-01
-1.897677266347020664e-01
-1.890366010182674139e-01
-4.378218296381072849e-02
-4.195637402639334351e-02
-4.195637402639334351e-02
-9.926566658238834828e-02
-9.926566658238834828e-02
-8.729541848768011814e-02
-1.453529209981228865e-01
-4.102418245480575487e-02
-8.150905969038063636e-02
-2.946118231200351226e-02
-2.946118231200351226e-02
-1.146810104354617638e-01
-1.146810104354617638e-01
-1.146810104354617638e-01
-1.146810104354617638e-01
-1.146810104354617638e-01
-1.146810104354617638e-01
-1.146810104354617638e-01
-9.280684658719749736e-03
-4.543590557050978390e-02
-4.543590557050978390e-02
-8.890889656247417949e-02
-1.039908589870022493e-01
-1.039908589870022493e-01
-2.407401686188823386e-01
-1.513672775337846499e-01
-1.513672775337846499e-01
-1.513672775337846499e-01
-2.357806746863954084e-01
-2.357806746863954084e-01
-2.066624096201209182e-01
-6.743308235080930357e-02
-8.068668939187466360e-02
-3.322922191929862379e-01
-3.322922191929862379e-01
-3.322922191929862379e-01
-1.224670737241011914e-01
-1.224670737241011914e-01
-2.040241063210977701e-01
-2.040241063210977701e-01
-1.219625853671626320e-01
-1.897388502926944942e-01
-1.897388502926944942e-01
-1.901461392014249796e-01
-1.322133876169616640e-01
-1.322133876169616640e-01
-1.322133876169616640e-01
-1.322133876169616640e-01
-1.322133876169616640e-01
-1.322133876169616640e-01
-1.322133876169616640e-01
-1.240466680399090471e-01
-1.748750132310914751e-01
-1.452786573716376983e-01
-1.452786573716376983e-01
-1.974302142801521720e-01
-1.656306946710692229e-01
-1.667096327641270082e-01
-1.974302142801521720e-01
-1.716839708743997939e-01
-3.534646297005462554e-03
-3.534646297005462554e-03
-2.240484890244886784e-01
-2.240484890244886784e-01
-1.165390328057181457e-01
-1.165390328057181457e-01
-1.165390328057181457e-01
3.429316251358839954e-03
-8.452819735096699094e-02
-2.729442561789634583e-02
-2.729442561789634583e-02
-7.537309343910580939e-02
-4.340931915644249961e-02
-6.655541677775847487e-02
-6.655541677775847487e-02
-6.655541677775847487e-02
-6.655541677775847487e-02
-6.655541677775847487e-02
-7.186550825093489248e-02
-7.186550825093489248e-02
-2.567401408693302245e-01
-2.567401408693302245e-01
-1.907585826248329175e-01
-1.907585826248329175e-01
-3.001543178613053642e-01
-4.102711638802551963e-01
-4.102711638802551963e-01
-2.728890107649006302e-01
-2.728890107649006302e-01
-3.053251917457945330e-01
-3.053251917457945330e-01
-3.053230833596982663e-01
-3.053251917457945330e-01
-3.053251917457945330e-01
-3.031453484558921940e-01
-3.031453484558921940e-01
-5.022450270092054109e-02
-1.966912543354822854e-03
-1.440127602783717285e-02
9.694547833381559157e-05
9.694547833381559157e-05
9.694547833381559157e-05
9.694547833381559157e-05
9.694547833381559157e-05
9.694547833381559157e-05
9.694547833381559157e-05
9.694547833381559157e-05
-1.700959893132258927e-02
-1.700959893132258927e-02
7.139392758952898188e-04
-1.194587589043903057e-03
-1.830225685757387241e-02
-3.854081259032508203e-03
-3.918472510080492702e-03
-8.195640793494010645e-02
-8.195640793494010645e-02
-2.818450556060096202e-04
-2.818450556060096202e-04
-4.307784311060239985e-02
-1.879525201726369998e-01
-1.879525201726369998e-01
-1.879525201726369998e-01
-1.879525201726369998e-01
-1.043176517089967753e-01
-1.043176517089967753e-01
-1.043176517089967753e-01
-9.621306541544984159e-02
-1.605753795765553840e-02
-7.477494127635290035e-04
-7.477494127635290035e-04
-7.477494127635290035e-04
-2.049322971935253757e-02
-3.699396904308640752e-03
-1.030847324275662629e-03
-1.030847324275662629e-03
-1.030847324275662629e-03
-5.064704223940180586e-04
-5.064704223940180586e-04
-1.593222031387612602e-03
-1.593222031387612602e-03
-2.146918632902105120e-02
-2.146918632902105120e-02
-1.393602965096898440e-02
-8.566975308649854570e-02
-1.753459810982698486e-01
-1.753459810982698486e-01
-1.753459810982698486e-01
-6.279336728412037664e-04
-6.279336728412037664e-04
-6.279336728412037664e-04
-3.419521337741875285e-03
-3.419521337741875285e-03
4.817912867916017416e-03
4.259393555797764790e-03
4.259393555797764790e-03
4.999807912920446046e-03
5.014937007746322374e-03
6.548838198441392193e-03
6.513651389179904092e-03
-6.393752511355662617e-03
-3.084070031418968943e-03
-3.084070031418968943e-03
2.124245958776706331e-03
2.124245958776706331e-03
-2.165390873046495451e-03
-2.165390873046495451e-03
-2.905373347132514730e-04
-6.623376057577633896e-03
-6.623376057577633896e-03
-8.670761860750372807e-03
-8.670761860750372807e-03
-8.670761860750372807e-03
-1.660963417125249642e-02
-2.377823415438486132e-02
-2.378681015728992265e-02
-2.378681015728992265e-02
-2.378698110751394437e-02
-6.777972043500802950e-03
-6.777972043500802950e-03
-3.309618373602685529e-03
-3.309618373602685529e-03
-3.309618373602685529e-03
-1.204078821162648562e-02
-1.204078821162648562e-02
-1.204078821162648562e-02
6.848489456092421782e-03
6.847691688380322730e-03
6.844415142419916533e-03
6.844415142419916533e-03
-5.794975044736442454e-02
-5.794975044736442454e-02
-1.111704264954444660e-02
-7.329540003098219958e-02
-3.307116490363162797e-02
-5.051744282673011240e-03
-2.048629377015917866e-02
-3.364353608090722356e-03
-3.364353608090722356e-03
-2.971333709775147991e-01
-2.971333709775147991e-01
-2.120145904630365563e-01
-2.120145904630365563e-01
-2.815341915272845941e-01
-3.862318869530584342e-01
-3.862318869530584342e-01
-8.964671060642366573e-02
-8.964671060642366573e-02
-8.964671060642366573e-02
-8.964671060642366573e-02
-8.964671060642366573e-02
-1.167725223200270918e-01
-2.694563872499630142e-01
-2.694563872499630142e-01
-2.694563872499630142e-01
-2.694563872499630142e-01
-2.694563872499630142e-01
-2.694563872499630142e-01
-8.453635025206760467e-01
-8.453635025206760467e-01
-1.776324688362573567e-01
-1.776324688362573567e-01
-1.154615798427315564e-02
-1.154615798427315564e-02
-5.559933444851898610e-02
-7.664878099415999013e-02
5.726959827012358985e-03
-3.217004086416264206e-03
-3.217004086416264206e-03
-3.214525308167957059e-03
-5.798326737566158323e-02
-1.848396982278240411e-02
-1.848396982278240411e-02
-1.848396982278240411e-02
-4.409441642505944337e-02
-4.409441642505944337e-02
-2.270888886191876552e-02
-2.270888886191876552e-02
-2.270888886191876552e-02
-2.270888886191876552e-02
-1.483138323001150297e-02
-1.483138323001150297e-02
-2.483597050205471335e-01
-8.889809963124203351e-01
-8.889809963124203351e-01
-8.889809963124203351e-01
-8.889809963124203351e-01
-8.889809963124203351e-01
-7.190660041103398570e-02
-7.190660041103398570e-02
-5.524097647995155486e-02
-1.007819452089743634e-01
-1.007819452089743634e-01
-1.007819452089743634e-01
-1.007816602919343330e-01
-1.007816602919343330e-01
-9.809551942188926565e-02
-9.809551942188926565e-02
-9.809739987435349418e-02
-1.217698674812827397e-01
-1.217698674812827397e-01
-1.217663345099863070e-01
-9.419276854504134155e-02
-7.464387676683939543e-02
-2.948023257759287488e-02
-2.948023257759287488e-02
-3.579470202554708210e-03
-8.820048595705632863e-03
-8.820048595705632863e-03
-8.820048595705632863e-03
-2.884733032997889579e-02
-2.010292943431702013e-03
-3.380947541552337676e-01
-1.348803108326563638e-01
-1.819736643001636581e-02
-1.819736643001636581e-02
-3.066405753674516024e-02
-3.066405753674516024e-02
-3.066625139795343263e-02
-3.066625139795343263e-02
-3.066625139795343263e-02
-1.268801021159948750e-02
-1.268801021159948750e-02
-1.212820343060657530e-02
9.092333794252707843e-04
-1.008965032278465734e-01
1.288231806811764241e-03
1.288231806811764241e-03
-2.834306857112374543e-04
-3.107172039909070899e-02
-3.154850057388582790e-02
-1.787184693104450217e-02
-1.787184693104450217e-02
-1.787184693104450217e-02
-3.493775259240407272e-02
-3.492749557896280416e-02
-7.149532911889468125e-04
-7.149532911889468125e-04
-9.090382335119903331e-03
-9.090382335119903331e-03
-5.478655294395883349e-04
-5.478655294395883349e-04
-3.332344736782815852e-03
-1.448959296473068632e-03
-1.790858742853993369e-03
-1.790858742853993369e-03
-1.790858742853993369e-03
-1.790858742853993369e-03
-1.790858742853993369e-03
-1.790858742853993369e-03
-6.760445638892755016e-03
-6.760445638892755016e-03
-6.760445638892755016e-03
-1.082365021793381746e-02
-1.082365021793381746e-02
-1.082365021793381746e-02
-1.082365021793381746e-02
-4.320986298256576652e-02
-4.320986298256576652e-02
-7.624511623017874440e-01
-4.477115850147735804e-02
-4.496635516560556350e-02
-4.215826980242537436e-02
-4.208937686214483248e-02
-4.208937686214483248e-02
-4.208937686214483248e-02
-6.820920349079154232e-02
-6.820920349079154232e-02
-6.820920349079154232e-02
-4.724039202894352724e-02
-4.199475591314909967e-02
-1.633360440598846941e-01
-1.579863847327733772e-01
-1.579863847327733772e-01
-1.020903056255945962e-01
-1.287317726169899812e-01
-1.287317726169899812e-01
-1.287317726169899812e-01
-1.287317726169899812e-01
-1.287317726169899812e-01
-1.287317726169899812e-01
-1.287317726169899812e-01
-1.287317726169899812e-01
-1.287243362822450554e-01
-1.037798992876340920e-01
-6.069733011563011038e-02
-6.433421065656906579e-02
-8.155867799290279774e-02
-8.155867799290279774e-02
-8.155867799290279774e-02
-9.622911336772983770e-02
-9.622911336772983770e-02
-9.622911336772983770e-02
-9.622911336772983770e-02
-5.836437240841283597e-02
-1.516779368283871499e-01
-1.516779368283871499e-01
-2.419062200969309406e-01
-5.430209291938613986e-02
2.402596773996407663e-03
-2.419129156473717734e-01
1.987577932414885239e-03
1.987577932414885239e-03
-1.803652933633122235e-01
-1.437512313658602936e-01
-1.437512313658602936e-01
-1.437512313658602936e-01
-1.437512313658602936e-01
-1.437512313658602936e-01
-1.111242699349587471e-01
-1.530093541564722381e-01
-1.449227532510775629e-01
-5.694304950834459811e-02
-5.694304950834459811e-02
-1.901891189369143143e-01
-1.901891189369143143e-01
-1.795494761567270614e-01
-1.704137252348102982e-01
-1.704137252348102982e-01
-1.704137252348102982e-01
-1.704137252348102982e-01
-1.707456250947474441e-01
-1.707456250947474441e-01
-1.237798574777679711e-01
-1.237798574777679711e-01
-1.237798574777679711e-01
-1.241591390414630014e-01
-1.241591390414630014e-01
-9.218245089396007175e-02
-1.010641626600553566e-01
-1.010641626600553566e-01
-1.010641626600553566e-01
-1.010641626600553566e-01
-1.010641626600553566e-01
-1.010641626600553566e-01
-1.010641626600553566e-01
-4.369655114742811153e-02
-4.369655114742811153e-02
-6.527024148527112157e-02
-6.527024148527112157e-02
-6.527026997697513155e-02
-1.865642334033608685e-01
-1.008663946196408367e-01
-1.735826295374912065e-01
-2.246952507053688874e-01
-3.083666526564676214e-01
-3.083670515403236778e-01
1.613248583021970831e-03
-7.093848080069795059e-02
-7.943906474067876644e-01
-6.783007435771292171e-01
-6.783007435771292171e-01
-6.443980803453215611e-02
-6.443980803453215611e-02
-6.443980803453215611e-02
8.232601300366293451e-03
-9.485145827780261385e-01
-9.485145827780261385e-01
-9.485145827780261385e-01
-9.485145827780261385e-01
-9.485145827780261385e-01
-9.485145827780261385e-01
-9.485145827780261385e-01
-9.485145827780261385e-01
-9.485145827780261385e-01
-1.373400765668821633e+00
-2.715376741742540553e-02
-9.933396831981082531e-02
-9.933396831981082531e-02
-9.933396831981082531e-02
-2.069515754855157791e-02
2.746913674684600855e-03
-2.998469377837605088e-03
-2.998469377837605088e-03
-2.368660038248074709e-03
-2.368660038248074709e-03
-2.076306663467824502e-03
-2.076306663467824502e-03
-2.076306663467824502e-03
-2.368660038248074709e-03
-2.484897411576192372e-01
-3.656153469195101424e-01
-3.660631225396296373e-01
-7.334880915472201668e-01
-3.932242069827894815e-01
-4.093437589149401812e-01
-3.645774511260694295e-01
-4.285447171267769972e-01
-4.285447171267769972e-01
4.918714847244735119e-04
4.918714847244735119e-04
9.634946054470925952e-04
8.404673719119785513e-04
8.360796494954345287e-04
8.027158084594382447e-04
8.027158084594382447e-04
1.044097636073086904e-03
1.044097636073086904e-03
1.044097636073086904e-03
1.044097636073086904e-03
2.679099412510317461e-03
3.489427959428918497e-03
3.489427959428918497e-03
1.055522809378503599e-03
1.056690969242648484e-03
1.056690969242648484e-03
1.983583974251327750e-03
-7.524081358034341582e-02
-7.524081358034341582e-02
-8.043339814328326343e-02
-8.043339814328326343e-02
-6.274907470433251089e-02
-6.274907470433251089e-02
-6.274935962137254131e-02
-6.274935962137254131e-02
-6.274935962137254131e-02
-2.051711823242799992e-01
-2.051711823242799992e-01
-2.051711823242799992e-01
-2.051711823242799992e-01
-2.051711823242799992e-01
-1.893449667306976447e-01
-1.893449667306976447e-01
-1.893449667306976447e-01
-1.601131052405610766e-01
-1.601131052405610766e-01
-1.601131052405610766e-01
-1.455736747207422577e-01
-1.455736747207422577e-01
-1.455736747207422577e-01
-1.155892903444643849e-01
-1.155892903444643849e-01
-1.973629168752958352e-01
-1.593495275732663974e-01
-1.593495275732663974e-01
-1.695273340774083870e-01
-9.532194463518335603e-02
-9.532194463518335603e-02
-9.532194463518335603e-02
-6.731238436972433736e-02
-6.437796679099248853e-02
-6.437796679099248853e-02
-5.384583033293656451e-02
8.184476141207076838e-03
8.184476141207076838e-03
8.184476141207076838e-03
8.184476141207076838e-03
-1.515085002261411587e-02
-1.515085002261411587e-02
-1.515085002261411587e-02
-1.515085002261411587e-02
-1.515085002261411587e-02
-1.818826511131873755e-02
-2.844872604877497421e-02
-2.844872604877497421e-02
-2.845240147859142907e-02
-2.845240147859142907e-02
-2.844872604877497421e-02
-3.640266779959771409e-02
-3.640266779959771409e-02
-3.640266779959771409e-02
-7.945772823138629037e-02
-5.423411527509670871e-02
-1.269792621495846874e-01
-1.269792621495846874e-01
-1.269792621495846874e-01
-1.269792621495846874e-01
-4.372352566819345809e-02
-4.372352566819345809e-02
-1.175640930865052419e-01
-1.616199602360479104e-01
-1.173146197262503188e-01
-1.173177538136907089e-01
-1.173177538136907089e-01
-1.185289931342888847e-01
-1.185289931342888847e-01
-1.185289931342888847e-01
-1.183093220964216569e-01
-4.457502588487263773e-01
-3.562120019135921467e-01
-6.245474970363521505e-01
-6.245474970363521505e-01
-3.080068024349030265e-01
-3.080073722689830595e-01
-1.977260009052648482e-01
-1.977240064859845936e-01
-2.344891030063592507e-01
-2.693573500868466919e-01
-2.693573500868466919e-01
-2.333765447025772932e-01
-2.110669706337310603e-01
-1.960928564317823419e-01
-2.567131556641759002e-02
-2.567131556641759002e-02
-2.567131556641759002e-02
-2.567131556641759002e-02
-2.567131556641759002e-02
-2.359181827728424469e-02
-2.359181827728424469e-02
-2.352281137018768717e-02
-2.352281137018768717e-02
-2.359181827728424469e-02
-2.359181827728424469e-02
-2.359181827728424469e-02
-1.517698759957435660e-02
-1.517698759957435660e-02
-8.027061079245907671e-02
-8.026730575479466834e-02
-8.026730575479466834e-02
-8.026730575479466834e-02
-8.026730575479466834e-02
-8.026730575479466834e-02
-1.085685071024338477e-01
-1.085685071024338477e-01
-3.253094082694664435e-02
-3.253094082694664435e-02
-2.142692814593561146e-01
-2.142692814593561146e-01
-2.142692814593561146e-01
-2.142692814593561146e-01
-8.793100429766492754e-02
-8.811243946875942090e-02
-8.793151714833698229e-02
-2.462324004328273475e-01
-3.333976973083233597e-01
-4.777143821547637226e-02
-1.209686665188513949e-01
-1.209686665188513949e-01
-1.209686665188513949e-01
-1.209686665188513949e-01
-1.209686665188513949e-01
-2.558421393425469037e-01
-2.558421393425469037e-01
-2.558421393425469037e-01
-2.558421393425469037e-01
-3.589157506567114408e-01
1.039862611382686743e-02
-2.651480934716205374e-03
-2.651480934716205374e-03
-2.651480934716205374e-03
-6.186150683955525809e-01
-6.186150683955525809e-01
-2.813936134597311289e-01
-1.955708180755433637e-03
-1.955708180755433637e-03
-2.056415981646933511e-02
-2.056415981646933511e-02
-4.866794837962828816e-04
-5.092622487882354776e-02
6.945314950685428125e-03
-1.494780745549594003e-02
6.945314950685428125e-03
-2.741868363739655146e-01
-3.809387480437641249e-02
-7.721362190310403217e-02
-7.721362190310403217e-02
-7.721362190310403217e-02
-7.721362190310403217e-02
-7.721362190310403217e-02
-7.295288843588892957e-01
-7.295288843588892957e-01
-7.295288843588892957e-01
-7.295288843588892957e-01
-2.097450178935696390e-03
-5.776963657904309046e-02
-5.856230997446617570e-01
-8.578813326746281831e-01
-8.578813326746281831e-01
-8.578813326746281831e-01
-8.578813326746281831e-01
-5.458881704574788385e-01
-5.458881704574788385e-01
-5.458881704574788385e-01
-4.070683544498100437e-01
-4.070683544498100437e-01
-4.070752494421789325e-01
-3.301286731577739997e-01
-1.756942294979642494e+00
-1.756942294979642494e+00
-1.416734140188242508e+00
-1.416734140188242508e+00
-1.390349682612811000e+00
-1.390349682612811000e+00
-1.390349682612811000e+00
-1.390349682612811000e+00
-1.390349682612811000e+00
-1.390349682612811000e+00
-1.197732970773831701e-01
-3.295313445833399357e-01
-2.000199677155532763e-01
-2.000199677155532763e-01
-2.000199677155532763e-01
-2.000199677155532763e-01
-2.000199677155532763e-01
-1.236833874171824110e+00
-1.236833874171824110e+00
-1.236833874171824110e+00
-1.236833874171824110e+00
-1.118900898993585136e+00
-1.118900898993585136e+00
-1.118900898993585136e+00
-1.118900898993585136e+00
-1.118900898993585136e+00
-1.118900898993585136e+00
-1.118900898993585136e+00
-1.118900898993585136e+00
-1.118900898993585136e+00
-1.842659130607006812e+00
-1.842659130607006812e+00
-1.314497672121109906e-01
-1.314497672121109906e-01
-3.728085049707620113e-01
-3.710739870144349473e-01
-3.516089107064854224e-01
-5.774787461552519652e-01
-5.774787461552519652e-01
-5.774787461552519652e-01
-5.774787461552519652e-01
-2.579183697016699472e+00
-2.579183697016699472e+00
-2.579183697016699472e+00
-2.579183697016699472e+00
-1.554432038367364433e+00
-1.554432038367364433e+00
-2.064854875349405816e+00
-2.064854875349405816e+00
-8.147948102786937152e-01
-9.750796777568401241e-01
-9.348947504966254041e-01
-9.348947504966254041e-01
-7.682589112458675373e-01
-7.682589112458675373e-01
-7.682589112458675373e-01
-7.682589112458675373e-01
-7.657861732388089315e-01
-3.705042669011802958e-02
-1.230840166108273159e-03
3.033617678780400548e-03
3.033617678780400548e-03
-2.691940926229064446e-01
3.229783060844723750e-03
3.293832411444665674e-03
-2.502842697655037474e-02
-2.502842697655037474e-02
-2.579872868598988983e-02
-2.579872868598988983e-02
-2.579872868598988983e-02
-2.571222787263516274e-02
-2.571222787263516274e-02
-2.570647254842645113e-02
-1.061115374728096965e-02
-1.152026703862569536e-02
5.812912620247891182e-03
5.812912620247891182e-03
8.852919118468209961e-03
8.875285106110982966e-03
3.951410255457201218e-03
3.951410255457201218e-03
3.951410255457201218e-03
3.951410255457201218e-03
3.951410255457201218e-03
-4.020715363850784763e-01
-1.899611853048860655e-01
-1.899611853048860655e-01
-2.671214600537064748e-02
-2.734477580106509098e-02
-2.671214600537064748e-02
-2.671214600537064748e-02
-2.671214600537064748e-02
-2.671214600537064748e-02
-2.671214600537064748e-02
-1.280057358860000770e-03
-4.038472444417371375e-03
-4.038472444417371375e-03
-4.166489677151120202e-02
-5.786066045040837852e-02
-5.786066045040837852e-02
-5.786066045040837852e-02
-5.786066045040837852e-02
-5.786066045040837852e-02
-4.154118579272785688e-02
-2.062409033510926443e-02
-4.681134614274332778e-02
-4.681134614274332778e-02
-4.285914791359728138e-02
1.543094550952115807e-03
1.543094550952115807e-03
1.543094550952115807e-03
1.543123042656119282e-03
-1.184106457187842215e-01
-1.184106457187842215e-01
-1.432751065002572655e-01
-1.430607919027426789e-01
-1.727417253855309531e-01
-1.727417253855309531e-01
-2.916323352270326907e-01
-1.133510604301328634e-01
-1.098763546683820119e-01
-1.098763546683820119e-01
-1.120098419558705483e-01
-1.120098419558705483e-01
-2.174598537029317213e-01
-1.559039260871551702e-01
-1.559039260871551702e-01
-2.767680565440175811e-03
-2.543705944719779240e-03
-2.543705944719779240e-03
-2.543705944719779240e-03
-2.543705944719779240e-03
-2.543705944719779240e-03
-2.543705944719779240e-03
-1.507582246231531191e-02
-1.507636380469138011e-02
-1.011620316633074917e-01
-1.011620316633074917e-01
-1.011616897628594414e-01
-1.208048534666830848e-01
-4.390913487392446996e-02
-1.642149098459666848e-02
-1.642157645970867760e-02
-4.193798975438506327e-02
-1.092271982597803337e+00
-6.112279103317406204e-01
-6.112279103317406204e-01
-6.112279103317406204e-01
-6.112279103317406204e-01
-6.108713081644323584e-01
-6.108713081644323584e-01
-4.905261113584383215e-01
-8.816189679315394878e-01
-8.816189679315394878e-01
-8.945743736755779052e-01
-8.945743736755779052e-01
-8.945743736755779052e-01
-8.945743736755779052e-01
-8.945743736755779052e-01
-8.945743736755779052e-01
-8.945743736755779052e-01
-7.946053608881583630e-01
-7.946053608881583630e-01
-1.147122843543612492e+00
-1.017313842335804797e+00
-1.017313842335804797e+00
-1.017313842335804797e+00
-6.553746660170545191e-01
-6.553746660170545191e-01
-6.553746660170545191e-01
-6.553746660170545191e-01
-6.553746660170545191e-01
-6.553746660170545191e-01
-3.856496376129682491e-02
-3.856496376129682491e-02
-3.856496376129682491e-02
-3.856496376129682491e-02
-3.856496376129682491e-02
-6.565376118993668242e-02
-6.565376118993668242e-02
-8.931884232260300926e-02
-8.931884232260300926e-02
-8.931884232260300926e-02
-8.141834922775939565e-02
-8.140609779503786558e-02
-8.140609779503786558e-02
-4.672885339984930164e-01
-4.672885339984930164e-01
-4.672885339984930164e-01
-1.599622388186919597e+00
-1.599622388186919597e+00
-1.599622388186919597e+00
-1.599622388186919597e+00
-1.599622388186919597e+00
-1.554001243802831000e+00
-1.780035846775849917e+00
-1.181726473923166987e+00
-1.181726473923166987e+00
-9.856178473332187773e-01
-8.362584086722670840e-01
-1.188399003067162507e+00
-1.188399003067162507e+00
-7.537686004237508230e-01
-7.537686004237508230e-01
-7.537689993076068795e-01
-7.543363261177252754e-01
-7.786521150322762708e-01
-7.784345523805052958e-01
-1.765263923951362335e+00
-1.765263923951362335e+00
-1.765263923951362335e+00
-6.974765151226269833e-01
-6.974765151226269833e-01
-6.974765151226269833e-01
-6.979947222350432190e-01
-6.979947222350432190e-01
-2.901749525140849550e-02
-1.763645880081001482e-01
-9.636809447527386885e-01
-9.636809447527386885e-01
-6.790404309506169189e-02
-5.373597700668793914e-02
-5.373597700668793914e-02
-3.399885478598665273e-02
-2.363403229822847937e-02
-2.363403229822847937e-02
5.696201251809044665e-03
5.696201251809044665e-03
5.696087284993030762e-03
5.694976108536893046e-03
5.694976108536893046e-03
5.682382775367331683e-03
-1.990931183384663516e-01
-1.299468445169595218e-03
5.330253805587669563e-03
5.330253805587669563e-03
-2.891018124827918895e-02
-5.448655462173840336e-01
-5.448655462173840336e-01
-5.448655462173840336e-01
-5.448655462173840336e-01
-5.448655462173840336e-01
-5.448655462173840336e-01
