# Variable: dg_gbsa_00000196
# Sample shape: (1000,)
# Date: 2014-03-03 23:31:52.203678
-6.740518897258984676e-01
-6.531158437236544989e-01
-6.569996048797840382e-01
-6.569996048797840382e-01
-6.569996048797840382e-01
-6.569996048797840382e-01
-6.569996048797840382e-01
-6.569996048797840382e-01
-6.569996048797840382e-01
-6.504600180266691956e-01
-6.327137892378447148e-01
-6.327137892378447148e-01
-6.327137892378447148e-01
-2.434351134254645055e-01
-2.410988791722868396e-01
-2.410988791722868396e-01
-2.768390436245423691e-01
-3.757338568454262652e-03
-3.757338568454262652e-03
-1.159384775458056904e-02
-1.159384775458056904e-02
-1.211901396569968654e-02
-1.900918909970022719e-01
-1.900918909970022719e-01
-1.782115484742771705e-01
-1.914116409722979029e-01
-1.870289900790664817e-01
-1.870289900790664817e-01
-1.870289900790664817e-01
-1.870289900790664817e-01
-1.922315609842595585e-01
-1.922315609842595585e-01
-1.920288567561264370e-01
-1.912457480257373221e-01
-1.912457480257373221e-01
-1.904690071911930294e-01
-1.904690071911930294e-01
-1.904690071911930294e-01
-1.675795557166148697e-01
-1.675795557166148697e-01
-6.937671516867030541e-02
-6.937671516867030541e-02
-6.937671516867030541e-02
-8.381846188131299169e-02
-9.776563535001035754e-02
-9.555343260728606236e-02
-9.555343260728606236e-02
-9.555343260728606236e-02
-9.555343260728606236e-02
-9.555343260728606236e-02
-9.555343260728606236e-02
-9.555343260728606236e-02
-9.555343260728606236e-02
-9.555343260728606236e-02
-9.555343260728606236e-02
-9.555343260728606236e-02
-1.136360273306501883e-01
-1.136360273306501883e-01
-1.136360273306501883e-01
-1.136360273306501883e-01
-1.113310840913943889e-01
-1.113310840913943889e-01
-1.113310840913943889e-01
-1.113310840913943889e-01
-1.135286563441128826e-01
-1.135286563441128826e-01
-1.135286563441128826e-01
-1.135286563441128826e-01
-1.135286563441128826e-01
-1.135286563441128826e-01
-1.135286563441128826e-01
-1.135286563441128826e-01
-1.135286563441128826e-01
-1.126510477544700600e-01
-1.146726125057067197e-01
-1.146726125057067197e-01
-1.081746591550670211e-01
-1.114803521286688998e-01
-1.119188608220612752e-01
-1.119188608220612752e-01
-1.119188608220612752e-01
-1.119188608220612752e-01
-9.353072818788925324e-02
-8.803616005421596724e-02
-8.803616005421596724e-02
-8.803616005421596724e-02
-9.005464057849424386e-02
-9.222917016559986636e-02
-9.222917016559986636e-02
-9.352519367438656694e-02
-9.352519367438656694e-02
-9.561112118496721546e-02
-9.561112118496721546e-02
-9.561112118496721546e-02
-1.482653714730680361e-01
-1.466829422327118049e-01
-5.143373691784948187e-01
-5.115468916883887385e-01
-5.115468916883887385e-01
-5.115468916883887385e-01
-5.014404284110716148e-01
-5.203217666873968250e-01
-5.203217666873968250e-01
-5.203217666873968250e-01
-5.203217666873968250e-01
-5.266938223209709502e-01
-3.966102180699773161e-01
-3.949392081218741080e-01
-3.949392081218741080e-01
-3.946631235100798718e-01
-3.900328512173537598e-01
-3.961462591619837603e-01
-3.961462591619837603e-01
-3.939751913169146080e-01
-3.939751913169146080e-01
-3.949599500823887110e-01
-3.949599500823887110e-01
-3.949599500823887110e-01
-3.204513519261580901e-01
-3.204513519261580901e-01
-3.209756277715270500e-01
-3.209756277715270500e-01
-3.209756277715270500e-01
-3.209756277715270500e-01
-7.112731669190736072e-02
-7.262137891229661357e-02
-7.262137891229661357e-02
-7.262137891229661357e-02
-7.262137891229661357e-02
-7.262137891229661357e-02
-7.334252530940403580e-02
-7.334252530940403580e-02
-7.334252530940403580e-02
-7.334252530940403580e-02
-7.357620001978901203e-02
-7.357620001978901203e-02
-7.357278101530859149e-02
-7.347402164630634225e-02
-7.347402164630634225e-02
-7.347402164630634225e-02
-7.347402164630634225e-02
-7.007998302151549619e-02
-7.007998302151549619e-02
-7.007998302151549619e-02
-7.007998302151549619e-02
-5.857468748297791489e-02
-5.857468748297791489e-02
-1.404101659417380243e-01
-1.404101659417380243e-01
-1.404101659417380243e-01
-1.404101659417380243e-01
-1.527124848466074325e-01
-1.527124848466074325e-01
-1.527124848466074325e-01
-1.527124848466074325e-01
-1.527124848466074325e-01
-1.525265907238363972e-01
-1.539414887446518276e-01
-1.539414887446518276e-01
-1.539414887446518276e-01
-1.539414887446518276e-01
-1.539414887446518276e-01
-1.539414887446518276e-01
-1.539414887446518276e-01
-1.539414887446518276e-01
-1.539414887446518276e-01
-1.539414887446518276e-01
-1.539414887446518276e-01
-1.535808834929311140e-01
-1.535808834929311140e-01
-1.535808834929311140e-01
-1.538680228858787247e-01
-1.574552566325915226e-01
-1.568597942647696752e-01
-1.568597942647696752e-01
-1.430971615629031968e-01
-1.370560798088861498e-01
-1.370560798088861498e-01
-1.370560798088861498e-01
-1.469575452758978551e-01
-1.469575452758978551e-01
-1.469575452758978551e-01
-1.433959683086402370e-01
-1.433959683086402370e-01
-1.448267504544376583e-01
-1.448267504544376583e-01
-1.431112934480889554e-01
-1.431112934480889554e-01
-1.431112934480889554e-01
-1.431112934480889554e-01
-1.439686373132592623e-01
-1.439686373132592623e-01
-1.439686373132592623e-01
-1.439686373132592623e-01
-1.432913752632432869e-01
-1.381613014988871679e-01
-1.482206679894864931e-01
-1.482206679894864931e-01
-1.479848136637452460e-01
-2.350571706007816841e-01
-2.350571706007816841e-01
-2.351490136086370752e-01
-2.351490136086370752e-01
-2.325386321795374078e-01
-2.325386321795374078e-01
-2.325386321795374078e-01
-1.313946927482721738e-01
-1.313946927482721738e-01
-1.313946927482721738e-01
-1.313946927482721738e-01
-1.326500229808158238e-01
-1.316116998118150583e-01
-1.345345782504255017e-01
-1.345345782504255017e-01
-1.345345782504255017e-01
-1.345345782504255017e-01
-1.345345782504255017e-01
-1.345345782504255017e-01
-1.345345782504255017e-01
-1.281394870741645320e-01
-1.349923259669462416e-01
-1.349923259669462416e-01
-1.347880262033889220e-01
-1.347880262033889220e-01
-1.184442801753603919e-01
-1.143352992220088987e-01
-1.143352992220088987e-01
-1.143352992220088987e-01
-1.143352992220088987e-01
-1.143352992220088987e-01
-1.143352992220088987e-01
-1.143352992220088987e-01
-1.189084456482079472e-01
-1.189084456482079472e-01
-1.177086101321371675e-01
-1.157514793695045008e-01
-1.164485217850249194e-01
-1.164485217850249194e-01
-1.164485217850249194e-01
-1.160538974387239908e-01
-1.123413927924336586e-01
-1.123413927924336586e-01
-1.125167307388714039e-01
-1.125167307388714039e-01
-1.125167307388714039e-01
-1.125167307388714039e-01
-1.125167307388714039e-01
-1.125167307388714039e-01
-1.132425212837313983e-01
-1.132425212837313983e-01
-1.138810488621545686e-01
-1.138810488621545686e-01
-1.138810488621545686e-01
-1.138810488621545686e-01
-1.122627913040139119e-01
-1.122627913040139119e-01
-1.122627913040139119e-01
-1.144993188390312361e-01
-1.144993188390312361e-01
-1.144993188390312361e-01
-1.144993188390312361e-01
-1.144993188390312361e-01
-1.144993188390312361e-01
-1.144993188390312361e-01
-1.144993188390312361e-01
-1.144993188390312361e-01
-1.144993188390312361e-01
-1.144993188390312361e-01
-1.139310945402367825e-01
-1.118614429155681544e-01
-1.118614429155681544e-01
-1.118614429155681544e-01
-1.116607046150112637e-01
-1.116607046150112637e-01
-1.116607046150112637e-01
-1.116607046150112637e-01
-1.116607046150112637e-01
-1.116607046150112637e-01
-1.120680148925197739e-01
-1.120680148925197739e-01
-1.130315473385112429e-01
-1.130315473385112429e-01
-1.130315473385112429e-01
-1.130315473385112429e-01
-1.153057622749992239e-01
-1.147869354680208925e-01
-1.147869354680208925e-01
-1.147870494348369186e-01
-1.147870494348369186e-01
-1.147755316634934825e-01
-1.147755316634934825e-01
-1.147755316634934825e-01
-1.147755316634934825e-01
-1.147755316634934825e-01
-1.147755316634934825e-01
-1.147755316634934825e-01
-1.147755316634934825e-01
-1.147755316634934825e-01
-1.147755316634934825e-01
-1.147755316634934825e-01
-1.147755316634934825e-01
-1.147755316634934825e-01
-1.147755316634934825e-01
-1.147755316634934825e-01
-1.147755316634934825e-01
-1.147755316634934825e-01
-1.137802380904640726e-01
-1.145339789969515298e-01
-1.145339789969515298e-01
-1.145339789969515298e-01
-1.145339789969515298e-01
-1.145339789969515298e-01
-1.145339789969515298e-01
-1.146159068918136958e-01
-1.146159068918136958e-01
-1.146159068918136958e-01
-1.146159068918136958e-01
-1.146159068918136958e-01
-1.146159068918136958e-01
-1.146159068918136958e-01
-1.137562338298410969e-01
-1.137562338298410969e-01
-1.137562338298410969e-01
-1.137562338298410969e-01
-1.137562338298410969e-01
-1.151056080543744059e-01
-1.151044612632882713e-01
-1.151031079073480956e-01
-1.151031079073480956e-01
-1.151031079073480956e-01
-1.150196770750997605e-01
-1.127016846354103458e-01
-1.127016846354103458e-01
-1.127016846354103458e-01
-1.078336846874047295e-01
-1.078336846874047295e-01
-9.834247838926588048e-02
-9.834247838926588048e-02
-9.834247838926588048e-02
-9.834247838926588048e-02
-9.834247838926588048e-02
-9.834247838926588048e-02
-1.099756340109823288e-01
-1.099756340109823288e-01
-1.106384507670685052e-01
-1.106384507670685052e-01
-1.148436980653219364e-01
-1.148479433292184659e-01
-1.149160954851949079e-01
-1.136223370668764943e-01
-1.136223370668764943e-01
-1.136223370668764943e-01
-1.136223370668764943e-01
-6.885656349745580829e-02
-6.885656349745580829e-02
-6.885656349745580829e-02
-6.983516805486514323e-02
-6.983516805486514323e-02
-6.983516805486514323e-02
-5.937185686929275646e-02
-5.783287391607893485e-02
-5.783287391607893485e-02
-5.783287391607893485e-02
-5.783287391607893485e-02
-5.783287391607893485e-02
-5.783287391607893485e-02
-5.883715306025845415e-02
-5.883715306025845415e-02
-5.883715306025845415e-02
-5.883715306025845415e-02
-6.771328401383204521e-02
-6.771328401383204521e-02
-6.771328401383204521e-02
-7.011739262887213553e-02
-7.011739262887213553e-02
-7.011739262887213553e-02
-6.880603346040553570e-02
-6.880603346040553570e-02
-6.880603346040553570e-02
-6.880603346040553570e-02
-6.880603346040553570e-02
-3.510493835003380275e-02
-3.525935626280694846e-02
-3.525935626280694846e-02
-3.358353477819015637e-02
-3.341912696170077496e-02
-3.562783947068463852e-02
-3.520291063571295148e-02
-3.520291063571295148e-02
-3.415232534960168514e-02
-3.415232534960168514e-02
-3.415232534960168514e-02
-1.617844570891123213e-01
-1.622534590287144640e-01
-1.622534590287144640e-01
-1.622534590287144640e-01
-1.622534590287144640e-01
-1.622534590287144640e-01
-1.622534590287144640e-01
-1.622534590287144640e-01
-1.594425244951339360e-01
-1.594425244951339360e-01
-1.594425244951339360e-01
-1.594425244951339360e-01
-1.558177529283964746e-01
-1.458907019111895798e-01
-1.458907019111895798e-01
-1.458907019111895798e-01
-1.458907019111895798e-01
-1.646280288696289062e-01
-1.646280288696289062e-01
-1.641069298492562889e-01
-1.641069298492562889e-01
-1.641069298492562889e-01
-1.641069298492562889e-01
-1.641069298492562889e-01
-1.569501984415729023e-01
-1.554729748182497318e-01
-1.457880320558128384e-01
-1.457880320558128384e-01
-1.648492527053643242e-01
-1.648492527053643242e-01
-1.648492527053643242e-01
-1.648492527053643242e-01
-1.647740488526470148e-01
-1.647740061150909929e-01
-1.647740061150909929e-01
-1.647740061150909929e-01
-1.647740061150909929e-01
-1.647736214770869623e-01
-2.147949818899252961e-01
-2.138618073545495990e-01
-2.138618073545495990e-01
-2.138618073545495990e-01
-2.144030785013567031e-01
-1.841707023334320792e-01
-1.729124049383641004e-01
-1.729124049383641004e-01
-1.729124049383641004e-01
-1.725397049582939046e-01
-1.725397049582939046e-01
-1.642666970794560977e-01
-1.642666970794560977e-01
-1.642666970794560977e-01
-1.774108176249618862e-01
-1.839903498470897014e-01
-1.839903498470897014e-01
-1.839903498470897014e-01
-1.817080503895907306e-01
-1.817080503895907306e-01
-1.817796357958995912e-01
-1.817796357958995912e-01
-1.817796357958995912e-01
-1.817796357958995912e-01
-1.817796357958995912e-01
-1.850973950061469697e-01
-1.819794053785203647e-01
-1.749227795728533763e-01
-1.749227795728533763e-01
-1.749227795728533763e-01
-1.789804113526645146e-01
-1.789804113526645146e-01
-1.789804113526645146e-01
-1.778700184183868160e-01
-1.778700184183868160e-01
-1.778700184183868160e-01
-1.778700184183868160e-01
-1.778700184183868160e-01
-1.778700184183868160e-01
-1.782100811515209826e-01
-1.800815159914370411e-01
-1.800815159914370411e-01
-1.800815159914370411e-01
-1.800815159914370411e-01
-1.800815159914370411e-01
-1.800815159914370411e-01
-1.800815159914370411e-01
-1.800815159914370411e-01
-1.800815159914370411e-01
-1.800815159914370411e-01
-1.651180576867856686e-01
-1.743692142557687341e-01
-1.743692142557687341e-01
-1.743692142557687341e-01
-1.743692142557687341e-01
-1.797967841474777395e-01
-1.797967841474777395e-01
-1.799753843940238851e-01
-1.799753843940238851e-01
-1.799753843940238851e-01
-1.787302256998094807e-01
-1.795530376197275180e-01
-1.795530376197275180e-01
-1.795530376197275180e-01
-1.795530376197275180e-01
-1.795530376197275180e-01
-1.798205319827646809e-01
-1.798205319827646809e-01
-1.798205319827646809e-01
-1.798205319827646809e-01
-1.798205319827646809e-01
-1.798205319827646809e-01
-1.798205319827646809e-01
-1.773254992173232958e-01
-1.773254992173232958e-01
-1.773254992173232958e-01
-1.773254992173232958e-01
-1.773254992173232958e-01
-1.482922961333513756e-01
-1.482922961333513756e-01
-1.482922961333513756e-01
-1.482922961333513756e-01
-1.195891836861123492e-01
-1.160121713382108177e-01
-1.160121713382108177e-01
-1.160121713382108177e-01
-1.202746086093253314e-01
-1.202746086093253314e-01
-1.202746086093253314e-01
-1.202746086093253314e-01
-1.202746086093253314e-01
-1.202746086093253314e-01
-1.202746086093253314e-01
-1.192000582386840979e-01
-1.192000582386840979e-01
-1.192000582386840979e-01
-1.164334924111630615e-01
-1.037184141903944729e-01
-1.037184141903944729e-01
-1.037184141903944729e-01
-1.048149744023784274e-01
-1.048149744023784274e-01
-1.039430142930543172e-01
-1.039430142930543172e-01
-1.039430142930543172e-01
-1.039430142930543172e-01
-1.039430142930543172e-01
-1.039430142930543172e-01
-1.085209900630819541e-01
-1.085209900630819541e-01
-1.569957566762745504e-01
-1.569957566762745504e-01
-1.569957566762745504e-01
-1.569957566762745504e-01
-1.569957566762745504e-01
-1.569957566762745504e-01
-1.695931641595085360e-01
-1.695931641595085360e-01
-1.695931641595085360e-01
-1.689050040327112201e-01
-1.689050040327112201e-01
-2.147825915601467642e-02
-2.147825915601467642e-02
-2.147825915601467642e-02
-2.266140743719688086e-02
-2.266140743719688086e-02
-2.266140743719688086e-02
-2.343311058232706509e-02
-2.343311058232706509e-02
-2.343311058232706509e-02
-2.370576372452037547e-02
-2.370576372452037547e-02
-2.349083477463822373e-02
-2.349083477463822373e-02
-2.349083477463822373e-02
-2.349083477463822373e-02
-2.349083477463822373e-02
-2.349083477463822373e-02
-2.349083477463822373e-02
-2.349083477463822373e-02
-2.349083477463822373e-02
-2.377877549676092606e-02
-2.377877549676092606e-02
-2.377877549676092606e-02
-2.379282368756616833e-02
-2.379282368756616833e-02
-6.121546110177473110e-04
-6.121546110177473110e-04
-9.100328722210105498e-04
-3.371789275061331820e-03
-3.626929368132842876e-03
-3.626929368132842876e-03
-3.626929368132842876e-03
-3.626929368132842876e-03
-3.626929368132842876e-03
-3.433618721254810911e-03
-3.295535903716064266e-03
-3.295535903716064266e-03
-9.175455558290045383e-04
-9.175455558290045383e-04
-9.175455558290045383e-04
-1.080946424302874683e-03
-8.226497620557849614e-04
-8.226497620557849614e-04
-8.226497620557849614e-04
-8.722682871693748048e-04
-8.722682871693748048e-04
-8.722682871693748048e-04
-8.315795740507984750e-04
-8.315795740507984750e-04
-8.315795740507984750e-04
-8.315795740507984750e-04
-8.315795740507984750e-04
-4.966773451564131638e-04
-3.774098813334340885e-03
-4.727907129785982251e-03
-4.727907129785982251e-03
-4.727907129785982251e-03
-4.727907129785982251e-03
-2.737479359196431233e-02
-3.441562430922433247e-02
-3.441562430922433247e-02
-3.423216622714558843e-02
-3.423216622714558843e-02
-3.423204513740357030e-02
-3.423204513740357030e-02
-3.423204513740357030e-02
-3.423204513740357030e-02
-3.423204513740357030e-02
-3.423204513740357030e-02
-3.423204513740357030e-02
-3.436300369339281152e-02
-3.418623403882888739e-02
-3.418623403882888739e-02
-3.438855006749497872e-02
-3.440585877767712158e-02
-3.314501540040878241e-02
-5.203700779329977627e-03
-5.203700779329977627e-03
-5.203700779329977627e-03
-5.203700779329977627e-03
-5.203700779329977627e-03
-5.203700779329977627e-03
-6.252693201114296363e-03
-6.252693201114296363e-03
-7.920257433764564189e-03
-7.920257433764564189e-03
-1.258513379136873105e-02
-1.258513379136873105e-02
-1.258513379136873105e-02
-1.258513379136873105e-02
-1.258513379136873105e-02
-1.715921421123963939e-02
-1.715921421123963939e-02
-1.715921421123963939e-02
-1.715921421123963939e-02
-1.715921421123963939e-02
-5.898253732213098316e-03
-5.898253732213098316e-03
-5.950384646882062208e-03
-5.950384646882062208e-03
-5.950384646882062208e-03
-1.966956171276578163e-03
-2.578581348560166336e-03
-2.578581348560166336e-03
-2.709329110458065775e-03
-2.709329110458065775e-03
-2.709329110458065775e-03
-2.921029371538877688e-03
-2.181947224169798662e-03
-2.355248013771286952e-03
-5.837441217261107873e-02
-5.790752930349418737e-02
-5.790752930349418737e-02
-5.900302463804102393e-02
-5.900302463804102393e-02
-5.900302463804102393e-02
-5.783220436103485296e-02
-5.783220436103485296e-02
-5.819311589857360106e-02
-5.819311589857360106e-02
-5.819311589857360106e-02
-5.819311589857360106e-02
-5.819311589857360106e-02
-5.819311589857360106e-02
-5.819311589857360106e-02
-5.819311589857360106e-02
-5.819311589857360106e-02
-5.819212225039648023e-02
-5.819212225039648023e-02
-5.819212225039648023e-02
-5.819212225039648023e-02
-5.819201540650646709e-02
-5.819201540650646709e-02
-5.819201540650646709e-02
-5.819201540650646709e-02
-5.819201540650646709e-02
-5.819201540650646709e-02
-5.807895676355744746e-02
-5.807895676355744746e-02
-5.807895676355744746e-02
-5.807895676355744746e-02
-5.807895676355744746e-02
-6.051137188652504911e-02
-6.051137188652504911e-02
-6.051137188652504911e-02
-6.051137188652504911e-02
-6.051137188652504911e-02
-6.351285893648121739e-02
-6.351285893648121739e-02
-6.351285893648121739e-02
-6.351285893648121739e-02
-5.990943477896841507e-02
-6.144997409151343321e-02
-6.144997409151343321e-02
-6.144997409151343321e-02
-6.144997409151343321e-02
-6.144997409151343321e-02
-6.144997409151343321e-02
-5.550446419711322493e-02
-5.550446419711322493e-02
-5.249295519027381146e-02
-5.249295519027381146e-02
-5.249295519027381146e-02
-1.268685576336789356e-01
-1.268685576336789356e-01
-1.268685576336789356e-01
-1.268689565175349920e-01
-1.284599760066482688e-01
-1.284599760066482688e-01
-1.266895300115727374e-01
-1.266895300115727374e-01
-1.266822503811998457e-01
-1.266764238277311161e-01
-1.299911344256501344e-01
-1.299911344256501344e-01
-1.299911344256501344e-01
-1.299911344256501344e-01
-1.299911344256501344e-01
-1.299911344256501344e-01
-1.299911344256501344e-01
-1.299911344256501344e-01
-1.276893893801687163e-01
-1.268414192856155698e-01
-1.404696423738454047e-01
-1.404696423738454047e-01
-1.404696423738454047e-01
-1.404696423738454047e-01
-1.347271109402293499e-01
-1.347271109402293499e-01
-1.347271109402293499e-01
-1.347271109402293499e-01
-1.389432848069681314e-01
-1.389432848069681314e-01
-1.389432848069681314e-01
-1.389432848069681314e-01
-1.521670396651638169e-01
-1.521670396651638169e-01
-1.521670396651638169e-01
-1.521670396651638169e-01
-1.521670396651638169e-01
-1.521670396651638169e-01
-1.521670396651638169e-01
-1.521670396651638169e-01
-1.284302876510765856e-01
-1.284302876510765856e-01
-1.284302876510765856e-01
-1.284302876510765856e-01
-1.284302876510765856e-01
-1.191301965804674318e-01
-1.623070234322410987e-01
-1.623070234322410987e-01
-1.623070234322410987e-01
-1.640696769462716698e-01
-1.640696769462716698e-01
-1.640696769462716698e-01
-1.640696769462716698e-01
-1.640696769462716698e-01
-1.640696769462716698e-01
-1.640696769462716698e-01
-1.640696769462716698e-01
-1.598618796405099352e-01
-1.598618796405099352e-01
-1.598618796405099352e-01
-1.598618796405099352e-01
-1.598618796405099352e-01
-1.598618796405099352e-01
-1.598618796405099352e-01
-1.598618796405099352e-01
-1.598618796405099352e-01
-1.598618796405099352e-01
-1.598618796405099352e-01
-1.400051991068838042e-01
-1.400051991068838042e-01
-1.400051991068838042e-01
-1.400051991068838042e-01
-1.400051991068838042e-01
-1.400051991068838042e-01
-1.400051991068838042e-01
-1.400051991068838042e-01
-1.400051991068838042e-01
-1.268734582067675420e-01
-1.270488246449092973e-01
-1.286874110338564747e-01
-1.287231538765289118e-01
-1.287231538765289118e-01
-1.287231538765289118e-01
-1.287231538765289118e-01
-1.256802398889516059e-01
-1.256802398889516059e-01
-1.256802398889516059e-01
-1.256802398889516059e-01
-1.256802398889516059e-01
-1.269409692994039329e-01
-1.269409692994039329e-01
-1.260172255180533885e-01
-1.273801546707663823e-01
-1.273801546707663823e-01
-1.273801546707663823e-01
-1.273801546707663823e-01
-1.273801546707663823e-01
-7.280870474319384167e-02
-7.169689434664199001e-02
-7.169689434664199001e-02
-7.169689434664199001e-02
-7.306370549402546599e-02
-7.306370549402546599e-02
-7.255158136041396644e-02
-7.255158136041396644e-02
-7.433781888243344571e-02
-7.433781888243344571e-02
-7.300444274969811187e-02
-7.834690792154855310e-02
-2.249088102727273691e-02
-6.888638006569550165e-02
-6.888638006569550165e-02
-7.083108132245663491e-02
-7.083108132245663491e-02
-7.083108132245663491e-02
-7.194761421894707576e-02
-9.089102167244395014e-02
-9.089102167244395014e-02
-9.089102167244395014e-02
-9.089102167244395014e-02
-9.089102167244395014e-02
-1.531343615077877529e-01
-1.437685828135984445e-01
-1.437685828135984445e-01
-1.269810286352328899e-01
-8.548724947650390704e-02
-8.548724947650390704e-02
-8.548724947650390704e-02
-8.506430437642346909e-02
-8.506430437642346909e-02
-8.506430437642346909e-02
-1.035255182313645494e-01
-1.035255182313645494e-01
-1.035255182313645494e-01
-1.032732811758212688e-01
-1.032304438988519563e-01
-1.032304438988519563e-01
-1.032304438988519563e-01
-1.032301447359599278e-01
-1.042400759219211520e-01
-1.042400759219211520e-01
-1.042400759219211520e-01
-1.042400759219211520e-01
-1.042400759219211520e-01
-1.042400759219211520e-01
-1.042400759219211520e-01
-1.031608814035273325e-01
-1.024286018730805325e-01
-1.015227864964742266e-01
-1.015227864964742266e-01
-1.015227864964742266e-01
-1.015227864964742266e-01
-1.015227864964742266e-01
-1.015227864964742266e-01
-1.017097276893673963e-01
-1.017097276893673963e-01
-1.017097276893673963e-01
-1.017097276893673963e-01
-1.022073210539370947e-01
-1.022073210539370947e-01
-1.117830479920024350e-01
-1.117830479920024350e-01
-1.117830479920024350e-01
-1.117830479920024350e-01
-1.122170834878662565e-01
-1.113766352031700380e-01
-1.113766352031700380e-01
-1.113766352031700380e-01
-1.657466843980676119e-01
-1.657466843980676119e-01
-1.657466843980676119e-01
-1.661197262785858719e-01
-1.661197262785858719e-01
-1.661197262785858719e-01
-3.474588945764428560e-01
-3.474588945764428560e-01
-3.474588945764428560e-01
-3.474588945764428560e-01
-3.474588945764428560e-01
-3.474588945764428560e-01
-4.985571819327301313e-01
-4.985571819327301313e-01
-4.985571819327301313e-01
-4.778335130921285145e-01
-4.892444405455433909e-01
-5.159946176335642454e-01
-5.124717324003434937e-01
-5.163767483676596770e-01
-5.163767483676596770e-01
-5.163767483676596770e-01
-5.163767483676596770e-01
-5.163767483676596770e-01
-5.051974014843855221e-01
-4.397154595154421086e-01
-4.397154595154421086e-01
-4.397154595154421086e-01
-4.397154595154421086e-01
-4.397154595154421086e-01
-4.397154595154421086e-01
-4.397154595154421086e-01
-4.397154595154421086e-01
-4.397154595154421086e-01
-4.397154595154421086e-01
-4.390256753615165985e-01
-4.364659806738391823e-01
-4.378865485437513083e-01
-4.378865485437513083e-01
-4.378865485437513083e-01
-4.378865485437513083e-01
-4.378865485437513083e-01
-4.378865485437513083e-01
-4.378865485437513083e-01
-4.378865485437513083e-01
-4.378865485437513083e-01
-2.884198956006343573e-01
-2.884198956006343573e-01
-2.884198956006343573e-01
-2.884198956006343573e-01
-2.884198956006343573e-01
-2.884198956006343573e-01
-2.884198956006343573e-01
-2.884198956006343573e-01
-2.884198956006343573e-01
-2.884198956006343573e-01
-3.282754587625681952e-01
-3.282754587625681952e-01
-3.282754587625681952e-01
-3.282754587625681952e-01
-3.282754587625681952e-01
-3.986019021466402634e-01
-3.986019021466402634e-01
-3.986019021466402634e-01
-3.951581383754372845e-01
-3.951581383754372845e-01
-3.951581383754372845e-01
-3.951581383754372845e-01
-5.352095937637708634e-01
-5.352095937637708634e-01
-5.352095937637708634e-01
-5.352095937637708634e-01
-5.352095937637708634e-01
-5.352095937637708634e-01
-5.352095937637708634e-01
-5.352095937637708634e-01
-5.352095937637708634e-01
-5.352095937637708634e-01
-5.352095937637708634e-01
-4.801236192765244715e-01
-4.453514319760849549e-01
-4.453514319760849549e-01
-5.182699081318783429e-01
-5.182699081318783429e-01
-5.182699081318783429e-01
-5.182699081318783429e-01
-5.182699081318783429e-01
-5.182699081318783429e-01
-5.182699081318783429e-01
-5.182699081318783429e-01
-5.182699081318783429e-01
-3.434564084897305802e-01
-3.434564084897305802e-01
-3.434564084897305802e-01
-3.434564084897305802e-01
-3.434564084897305802e-01
-3.434564084897305802e-01
-3.434564084897305802e-01
-3.447194742199111706e-01
-3.325270193256793516e-01
-3.325270193256793516e-01
-3.325270193256793516e-01
-3.325270193256793516e-01
-3.325270193256793516e-01
-3.325270193256793516e-01
-3.325270193256793516e-01
-3.325270193256793516e-01
-3.325270193256793516e-01
-3.325270193256793516e-01
-3.325270193256793516e-01
-3.325270193256793516e-01
-3.325270193256793516e-01
-3.325270193256793516e-01
-3.325270193256793516e-01
-3.325270193256793516e-01
-3.325270193256793516e-01
-3.325270193256793516e-01
-3.325270193256793516e-01
