# Variable: dg_gbsa_00000056
# Sample shape: (1000,)
# Date: 2014-03-03 23:31:52.143072
-7.104801288298393525e-01
-3.720283166400332742e-01
-4.284308927692828672e-01
-4.522142857028239038e-01
-4.522142857028239038e-01
-4.522142857028239038e-01
-4.522142857028239038e-01
-4.522142857028239038e-01
-4.522142857028239038e-01
-4.522142857028239038e-01
-4.522142857028239038e-01
-3.776467097193059730e-01
-3.776467097193059730e-01
-9.930503499439523318e-02
-9.930503499439523318e-02
-9.930503499439523318e-02
-6.581817826622986534e-01
-7.956480717795756663e-02
-7.956480717795756663e-02
-7.956480717795756663e-02
-5.016640811645733944e-02
-4.338178192452308429e-02
-5.386197088325456184e-01
-5.386197088325456184e-01
-5.386197088325456184e-01
-5.968590881354949307e-01
-5.968590881354949307e-01
-7.457986160628425898e-01
-4.555113741818166972e-01
-4.555113741818166972e-01
-4.555113741818166972e-01
-4.555113741818166972e-01
-4.555113741818166972e-01
-4.387717572954371037e-01
-2.596808551146468913e-01
-6.009050810542206911e-01
-6.009050810542206911e-01
-6.009050810542206911e-01
-6.009050810542206911e-01
-4.007012563727325727e-01
-5.487032077964358878e-01
-5.487032077964358878e-01
-5.487032077964358878e-01
-5.873610367054692416e-01
-1.879260513796177090e-01
-1.879260513796177090e-01
-6.374342947571500773e-01
-6.374342947571500773e-01
-7.068475505362048494e-01
-7.068475505362048494e-01
-7.068475505362048494e-01
-7.068475505362048494e-01
-4.490324461665253786e-01
-4.490324461665253786e-01
-4.594649115210509005e-01
-4.594649115210509005e-01
-4.594649115210509005e-01
-4.594649115210509005e-01
-5.384044255170949977e-01
-5.384044255170949977e-01
-5.384044255170949977e-01
-5.384044255170949977e-01
-1.482476781248818209e-01
-1.482476781248818209e-01
-6.823373342335338210e-01
-6.823373342335338210e-01
-4.616637587775235807e-01
-5.847832212940456964e-01
-5.847832212940456964e-01
-5.847832212940456964e-01
-5.847832212940456964e-01
-5.847832212940456964e-01
-6.773883822315280856e-01
-3.818922300411683457e-01
-4.215064684701922970e-01
-4.215064684701922970e-01
-1.167216717513067936e-01
-3.228102940674265620e-01
-3.228102940674265620e-01
-1.160656146519954413e-01
-1.160656146519954413e-01
-1.160656146519954413e-01
-9.799688826555502663e-02
-2.593513200661420326e-01
-2.593513200661420326e-01
-9.800200964934967229e-02
-9.800200964934967229e-02
-9.800200964934967229e-02
-9.800200964934967229e-02
-3.263504737649775000e-01
-3.263504737649775000e-01
-3.263504737649775000e-01
-2.621541914474895818e-01
-4.608137942636901796e-01
-5.664092632826154272e-01
-1.448440021812117950e-01
-1.035798006258320747e+00
-4.518915886632798862e-01
-4.518915886632798862e-01
-9.762153570784208867e-01
-6.671405431189454394e-01
-6.671405431189454394e-01
-4.747623353341797192e-01
-4.747623353341797192e-01
-4.747623353341797192e-01
-4.747623353341797192e-01
-4.747623353341797192e-01
-4.747623353341797192e-01
-4.747623353341797192e-01
-1.759877567309494351e-01
-1.759877567309494351e-01
-6.989005874721315736e-01
-6.989005874721315736e-01
-6.989005874721315736e-01
-4.451093949505749436e-01
-1.774179690426667677e-01
-1.774179690426667677e-01
-1.774179690426667677e-01
-1.334164498185108350e-01
-1.334164498185108350e-01
-6.066274118696981521e-01
-6.066274118696981521e-01
-6.066274118696981521e-01
-2.442145609718891497e-01
-5.374831177764367585e-01
-5.374831177764367585e-01
-4.571200442815601672e-01
-4.571200442815601672e-01
-4.571200442815601672e-01
-4.571200442815601672e-01
-5.856221880101336597e-01
-5.856221880101336597e-01
-5.856221880101336597e-01
-5.856221880101336597e-01
-5.198101696503093505e-01
-5.198101696503093505e-01
-5.198101696503093505e-01
-5.198101696503093505e-01
-1.852206073801102582e-01
-1.852206073801102582e-01
-1.227692282450586481e-01
-1.227692282450586481e-01
-5.451995829551214978e-01
-4.082173678888645352e-01
-4.082173678888645352e-01
-4.711892192268006818e-01
-4.711892192268006818e-01
-4.929855722314313016e-01
-4.929855722314313016e-01
-6.680560385519870303e-01
-6.680560385519870303e-01
-6.680560385519870303e-01
-7.184638461920772601e-01
-7.184638461920772601e-01
-1.991522243784216994e-01
-4.213231243549295790e-01
-2.361603693797984793e-01
-2.361603693797984793e-01
-7.226260282797293266e-01
-7.226260282797293266e-01
-7.226260282797293266e-01
-7.226260282797293266e-01
-7.226260282797293266e-01
-7.226260282797293266e-01
-5.339167542029065183e-01
-8.818475283810558452e-01
-8.818475283810558452e-01
-6.895440258441873915e-01
-6.895440258441873915e-01
-6.895440258441873915e-01
-6.895440258441873915e-01
-6.895440258441873915e-01
-6.895440258441873915e-01
-6.895440258441873915e-01
-6.895440258441873915e-01
-6.895440258441873915e-01
-4.564399188152918341e-01
-4.564399188152918341e-01
-4.564399188152918341e-01
-4.564399188152918341e-01
-8.500131776638285563e-01
-8.500131776638285563e-01
-8.500131776638285563e-01
-8.500131776638285563e-01
-7.209837094775577437e-01
-7.209837094775577437e-01
-6.722561715893717871e-01
-6.722561715893717871e-01
-7.420260865191428135e-01
-6.486228729525214121e-01
-6.486228729525214121e-01
-8.130584118699024643e-01
-8.600836274272852799e-01
-8.600836274272852799e-01
-8.600836274272852799e-01
-8.600836274272852799e-01
-6.355381148723069362e-01
-6.355381148723069362e-01
-7.156439082800315488e-01
-8.391856463415899858e-01
-6.614054480200743935e-01
-6.614054480200743935e-01
-6.614054480200743935e-01
-8.859808198808483137e-01
-2.068875653110088253e-01
-2.807555417485720350e-01
-2.807555417485720350e-01
-2.807555417485720350e-01
-2.807555417485720350e-01
-2.807555417485720350e-01
-8.242770203212934632e-01
-8.242770203212934632e-01
-9.171847061718854111e-01
-3.477122997918502545e-01
-3.477122997918502545e-01
-6.807612301514663899e-01
-8.694686237758249003e-01
-8.694686237758249003e-01
-8.694686237758249003e-01
-8.694686237758249003e-01
-8.694686237758249003e-01
-8.694686237758249003e-01
-8.694686237758249003e-01
-8.694686237758249003e-01
-7.055156773408557402e-01
-7.055156773408557402e-01
-7.055156773408557402e-01
-7.055156773408557402e-01
-7.055156773408557402e-01
-1.816145662595847199e+00
-1.816145662595847199e+00
-1.963656360059121697e-01
-3.181101031330757500e-01
-3.181101031330757500e-01
-3.181101031330757500e-01
-3.181101031330757500e-01
-4.663413842823035393e-01
-9.086086462834140898e-01
-1.275018455877358736e+00
-1.275018455877358736e+00
-5.501809015328751329e-01
-7.041602130145916405e-01
-7.041602130145916405e-01
-7.041602130145916405e-01
-7.041602130145916405e-01
-5.423993613022463078e-01
-5.297294994157313308e-01
-5.297294994157313308e-01
-1.146350490431484737e+00
-1.146350490431484737e+00
-6.107261144408303588e-01
-6.708723865093282335e-01
-6.708723865093282335e-01
-6.708723865093282335e-01
-6.708723865093282335e-01
-6.708723865093282335e-01
-6.708723865093282335e-01
-6.708723865093282335e-01
-7.682718464794850988e-01
-1.540279610663025378e-01
-1.540279610663025378e-01
-7.706988268099140837e-01
-7.706988268099140837e-01
-7.706988268099140837e-01
-7.706988268099140837e-01
-6.395476953933161290e-01
-6.395476953933161290e-01
-6.268683742610720033e-01
-6.268683742610720033e-01
-6.268683742610720033e-01
-6.268683742610720033e-01
-6.268683742610720033e-01
-6.268683742610720033e-01
-6.268683742610720033e-01
-7.567748740799795648e-01
-7.567809713046363962e-01
-7.567809713046363962e-01
-7.567809713046363962e-01
-7.716221289698526054e-01
-4.813291032729139496e-01
-4.813291032729139496e-01
-4.813291032729139496e-01
-4.813291032729139496e-01
-4.528193070373389140e-01
-4.528193070373389140e-01
-4.383408772557916833e-01
-4.383408772557916833e-01
-4.919153668456505701e-01
-4.919153668456505701e-01
-2.923037707235799365e-01
-2.924954344164116815e-01
-6.050641290544324091e-01
-6.050641290544324091e-01
-6.050641290544324091e-01
-6.050641290544324091e-01
-6.050641290544324091e-01
-6.002559260702041710e-01
-6.002559260702041710e-01
-3.849328077090173883e-01
-6.539548104397424622e-01
-6.539548104397424622e-01
-6.539548104397424622e-01
-6.539548104397424622e-01
-6.539548104397424622e-01
-6.539548104397424622e-01
-6.539548104397424622e-01
-6.539548104397424622e-01
-6.539548104397424622e-01
-6.539548104397424622e-01
-6.134239369095169092e-01
-7.770428466067487161e-01
-7.770428466067487161e-01
-7.770428466067487161e-01
-2.607949092328890051e-01
-2.607949092328890051e-01
-2.607949092328890051e-01
-6.276556570260976020e-01
-7.099710390627042012e-01
-7.099710390627042012e-01
-7.099710390627042012e-01
-7.099710390627042012e-01
-5.082122796352233074e-01
-4.772286627078375365e-01
-4.772286627078375365e-01
-4.772286627078375365e-01
-3.088664541280976006e-01
-6.631328430504005444e-01
-6.631328430504005444e-01
-4.174671426102034566e-01
-5.813494011275398554e-01
-5.813494011275398554e-01
-3.694528090566339684e-01
-3.694528090566339684e-01
-3.694528090566339684e-01
-3.694528090566339684e-01
-3.694528090566339684e-01
-3.694528090566339684e-01
-2.423934282353913394e-01
-1.966512368468435745e-01
-7.160831933723580400e-01
-4.746047477193361952e-01
-4.746047477193361952e-01
-4.746047477193361952e-01
-6.771279680569358694e-01
-6.840975517068720313e-01
-6.840975517068720313e-01
-7.308935799972504643e-01
-7.308935799972504643e-01
-7.023095628727462625e-01
-4.298032241843170453e-01
-4.298032241843170453e-01
-4.298032241843170453e-01
-4.298032241843170453e-01
-4.298032241843170453e-01
-4.298032241843170453e-01
-4.763437103814877616e-01
-4.763437103814877616e-01
-1.648244364311772514e-01
-1.648244364311772514e-01
-1.648244364311772514e-01
-1.648244364311772514e-01
-4.831733712730626462e-01
-4.831733712730626462e-01
-4.831733712730626462e-01
-4.831733712730626462e-01
-2.318372234103784346e-01
-2.318372234103784346e-01
-2.318372234103784346e-01
-2.318372234103784346e-01
-5.336013510395873904e-01
-5.336013510395873904e-01
-5.336013510395873904e-01
-5.336013510395873904e-01
-5.336013510395873904e-01
-6.070473795867102895e-01
-6.070473795867102895e-01
-6.070473795867102895e-01
-7.743232564762034809e-01
-7.743232564762034809e-01
-7.743232564762034809e-01
-7.214337644339975375e-01
-6.006317316460108025e-01
-6.006317316460108025e-01
-6.006317316460108025e-01
-6.006317316460108025e-01
-6.006317316460108025e-01
-2.558989518003299546e-01
-2.400767677828641034e-01
-5.948337838481078110e-01
-5.948337838481078110e-01
-5.714984514517263969e-01
-4.086162517449140053e-01
-4.086162517449140053e-01
-4.086162517449140053e-01
-4.086162517449140053e-01
-4.564225958592577070e-01
-5.779482894372302004e-01
-2.319651938989102935e-01
-2.319651938989102935e-01
-2.319651938989102935e-01
-1.569745588484958987e-01
-1.569745588484958987e-01
-1.569745588484958987e-01
-3.580351575610742354e-01
-3.953467819476446654e-01
-3.198891536227603805e-01
-4.432199675995806554e-01
-4.432199675995806554e-01
-4.432199675995806554e-01
-3.463454387839847715e-01
-3.256775851915260644e-01
-4.117276597889157896e-01
-4.117276597889157896e-01
-6.526075517242314605e-01
-6.526075517242314605e-01
-2.232362475267559709e-01
-4.373089362284877102e-01
-4.373089362284877102e-01
-4.373089362284877102e-01
-4.373089362284877102e-01
-4.373089362284877102e-01
-4.373089362284877102e-01
-4.373089362284877102e-01
-4.373089362284877102e-01
-1.658260765312734586e-01
-6.030877165311152588e-01
-6.030877165311152588e-01
-4.860371294258656882e-01
-4.860371294258656882e-01
-4.860371294258656882e-01
-5.670914116598679833e-01
-5.670914116598679833e-01
-5.670914116598679833e-01
-6.526193472896889558e-01
-6.526193472896889558e-01
-6.526193472896889558e-01
-6.526075517242314605e-01
-6.229597113556433197e-01
-6.229597113556433197e-01
-6.454913497654930499e-01
-6.454913497654930499e-01
-6.454913497654930499e-01
-3.713017212045351956e-01
-2.394122272786856909e-01
-2.394122272786856909e-01
-2.394122272786856909e-01
-2.394122272786856909e-01
-2.394122272786856909e-01
-3.358201189661116914e-01
-3.358201189661116914e-01
-3.358201189661116914e-01
-3.358201189661116914e-01
-3.196302495084802353e-01
-4.191382380334186530e-01
-4.191382380334186530e-01
-4.191382380334186530e-01
-4.191382380334186530e-01
-4.176723968458448955e-01
-4.176723968458448955e-01
-4.176723968458448955e-01
-4.176723968458448955e-01
-4.176723968458448955e-01
-8.346349513781458063e-01
-8.346349513781458063e-01
-8.346349513781458063e-01
-8.346349513781458063e-01
-8.346349513781458063e-01
-8.346349513781458063e-01
-8.346349513781458063e-01
-8.346349513781458063e-01
-8.346349513781458063e-01
-4.979443823630221311e-01
-4.979443823630221311e-01
-4.979443823630221311e-01
-4.979443823630221311e-01
-4.979443823630221311e-01
-4.979443823630221311e-01
-4.979443823630221311e-01
-3.281218884779891765e-01
-3.281218884779891765e-01
-3.281218884779891765e-01
-4.040392589386744837e-01
-4.040392589386744837e-01
-2.959601965734652840e-01
-5.107168143839498908e-01
-9.063494820895658943e-01
-9.063494820895658943e-01
-4.616287994567112030e-01
-3.717928042147400913e-01
-3.717928042147400913e-01
-4.664263180519380714e-01
-1.894949328147202405e-01
-1.894949328147202405e-01
-1.894949328147202405e-01
-3.206413061167496248e-01
-6.818040835014036460e-01
-6.895869913338247281e-01
-6.895869913338247281e-01
-6.895869913338247281e-01
-6.895869913338247281e-01
-6.895869913338247281e-01
-6.895869913338247281e-01
-6.895869913338247281e-01
-6.895869913338247281e-01
-6.895869913338247281e-01
-7.031289272964797998e-01
-5.694223749478050101e-01
-5.694223749478050101e-01
-5.694223749478050101e-01
-5.694223749478050101e-01
-5.694223749478050101e-01
-1.725137347700946844e-01
-1.389557784191736978e-01
-1.389557784191736978e-01
-1.389557784191736978e-01
-1.389557784191736978e-01
-5.430847007503473156e-01
-5.430847007503473156e-01
-6.743830203098274412e-01
-6.709583174886027956e-01
-6.761364567576129136e-01
-6.761364567576129136e-01
-3.958624817901085780e-01
-4.942258730901130659e-01
-4.942258730901130659e-01
-4.942258730901130659e-01
-4.942258730901130659e-01
-4.942258730901130659e-01
-4.942258730901130659e-01
-4.942258730901130659e-01
-4.942258730901130659e-01
-1.004617369197750687e+00
-9.997589638310682147e-01
-9.997589638310682147e-01
-1.069556686663946765e+00
-2.422110243463607149e-01
-2.422110243463607149e-01
-2.374589072814634882e-01
-6.458954191116711430e-01
-6.458954191116711430e-01
-7.555786783790953143e-01
-7.555786783790953143e-01
-7.555786783790953143e-01
-7.555786783790953143e-01
-7.555786783790953143e-01
-7.555786783790953143e-01
-6.359729552588088142e-01
-6.359729552588088142e-01
-6.359729552588088142e-01
-2.138239276340768991e-01
-2.138239276340768991e-01
-4.666980291871677955e-02
-4.666980291871677955e-02
-4.666980291871677955e-02
-4.666980291871677955e-02
-7.506393565730428152e-01
-7.506393565730428152e-01
-7.506393565730428152e-01
-7.506393565730428152e-01
-7.506393565730428152e-01
-7.506393565730428152e-01
-7.506393565730428152e-01
-7.506393565730428152e-01
-2.268528134827403897e-01
-2.268528134827403897e-01
-2.268528134827403897e-01
-2.268528134827403897e-01
-2.268528134827403897e-01
-2.268528134827403897e-01
-9.124552257658190280e-02
-9.124552257658190280e-02
-5.997129026836008070e-02
-5.997129026836008070e-02
-6.525656689193463089e-01
-1.395846473099396634e-01
-1.395846473099396634e-01
-1.395846473099396634e-01
-1.395846473099396634e-01
-1.395846473099396634e-01
-1.779012310801227070e-01
-1.779012310801227070e-01
-2.736484001517067721e-01
-2.736484001517067721e-01
-2.736484001517067721e-01
-2.736484001517067721e-01
-2.515182668346747641e-01
-2.513499948308299259e-01
-2.513499948308299259e-01
-7.577263830268815559e-01
-7.577263830268815559e-01
-1.126642465363496964e-01
-1.126642465363496964e-01
-1.019348192739213121e-01
-1.038650111304186413e-01
-1.086308611966455839e-01
-1.086308611966455839e-01
-1.086308611966455839e-01
-3.660460275172275346e-01
-1.847499956592318915e-01
-1.847499956592318915e-01
-1.847499956592318915e-01
-3.296750567383337494e-01
-3.296750567383337494e-01
-3.296750567383337494e-01
-3.296750567383337494e-01
-3.296750567383337494e-01
-1.127497358942122913e-01
-1.127497358942122913e-01
-1.127497358942122913e-01
-2.898932585980650289e-01
-2.898932585980650289e-01
-2.898932585980650289e-01
-2.898932585980650289e-01
-8.875583200564118869e-02
-8.875583200564118869e-02
-8.875583200564118869e-02
-3.967793448249422594e-01
-3.967793448249422594e-01
-3.967793448249422594e-01
-3.967793448249422594e-01
-3.967793448249422594e-01
-3.967793448249422594e-01
-3.886074967411690118e-01
-4.382171876457863213e-02
-4.382171876457863213e-02
-4.382171876457863213e-02
-4.382171876457863213e-02
-4.382171876457863213e-02
-1.287420011387272467e-01
-8.480352693260513608e-02
-8.480352693260513608e-02
-8.480352693260513608e-02
-8.480352693260513608e-02
-2.409643662762231409e-02
-1.048723566942415530e-01
-1.048723566942415530e-01
-1.048723566942415530e-01
-1.309081399190038242e-01
-2.136532908187997459e-01
-6.599833985815539705e-02
-6.599833985815539705e-02
-6.599833985815539705e-02
-6.599833985815539705e-02
-6.783172117820432945e-01
-6.783172117820432945e-01
-6.783172117820432945e-01
-1.286081898508746602e-01
-3.188071526715222093e-01
-3.637465760539184134e-01
-4.066416341989491645e-01
-4.066416341989491645e-01
-4.066416341989491645e-01
-2.626045313209693921e-01
-2.626045313209693921e-01
-3.998545968965636077e-01
-3.998545968965636077e-01
-4.066520906543184544e-01
-4.066520906543184544e-01
-4.066520906543184544e-01
-4.066520906543184544e-01
-4.066520906543184544e-01
-2.049150419052882532e-01
-1.904536644085871311e-01
-1.904536644085871311e-01
-5.836827933332432161e-02
-1.213788615813902599e-01
-1.213788615813902599e-01
-1.213788615813902599e-01
-1.213788615813902599e-01
-1.247657559114022097e-01
-7.511460957745975942e-02
-7.526238180027408631e-02
-7.526238180027408631e-02
-4.160584771496387765e-03
-2.113246602891280176e-02
-2.113246602891280176e-02
-1.445804824108831155e-01
-1.413176267142505493e-01
-1.413176267142505493e-01
-1.413176267142505493e-01
-1.413176267142505493e-01
-6.920083587985649543e-02
-6.920083587985649543e-02
-6.920083587985649543e-02
-6.920083587985649543e-02
-1.310245997591182598e-01
-1.310245997591182598e-01
-1.310245997591182598e-01
-1.310245997591182598e-01
-6.892824862472869685e-02
-6.892824862472869685e-02
-6.892824862472869685e-02
-4.082503612821006267e-02
-6.146640401070021902e-03
-6.146640401070021902e-03
-6.146640401070021902e-03
-6.146640401070021902e-03
-6.146640401070021902e-03
-6.146640401070021902e-03
-6.146640401070021902e-03
-6.146640401070021902e-03
-6.146640401070021902e-03
-8.200654977252332806e-03
-1.118645271425265375e-01
-2.137041912480020400e+00
-1.498836860146166849e-01
-1.381807328410175895e-01
-8.685909653257000915e-03
-7.618231481621415835e-01
-8.362729145110677983e-03
-8.362729145110677983e-03
-8.362729145110677983e-03
-8.752042459712201794e-02
-7.480178135188997671e-03
-2.513328357020937903e-02
-1.606398285233039847e+00
-1.449692891073728340e-02
-1.449692891073728340e-02
-1.449692891073728340e-02
-1.449692891073728340e-02
-1.449692891073728340e-02
-1.449692891073728340e-02
-1.449692891073728340e-02
-4.189368159319657031e-02
-4.189368159319657031e-02
-4.189368159319657031e-02
-4.189368159319657031e-02
-4.189368159319657031e-02
-1.616662913082206679e-02
-1.616662913082206679e-02
-1.616662913082206679e-02
-1.616662913082206679e-02
-5.111932384124449197e-02
-5.111932384124449197e-02
-2.461844604697441784e-03
-2.461844604697441784e-03
-2.461844604697441784e-03
-5.224704507375082206e-03
-1.830675231424617891e-03
-1.830675231424617891e-03
-6.719072479362925288e-02
-6.719072479362925288e-02
-6.719072479362925288e-02
-6.719072479362925288e-02
-6.659521256532541233e-02
-3.864110712795366664e-01
-4.434268957228323406e-03
-4.434268957228323406e-03
-5.264786458494102178e-02
-5.264786458494102178e-02
-5.264786458494102178e-02
-9.317481694440311879e-02
-9.317481694440311879e-02
-9.317481694440311879e-02
-4.395012019013355697e-02
-4.021889791889810550e-01
-4.021889791889810550e-01
-4.021889791889810550e-01
-4.021889791889810550e-01
-4.021889791889810550e-01
-4.543022147556107782e-01
-9.072902674713735497e-04
-4.521952888591795200e-02
-4.521952888591795200e-02
-4.521952888591795200e-02
-7.682292941195559277e-02
-7.682292941195559277e-02
-7.939748964619681992e-02
-9.462421663803533348e-03
-9.462421663803533348e-03
-9.462421663803533348e-03
-9.462421663803533348e-03
-5.320930073525663440e-02
-2.734379773428859475e-03
-1.120056964129380467e-01
-1.847200152636941858e-02
-1.847200152636941858e-02
-1.847200152636941858e-02
-1.847200152636941858e-02
-1.847200152636941858e-02
-1.847200152636941858e-02
-1.847200152636941858e-02
-7.190594510184190880e-02
-2.106181728737303860e-02
-2.106181728737303860e-02
-2.106181728737303860e-02
-2.106181728737303860e-02
-2.106181728737303860e-02
-1.521597315430868978e-02
-1.521597315430868978e-02
-5.425323676994607547e-02
-3.243013005525614140e-02
-3.243013005525614140e-02
-3.243013005525614140e-02
-3.243013005525614140e-02
-3.243013005525614140e-02
-3.243013005525614140e-02
-3.243013005525614140e-02
-3.243013005525614140e-02
-9.080324763606656066e-03
-8.668157897077599650e-02
-8.668157897077599650e-02
-8.668157897077599650e-02
-8.877331166604736368e-02
-8.877331166604736368e-02
-8.877331166604736368e-02
-8.877331166604736368e-02
-8.877331166604736368e-02
-8.877331166604736368e-02
-8.877331166604736368e-02
-9.607255145423042320e-02
-1.494278614881161538e-01
-1.494278614881161538e-01
-1.443432747292017204e-01
-1.443432747292017204e-01
-1.361037446025680497e-01
-1.361037446025680497e-01
-1.361037446025680497e-01
-8.273616176718279203e-02
-9.063764494874053390e-02
-9.063764494874053390e-02
-1.670954389280388322e-02
-1.670954389280388322e-02
-1.670954389280388322e-02
-1.574613609801742836e-02
-1.036174823289619518e-01
-1.036174823289619518e-01
-1.036174823289619518e-01
-1.036174823289619518e-01
-1.036174823289619518e-01
-7.057282539444260927e-02
-7.057282539444260927e-02
-2.546152580764507803e-02
-2.546152580764507803e-02
-1.215452388869188854e-01
-2.204429671652686010e-02
-2.490016800951547205e-02
-6.728966935870751842e-02
-6.587123836659564136e-02
-6.587123836659564136e-02
-6.587123836659564136e-02
-6.587123836659564136e-02
-5.014118939695121069e-02
-1.272304564087614276e+00
-5.665770509274922068e-02
-3.952680095090008866e-02
-3.952680095090008866e-02
-3.499918426769869223e-02
-6.299023560994441995e-02
-6.299023560994441995e-02
-6.299023560994441995e-02
-6.299023560994441995e-02
-8.502315523291636978e-02
-8.502315523291636978e-02
-8.084875732717276831e-02
-8.032384754138967298e-02
-1.193749242912742897e-02
-1.193749242912742897e-02
-6.718917057117586022e-01
-6.718917057117586022e-01
-5.288601961578055094e-02
-5.289682509452389020e-02
-1.817917269627860807e-02
-1.817917269627860807e-02
-1.382617347554996323e-01
-1.382617347554996323e-01
-1.382617347554996323e-01
-1.382617347554996323e-01
-1.382617347554996323e-01
-8.665443349978663168e-02
-8.665443349978663168e-02
-8.665443349978663168e-02
-8.665443349978663168e-02
-8.665443349978663168e-02
-1.811160751392291947e-03
-1.093984675908863613e+00
-1.093984675908863613e+00
-1.093984675908863613e+00
-1.093984675908863613e+00
-1.093984675908863613e+00
-1.093984675908863613e+00
-1.028503674166152404e+00
-1.126854529116395165e+00
-1.126854529116395165e+00
-1.235202624396657817e-02
-1.763619917015728233e-02
-1.763619917015728233e-02
-3.712639981884345575e-02
-4.577671710123978888e-03
-1.888318845635390472e-02
-1.888318845635390472e-02
-1.888318845635390472e-02
-7.142274538998849565e-03
-3.661453923349398260e-02
-3.661453923349398260e-02
-2.914282776429593658e-01
-2.914282776429593658e-01
-2.914282776429593658e-01
-4.832164863441459901e-02
-4.832164863441459901e-02
-3.390891359937350108e-02
-3.390891359937350108e-02
-3.390891359937350108e-02
-3.390891359937350108e-02
-3.390891359937350108e-02
-7.301885955192390087e-02
-5.477445759235330947e-01
-4.890505829915033909e-01
-4.890505829915033909e-01
-4.890505829915033909e-01
-1.457486622192207593e+00
-1.457486622192207593e+00
-1.659777650278396318e-03
-1.338876545229787662e-02
-1.338876545229787662e-02
-1.675369846590048402e-03
-1.675369846590048402e-03
-1.675369846590048402e-03
-1.876218997682827438e-03
-1.876218997682827438e-03
-1.876218997682827438e-03
-1.876218997682827438e-03
-1.736611762684173296e-03
-1.070861807929967928e-03
-1.070861807929967928e-03
-2.897957599869649403e-01
-2.897957599869649403e-01
-8.545383440604856773e-01
-6.949705557887002616e-01
-6.949705557887002616e-01
-6.949705557887002616e-01
-6.949705557887002616e-01
-6.949705557887002616e-01
-6.949705557887002616e-01
-6.949705557887002616e-01
-4.352779051085958750e-01
-4.352779051085958750e-01
-4.352779051085958750e-01
-1.768434436254587945e-03
-1.768434436254587945e-03
-1.768434436254587945e-03
-1.768434436254587945e-03
-1.768434436254587945e-03
-4.565081326290965080e-04
-2.322095245065925948e-02
-2.643384082139563912e-02
-2.643384082139563912e-02
-2.643384082139563912e-02
-6.132032259244535322e-02
-6.132032259244535322e-02
-3.843307833456172367e-03
-3.843307833456172367e-03
-3.843307833456172367e-03
-3.843307833456172367e-03
-3.843307833456172367e-03
-3.843307833456172367e-03
-3.843307833456172367e-03
-3.843307833456172367e-03
-3.843307833456172367e-03
-3.843307833456172367e-03
-3.843307833456172367e-03
-8.521710182353141316e-03
-1.320145030578965054e-02
-4.606560641903266196e-01
-1.679542757584989277e+00
-1.679542757584989277e+00
-1.679542757584989277e+00
-6.797787792140165264e-01
-6.797787792140165264e-01
-1.428384034686061045e-02
-1.428384034686061045e-02
-1.428384034686061045e-02
-2.853440238344509550e-02
-8.877180872866118067e-02
-8.877180872866118067e-02
-3.706455145237778220e-02
-3.660363492415238170e-03
-3.660363492415238170e-03
-3.660363492415238170e-03
-5.607907419906747043e-02
-6.158337224965797219e-02
-2.404649957416162432e-03
-2.842378512338288032e-02
-4.251003906444199287e-02
-4.251003906444199287e-02
-5.674324074963082304e-02
-4.051386754439847970e-03
-4.051386754439847970e-03
-4.051386754439847970e-03
-4.051386754439847970e-03
-4.051386754439847970e-03
-1.347987818216502542e-01
-1.347987818216502542e-01
-1.347987818216502542e-01
-5.415013597754629870e-01
-6.801323042772923488e-02
-6.801323042772923488e-02
-6.539853962839903279e-02
-7.697103641229195714e-02
-5.890356650999809540e-01
