# Variable: dg_gbsa_00000147
# Sample shape: (1000,)
# Date: 2014-03-03 23:31:52.982405
-3.725975808860239047e-01
-3.725975808860239047e-01
-3.725975808860239047e-01
-3.725975808860239047e-01
-3.725975808860239047e-01
-3.725975808860239047e-01
-3.725917115949991532e-01
-3.725975808860239047e-01
-3.725975808860239047e-01
-3.725975808860239047e-01
-2.109707968868671235e-01
-3.533042525698076308e-01
-4.797682422524884166e-02
-2.343600925706312565e-01
-7.420890905803521030e-03
-1.479670490862990406e-01
-2.509998032969225079e-01
-3.564247841916507852e-03
-8.324316985919415560e-03
-3.059600999874434978e-03
-8.980403467300517029e-02
-5.895185531838218265e-03
-2.523516776684820995e-01
-2.523516776684820995e-01
-2.523516776684820995e-01
-2.057635818339214606e-01
-5.649646697833022625e-03
-5.649646697833022625e-03
-5.649646697833022625e-03
-1.641710361832642295e-01
-1.641710361832642295e-01
-1.641710361832642295e-01
-1.641710361832642295e-01
-1.641710361832642295e-01
-1.641710361832642295e-01
-1.641710361832642295e-01
-7.434048285675777523e-02
-7.434048285675777523e-02
-1.452674601319642878e-01
-2.315952576141284414e-01
-1.694469732262664230e-01
-1.828724778405111107e-01
-1.828724778405111107e-01
-2.011360304989276704e-01
-9.756023153292288363e-02
-9.756023153292288363e-02
-3.805415736899549206e-02
-1.868669435125464018e-01
-1.061824123672499842e-01
-2.366897737318881256e-01
-2.366897737318881256e-01
-1.613563834823112386e-01
-1.613563834823112386e-01
-1.613563834823112386e-01
-1.613563834823112386e-01
-1.598397558323511880e-01
-1.598397558323511880e-01
-2.074462306431101022e-01
-2.074462306431101022e-01
-2.074462306431101022e-01
-2.074462306431101022e-01
-8.359652575297747690e-02
-6.300540744232629997e-02
-6.300540744232629997e-02
-6.300540744232629997e-02
-1.275926885367807406e-01
-1.275926885367807406e-01
-1.204506303566591635e-01
-1.204506303566591635e-01
-1.204506303566591635e-01
-2.181892555712741655e-01
-2.181892555712741655e-01
-1.767897412152408809e-01
-1.767897412152408809e-01
-8.367690797289743798e-02
-8.367690797289743798e-02
-8.367690797289743798e-02
-5.646258321934402580e-02
-9.883160437555202349e-03
-9.883160437555202349e-03
-3.156314174828064173e-02
-3.156314174828064173e-02
-1.060800915352473062e-01
-1.647471241923636753e-01
-1.647471241923636753e-01
-1.647471241923636753e-01
-2.102635758100914465e-01
-2.102635758100914465e-01
-2.175215239962473845e-01
-9.942779150109445907e-02
-4.574036346766278092e-03
-4.574036346766278092e-03
-4.574036346766278092e-03
-1.452010602157840780e-01
-2.156380371655378381e-01
-2.156380371655378381e-01
-5.660731181587816963e-01
-5.764234704223690775e-01
-5.764234704223690775e-01
-3.026932990801721735e-01
-3.303303374387109859e-01
-7.026692421440867975e-02
-3.190677947797465053e-01
-1.285460921819989444e-01
-1.925315358898607720e-01
-3.436883024686152727e-02
-1.125084966364143790e-01
-5.454419903727835139e-01
-5.454419903727835139e-01
-4.763086086021554588e-01
-4.763086086021554588e-01
-4.763086086021554588e-01
-4.763086086021554588e-01
-4.763086086021554588e-01
-4.763086086021554588e-01
-4.763086086021554588e-01
-4.666557047608705378e-01
-5.730291397576121604e-01
-5.004421930696038023e-01
-5.004421930696038023e-01
-5.004421930696038023e-01
-2.517791083848270883e-01
-2.479170863988522377e-01
-2.479170863988522377e-01
-2.097859123924722125e-01
-2.097859123924722125e-01
-1.937132008217032908e-01
-2.693676925753999973e-01
-1.274364970154333587e-01
-1.274364970154333587e-01
-2.080202814953732715e-01
-2.080202814953732715e-01
-9.672214093673296709e-02
-9.672214093673296709e-02
-9.672214093673296709e-02
-9.672214093673296709e-02
-9.672214093673296709e-02
-9.672214093673296709e-02
-9.672214093673296709e-02
-2.671092406741519820e-01
-1.766146454482871719e-01
-1.741463948846091181e-01
-1.741463948846091181e-01
-1.741463948846091181e-01
-1.741463948846091181e-01
-3.271690404209990355e-01
-2.284444028059337550e-01
-3.439317640793255193e-01
-3.439317640793255193e-01
-4.573509125591008195e-01
-4.573509125591008195e-01
-4.190194276277239283e-01
-2.203117450610173333e-01
-2.410717265783714480e-01
-1.037452604984917953e-01
-1.037452604984917953e-01
-1.037452604984917953e-01
-3.030914136602135267e-01
-3.030914136602135267e-01
-4.155100759539047672e-01
-4.155100759539047672e-01
-3.478944757472488547e-01
-4.493420370222277471e-01
-4.493420370222277471e-01
-4.493420370222277471e-01
-3.632712204643234744e-01
-3.632712204643234744e-01
-3.632712204643234744e-01
-3.632712204643234744e-01
-3.632712204643234744e-01
-3.632712204643234744e-01
-3.632712204643234744e-01
-3.506359475064687592e-01
-4.271733829213829603e-01
-3.831912238100974588e-01
-3.755981562014519270e-01
-4.515058394827760613e-01
-4.515058394827760613e-01
-4.515058394827760613e-01
-4.515058394827760613e-01
-4.145353747599438976e-01
-4.145353747599438976e-01
-4.145353747599438976e-01
-4.145353747599438976e-01
-4.145353747599438976e-01
-4.676694395893162270e-01
-4.676694395893162270e-01
-4.676694395893162270e-01
-4.676694395893162270e-01
-4.676694395893162270e-01
-3.198129668062549280e-01
-3.198129668062549280e-01
-3.198129668062549280e-01
-2.549184382987523811e-01
-3.027685456704454769e-01
-3.027685456704454769e-01
-3.027685456704454769e-01
-3.027685456704454769e-01
-3.027685456704454769e-01
-3.671042948790307348e-01
-3.671042948790307348e-01
-3.671042948790307348e-01
-3.671042948790307348e-01
-3.671042948790307348e-01
-3.671042948790307348e-01
-5.057711104362005994e-01
-4.317060141444890031e-01
-4.317060141444890031e-01
-4.273097727084478881e-01
-4.273097727084478881e-01
-4.650417921875903970e-01
-4.650417921875903970e-01
-4.650417921875903970e-01
-4.650417921875903970e-01
-4.650417921875903970e-01
-4.625191652068216253e-01
-4.625191652068216253e-01
-4.334583963992262867e-01
-2.373829768902940840e-01
-3.133018716571435713e-01
-3.133018716571435713e-01
-3.133018716571435713e-01
-3.133018716571435713e-01
-3.133018716571435713e-01
-3.016608736939001556e-01
-3.016608736939001556e-01
-3.016608736939001556e-01
-3.016608736939001556e-01
-4.120724663907665564e-01
-4.120724663907665564e-01
-4.120788485324633488e-01
-4.120788485324633488e-01
-4.120788485324633488e-01
-3.286165044594904772e-01
-3.286165044594904772e-01
-3.286165044594904772e-01
-3.286165044594904772e-01
-9.027352097157538557e-02
-9.027352097157538557e-02
-2.505387220510333357e-01
-2.505387220510333357e-01
-2.505387220510333357e-01
-2.505387220510333357e-01
-2.505387220510333357e-01
-1.618785082040279655e-01
-1.618785082040279655e-01
-1.618785082040279655e-01
-1.531705317260202426e-01
-1.531705317260202426e-01
-1.531705317260202426e-01
-1.531705317260202426e-01
-1.531705317260202426e-01
-2.556528974445554381e-01
-1.830127852368765018e-01
-1.582735526174249840e-01
-1.582735526174249840e-01
-1.582735526174249840e-01
-1.414982498717809456e-01
-1.414982498717809456e-01
-1.654387460611974336e-01
-1.654387460611974336e-01
-2.588746253664588881e-01
-2.588746253664588881e-01
-2.323155706288937417e-01
-4.195758421152089301e-01
-4.195758421152089301e-01
-4.195758421152089301e-01
-4.195758421152089301e-01
-4.195758421152089301e-01
-4.195758421152089301e-01
-4.195758421152089301e-01
-4.195605990535670182e-01
-4.195605990535670182e-01
-4.480106196941426311e-01
-4.480106196941426311e-01
-4.480106196941426311e-01
-4.317064700117530518e-01
-4.287687758870608046e-01
-4.287687758870608046e-01
-4.287687758870608046e-01
-4.317064700117530518e-01
-4.067495322820105508e-01
-4.067495322820105508e-01
-3.292905042093980383e-01
-3.292905042093980383e-01
-3.292905042093980383e-01
-3.292905042093980383e-01
-2.378020043810740447e-01
-3.643584923808023124e-01
-3.643584923808023124e-01
-3.772466861950963257e-01
-3.772466861950963257e-01
-3.772466861950963257e-01
-4.188748037382019618e-01
-4.502191256382724882e-01
-4.502191256382724882e-01
-4.502191256382724882e-01
-4.502191256382724882e-01
-3.653787803011687707e-01
-3.653787803011687707e-01
-3.397053901825534683e-01
-3.397053901825534683e-01
-3.397053901825534683e-01
-4.251733222837429382e-01
-4.251733222837429382e-01
-4.251733222837429382e-01
-4.251733222837429382e-01
-4.251733222837429382e-01
-4.251733222837429382e-01
-4.251733222837429382e-01
-4.251733222837429382e-01
-4.251733222837429382e-01
-4.208683967590332031e-01
-4.208683967590332031e-01
-3.509978206390176325e-01
-4.353983965248268140e-01
-2.867652398906291866e-01
-3.497947014540604416e-01
-3.497947014540604416e-01
-3.497947014540604416e-01
-3.497947014540604416e-01
-4.354875755583578756e-01
-4.354875755583578756e-01
-4.354854101888536166e-01
-4.354223295561897578e-01
-4.354223295561897578e-01
-4.354740704906601700e-01
-4.354683436581555100e-01
-4.354683436581555100e-01
-4.354683436581555100e-01
-4.335033278164398540e-01
-3.711648755502062191e-01
-2.117018512740417580e-01
-2.117018512740417580e-01
-2.117018512740417580e-01
-2.117018512740417580e-01
-2.117018512740417580e-01
-2.117018512740417580e-01
-2.974427054078811195e-02
-2.974427054078811195e-02
-2.955431350102615817e-01
-2.955431350102615817e-01
-2.322268474626267565e-01
-2.322268474626267565e-01
-3.645387309003286225e-01
-4.134890454221181733e-01
-4.157787527226580737e-01
-4.495878064609621916e-01
-4.495878064609621916e-01
-4.495878064609621916e-01
-3.057556444098799009e-01
-3.976044075894765717e-01
-3.976044075894765717e-01
-3.557077842278416613e-01
-2.950933364791578084e-01
-2.950933364791578084e-01
-2.569715504892469693e-01
-2.569715504892469693e-01
-2.569715504892469693e-01
-2.569715504892469693e-01
-2.297795952847992984e-01
-2.297795952847992984e-01
-3.307475129687307419e-02
-2.563685235740121859e-01
-2.563685235740121859e-01
-2.563685235740121859e-01
-2.563685235740121859e-01
-2.563685235740121859e-01
-4.423017227171027743e-02
-4.423017227171027743e-02
-3.987793199874702377e-01
-3.067306305208807871e-01
-3.067306305208807871e-01
-3.067306305208807871e-01
-3.067306305208807871e-01
-3.067306305208807871e-01
-3.105460970625138484e-01
-3.105460970625138484e-01
-3.105460970625138484e-01
-3.105460970625138484e-01
-3.105460970625138484e-01
-2.456271226729763169e-01
-3.074935528789833894e-01
-3.074935528789833894e-01
-3.074935528789833894e-01
-3.074935528789833894e-01
-2.018224383859287818e-01
-1.871469314877891033e-01
-1.871469314877891033e-01
-1.871469314877891033e-01
-2.552821064086534530e-01
-1.482542454626546435e-01
-5.404141163506881451e-02
-3.279208866291702384e-02
-3.478954444651849442e-01
-3.478954444651849442e-01
-3.945266197561989596e-01
-3.945266197561989596e-01
-3.945266197561989596e-01
-3.945266197561989596e-01
-3.945266197561989596e-01
-3.234187913898299849e-01
-3.234187913898299849e-01
-3.305894125032151076e-01
-3.305894125032151076e-01
-4.160685703357820397e-01
-3.208198351340357801e-01
-3.208198351340357801e-01
-3.546777236530019306e-01
-3.546777236530019306e-01
-3.546777236530019306e-01
-3.546777236530019306e-01
-3.546777236530019306e-01
-3.546777236530019306e-01
-4.172845962626527960e-01
-4.172845962626527960e-01
-2.429320923912821339e-01
-2.429320923912821339e-01
-1.493258754336355132e-01
-1.493258754336355132e-01
-2.054387764082811763e-01
-2.054387764082811763e-01
-1.765738595740061201e-01
-2.543223918509984749e-01
-2.543223918509984749e-01
-2.543223918509984749e-01
-2.543223918509984749e-01
-2.543223918509984749e-01
-2.543223918509984749e-01
-2.543223918509984749e-01
-3.470902119266371377e-01
-3.470902119266371377e-01
-3.470902119266371377e-01
-3.719616175609610220e-01
-3.719616175609610220e-01
-3.549597060475249144e-01
-3.549597060475249144e-01
-4.864875262827535463e-01
-4.864875262827535463e-01
-2.975521135512547086e-02
-4.111319267499058960e-01
-4.111319267499058960e-01
-4.173646864426067138e-01
-4.173646864426067138e-01
-4.173646864426067138e-01
-4.173646864426067138e-01
-3.626557711661431704e-01
-3.626557711661431704e-01
-3.626557711661431704e-01
-4.055202577127781094e-01
-4.175881183854024403e-01
-4.175881183854024403e-01
-4.175881183854024403e-01
-4.175881183854024403e-01
-5.010442227751985556e-01
-5.010442227751985556e-01
-5.010442227751985556e-01
-4.914263922215419411e-01
-4.914263922215419411e-01
-4.914263922215419411e-01
-4.914263922215419411e-01
-4.914263922215419411e-01
-4.914263922215419411e-01
-4.914263922215419411e-01
-4.438494917995386979e-01
-3.535544952060706292e-01
-3.617409310422937119e-01
-3.989057376781339204e-01
-3.989057376781339204e-01
-3.989057376781339204e-01
-4.288924298824360881e-01
-4.288924298824360881e-01
-4.288924298824360881e-01
-4.288924298824360881e-01
-3.482293102526983763e-01
-3.482293102526983763e-01
-3.482293102526983763e-01
-4.703953833698542586e-01
-4.703953833698542586e-01
-4.703953833698542586e-01
-4.703953833698542586e-01
-4.703953833698542586e-01
-4.703947850440701739e-01
-3.880019910476859568e-01
-3.880019910476859568e-01
-3.880019910476859568e-01
-3.880019910476859568e-01
-3.880019910476859568e-01
-3.880019910476859568e-01
-3.366330727564444958e-01
-4.054851559334457511e-01
-4.054851559334457511e-01
-4.735920670839385838e-01
-4.735920670839385838e-01
-4.735920670839385838e-01
-4.735920670839385838e-01
-4.735920670839385838e-01
-4.491664141587499715e-01
-4.491664141587499715e-01
-4.491664141587499715e-01
-4.491664141587499715e-01
-4.491664141587499715e-01
-4.491664141587499715e-01
-3.752298154520942730e-01
-3.752298154520942730e-01
-3.752298154520942730e-01
-3.758471452027388193e-01
-3.758471452027388193e-01
-3.547738831540138693e-01
-3.409727011766305882e-01
-3.409727011766305882e-01
-3.409727011766305882e-01
-3.201574030159536344e-01
-3.201574030159536344e-01
-3.201574030159536344e-01
-3.201574030159536344e-01
-4.228855809107793240e-01
-4.228855809107793240e-01
-3.791868572709209406e-01
-3.791868572709209406e-01
-3.791868572709209406e-01
-3.791868572709209406e-01
-2.573664739984399263e-01
-4.267288553555198538e-01
-4.267288553555198538e-01
-4.267288553555198538e-01
-4.267288553555198538e-01
-4.434457002474746085e-02
-3.771297277501618750e-02
-3.771297277501618750e-02
-2.817057400770898307e-02
-2.817057400770898307e-02
-1.773678948728805715e-01
-1.773678948728805715e-01
-1.773678948728805715e-01
-4.166931369792434836e-01
-7.642479346313621469e-02
-7.642479346313621469e-02
-7.536203865795244872e-02
-7.536203865795244872e-02
-6.925150837542677629e-02
-6.925150837542677629e-02
-6.925150837542677629e-02
-6.925150837542677629e-02
-6.925150837542677629e-02
-1.734311676390084267e-01
-3.100207385323927034e-01
-1.839067551875433471e-01
-1.839067551875433471e-01
-1.839067551875433471e-01
-3.290317995370459769e-01
-1.946519312393596712e-01
-2.452779283487090123e-01
-2.452779283487090123e-01
-2.414312064077840381e-01
-2.414312064077840381e-01
-2.414295823806558439e-01
-2.414295823806558439e-01
-2.414295823806558439e-01
-2.414295823806558439e-01
-2.503475427171695800e-01
-1.722160392008137697e-01
-1.722160392008137697e-01
-4.115918327130049098e-02
-1.985288543865283972e-01
-1.985288543865283972e-01
-1.985288543865283972e-01
-1.985288543865283972e-01
-1.985288543865283972e-01
-2.459044324280426908e-01
-2.459044324280426908e-01
-2.390418066349357662e-01
-2.390418066349357662e-01
-2.390418066349357662e-01
-2.390418066349357662e-01
-2.390418066349357662e-01
-1.754409581935656437e-01
-1.754409581935656437e-01
-1.754409581935656437e-01
-2.103704766835126916e-01
-1.391949520284313513e-01
-1.829385643479473078e-01
-1.829385643479473078e-01
-2.102782347918012440e-01
-2.102782347918012440e-01
-2.102782347918012440e-01
-2.102782347918012440e-01
-2.102782347918012440e-01
-1.825667191189971894e-01
-1.825667191189971894e-01
-1.825667191189971894e-01
-1.566961236711214012e-01
-1.566961236711214012e-01
-1.566961236711214012e-01
-1.566961236711214012e-01
-1.566961236711214012e-01
-8.484578012964237581e-02
-8.484578012964237581e-02
-8.484578012964237581e-02
-8.484578012964237581e-02
-8.484578012964237581e-02
-9.382403603475361620e-02
-9.382403603475361620e-02
-9.382403603475361620e-02
-9.406465559798946052e-02
-9.406465559798946052e-02
-9.406465559798946052e-02
-1.036498275359319654e-01
-1.036498275359319654e-01
-1.838140004451598308e-01
-2.134559715227232757e-01
-2.134559715227232757e-01
-1.419229614575095999e-01
-1.716335120666095393e-01
-1.716335120666095393e-01
-1.631456055103250868e-01
-2.363620051690314972e-01
-2.363620051690314972e-01
-2.363620051690314972e-01
-2.728333664669816971e-01
-2.770386280110871402e-01
-2.770386280110871402e-01
-2.770386280110871402e-01
-2.770386280110871402e-01
-2.770386280110871402e-01
-2.770386280110871402e-01
-2.770386280110871402e-01
-2.244079973456052646e-01
-2.244079973456052646e-01
-2.244079973456052646e-01
-2.244079973456052646e-01
-2.244079973456052646e-01
-2.183680695056003374e-01
-1.107583367345893743e-01
-1.107583367345893743e-01
-1.107578523756213157e-01
-1.107578523756213157e-01
-1.107583367345893743e-01
-1.012361029707906784e-01
-1.012361029707906784e-01
-1.012361029707906784e-01
-6.263371179482220275e-02
-8.298838457687406078e-02
-3.585699112305905378e-02
-3.585699112305905378e-02
-3.585699112305905378e-02
-3.585699112305905378e-02
-1.596602011137209232e-01
-1.596602011137209232e-01
-1.284791224317386460e-01
-9.549714724602707816e-02
-1.286933515541412165e-01
-1.286933515541412165e-01
-1.286933515541412165e-01
-1.286933515541412165e-01
-1.286933515541412165e-01
-1.286933515541412165e-01
-1.286933515541412165e-01
-1.286933515541412165e-01
-2.019813366191564874e-01
-2.019813366191564874e-01
-6.492844788111874765e-02
-6.492844788111874765e-02
-6.492844788111874765e-02
-6.492844788111874765e-02
-6.492844788111874765e-02
-5.066857796098260536e-02
-3.930856874408503177e-02
-3.930856874408503177e-02
-3.930856874408503177e-02
-4.679632745327046844e-02
-1.151449835893072864e-02
-4.281243576488348579e-02
-4.281243576488348579e-02
-4.281243576488348579e-02
-4.281243576488348579e-02
-4.281243576488348579e-02
-4.030435736047149886e-02
-4.030435736047149886e-02
-4.030435736047149886e-02
-4.030435736047149886e-02
-4.030435736047149886e-02
-4.030435736047149886e-02
-4.030435736047149886e-02
-5.800168370083686430e-03
-5.800168370083686430e-03
-3.044858190229244449e-02
-3.044858190229244449e-02
-3.044858190229244449e-02
-3.044858190229244449e-02
-3.044858190229244449e-02
-3.044858190229244449e-02
-1.938566280596570532e-02
-1.938566280596570532e-02
-6.083781558514552573e-02
-6.083781558514552573e-02
-1.852520800286451552e-03
-1.852520800286451552e-03
-1.852520800286451552e-03
-1.852520800286451552e-03
-2.707926339218766701e-02
-2.707926339218766701e-02
-2.707926339218766701e-02
-1.503060813138464404e-03
-8.134991393547440566e-03
-4.862820512364060543e-02
-1.561002766652955058e-02
-1.561002766652955058e-02
-1.561002766652955058e-02
-1.805052552977665786e-02
-1.805052552977665786e-02
-1.523293595739691952e-03
-1.523293595739691952e-03
-1.523293595739691952e-03
-1.306639695771565600e-02
-2.378503476798420405e-02
-2.378503476798420405e-02
-5.212026589459260728e-03
-5.212026589459260728e-03
-5.212026589459260728e-03
-3.094499927177939425e-01
-3.094499927177939425e-01
-3.094499927177939425e-01
-2.050183243323010565e-02
-2.050183243323010565e-02
-9.479489084867400231e-03
-9.479489084867400231e-03
-1.590318237048490152e-02
-1.610326180038670896e-02
-1.610326180038670896e-02
-1.605159031444480106e-02
-1.610326180038670896e-02
-1.420788110784089175e-01
-7.992210561128237217e-03
-2.530152708235023848e-02
-2.530152708235023848e-02
-2.530152708235023848e-02
-2.530152708235023848e-02
-2.530152708235023848e-02
-2.530152708235023848e-02
-2.530152708235023848e-02
-2.530152708235023848e-02
-2.530152708235023848e-02
-2.530152708235023848e-02
-2.352046258533889607e-03
-1.330152741610205955e-02
-3.735972550585438257e-02
-3.735972550585438257e-02
-3.735972550585438257e-02
-3.735972550585438257e-02
-2.060913575197041193e-03
-2.060913575197041193e-03
-2.060913575197041193e-03
-5.338776386547726925e-03
-9.067177622940526469e-03
-9.067177622940526469e-03
-2.151207702793537027e-02
-2.675564464601913883e-01
-2.675564464601913883e-01
-1.620729925755560741e-01
-2.004097342263216064e-01
-2.004097342263216064e-01
-2.004097342263216064e-01
-2.004097342263216064e-01
-2.004097342263216064e-01
-2.004097342263216064e-01
-2.004097342263216064e-01
-2.004097342263216064e-01
-3.965197569097660968e-01
-3.044032002042401652e-01
-3.044032002042401652e-01
-3.044032002042401652e-01
-3.044032002042401652e-01
-3.044032002042401652e-01
-3.044032002042401652e-01
-3.044032002042401652e-01
-3.044032002042401652e-01
-3.044032002042401652e-01
-2.567482040215632311e-01
-2.567482040215632311e-01
-2.567482040215632311e-01
-2.567482040215632311e-01
-2.367529255938119470e-01
-2.367529255938119470e-01
-2.367529255938119470e-01
-2.367529255938119470e-01
-2.367529255938119470e-01
-5.242379514026823673e-01
-5.242379514026823673e-01
-1.566429723973028140e-02
-1.566429723973028140e-02
-1.566429723973028140e-02
-1.566429723973028140e-02
-1.566429723973028140e-02
-2.561726502319138822e-03
-2.561726502319138822e-03
-2.561726502319138822e-03
-2.561726502319138822e-03
-4.916290822038230646e-01
-4.916290822038230646e-01
-4.916290822038230646e-01
-4.916290822038230646e-01
-1.612300655126115700e-01
-1.612300655126115700e-01
-1.612300655126115700e-01
-1.612300655126115700e-01
-6.632611376320654388e-03
-1.518050231837291724e-03
-2.137362871525620364e-02
-2.137362871525620364e-02
-1.032082417385072129e-02
-2.806326534677417925e-02
-2.806326534677417925e-02
-2.806326534677417925e-02
-2.806326534677417925e-02
-2.806326534677417925e-02
-1.090055110777085438e-02
-4.868808043960403537e-02
-4.868808043960403537e-02
-4.868808043960403537e-02
-4.787892316882970400e-02
-4.787892316882970400e-02
-1.641518363362288666e-02
-3.259459485515353583e-02
-1.657900558944869901e-02
-1.657900558944869901e-02
-1.657900558944869901e-02
-1.657900558944869901e-02
-1.657900558944869901e-02
-1.657900558944869901e-02
-1.657900558944869901e-02
-1.590979422654522149e-02
-3.706410270803972562e-02
-3.706410270803972562e-02
-4.307641140247622097e-02
-1.864421250829277274e-02
-1.800695102996625538e-02
-1.800695102996625538e-02
-1.805832869521062714e-02
-2.570452086670220807e-02
-2.570452086670220807e-02
-1.094409800624300266e-01
-2.380267469422539181e-02
-2.380267469422539181e-02
-7.539384786474088648e-03
-5.680326475667451906e-03
-5.680326475667451906e-03
-5.680326475667451906e-03
-5.680326475667451906e-03
-5.680326475667451906e-03
-5.680326475667451906e-03
-1.870725930705808768e-02
-2.971131988510802846e-02
-2.971131988510802846e-02
-8.804652391154724547e-03
-4.724581613709319741e-03
-4.724581613709319741e-03
-4.724581613709319741e-03
-4.724581613709319741e-03
-4.724581613709319741e-03
-8.843951354633098130e-03
-1.781319675835323080e-02
-1.781319675835323080e-02
-1.781319675835323080e-02
-1.959256777970786248e-02
-1.959256777970786248e-02
-1.959256777970786248e-02
-1.959256777970786248e-02
-1.959256777970786248e-02
-1.959256777970786248e-02
-1.959256777970786248e-02
-1.305079864013947155e-02
-1.305079864013947155e-02
-1.305079864013947155e-02
-1.068424921390203307e-02
-1.908148893548699057e-02
-1.908148893548699057e-02
-1.908148893548699057e-02
-1.908148893548699057e-02
-1.908148893548699057e-02
-1.908148893548699057e-02
-1.882007265424295167e-03
-5.181865004491395879e-03
-5.181865004491395879e-03
-5.181865004491395879e-03
-5.374987116421841259e-03
-5.374987116421841259e-03
-5.374987116421841259e-03
-8.856589206090163813e-03
-8.856589206090163813e-03
-8.856589206090163813e-03
-5.472603255800945025e-03
-5.472603255800945025e-03
-5.472603255800945025e-03
-1.414544901758945164e-02
-1.414544901758945164e-02
-1.414544901758945164e-02
-1.414545970197845365e-02
-1.414644711759532533e-02
-1.414544901758945164e-02
-1.090282349923828581e-01
-1.522010587597440179e-01
-2.830797346953451907e-02
-2.830797346953451907e-02
-2.830797346953451907e-02
-2.830797346953451907e-02
-2.628333339499697857e-02
-1.597630632880996798e-02
-5.024278725196481069e-03
-6.468946659086310946e-02
-6.468946659086310946e-02
-6.770320507354080086e-02
-6.770320507354080086e-02
-6.770320507354080086e-02
-6.770320507354080086e-02
-6.770320507354080086e-02
-6.770320507354080086e-02
-6.770320507354080086e-02
-4.574992688618471637e-01
-4.574992688618471637e-01
-6.680311937860958782e-01
-5.923590514217690339e-01
-5.923590514217690339e-01
-5.923590514217690339e-01
-3.701811424860762534e-01
-3.701811424860762534e-01
-3.701811424860762534e-01
-3.701811424860762534e-01
-2.593339401266998578e-01
-2.593339401266998578e-01
-2.993290565452087944e-03
-2.993290565452087944e-03
-2.993290565452087944e-03
-2.993290565452087944e-03
-2.993290565452087944e-03
-2.892001889945215991e-03
-2.892001889945215991e-03
-2.892001889945215991e-03
-4.283415178552868290e-03
-4.283415178552868290e-03
-3.527359543706559252e-03
-3.527359543706559252e-03
-3.527359543706559252e-03
-1.824881389993554537e-01
-1.824881389993554537e-01
-1.824881389993554537e-01
-1.824881389993554537e-01
-1.824881389993554537e-01
-1.824881389993554537e-01
-1.824881389993554537e-01
-2.588783007962753846e-01
-2.427145582312151550e-01
-3.253511272470536175e-01
-1.238758175368518677e-01
-1.238758175368518677e-01
-7.339276330648826507e-02
-4.231170118994739826e-02
-1.257620538169977598e-01
-1.257620538169977598e-01
-2.837392998357119930e-02
-2.837392998357119930e-02
-1.943695677682956771e-02
-1.456421296010737554e-02
-1.725510838325803112e-02
-2.916356331417710793e-02
-3.093770824472489300e-01
-3.093770824472489300e-01
-3.093770824472489300e-01
-3.093770824472489300e-01
-3.093770824472489300e-01
-3.093770824472489300e-01
-3.096776129410782064e-01
-3.096776129410782064e-01
-8.404048348476052602e-03
-8.888257735090090983e-02
-5.776733444935960859e-01
-5.776733444935960859e-01
-2.582223612252430509e-02
-1.885933555790844651e-02
-1.885933555790844651e-02
-1.885933555790844651e-02
-1.300967175577612267e-02
-1.300967175577612267e-02
-3.786386751051614655e-03
-3.786386751051614655e-03
-3.786386751051614655e-03
-3.786386751051614655e-03
-3.786386751051614655e-03
-3.786386751051614655e-03
-1.314684862616413152e-01
-3.481107046311261461e-03
-3.481107046311261461e-03
-3.481107046311261461e-03
-1.593114163576986667e-02
-3.727681607178930379e-01
-3.727681607178930379e-01
-3.727681607178930379e-01
-3.727681607178930379e-01
-3.727681607178930379e-01
-3.727681607178930379e-01
