# Variable: dg_gbsa_00000176
# Sample shape: (1000,)
# Date: 2014-03-03 23:31:52.482697
-2.332288494073637697e+00
-7.680246524555505161e+00
-7.680246524555505161e+00
-7.680246524555505161e+00
-7.680246524555505161e+00
-7.874201634190050036e+00
-7.874201634190050036e+00
-7.874201634190050036e+00
-7.874201634190050036e+00
-7.874201634190050036e+00
-7.874201634190050036e+00
-8.472091609159800640e+00
-8.472091609159800640e+00
-6.675692406940641810e+00
-7.547549946130347465e+00
-7.547549946130347465e+00
-6.757457671156348766e+00
-4.111723963662725190e+00
-4.111723963662725190e+00
-3.881967774312764963e+00
-3.881967774312764963e+00
-3.921279031961415473e+00
-6.484839929905265699e+00
-6.484839929905265699e+00
-6.484839929905265699e+00
-6.484839929905265699e+00
-6.484839929905265699e+00
-6.484839929905265699e+00
-6.484839929905265699e+00
-6.484839929905265699e+00
-6.484839929905265699e+00
-6.484839929905265699e+00
-6.484839929905265699e+00
-6.504956896400815758e+00
-6.504956896400815758e+00
-6.524923426699227313e+00
-6.524923426699227313e+00
-6.524923426699227313e+00
-6.524923426699227313e+00
-6.524923426699227313e+00
-6.019671150192931641e+00
-6.019671150192931641e+00
-6.019671150192931641e+00
-6.153572129929726131e+00
-6.270406806902037111e+00
-5.839025541199780456e+00
-5.696963625701845224e+00
-5.696963625701845224e+00
-5.606850520146736017e+00
-5.606850520146736017e+00
-5.606850520146736017e+00
-5.606850520146736017e+00
-5.606850520146736017e+00
-5.606850520146736017e+00
-5.606850520146736017e+00
-5.606850520146736017e+00
-5.606850520146736017e+00
-5.606850520146736017e+00
-5.606850520146736017e+00
-5.606850520146736017e+00
-5.516659005422209106e+00
-5.557738572188134718e+00
-5.557738572188134718e+00
-5.557738572188134718e+00
-5.557738572188134718e+00
-6.376162085888718245e+00
-6.376162085888718245e+00
-6.376162085888718245e+00
-6.376162085888718245e+00
-6.378049376361912159e+00
-6.007410600126131150e+00
-6.007410600126131150e+00
-5.940270925343150488e+00
-5.940270925343150488e+00
-5.892782320711853927e+00
-5.892782320711853927e+00
-6.096467461230421492e+00
-5.992526989821949535e+00
-5.992526989821949535e+00
-5.992526989821949535e+00
-5.992526989821949535e+00
-5.992526989821949535e+00
-5.858667038138920091e+00
-5.858667038138920091e+00
-5.858667038138920091e+00
-6.214469158398717497e+00
-6.214469158398717497e+00
-6.214469158398717497e+00
-6.214469158398717497e+00
-6.214469158398717497e+00
-6.244321626185458385e+00
-5.674553646868091050e+00
-5.674553646868091050e+00
-5.924289586667121021e+00
-6.306348293734782118e+00
-6.335545224395810138e+00
-8.305148458389661315e+00
-8.305148458389661315e+00
-8.383644242587553919e+00
-8.383644242587553919e+00
-8.716345289241287375e+00
-8.716345289241287375e+00
-8.716345289241287375e+00
-8.169584474873587965e+00
-8.169584474873587965e+00
-8.169584474873587965e+00
-7.780875576157870732e+00
-7.780875576157870732e+00
-7.780875576157870732e+00
-7.780875576157870732e+00
-7.780875576157870732e+00
-7.780875576157870732e+00
-7.780875576157870732e+00
-7.780875576157870732e+00
-7.780875576157870732e+00
-7.780875576157870732e+00
-7.780875576157870732e+00
-9.048174717686144675e+00
-8.668266792370301843e+00
-8.668266792370301843e+00
-8.668266792370301843e+00
-8.668266792370301843e+00
-8.565768684985304304e+00
-8.565768684985304304e+00
-7.414597170302790197e+00
-7.414597170302790197e+00
-7.382879749538792780e+00
-7.382879749538792780e+00
-7.382879749538792780e+00
-7.382879749538792780e+00
-7.382879749538792780e+00
-7.382879749538792780e+00
-7.382879749538792780e+00
-7.395350454414323593e+00
-7.395350454414323593e+00
-7.395350454414323593e+00
-7.393963250329799841e+00
-7.490964510244802810e+00
-7.490964510244802810e+00
-7.490964510244802810e+00
-7.490964510244802810e+00
-7.468390875063252388e+00
-7.468390875063252388e+00
-7.468390875063252388e+00
-7.468390875063252388e+00
-7.468390875063252388e+00
-7.468390875063252388e+00
-8.244767015796318432e+00
-8.244767015796318432e+00
-8.244767015796318432e+00
-8.244767015796318432e+00
-8.244767015796318432e+00
-8.244767015796318432e+00
-8.244767015796318432e+00
-8.244767015796318432e+00
-8.244767015796318432e+00
-8.244767015796318432e+00
-8.244767015796318432e+00
-8.244767015796318432e+00
-8.244767015796318432e+00
-8.244767015796318432e+00
-8.244767015796318432e+00
-8.244767015796318432e+00
-8.244767015796318432e+00
-8.244767015796318432e+00
-8.244767015796318432e+00
-8.244767015796318432e+00
-8.244767015796318432e+00
-8.244767015796318432e+00
-8.244767015796318432e+00
-8.240749001730923951e+00
-8.240749001730923951e+00
-8.240749001730923951e+00
-8.240749001730923951e+00
-8.240749001730923951e+00
-8.190776832245047601e+00
-8.190776832245047601e+00
-8.190776832245047601e+00
-8.190776832245047601e+00
-8.190776832245047601e+00
-8.190776832245047601e+00
-8.190776832245047601e+00
-8.190776832245047601e+00
-8.190776832245047601e+00
-8.108592170146408762e+00
-8.108592170146408762e+00
-8.108592170146408762e+00
-8.108592170146408762e+00
-8.108592170146408762e+00
-8.108592170146408762e+00
-8.108592170146408762e+00
-8.108592170146408762e+00
-8.108592170146408762e+00
-8.108592170146408762e+00
-8.108592170146408762e+00
-8.108592170146408762e+00
-8.108592170146408762e+00
-8.108592170146408762e+00
-8.108592170146408762e+00
-8.487191756414409483e+00
-8.487191756414409483e+00
-8.487191756414409483e+00
-8.487191756414409483e+00
-8.487191756414409483e+00
-8.487191756414409483e+00
-8.487191756414409483e+00
-8.044099716565805025e+00
-7.975523604033781133e+00
-7.975523604033781133e+00
-7.975523604033781133e+00
-7.975523604033781133e+00
-7.975523604033781133e+00
-7.975523604033781133e+00
-7.975523604033781133e+00
-7.975523604033781133e+00
-7.975523604033781133e+00
-7.975523604033781133e+00
-7.975523604033781133e+00
-7.975523604033781133e+00
-7.975523604033781133e+00
-7.975523604033781133e+00
-7.975523604033781133e+00
-7.975523604033781133e+00
-7.975523604033781133e+00
-7.892479176275132069e+00
-7.890581856722128862e+00
-7.890581856722128862e+00
-7.890581856722128862e+00
-7.890581856722128862e+00
-7.890581856722128862e+00
-7.890581856722128862e+00
-7.891065076022028890e+00
-7.891065076022028890e+00
-7.891065076022028890e+00
-7.891065076022028890e+00
-7.891065076022028890e+00
-7.891065076022028890e+00
-7.891065076022028890e+00
-7.891065076022028890e+00
-7.892155510517651962e+00
-8.012439735077078851e+00
-8.012439735077078851e+00
-8.012439735077078851e+00
-8.012439735077078851e+00
-8.012439735077078851e+00
-7.873931760769728783e+00
-7.873931760769728783e+00
-7.873931760769728783e+00
-7.873931760769728783e+00
-7.873931760769728783e+00
-7.873931760769728783e+00
-7.873931760769728783e+00
-7.873931760769728783e+00
-7.873931760769728783e+00
-7.873931760769728783e+00
-7.873931760769728783e+00
-7.873931760769728783e+00
-7.873931760769728783e+00
-7.873931760769728783e+00
-7.873931760769728783e+00
-7.873931760769728783e+00
-7.873927202097088518e+00
-7.873927202097088518e+00
-7.873927202097088518e+00
-7.873927202097088518e+00
-7.873927202097088518e+00
-7.873927202097088518e+00
-8.019683465902936348e+00
-8.019683465902936348e+00
-8.019683465902936348e+00
-8.019683465902936348e+00
-8.019683465902936348e+00
-8.019683465902936348e+00
-8.020417412198067808e+00
-8.018422537050556187e+00
-8.018221955454372107e+00
-8.018221955454372107e+00
-8.018221955454372107e+00
-8.004808517076773100e+00
-8.004808517076773100e+00
-8.004808517076773100e+00
-8.004813075749412477e+00
-8.004813075749412477e+00
-8.004813075749412477e+00
-8.004813075749412477e+00
-7.931340037066894944e+00
-7.931340037066894944e+00
-7.931430298785178579e+00
-7.931430298785178579e+00
-8.854382808532131222e+00
-8.854382808532131222e+00
-8.854382808532131222e+00
-8.854382808532131222e+00
-8.854382808532131222e+00
-8.854382808532131222e+00
-8.854382808532131222e+00
-8.854382808532131222e+00
-8.854382808532131222e+00
-8.854382808532131222e+00
-8.854382808532131222e+00
-8.854382808532131222e+00
-8.854382808532131222e+00
-8.854382808532131222e+00
-8.854382808532131222e+00
-8.854382808532131222e+00
-8.854382808532131222e+00
-8.854382808532131222e+00
-8.854382808532131222e+00
-8.854382808532131222e+00
-8.854382808532131222e+00
-8.854382808532131222e+00
-8.854382808532131222e+00
-8.854382808532131222e+00
-8.854382808532131222e+00
-8.854382808532131222e+00
-8.854382808532131222e+00
-8.854382808532131222e+00
-8.854382808532131222e+00
-8.854382808532131222e+00
-8.854382808532131222e+00
-8.789832915676255354e+00
-8.789832915676255354e+00
-8.789832915676255354e+00
-8.273210397869860344e+00
-8.273210397869860344e+00
-8.273210397869860344e+00
-8.273210397869860344e+00
-8.073171283729216441e+00
-8.073171283729216441e+00
-8.073171283729216441e+00
-8.073079198541877943e+00
-8.073079198541877943e+00
-8.073079198541877943e+00
-8.073079198541877943e+00
-8.073079198541877943e+00
-8.073079198541877943e+00
-8.073079198541877943e+00
-8.073079198541877943e+00
-8.073079198541877943e+00
-8.073079198541877943e+00
-8.073079198541877943e+00
-8.073079198541877943e+00
-8.073079198541877943e+00
-8.073079198541877943e+00
-8.073079198541877943e+00
-8.073079198541877943e+00
-8.073079198541877943e+00
-8.073171283729216441e+00
-8.073171283729216441e+00
-8.073171283729216441e+00
-8.073171283729216441e+00
-8.073171283729216441e+00
-8.073171283729216441e+00
-7.556746156448159724e+00
-7.556746156448159724e+00
-7.556746156448159724e+00
-7.556746156448159724e+00
-7.556746156448159724e+00
-7.556746156448159724e+00
-7.556746156448159724e+00
-7.556746156448159724e+00
-7.556746156448159724e+00
-7.556746156448159724e+00
-8.260746986870556086e+00
-8.260746986870556086e+00
-8.260746986870556086e+00
-8.260746986870556086e+00
-8.260746986870556086e+00
-8.260746986870556086e+00
-8.294195791503438997e+00
-8.294195791503438997e+00
-8.294195791503438997e+00
-8.294195791503438997e+00
-8.294195791503438997e+00
-8.294195791503438997e+00
-8.294195791503438997e+00
-8.294195791503438997e+00
-8.294195791503438997e+00
-8.294195791503438997e+00
-8.294195791503438997e+00
-8.294195791503438997e+00
-7.863142294364038776e+00
-7.863142294364038776e+00
-7.863142294364038776e+00
-7.863142294364038776e+00
-7.992472748911403357e+00
-7.992472748911403357e+00
-8.015507721764178584e+00
-8.015507721764178584e+00
-8.015507721764178584e+00
-8.015507721764178584e+00
-8.015507721764178584e+00
-8.814486217316432004e+00
-8.910305869283000391e+00
-8.910305869283000391e+00
-8.910305869283000391e+00
-7.983122911325604143e+00
-7.983122911325604143e+00
-7.983122911325604143e+00
-7.983122911325604143e+00
-7.983122911325604143e+00
-7.983122911325604143e+00
-7.983122911325604143e+00
-7.983122911325604143e+00
-7.935993530098383708e+00
-7.858573592643664618e+00
-7.858573592643664618e+00
-7.858573592643664618e+00
-8.333575429241697918e+00
-8.333575429241697918e+00
-8.321700087013025993e+00
-8.321700087013025993e+00
-8.321700087013025993e+00
-8.321700087013025993e+00
-8.321700087013025993e+00
-8.321700087013025993e+00
-8.321700087013025993e+00
-8.321700087013025993e+00
-8.321700087013025993e+00
-8.321700087013025993e+00
-8.321700087013025993e+00
-8.321700087013025993e+00
-8.321700087013025993e+00
-8.321700087013025993e+00
-8.323746931028638940e+00
-8.323746931028638940e+00
-8.101347527586023389e+00
-8.101347527586023389e+00
-8.101347527586023389e+00
-8.101347527586023389e+00
-8.146320656654255643e+00
-8.146320656654255643e+00
-8.146320656654255643e+00
-8.510870413844033422e+00
-8.510870413844033422e+00
-8.395551495524710361e+00
-8.395551495524710361e+00
-8.395551495524710361e+00
-8.395551495524710361e+00
-8.405422845260590137e+00
-8.405422845260590137e+00
-8.405422845260590137e+00
-8.405422845260590137e+00
-8.405422845260590137e+00
-8.405422845260590137e+00
-8.405422845260590137e+00
-8.405422845260590137e+00
-8.405422845260590137e+00
-8.405422845260590137e+00
-8.405422845260590137e+00
-8.405422845260590137e+00
-8.405422845260590137e+00
-8.405422845260590137e+00
-8.405422845260590137e+00
-8.405422845260590137e+00
-8.405422845260590137e+00
-8.405417374853421109e+00
-8.357201206068690880e+00
-8.357201206068690880e+00
-8.357201206068690880e+00
-8.357205764741332032e+00
-8.560194340080421682e+00
-8.560194340080421682e+00
-8.560194340080421682e+00
-8.560194340080421682e+00
-8.560194340080421682e+00
-8.560194340080421682e+00
-8.320272310742000244e+00
-8.320272310742000244e+00
-8.320272310742000244e+00
-8.320272310742000244e+00
-8.320272310742000244e+00
-8.320272310742000244e+00
-8.320272310742000244e+00
-8.320272310742000244e+00
-8.320272310742000244e+00
-8.320272310742000244e+00
-8.320272310742000244e+00
-8.320272310742000244e+00
-8.320272310742000244e+00
-8.320272310742000244e+00
-8.320272310742000244e+00
-8.523041158059815103e+00
-8.523041158059815103e+00
-8.523041158059815103e+00
-8.523041158059815103e+00
-8.035299654900457611e+00
-8.035299654900457611e+00
-8.035299654900457611e+00
-8.035299654900457611e+00
-8.033864584753207083e+00
-8.033864584753207083e+00
-8.033864584753207083e+00
-8.033864584753207083e+00
-8.033864584753207083e+00
-8.033864584753207083e+00
-8.026923549790682344e+00
-8.026923549790682344e+00
-8.026923549790682344e+00
-8.026923549790682344e+00
-8.026923549790682344e+00
-8.026923549790682344e+00
-8.026923549790682344e+00
-8.026923549790682344e+00
-8.026923549790682344e+00
-8.026923549790682344e+00
-8.026923549790682344e+00
-8.026923549790682344e+00
-7.888064557690008805e+00
-7.888064557690008805e+00
-7.888064557690008805e+00
-7.888064557690008805e+00
-7.746041846776782869e+00
-7.746041846776782869e+00
-7.746041846776782869e+00
-7.746041846776782869e+00
-7.746041846776782869e+00
-7.746041846776782869e+00
-7.746041846776782869e+00
-7.746041846776782869e+00
-7.746041846776782869e+00
-7.746041846776782869e+00
-7.746041846776782869e+00
-7.746041846776782869e+00
-7.663615575028194904e+00
-7.663615575028194904e+00
-7.663615575028194904e+00
-7.663615575028194904e+00
-7.663615575028194904e+00
-7.440387404899523993e+00
-7.440387404899523993e+00
-7.440387404899523993e+00
-7.468704055873659264e+00
-7.468704055873659264e+00
-7.468704055873659264e+00
-7.468704055873659264e+00
-7.468704055873659264e+00
-7.468704055873659264e+00
-7.468178440918201488e+00
-7.468178440918201488e+00
-7.838030390256220947e+00
-7.838030390256220947e+00
-7.838030390256220947e+00
-7.838030390256220947e+00
-7.838030390256220947e+00
-7.838030390256220947e+00
-7.838030390256220947e+00
-7.838030390256220947e+00
-7.838030390256220947e+00
-7.838030390256220947e+00
-8.845429575466059902e+00
-7.389638437595695386e+00
-7.389638437595695386e+00
-7.389638437595695386e+00
-7.408512709929427231e+00
-7.408512709929427231e+00
-7.482652226551996577e+00
-7.482652226551996577e+00
-7.482652226551996577e+00
-7.482652226551996577e+00
-7.488175058456040922e+00
-7.488175058456040922e+00
-7.488175058456040922e+00
-7.488175058456040922e+00
-7.488175058456040922e+00
-7.507128651693719235e+00
-7.507128651693719235e+00
-7.507128651693719235e+00
-7.507128651693719235e+00
-7.507128651693719235e+00
-7.507128651693719235e+00
-7.507128651693719235e+00
-7.507128651693719235e+00
-7.507128651693719235e+00
-7.507128651693719235e+00
-7.507128651693719235e+00
-7.019831619116817301e+00
-7.019831619116817301e+00
-7.019831619116817301e+00
-7.273732362240267868e+00
-7.273732362240267868e+00
-7.273732362240267868e+00
-7.273732362240267868e+00
-7.273732362240267868e+00
-7.273732362240267868e+00
-7.929576742489524044e+00
-7.929576742489524044e+00
-7.929576742489524044e+00
-7.726205238648627294e+00
-7.726205238648627294e+00
-7.874892728962359811e+00
-7.875686849736346140e+00
-7.875686849736346140e+00
-7.875686849736346140e+00
-7.856483897105229097e+00
-7.856483897105229097e+00
-7.856483897105229097e+00
-7.856483897105229097e+00
-7.856483897105229097e+00
-7.856483897105229097e+00
-7.856483897105229097e+00
-7.856483897105229097e+00
-7.856483897105229097e+00
-7.856483897105229097e+00
-7.582048157205089289e+00
-7.581886780193612729e+00
-7.581886780193612729e+00
-7.658879114154647283e+00
-7.658879114154647283e+00
-8.460528080139743778e+00
-8.460528080139743778e+00
-8.460528080139743778e+00
-8.460528080139743778e+00
-8.460528080139743778e+00
-8.460528080139743778e+00
-8.460528080139743778e+00
-8.460528080139743778e+00
-8.460528080139743778e+00
-8.460528080139743778e+00
-8.460528080139743778e+00
-8.460528080139743778e+00
-8.460528080139743778e+00
-8.469039121959678340e+00
-8.469039121959678340e+00
-8.469039121959678340e+00
-8.469039121959678340e+00
-8.469039121959678340e+00
-8.069036567644223723e+00
-8.069036567644223723e+00
-8.069036567644223723e+00
-8.069028362033471069e+00
-8.069028362033471069e+00
-8.069028362033471069e+00
-7.323586917972017218e+00
-7.323586917972017218e+00
-7.323586917972017218e+00
-7.323586917972017218e+00
-7.323586917972017218e+00
-7.323586917972017218e+00
-7.323586917972017218e+00
-7.323586917972017218e+00
-7.323586917972017218e+00
-7.323586917972017218e+00
-7.323586917972017218e+00
-7.323586917972017218e+00
-7.323586917972017218e+00
-7.323586917972017218e+00
-7.938123341956056400e+00
-7.938123341956056400e+00
-7.905035584196305365e+00
-7.905035584196305365e+00
-7.905035584196305365e+00
-7.905035584196305365e+00
-7.905035584196305365e+00
-7.883715583990909437e+00
-7.883715583990909437e+00
-7.883715583990909437e+00
-7.883715583990909437e+00
-7.883715583990909437e+00
-7.758565432254943772e+00
-7.758565432254943772e+00
-6.518613767897421418e+00
-6.518613767897421418e+00
-6.518613767897421418e+00
-6.556526424779946183e+00
-6.556526424779946183e+00
-6.556526424779946183e+00
-6.556526424779946183e+00
-6.556526424779946183e+00
-6.568847149325602430e+00
-6.568847149325602430e+00
-6.568847149325602430e+00
-6.568847149325602430e+00
-6.568847149325602430e+00
-6.568847149325602430e+00
-6.568847149325602430e+00
-6.568847149325602430e+00
-6.568847149325602430e+00
-6.568847149325602430e+00
-6.568847149325602430e+00
-6.568847149325602430e+00
-6.672263829247673250e+00
-6.672263829247673250e+00
-6.672263829247673250e+00
-6.672263829247673250e+00
-6.623092162677480133e+00
-6.623092162677480133e+00
-6.623092162677480133e+00
-6.623092162677480133e+00
-6.623092162677480133e+00
-6.623092162677480133e+00
-6.623092162677480133e+00
-6.623092162677480133e+00
-6.623092162677480133e+00
-6.623092162677480133e+00
-6.623092162677480133e+00
-6.623092162677480133e+00
-6.623092162677480133e+00
-6.623092162677480133e+00
-6.623092162677480133e+00
-6.623092162677480133e+00
-6.623092162677480133e+00
-6.623092162677480133e+00
-6.553501289615667247e+00
-6.804385103185591532e+00
-6.804385103185591532e+00
-6.804385103185591532e+00
-6.804385103185591532e+00
-6.804385103185591532e+00
-6.865386069390787327e+00
-6.865386069390787327e+00
-6.865386069390787327e+00
-6.865386069390787327e+00
-6.865386069390787327e+00
-6.247170796585812091e+00
-6.247170796585812091e+00
-7.445121130569487100e+00
-7.445121130569487100e+00
-7.445121130569487100e+00
-7.445121130569487100e+00
-7.277071589949481556e+00
-7.277071589949481556e+00
-7.277071589949481556e+00
-7.277071589949481556e+00
-7.277071589949481556e+00
-7.277071589949481556e+00
-7.277071589949481556e+00
-7.271990493424307367e+00
-7.271990493424307367e+00
-7.271990493424307367e+00
-7.271990493424307367e+00
-7.271990493424307367e+00
-7.278846281208453561e+00
-7.284272013385254319e+00
-7.284272013385254319e+00
-7.284272013385254319e+00
-7.284272013385254319e+00
-7.284272013385254319e+00
-7.284272013385254319e+00
-7.284272013385254319e+00
-7.284272013385254319e+00
-7.284272013385254319e+00
-7.284272013385254319e+00
-7.284272013385254319e+00
-7.284272013385254319e+00
-7.284272013385254319e+00
-7.260460698581789885e+00
-7.260460698581789885e+00
-7.260460698581789885e+00
-7.260456595776413558e+00
-7.260456595776413558e+00
-7.260456595776413558e+00
-7.260456595776413558e+00
-7.260456595776413558e+00
-7.417383886887967570e+00
-7.417383886887967570e+00
-7.417383886887967570e+00
-7.417383886887967570e+00
-7.417383886887967570e+00
-7.417383886887967570e+00
-7.135715356976306545e+00
-7.135715356976306545e+00
-7.135715356976306545e+00
-7.135715356976306545e+00
-7.135715356976306545e+00
-7.135719459781682872e+00
-7.135719459781682872e+00
-7.135719459781682872e+00
-7.135719459781682872e+00
-7.135719459781682872e+00
-7.135719459781682872e+00
-7.135719459781682872e+00
-7.135719459781682872e+00
-7.135719459781682872e+00
-7.135719459781682872e+00
-7.135719459781682872e+00
-7.135719459781682872e+00
-7.135719459781682872e+00
-7.135719459781682872e+00
-7.135719459781682872e+00
-7.135719459781682872e+00
-7.135719459781682872e+00
-7.260122900939124158e+00
-7.260122900939124158e+00
-7.260122900939124158e+00
-7.260122900939124158e+00
-6.997289438776486570e+00
-6.997289438776486570e+00
-6.997289438776486570e+00
-6.997289438776486570e+00
-6.997289438776486570e+00
-6.997289438776486570e+00
-6.997289438776486570e+00
-6.997289438776486570e+00
-6.997289438776486570e+00
-6.997289438776486570e+00
-6.997289438776486570e+00
-6.997289438776486570e+00
-6.997289438776486570e+00
-6.997289438776486570e+00
-6.997289438776486570e+00
-6.997289438776486570e+00
-6.997289438776486570e+00
-6.997289438776486570e+00
-6.997289438776486570e+00
-6.997289438776486570e+00
-6.997289438776486570e+00
-6.997289438776486570e+00
-6.997289438776486570e+00
-6.997289438776486570e+00
-6.997289438776486570e+00
-7.423732750274482761e+00
-7.423732750274482761e+00
-7.423732750274482761e+00
-7.464164529658184222e+00
-7.475709823987680025e+00
-7.475709823987680025e+00
-7.475709823987680025e+00
-7.475709823987680025e+00
-7.475709823987680025e+00
-7.475709823987680025e+00
-7.475709823987680025e+00
-7.405514470933727722e+00
-7.770759881568456429e+00
-7.421823578172613622e+00
-7.421823578172613622e+00
-7.285300449932965883e+00
-7.285300449932965883e+00
-7.285300449932965883e+00
-7.285300449932965883e+00
-7.302919263821486595e+00
-7.302919263821486595e+00
-7.302919263821486595e+00
-7.302919263821486595e+00
-7.302919263821486595e+00
-6.858250834973774523e+00
-6.858250834973774523e+00
-6.858250834973774523e+00
-6.858250834973774523e+00
-7.029352406926637542e+00
-7.029352406926637542e+00
-7.029352406926637542e+00
-7.029352406926637542e+00
-7.029352406926637542e+00
-7.029352406926637542e+00
-6.943887323995848959e+00
-6.943887323995848959e+00
-6.943887323995848959e+00
-6.943887323995848959e+00
-6.943887323995848959e+00
-6.943887323995848959e+00
-6.943887323995848959e+00
-6.922970766319143543e+00
-6.922970766319143543e+00
-6.922970766319143543e+00
-6.922970766319143543e+00
-6.922970766319143543e+00
-6.922970766319143543e+00
-6.922970766319143543e+00
-6.922970766319143543e+00
-6.922970766319143543e+00
-6.922970766319143543e+00
-6.901423744216247158e+00
-6.901423744216247158e+00
-6.901423744216247158e+00
-6.901423744216247158e+00
-7.216195075507373602e+00
-7.216195075507373602e+00
-7.216195075507373602e+00
-7.216195075507373602e+00
-7.216195075507373602e+00
-7.216195075507373602e+00
-7.216195075507373602e+00
-7.216195075507373602e+00
-7.143903644773289763e+00
-7.143903644773289763e+00
-7.143903644773289763e+00
-7.143903644773289763e+00
-7.143903644773289763e+00
-7.143903644773289763e+00
-7.143903644773289763e+00
-7.143903644773289763e+00
-6.786715688030760418e+00
-6.786715688030760418e+00
-6.786715688030760418e+00
-6.786715688030760418e+00
-6.786715688030760418e+00
-6.786715688030760418e+00
-5.937504722784855637e+00
-5.937504722784855637e+00
-5.937504722784855637e+00
-5.937504722784855637e+00
-5.937504722784855637e+00
-5.937504722784855637e+00
-5.700218973834473069e+00
-5.700218973834473069e+00
-5.700218973834473069e+00
-5.700218973834473069e+00
-5.700218973834473069e+00
-5.700218973834473069e+00
-5.670012753050824195e+00
-5.670012753050824195e+00
-5.670012753050824195e+00
-5.670012753050824195e+00
-5.670012753050824195e+00
-5.670012753050824195e+00
-5.704063302472262009e+00
-5.995201107192904999e+00
-5.995201107192904999e+00
-5.995201107192904999e+00
-5.995201107192904999e+00
-5.995201107192904999e+00
-5.995201107192904999e+00
-5.995201107192904999e+00
-5.995201107192904999e+00
-5.995201107192904999e+00
-5.995201107192904999e+00
-5.995201107192904999e+00
-5.969090397909539547e+00
-5.969090397909539547e+00
-5.969090397909539547e+00
-5.969090397909539547e+00
-5.969090397909539547e+00
-5.969090397909539547e+00
-5.969090397909539547e+00
-5.969090397909539547e+00
-5.969090397909539547e+00
-5.969090397909539547e+00
-6.536847546725153890e+00
-6.536847546725153890e+00
-6.536847546725153890e+00
-6.536847546725153890e+00
-6.536847546725153890e+00
-6.536847546725153890e+00
-6.536847546725153890e+00
-6.536847546725153890e+00
-6.536847546725153890e+00
-6.536847546725153890e+00
-6.446935478633493588e+00
-6.446935478633493588e+00
-6.446935478633493588e+00
-6.512100792295846041e+00
-6.512100792295846041e+00
-6.244664894235293140e+00
-6.244664894235293140e+00
-6.244664894235293140e+00
-6.244664894235293140e+00
-6.244664894235293140e+00
-6.244664894235293140e+00
-6.244664894235293140e+00
-5.786715684383822556e+00
-5.786715684383822556e+00
-5.786715684383822556e+00
-5.786715684383822556e+00
-5.786715684383822556e+00
-5.781487798599622252e+00
-5.781487798599622252e+00
-5.781487798599622252e+00
-5.781487798599622252e+00
-5.781487798599622252e+00
-5.781487798599622252e+00
-6.436472869056132140e+00
-6.552778284134873843e+00
-6.552778284134873843e+00
-6.314659209825796538e+00
-6.314659209825796538e+00
-6.314659209825796538e+00
-6.314659209825796538e+00
-6.314659209825796538e+00
-6.262076744385931981e+00
-6.262076744385931981e+00
-6.262076744385931981e+00
-6.262076744385931981e+00
-6.897483227585742505e+00
-6.897483227585742505e+00
-6.897483227585742505e+00
-6.897483227585742505e+00
-6.897483227585742505e+00
-6.897483227585742505e+00
-6.897483227585742505e+00
-6.913478242279694541e+00
-6.913478242279694541e+00
-6.913478242279694541e+00
-6.913478242279694541e+00
-6.913478242279694541e+00
-6.913478242279694541e+00
-6.913478242279694541e+00
-6.913478242279694541e+00
-6.913478242279694541e+00
-6.774239512748061465e+00
-6.774239512748061465e+00
-6.774239512748061465e+00
-6.774239512748061465e+00
-6.774239512748061465e+00
-6.661182151925722827e+00
-6.661182151925722827e+00
-6.661182151925722827e+00
-6.661182151925722827e+00
-6.661182151925722827e+00
-6.661182151925722827e+00
