# Variable: dg_gbsa_00000058
# Sample shape: (1000,)
# Date: 2014-03-03 23:31:52.135089
-9.832768407196204596e-02
-6.884511410620198779e-01
-6.884511410620198779e-01
-6.884511410620198779e-01
-6.884511410620198779e-01
-7.179362368173398679e-01
-7.179362368173398679e-01
-7.179362368173398679e-01
-7.179362368173398679e-01
-7.179362368173398679e-01
-7.179362368173398679e-01
-8.101430837328529311e-01
-8.101430837328529311e-01
-3.662702857194393147e-01
-4.726412419379327212e-01
-4.726412419379327212e-01
-8.163046426572488912e-01
-1.542923213418993245e-01
-1.542923213418993245e-01
-1.542923213418993245e-01
-1.542923213418993245e-01
-1.432314714555758539e-01
-7.852427590189654527e-01
-7.852427590189654527e-01
-7.852427590189654527e-01
-7.852427590189654527e-01
-7.852427590189654527e-01
-7.852427590189654527e-01
-7.852427590189654527e-01
-7.852427590189654527e-01
-7.852427590189654527e-01
-7.852427590189654527e-01
-7.852427590189654527e-01
-7.756216804110525054e-01
-7.756216804110525054e-01
-7.661152524200497416e-01
-7.661152524200497416e-01
-7.661152524200497416e-01
-7.661152524200497416e-01
-7.661152524200497416e-01
-7.661152524200497416e-01
-7.661152524200497416e-01
-7.661152524200497416e-01
-8.101161875642736154e-01
-7.939072001732557782e-01
-7.165798607565476708e-01
-6.913518814466195206e-01
-6.913518814466195206e-01
-6.754133942934112955e-01
-6.754133942934112955e-01
-6.754133942934112955e-01
-6.754133942934112955e-01
-6.754133942934112955e-01
-6.754133942934112955e-01
-6.754133942934112955e-01
-6.754133942934112955e-01
-6.754133942934112955e-01
-6.754133942934112955e-01
-6.754133942934112955e-01
-6.754133942934112955e-01
-6.595128011065276574e-01
-6.667485542552648026e-01
-6.667485542552648026e-01
-6.667485542552648026e-01
-6.667485542552648026e-01
-8.130209737708418150e-01
-8.130209737708418150e-01
-8.130209737708418150e-01
-8.130209737708418150e-01
-8.133625893018441300e-01
-7.466380956296027049e-01
-7.466380956296027049e-01
-7.346333440813461735e-01
-7.346333440813461735e-01
-7.581045819058244151e-01
-7.581045819058244151e-01
-6.592550651521117411e-01
-7.091067147300530449e-01
-7.091067147300530449e-01
-7.091067147300530449e-01
-7.091067147300530449e-01
-7.091067147300530449e-01
-6.674639809427935777e-01
-6.674639809427935777e-01
-6.674639809427935777e-01
-7.289059987259640661e-01
-7.289059987259640661e-01
-7.289059987259640661e-01
-7.289059987259640661e-01
-7.289059987259640661e-01
-7.340964464111036092e-01
-6.359905061484750766e-01
-6.359905061484750766e-01
-6.359905061484750766e-01
-7.547056925684270112e-01
-7.404782462074469551e-01
-1.304210258031666347e+00
-1.304210258031666347e+00
-1.319906793634476605e+00
-1.319906793634476605e+00
-1.164980189978050529e+00
-1.164980189978050529e+00
-1.164980189978050529e+00
-1.064943651852142681e+00
-1.064943651852142681e+00
-1.064943651852142681e+00
-1.064943651852142681e+00
-1.064943651852142681e+00
-1.064943651852142681e+00
-1.064943651852142681e+00
-1.064943651852142681e+00
-1.064943651852142681e+00
-1.064943651852142681e+00
-1.064943651852142681e+00
-1.064943651852142681e+00
-1.064943651852142681e+00
-1.064943651852142681e+00
-1.303738777313815822e+00
-1.173737514087392464e+00
-1.173737514087392464e+00
-1.173737514087392464e+00
-1.173737514087392464e+00
-1.154837143352792861e+00
-1.154837143352792861e+00
-1.151618264601289798e+00
-1.151618264601289798e+00
-1.144501150908023401e+00
-1.144501150908023401e+00
-1.144501150908023401e+00
-1.144501150908023401e+00
-1.144501150908023401e+00
-1.144501150908023401e+00
-1.144501150908023401e+00
-1.147264276362286006e+00
-1.147264276362286006e+00
-1.147264276362286006e+00
-1.147264276362286006e+00
-1.163787983115726732e+00
-1.163787983115726732e+00
-1.163787983115726732e+00
-1.163787983115726732e+00
-1.163787983115726732e+00
-1.163787983115726732e+00
-1.163787983115726732e+00
-1.163787983115726732e+00
-1.163787983115726732e+00
-1.163787983115726732e+00
-1.458590618738936584e+00
-1.458590618738936584e+00
-1.458590618738936584e+00
-1.458590618738936584e+00
-1.458590618738936584e+00
-1.458590618738936584e+00
-1.458590618738936584e+00
-1.458590618738936584e+00
-1.458590618738936584e+00
-1.458590618738936584e+00
-1.458590618738936584e+00
-1.458590618738936584e+00
-1.458590618738936584e+00
-1.458590618738936584e+00
-1.458590618738936584e+00
-1.458590618738936584e+00
-1.458590618738936584e+00
-1.458590618738936584e+00
-1.458590618738936584e+00
-1.458590618738936584e+00
-1.458590618738936584e+00
-1.458590618738936584e+00
-1.458590618738936584e+00
-1.457743275461871546e+00
-1.457743275461871546e+00
-1.457743275461871546e+00
-1.457743275461871546e+00
-1.457743275461871546e+00
-1.457743275461871546e+00
-1.457743275461871546e+00
-1.457743275461871546e+00
-1.457743275461871546e+00
-1.457743275461871546e+00
-1.457743275461871546e+00
-1.457743275461871546e+00
-1.457743275461871546e+00
-1.457743275461871546e+00
-1.440362994119268381e+00
-1.440362994119268381e+00
-1.440362994119268381e+00
-1.440362994119268381e+00
-1.440362994119268381e+00
-1.440362994119268381e+00
-1.440362994119268381e+00
-1.440362994119268381e+00
-1.440362994119268381e+00
-1.440362994119268381e+00
-1.440362994119268381e+00
-1.440362994119268381e+00
-1.440362994119268381e+00
-1.440362994119268381e+00
-1.440362994119268381e+00
-1.440362994119268381e+00
-1.440362994119268381e+00
-1.440362994119268381e+00
-1.440362994119268381e+00
-1.440362994119268381e+00
-1.440362994119268381e+00
-1.440362994119268381e+00
-1.440362994119268381e+00
-1.425810913282872017e+00
-1.425810913282872017e+00
-1.425810913282872017e+00
-1.425810913282872017e+00
-1.425810913282872017e+00
-1.425810913282872017e+00
-1.425810913282872017e+00
-1.425810913282872017e+00
-1.425810913282872017e+00
-1.425810913282872017e+00
-1.425810913282872017e+00
-1.425810913282872017e+00
-1.425810913282872017e+00
-1.425810913282872017e+00
-1.425810913282872017e+00
-1.425810913282872017e+00
-1.425810913282872017e+00
-1.425810913282872017e+00
-1.425810913282872017e+00
-1.425810913282872017e+00
-1.425810913282872017e+00
-1.425810913282872017e+00
-1.425810913282872017e+00
-1.425810913282872017e+00
-1.425810913282872017e+00
-1.425810913282872017e+00
-1.425810913282872017e+00
-1.425810913282872017e+00
-1.425810913282872017e+00
-1.425810913282872017e+00
-1.425810913282872017e+00
-1.425810913282872017e+00
-1.425810913282872017e+00
-1.350327841866312717e+00
-1.350327841866312717e+00
-1.350327841866312717e+00
-1.350327841866312717e+00
-1.350327841866312717e+00
-1.321777786852980530e+00
-1.321777786852980530e+00
-1.321777786852980530e+00
-1.321777786852980530e+00
-1.321777786852980530e+00
-1.321777786852980530e+00
-1.321777786852980530e+00
-1.321777786852980530e+00
-1.321777786852980530e+00
-1.321777786852980530e+00
-1.321777786852980530e+00
-1.321777786852980530e+00
-1.321777786852980530e+00
-1.321777786852980530e+00
-1.321777786852980530e+00
-1.321777786852980530e+00
-1.321777786852980530e+00
-1.321777786852980530e+00
-1.321777786852980530e+00
-1.321777786852980530e+00
-1.321777786852980530e+00
-1.321777786852980530e+00
-1.351837446311235702e+00
-1.351837446311235702e+00
-1.351837446311235702e+00
-1.351837446311235702e+00
-1.351837446311235702e+00
-1.351837446311235702e+00
-1.351837446311235702e+00
-1.351427621640848953e+00
-1.351427621640848953e+00
-1.351427621640848953e+00
-1.351427621640848953e+00
-1.359776032814332236e+00
-1.359776032814332236e+00
-1.359776032814332236e+00
-1.359776032814332236e+00
-1.359776032814332236e+00
-1.359776032814332236e+00
-1.359776032814332236e+00
-1.349280144926694680e+00
-1.349280144926694680e+00
-1.349280144926694680e+00
-1.349280144926694680e+00
-1.349280144926694680e+00
-1.349280144926694680e+00
-1.349280144926694680e+00
-1.349280144926694680e+00
-1.349280144926694680e+00
-1.349280144926694680e+00
-1.349280144926694680e+00
-1.349280144926694680e+00
-1.349280144926694680e+00
-1.349280144926694680e+00
-1.349280144926694680e+00
-1.349280144926694680e+00
-1.349280144926694680e+00
-1.349280144926694680e+00
-1.349280144926694680e+00
-1.349280144926694680e+00
-1.349280144926694680e+00
-1.349280144926694680e+00
-1.349280144926694680e+00
-1.349280144926694680e+00
-1.349280144926694680e+00
-1.349280144926694680e+00
-1.349280144926694680e+00
-1.349280144926694680e+00
-1.349280144926694680e+00
-1.349280144926694680e+00
-1.349280144926694680e+00
-1.349280144926694680e+00
-1.349280144926694680e+00
-1.349280144926694680e+00
-1.349280144926694680e+00
-1.336708579418991905e+00
-1.336708579418991905e+00
-1.336708579418991905e+00
-1.336708579418991905e+00
-1.336708579418991905e+00
-1.336708579418991905e+00
-1.336708579418991905e+00
-1.296546331555163967e+00
-1.296546331555163967e+00
-1.296546331555163967e+00
-1.296546331555163967e+00
-1.296546331555163967e+00
-1.296546331555163967e+00
-1.296546331555163967e+00
-1.296546331555163967e+00
-1.296546331555163967e+00
-1.296546331555163967e+00
-1.296546331555163967e+00
-1.296546331555163967e+00
-1.296546331555163967e+00
-1.296546331555163967e+00
-1.296546331555163967e+00
-1.296546331555163967e+00
-1.296546331555163967e+00
-1.296546331555163967e+00
-1.296546331555163967e+00
-1.296546331555163967e+00
-1.296546331555163967e+00
-1.296546331555163967e+00
-1.296546331555163967e+00
-1.296546331555163967e+00
-1.296546331555163967e+00
-1.296546331555163967e+00
-1.296546331555163967e+00
-1.296546331555163967e+00
-1.296546331555163967e+00
-1.296546331555163967e+00
-1.296546331555163967e+00
-1.296546331555163967e+00
-1.296546331555163967e+00
-1.296546331555163967e+00
-1.296546331555163967e+00
-1.296546331555163967e+00
-1.296546331555163967e+00
-1.296546331555163967e+00
-1.296546331555163967e+00
-1.296546331555163967e+00
-1.296546331555163967e+00
-1.296546331555163967e+00
-1.303174071740465845e+00
-1.303174071740465845e+00
-1.303174071740465845e+00
-1.303174071740465845e+00
-1.303174071740465845e+00
-1.303174071740465845e+00
-1.303174071740465845e+00
-1.303174071740465845e+00
-1.303174071740465845e+00
-1.303174071740465845e+00
-1.303174071740465845e+00
-1.303174071740465845e+00
-1.141253210618436542e+00
-1.141253210618436542e+00
-1.141253210618436542e+00
-1.141253210618436542e+00
-1.141253210618436542e+00
-1.141253210618436542e+00
-1.127240990589499114e+00
-1.127240990589499114e+00
-1.127240990589499114e+00
-1.127240990589499114e+00
-1.127240990589499114e+00
-1.127240990589499114e+00
-1.127240990589499114e+00
-1.127240990589499114e+00
-1.127240990589499114e+00
-1.127240990589499114e+00
-1.127240990589499114e+00
-1.127240990589499114e+00
-1.127240990589499114e+00
-1.127240990589499114e+00
-1.127240990589499114e+00
-1.127240990589499114e+00
-1.127240990589499114e+00
-1.154579806282233001e+00
-1.139798310245200286e+00
-1.139798310245200286e+00
-1.139798310245200286e+00
-1.107200495827494358e+00
-1.107200495827494358e+00
-1.105035126323225869e+00
-1.105035126323225869e+00
-1.105035126323225869e+00
-1.105035126323225869e+00
-1.105035126323225869e+00
-1.105035126323225869e+00
-1.105035126323225869e+00
-1.105035126323225869e+00
-1.105035126323225869e+00
-1.105035126323225869e+00
-1.105035126323225869e+00
-1.105035126323225869e+00
-1.105035126323225869e+00
-1.105035126323225869e+00
-1.103863205554152405e+00
-1.103863205554152405e+00
-1.103863205554152405e+00
-1.103863205554152405e+00
-1.103863205554152405e+00
-1.103863205554152405e+00
-1.167521308074717767e+00
-1.167521308074717767e+00
-1.167521308074717767e+00
-1.167521308074717767e+00
-1.167521308074717767e+00
-1.167521308074717767e+00
-1.167521308074717767e+00
-1.167521308074717767e+00
-1.167521308074717767e+00
-1.161742164801457200e+00
-1.161742164801457200e+00
-1.161742164801457200e+00
-1.161742164801457200e+00
-1.161742164801457200e+00
-1.161742164801457200e+00
-1.161742164801457200e+00
-1.161742164801457200e+00
-1.161742164801457200e+00
-1.161742164801457200e+00
-1.161742164801457200e+00
-1.161742164801457200e+00
-1.161742164801457200e+00
-1.161742164801457200e+00
-1.161742164801457200e+00
-1.161742164801457200e+00
-1.161742164801457200e+00
-1.161742164801457200e+00
-1.144546167800349012e+00
-1.144546167800349012e+00
-1.144546167800349012e+00
-1.144546167800349012e+00
-1.182196131171961317e+00
-1.182196131171961317e+00
-1.182196131171961317e+00
-1.182196131171961317e+00
-1.182196131171961317e+00
-1.182196131171961317e+00
-1.137709982308557244e+00
-1.137709982308557244e+00
-1.137709982308557244e+00
-1.137709982308557244e+00
-1.137709982308557244e+00
-1.137709982308557244e+00
-1.137709982308557244e+00
-1.137709982308557244e+00
-1.137709982308557244e+00
-1.137709982308557244e+00
-1.137709982308557244e+00
-1.137709982308557244e+00
-1.137709982308557244e+00
-1.137709982308557244e+00
-1.137709982308557244e+00
-1.175295554429121703e+00
-1.175295554429121703e+00
-1.175295554429121703e+00
-1.175295554429121703e+00
-1.175295554429121703e+00
-1.175295554429121703e+00
-1.175295554429121703e+00
-1.175295554429121703e+00
-1.176141416137578499e+00
-1.176141416137578499e+00
-1.176141416137578499e+00
-1.176141416137578499e+00
-1.176141416137578499e+00
-1.176141416137578499e+00
-1.180235218135622155e+00
-1.180235218135622155e+00
-1.180235218135622155e+00
-1.180235218135622155e+00
-1.180235218135622155e+00
-1.180235218135622155e+00
-1.180235218135622155e+00
-1.180235218135622155e+00
-1.180235218135622155e+00
-1.180235218135622155e+00
-1.180235218135622155e+00
-1.180235218135622155e+00
-1.180235218135622155e+00
-1.180235218135622155e+00
-1.180235218135622155e+00
-1.180235218135622155e+00
-1.180235218135622155e+00
-1.180235218135622155e+00
-1.180235218135622155e+00
-1.180235218135622155e+00
-1.180235218135622155e+00
-1.180235218135622155e+00
-1.180235218135622155e+00
-1.180235218135622155e+00
-1.180235218135622155e+00
-1.180235218135622155e+00
-1.180235218135622155e+00
-1.180235218135622155e+00
-1.164122589687544229e+00
-1.164122589687544229e+00
-1.164122589687544229e+00
-1.164122589687544229e+00
-1.164122589687544229e+00
-1.120585328534273950e+00
-1.120585328534273950e+00
-1.120585328534273950e+00
-1.103587405859398185e+00
-1.103587405859398185e+00
-1.103587405859398185e+00
-1.103587405859398185e+00
-1.103587405859398185e+00
-1.103587405859398185e+00
-1.117934346426969316e+00
-1.117934346426969316e+00
-1.258912893371873620e+00
-1.258912893371873620e+00
-1.258912893371873620e+00
-1.258912893371873620e+00
-1.258912893371873620e+00
-1.258912893371873620e+00
-1.258912893371873620e+00
-1.258912893371873620e+00
-1.258912893371873620e+00
-1.258912893371873620e+00
-1.258912893371873620e+00
-7.485647616377295588e-01
-7.485647616377295588e-01
-7.485647616377295588e-01
-7.485647616377295588e-01
-7.485647616377295588e-01
-7.608381899547393967e-01
-7.608381899547393967e-01
-7.608381899547393967e-01
-7.608381899547393967e-01
-7.608381899547393967e-01
-7.608381899547393967e-01
-7.608381899547393967e-01
-7.608381899547393967e-01
-7.608381899547393967e-01
-7.638720435804435827e-01
-7.638720435804435827e-01
-7.638720435804435827e-01
-7.638720435804435827e-01
-7.638720435804435827e-01
-7.638720435804435827e-01
-7.638720435804435827e-01
-7.638720435804435827e-01
-7.638720435804435827e-01
-7.638720435804435827e-01
-7.638720435804435827e-01
-7.638720435804435827e-01
-7.638720435804435827e-01
-7.638720435804435827e-01
-8.489482717349925434e-01
-8.489482717349925434e-01
-8.489482717349925434e-01
-8.489482717349925434e-01
-8.489482717349925434e-01
-8.489482717349925434e-01
-8.489482717349925434e-01
-8.489482717349925434e-01
-8.489482717349925434e-01
-7.817268257615215266e-01
-7.817268257615215266e-01
-8.056076603227545485e-01
-8.057354741069143733e-01
-8.057354741069143733e-01
-8.057354741069143733e-01
-8.057354741069143733e-01
-8.057354741069143733e-01
-8.057354741069143733e-01
-8.057354741069143733e-01
-8.057354741069143733e-01
-8.057354741069143733e-01
-8.057354741069143733e-01
-8.057354741069143733e-01
-8.057354741069143733e-01
-8.057354741069143733e-01
-8.057354741069143733e-01
-8.057354741069143733e-01
-8.057354741069143733e-01
-8.057354741069143733e-01
-8.057354741069143733e-01
-8.057354741069143733e-01
-8.057354741069143733e-01
-8.057354741069143733e-01
-8.057354741069143733e-01
-8.057354741069143733e-01
-8.057354741069143733e-01
-8.057354741069143733e-01
-8.057354741069143733e-01
-8.057354741069143733e-01
-8.057354741069143733e-01
-8.057354741069143733e-01
-8.057354741069143733e-01
-8.057354741069143733e-01
-8.010995319650915381e-01
-8.010995319650915381e-01
-8.010995319650915381e-01
-8.010995319650915381e-01
-8.010995319650915381e-01
-8.010995319650915381e-01
-8.010995319650915381e-01
-8.010995319650915381e-01
-8.010995319650915381e-01
-8.010995319650915381e-01
-8.010995319650915381e-01
-5.756847945043734871e-01
-5.756847945043734871e-01
-5.756847945043734871e-01
-5.756847945043734871e-01
-5.756847945043734871e-01
-5.756847945043734871e-01
-5.756847945043734871e-01
-5.756847945043734871e-01
-5.756847945043734871e-01
-5.756847945043734871e-01
-5.756847945043734871e-01
-5.756847945043734871e-01
-5.756847945043734871e-01
-5.756847945043734871e-01
-7.595833013436078529e-01
-7.595833013436078529e-01
-7.780813122342694621e-01
-7.780813122342694621e-01
-7.780813122342694621e-01
-7.780813122342694621e-01
-7.780813122342694621e-01
-7.747146185223959813e-01
-7.747146185223959813e-01
-7.747146185223959813e-01
-7.747146185223959813e-01
-7.747146185223959813e-01
-7.550030889748159391e-01
-7.550030889748159391e-01
-4.682212669124566351e-01
-4.682212669124566351e-01
-4.682212669124566351e-01
-4.486075493847206941e-01
-4.486075493847206941e-01
-4.486075493847206941e-01
-4.486075493847206941e-01
-4.486075493847206941e-01
-4.422376021372428356e-01
-4.422376021372428356e-01
-4.422376021372428356e-01
-4.422376021372428356e-01
-4.422376021372428356e-01
-4.422376021372428356e-01
-4.422376021372428356e-01
-4.422376021372428356e-01
-4.422376021372428356e-01
-4.422376021372428356e-01
-4.422376021372428356e-01
-4.422376021372428356e-01
-4.559483514461188935e-01
-4.559483514461188935e-01
-4.559483514461188935e-01
-4.559483514461188935e-01
-4.494180528885091674e-01
-4.494180528885091674e-01
-4.494180528885091674e-01
-4.494180528885091674e-01
-4.494180528885091674e-01
-4.494180528885091674e-01
-4.494180528885091674e-01
-4.494180528885091674e-01
-4.494180528885091674e-01
-4.494180528885091674e-01
-4.494180528885091674e-01
-4.494180528885091674e-01
-4.494180528885091674e-01
-4.494180528885091674e-01
-4.494180528885091674e-01
-4.494180528885091674e-01
-4.494180528885091674e-01
-4.494180528885091674e-01
-4.402105598559115096e-01
-4.735921525590506276e-01
-4.735921525590506276e-01
-4.735921525590506276e-01
-4.735921525590506276e-01
-4.735921525590506276e-01
-4.900847178800156190e-01
-4.900847178800156190e-01
-4.900847178800156190e-01
-4.900847178800156190e-01
-4.900847178800156190e-01
-3.332821919402930155e-01
-3.332821919402930155e-01
-3.332821919402930155e-01
-3.332821919402930155e-01
-3.332821919402930155e-01
-3.332821919402930155e-01
-3.151575363388936513e-01
-3.151575363388936513e-01
-3.151575363388936513e-01
-3.151575363388936513e-01
-3.151575363388936513e-01
-3.151575363388936513e-01
-3.151575363388936513e-01
-3.151575363388936513e-01
-3.151575363388936513e-01
-3.151575363388936513e-01
-3.151575363388936513e-01
-3.151575363388936513e-01
-3.159289207330853166e-01
-3.159289207330853166e-01
-3.159289207330853166e-01
-3.159289207330853166e-01
-3.159289207330853166e-01
-3.159289207330853166e-01
-3.159289207330853166e-01
-3.159289207330853166e-01
-3.159289207330853166e-01
-3.159289207330853166e-01
-3.159289207330853166e-01
-3.159289207330853166e-01
-3.159289207330853166e-01
-3.159289207330853166e-01
-3.272504982027450993e-01
-3.272504982027450993e-01
-3.272504982027450993e-01
-3.272504982027450993e-01
-3.272504982027450993e-01
-3.272504982027450993e-01
-3.272504982027450993e-01
-3.272504982027450993e-01
-3.634656763441475591e-01
-3.634656763441475591e-01
-3.634656763441475591e-01
-3.634656763441475591e-01
-3.634656763441475591e-01
-3.634656763441475591e-01
-2.995997268428766125e-01
-2.995997268428766125e-01
-2.995997268428766125e-01
-2.995997268428766125e-01
-2.995997268428766125e-01
-2.995997268428766125e-01
-2.995997268428766125e-01
-2.995997268428766125e-01
-2.995997268428766125e-01
-2.995997268428766125e-01
-2.995997268428766125e-01
-2.995997268428766125e-01
-2.995997268428766125e-01
-2.995997268428766125e-01
-2.995997268428766125e-01
-2.995997268428766125e-01
-2.995997268428766125e-01
-2.995997268428766125e-01
-2.995997268428766125e-01
-2.995997268428766125e-01
-2.995997268428766125e-01
-2.995997268428766125e-01
-3.271740834526076225e-01
-3.271740834526076225e-01
-3.271740834526076225e-01
-3.271740834526076225e-01
-3.271740834526076225e-01
-3.271740834526076225e-01
-3.271740834526076225e-01
-3.271740834526076225e-01
-3.271740834526076225e-01
-3.271740834526076225e-01
-3.271740834526076225e-01
-3.271740834526076225e-01
-3.271740834526076225e-01
-3.271740834526076225e-01
-3.271740834526076225e-01
-3.271740834526076225e-01
-3.271740834526076225e-01
-3.271740834526076225e-01
-3.271740834526076225e-01
-3.271740834526076225e-01
-3.271740834526076225e-01
-3.271740834526076225e-01
-3.271740834526076225e-01
-3.271740834526076225e-01
-3.271740834526076225e-01
-3.271740834526076225e-01
-3.271740834526076225e-01
-3.271740834526076225e-01
-3.271740834526076225e-01
-4.300756333662948405e-01
-4.300756333662948405e-01
-4.300756333662948405e-01
-4.300756333662948405e-01
-4.242134367758639280e-01
-4.242134367758639280e-01
-4.242134367758639280e-01
-4.242134367758639280e-01
-4.242134367758639280e-01
-4.242134367758639280e-01
-4.242134367758639280e-01
-4.242134367758639280e-01
-4.242134367758639280e-01
-4.192778758747399692e-01
-4.192778758747399692e-01
-4.027712641437012353e-01
-4.027712641437012353e-01
-4.027712641437012353e-01
-4.027712641437012353e-01
-3.939340492963334661e-01
-3.939340492963334661e-01
-3.939340492963334661e-01
-3.939340492963334661e-01
-3.939340492963334661e-01
-2.911604271336221683e-01
-2.911604271336221683e-01
-2.911604271336221683e-01
-2.911604271336221683e-01
-2.911604271336221683e-01
-2.911604271336221683e-01
-2.911604271336221683e-01
-2.911604271336221683e-01
-2.911604271336221683e-01
-2.911604271336221683e-01
-2.911604271336221683e-01
-2.911604271336221683e-01
-2.911604271336221683e-01
-2.911604271336221683e-01
-2.911604271336221683e-01
-2.911604271336221683e-01
-2.911604271336221683e-01
-3.007765766767425131e-01
-3.007765766767425131e-01
-3.007765766767425131e-01
-3.007765766767425131e-01
-3.007765766767425131e-01
-3.007765766767425131e-01
-3.007765766767425131e-01
-3.007765766767425131e-01
-3.007765766767425131e-01
-3.007765766767425131e-01
-3.106749080563138143e-01
-3.106749080563138143e-01
-3.106749080563138143e-01
-3.106749080563138143e-01
-3.455664471048242037e-01
-3.455664471048242037e-01
-3.455664471048242037e-01
-3.455664471048242037e-01
-3.455664471048242037e-01
-3.455664471048242037e-01
-3.455664471048242037e-01
-3.455664471048242037e-01
-3.292395895343437351e-01
-3.292395895343437351e-01
-3.292395895343437351e-01
-3.292395895343437351e-01
-3.292395895343437351e-01
-3.292395895343437351e-01
-3.292395895343437351e-01
-3.292395895343437351e-01
-2.534641077595960468e-01
-2.534641077595960468e-01
-2.534641077595960468e-01
-2.534641077595960468e-01
-2.534641077595960468e-01
-2.534641077595960468e-01
-1.086660128364599354e-01
-1.086660128364599354e-01
-1.086660128364599354e-01
-1.086660128364599354e-01
-1.086660128364599354e-01
-1.086660128364599354e-01
-1.086660128364599354e-01
-1.086660128364599354e-01
-1.086660128364599354e-01
-1.086660128364599354e-01
-1.086660128364599354e-01
-1.086660128364599354e-01
-1.193511924825708392e-01
-1.193511924825708392e-01
-1.193511924825708392e-01
-1.193511924825708392e-01
-1.193511924825708392e-01
-1.193511924825708392e-01
-1.245672399637575978e-01
-1.659119077895840899e-01
-1.659119077895840899e-01
-1.659119077895840899e-01
-1.659119077895840899e-01
-1.659119077895840899e-01
-1.659119077895840899e-01
-1.659119077895840899e-01
-1.659119077895840899e-01
-1.659119077895840899e-01
-1.659119077895840899e-01
-1.659119077895840899e-01
-1.761314403942392526e-01
-1.761314403942392526e-01
-1.761314403942392526e-01
-1.761314403942392526e-01
-1.761314403942392526e-01
-1.761314403942392526e-01
-1.761314403942392526e-01
-1.761314403942392526e-01
-1.761314403942392526e-01
-1.761314403942392526e-01
-2.905772589360778313e-01
-2.905772589360778313e-01
-2.905772589360778313e-01
-2.905772589360778313e-01
-2.905772589360778313e-01
-2.905772589360778313e-01
-2.905772589360778313e-01
-2.905772589360778313e-01
-2.905772589360778313e-01
-2.905772589360778313e-01
-2.905772589360778313e-01
-2.905772589360778313e-01
-2.905772589360778313e-01
-2.978650664280295124e-01
-2.978650664280295124e-01
-2.398698325366864226e-01
-2.398698325366864226e-01
-2.398698325366864226e-01
-2.398698325366864226e-01
-2.398698325366864226e-01
-2.398698325366864226e-01
-2.398698325366864226e-01
-1.531792359415933280e-01
-1.531792359415933280e-01
-1.531792359415933280e-01
-1.531792359415933280e-01
-1.531792359415933280e-01
-1.531792359415933280e-01
-1.531792359415933280e-01
-1.531792359415933280e-01
-1.531792359415933280e-01
-1.531792359415933280e-01
-1.531792359415933280e-01
-1.834370124636371113e-01
-2.049555001249732666e-01
-2.049555001249732666e-01
-1.620205251026335946e-01
-1.620205251026335946e-01
-1.620205251026335946e-01
-1.620205251026335946e-01
-1.620205251026335946e-01
-1.575431250477384026e-01
-1.575431250477384026e-01
-1.575431250477384026e-01
-1.575431250477384026e-01
-2.808504191229037605e-01
-2.808504191229037605e-01
-2.808504191229037605e-01
-2.808504191229037605e-01
-2.808504191229037605e-01
-2.808504191229037605e-01
-2.808504191229037605e-01
-2.736086542246218278e-01
-2.736086542246218278e-01
-2.736086542246218278e-01
-2.736086542246218278e-01
-2.736086542246218278e-01
-2.736086542246218278e-01
-2.736086542246218278e-01
-2.736086542246218278e-01
-2.736086542246218278e-01
-2.591510233869971924e-01
-2.591510233869971924e-01
-2.591510233869971924e-01
-2.591510233869971924e-01
-2.591510233869971924e-01
-2.475707127532812968e-01
-2.475707127532812968e-01
-2.475707127532812968e-01
-2.475707127532812968e-01
-2.475707127532812968e-01
-2.475707127532812968e-01
