# Variable: dg_gbsa_00000216
# Sample shape: (1000,)
# Date: 2014-03-03 23:31:52.183582
-5.215396445750278276e-02
-1.011095000840509794e-01
-1.011095000840509794e-01
-8.331140214808811784e-02
-8.816471462267989889e-02
-8.687546501652004816e-02
-8.687546501652004816e-02
-6.230710426890371384e-02
-2.388478920974877184e-01
-2.972440327558644735e-01
-6.084255802927691636e-01
1.907134375198393239e-01
1.907134375198393239e-01
2.969439866210032974e-01
-1.710753595851803310e-01
-1.710753595851803310e-01
-3.806726996347051251e-01
-3.909747014765985185e-01
-2.736828751135510496e-01
-2.762499206608613478e-01
-2.763669930726118662e-01
-7.085776380325593815e-02
-4.120356622321199452e-02
-4.120356622321199452e-02
-1.981568097156502506e-02
-2.662271945016105729e-02
-2.377386245855181782e-02
-4.493633648434058533e-03
-4.482821046764718514e-03
-9.035962290107404926e-03
-9.035962290107404926e-03
-1.228199363552589379e-02
-1.228199363552589379e-02
-9.581902514908098578e-03
-9.581902514908098578e-03
-5.383994501532833078e-03
-5.383994501532833078e-03
-8.521062886452811149e-04
-8.521062886452811149e-04
-8.521062886452811149e-04
-2.648546778905003923e-02
-2.648546778905003923e-02
-2.648546778905003923e-02
-2.648546778905003923e-02
-4.248321768658566699e-02
-4.248321768658566699e-02
-4.337968066135282352e-02
-4.331642729773347786e-03
-9.028914867122131427e-02
-9.028914867122131427e-02
-1.023921592029285177e-02
-1.017864255758134037e-02
-3.226736952670017865e-04
-5.865106305702237968e-04
-2.163384433828621865e-03
-2.166707278808033873e-03
-2.166707278808033873e-03
-2.054495996943395131e-02
-5.102625569011694923e-02
-3.774786620876300920e-03
-1.873743202159782947e-02
-1.873743202159782947e-02
-1.534045340910012573e-02
-6.457055735457011870e-03
3.761755992915751960e-05
3.761755992915751960e-05
-2.057107439688469208e-01
-3.371936853184412733e-03
-2.752306085813569642e-02
-1.397843599091524169e-01
-3.761052016888247890e-02
-3.761052016888247890e-02
-4.022310469673508171e-04
-2.641706054328618169e-03
-1.361910485258293821e-02
-8.482452531845573185e-02
7.931625039359451444e-06
-4.865555448838675134e-03
-4.865555448838675134e-03
-2.368694139256304065e-02
-2.368694139256304065e-02
-2.368694139256304065e-02
-1.027603788625441709e-02
-7.948530441680727240e-04
-1.300020716785244869e-02
-1.300020716785244869e-02
-1.300020716785244869e-02
-1.300020716785244869e-02
-1.623508757261655361e-02
-1.623508757261655361e-02
-1.623508757261655361e-02
-1.363263787776516633e-01
-1.395212960060878138e-01
-1.454379687345734307e-01
-1.499703007947874311e-01
-2.718586082896128353e-01
-5.662941283067370740e-02
-5.662941283067370740e-02
-5.040909688969642810e-02
-5.040909688969642810e-02
-2.351022159848112705e-02
-2.351022159848112705e-02
-1.423740065006635219e-02
-1.423740065006635219e-02
-9.508306662735473494e-03
-2.805821127463025144e-01
-2.805821127463025144e-01
-2.763292985482151964e-01
-3.763830171716372464e-01
-3.933417352618040486e-01
-2.067929479234760851e-02
-3.027851135963235615e-02
-4.428474813072904442e-02
1.961856601442820997e-03
1.961856601442820997e-03
1.961856601442820997e-03
2.082566602465413166e-03
2.082566602465413166e-03
2.082566602465413166e-03
2.082566602465413166e-03
-2.161633173434729729e-02
-2.161641364799630691e-02
-2.161641364799630691e-02
-2.161796288440149746e-02
-2.161796288440149746e-02
-2.161796288440149746e-02
-3.065735842484133139e-02
-3.065735842484133139e-02
-3.065735842484133139e-02
-5.994621044591097458e-02
-9.333255414069267786e-02
-8.024670625280011516e-02
-1.293974955268845095e-01
-1.293974955268845095e-01
-1.623262980699994862e-01
-1.623262980699994862e-01
-6.416417929000198250e-02
-6.416417929000198250e-02
-6.416417929000198250e-02
-6.416417929000198250e-02
-6.416417929000198250e-02
-9.055112276660780279e-02
-1.401195363150500028e-01
-3.238824368890794864e-02
-3.238824368890794864e-02
-3.238824368890794864e-02
-3.238824368890794864e-02
-3.238824368890794864e-02
-4.170529800778820934e-02
-4.170529800778820934e-02
-4.265540195753651960e-03
-4.265540195753651960e-03
-5.239424924321657573e-02
-1.765352390692293341e-02
-6.945997861215762528e-03
-4.558981063261086791e-02
-4.558981063261086791e-02
-4.322060720414550028e-01
-4.322060720414550028e-01
-3.041330561127306847e-02
-3.041330561127306847e-02
-1.613499799718364283e-02
-1.939877077053883334e-02
-3.345207183000348163e-03
-3.219606714540412112e-02
-7.820572440528504587e-02
-7.820572440528504587e-02
-7.820572440528504587e-02
-7.820572440528504587e-02
-1.337162324051100262e-02
2.213625992375851514e-03
-2.105311841399446285e-02
-3.234372896286542842e-02
-3.234372896286542842e-02
-4.808950179165680933e-02
-4.348817885092977581e-04
-4.348817885092977581e-04
4.759334926146223236e-04
-5.524753758516411442e-03
-5.524753758516411442e-03
-4.862992085844107006e-03
-1.207903939269012877e-01
-9.006330917943732028e-02
-3.158868812238280893e-02
-3.158868812238280893e-02
-3.290866460672527971e-01
-3.550271459109012318e-01
-3.550271459109012318e-01
-2.746072635197046793e-02
-6.723901912228098625e-03
-6.723901912228098625e-03
-2.299688656744947740e-02
-1.872917298889980459e-02
-9.428764948083610820e-03
1.280440271780407518e-04
1.280440271780407518e-04
1.528749645760649634e-04
-1.191443551766256832e-02
-3.940169387862057365e-02
3.489734467838393871e-03
3.489734467838393871e-03
1.775565152955784539e-03
1.775565152955784539e-03
1.801124081215028580e-02
-2.775993465266081775e-03
-2.927454695974549600e-03
-8.665396338667057108e-02
-4.307234688282696525e-03
-6.422451047322945417e-02
-6.419698748716204384e-02
-3.549384298675602525e-03
-3.551207767731828866e-03
-7.515813065532515880e-02
-7.515813065532515880e-02
-7.515813065532515880e-02
-7.420062420473043374e-02
-5.986691803366914200e-02
-1.484438167959736474e-02
-1.084428533455837618e-02
-5.765147725330312285e-04
-1.333569787285979712e-02
-6.687537149079214593e-02
-3.347547001866035821e-01
-3.347547001866035821e-01
-3.585863010833185704e-01
-1.026353448002561702e-01
-1.026353448002561702e-01
-8.708489328679801245e-02
-9.359330309280701476e-02
-9.517440746892706638e-02
-9.897866964796077360e-02
-3.516248660607274035e-01
-1.302082269643050516e+00
-1.302082269643050516e+00
-1.302082269643050516e+00
1.434961308940646552e-01
1.434961308940646552e-01
1.434961308940646552e-01
-2.469618877762818146e-02
-2.469618877762818146e-02
-9.985089330554691722e-02
-7.840428309048566580e-02
-4.272667217436985215e-02
-4.272667217436985215e-02
-1.039181339125332393e+00
4.829133702281784152e-02
-2.982654701384143854e-03
-6.039270750081334078e-03
-5.834337936475673253e-03
-2.850434007425836982e-02
-4.952790546827516571e-02
-1.685859468083536613e-03
-7.674178147749052825e-03
-6.970186427549011562e-03
-4.919475197336185823e-02
-4.919475197336185823e-02
-4.919475197336185823e-02
-8.716347696790275809e-03
-8.716347696790275809e-03
-1.606216073663011348e-02
-2.107369120501651275e-02
-1.815858387867305690e-02
-2.638323777435386611e-03
-1.984709173968029518e-03
-1.984709173968029518e-03
-5.638156527827847472e-03
-1.648895221675103148e-02
-1.648895221675103148e-02
-1.057157396244501196e-01
-1.417922557653933935e-01
-1.417922557653933935e-01
-1.417922557653933935e-01
-1.417922557653933935e-01
-1.417922557653933935e-01
-6.404412949518309417e-02
-6.404412949518309417e-02
-6.404412949518309417e-02
-2.408478387683117006e-01
-2.603010625273957657e-01
-2.603010625273957657e-01
-1.881174301554094375e-01
-1.881174301554094375e-01
-1.881174301554094375e-01
-1.881174301554094375e-01
-1.275526007092477598e-01
-7.034443233368729322e-03
-7.034443233368729322e-03
-5.327335720878258185e-02
-2.161145965296269386e-02
-3.692553686708154731e-02
-1.326972355150811758e-02
-1.164203933502474392e-01
-8.519593782965129147e-03
-3.174793537898455698e-02
-1.046656921192519185e-01
-1.046656921192519185e-01
-1.046656921192519185e-01
-1.415833973291955039e-02
-1.415833973291955039e-02
-1.144242503219079221e-01
-6.453622396088010138e-02
-1.138637561785559374e-02
-1.138637561785559374e-02
-1.336384322458653712e-02
-9.277953728891011331e-02
-1.048700702349952690e-01
-1.877601726789091541e-01
-2.501723757209559085e-01
-3.267358240616253240e-01
4.568744457930497271e-02
2.665928000473839488e-01
2.665928000473839488e-01
2.665928000473839488e-01
6.871424743595816453e-02
-2.044705285852771171e-01
-1.140603329095968010e-01
-1.835517200639553148e-01
-1.423426585033336356e-01
-9.355391331202213279e-02
-7.345486667370476619e-01
-7.345486667370476619e-01
-7.749382783988237877e-01
-7.749382783988237877e-01
-4.798224619652071143e-01
-5.820167908021186554e-01
-6.926649501173263168e-01
-4.523441223979680070e-01
-4.523441223979680070e-01
-4.860698379020617632e-01
-4.860698379020617632e-01
-4.860698379020617632e-01
-3.941780522494197081e-01
-3.941780522494197081e-01
-9.712053758464397335e-01
-2.654433022493614125e-01
-4.863950422115581040e-01
-4.863950422115581040e-01
-4.242743805307275240e-01
-4.242743805307275240e-01
-4.658835225989668150e-01
-4.658835225989668150e-01
-4.264009728258472132e-01
-6.522466010105996970e-03
-1.359749745655925920e-02
-1.812173987615917472e-03
-1.828797116170478680e-03
-8.302170562470620463e-02
-1.993070482979768798e-01
-1.993070482979768798e-01
-1.993070482979768798e-01
-1.993070482979768798e-01
-1.584173075099747918e-01
-1.483875581456871873e-01
-2.061769394756047258e-01
-2.005016627092890136e-01
-2.005016627092890136e-01
-1.617073482988726175e-03
-1.617073482988726175e-03
-1.617073482988726175e-03
-1.617073482988726175e-03
-2.414056671566078630e-02
-2.414056671566078630e-02
-2.414056671566078630e-02
-3.367425592520040690e-03
-3.367425592520040690e-03
-1.293778629620945773e-02
-1.997984082119300467e-03
-3.872501234707367151e-02
-1.102366999333036918e-02
-1.102366999333036918e-02
-2.603544559806983960e-01
-2.603544559806983960e-01
-2.601549000858576766e-01
-2.535098369445217270e-01
-2.603544559806983960e-01
-2.603544559806983960e-01
-2.603544559806983960e-01
-2.594018073656362833e-01
-2.462308048974031494e-01
-2.779880570635968606e-01
-3.011370537157951888e-01
-3.011370537157951888e-01
-2.425612158802681606e-01
-2.425612158802681606e-01
-5.450442497463572726e-03
-8.690264432140791528e-03
-8.690264432140791528e-03
-3.807891309831155837e-03
-3.807891309831155837e-03
-3.807891309831155837e-03
-3.807891309831155837e-03
-3.807891309831155837e-03
-5.393398544585499728e-03
-9.851952227648083302e-03
-1.305762827966226725e-01
-2.505656609571686733e-03
-3.110967847174941556e-02
-4.524444488106903889e-02
-4.524444488106903889e-02
-4.524444488106903889e-02
-4.524444488106903889e-02
7.424397433237181487e-02
8.501270590047306508e-02
8.501270590047306508e-02
-2.308375599222474775e-02
-2.308375599222474775e-02
2.857844165417705584e-02
2.857844165417705584e-02
-6.412176938859272257e-02
-7.125923417180947059e-03
5.642539798415641128e-02
4.683617310131940603e-02
4.683617310131940603e-02
4.683617310131940603e-02
-3.373457597885601116e-03
-3.373457597885601116e-03
-3.934437213162846579e-03
-4.507081732723726766e-03
-4.507081732723726766e-03
-3.123095697130345155e-02
-7.567410116897714534e-02
-6.417247037586699954e-02
-6.417247037586699954e-02
-6.408198072395178413e-02
-6.258343106018197932e-02
-6.266651286905627893e-02
-6.266651286905627893e-02
-6.266651286905627893e-02
-6.266651286905627893e-02
-7.594454798484167289e-04
-7.594454798484167289e-04
-7.594454798484167289e-04
-1.196788506400744620e-02
-1.196788506400744620e-02
-1.196788506400744620e-02
-1.196788506400744620e-02
-1.352199889277864719e-01
-1.352199889277864719e-01
-4.134607104224866797e-02
-2.943301861874231817e-01
-2.943301861874231817e-01
-2.030695060243114247e-01
-1.562243010528228948e-01
-1.548465134764720474e-01
-1.664369814026651906e-01
-2.709093786790311431e-01
-2.610400518541354242e-01
-2.610400518541354242e-01
-4.061885591218849512e-01
-3.977882075720033939e-01
-6.502900365205841471e-01
-7.207141779576842211e-01
-7.207141779576842211e-01
-7.214747924877625840e-01
-6.500479710033700842e-01
-2.496870257758159427e-03
-2.496870257758159427e-03
-7.906874346174656149e-03
-6.890527741096728496e-04
-6.890527741096728496e-04
-1.536149809396973381e-03
-1.536149809396973381e-03
-1.599225767640607022e-03
-3.364732236125956948e-03
-9.598416573658271516e-04
-9.598345344398262827e-04
-4.388343001471878453e-03
-4.388343001471878453e-03
-4.388343001471878453e-03
-3.447276709270066710e-03
-3.447276709270066710e-03
-4.799176456253569263e-03
2.084018744485555824e-02
2.084018744485555824e-02
-1.432307898805941417e-03
-1.762987757333149899e-02
-1.762987757333149899e-02
3.033475398333532885e-02
3.233521706629437220e-02
2.685054801903081004e-02
3.811941761701558018e-02
2.458807522605527610e-02
2.458807522605527610e-02
-5.906037487673713310e-02
-5.939734536962116597e-03
-5.939848503778130499e-03
-5.939848503778130499e-03
-5.939848503778130499e-03
-1.293680956498158806e-02
-9.890227270513829785e-03
1.017176314661311391e-03
-7.992837378616314548e-03
-1.047746443953614416e-02
-1.047746443953614416e-02
-1.774059277362622852e-02
-1.774059277362622852e-02
-1.561307627885792811e-02
-1.718428869149424970e-02
-2.607673114560985980e-02
-3.922423953279482664e-03
-3.922423953279482664e-03
-2.144065010673001231e-02
-2.144065010673001231e-02
-9.528739666334757816e-03
-3.489148918802834065e-02
-3.489148918802834065e-02
-3.489148918802834065e-02
-3.489148918802834065e-02
-3.864413579608924065e-01
-4.435741764637525786e-01
-4.435741764637525786e-01
-2.702574315080223388e-01
-2.702574315080223388e-01
-2.702574315080223388e-01
-2.702574315080223388e-01
-2.025157840028547485e-01
-1.917169580723997735e-01
-4.051941416687536712e-01
-6.817225402445455940e-01
-6.817225402445455940e-01
-6.908609693866386570e-01
-3.231571919603511756e+00
-3.231571919603511756e+00
-3.231571919603511756e+00
-3.231571919603511756e+00
-1.737144207635299642e+00
-3.501823097182505534e-02
-3.501823097182505534e-02
-3.501823097182505534e-02
-4.675471531957330895e-01
-1.867462241626834107e-01
-1.867462241626834107e-01
-1.514325662735087341e-01
-7.002408229826057040e-02
-7.002408229826057040e-02
-3.488982384792932989e-01
-3.488982384792932989e-01
-3.488982384792932989e-01
-3.488982384792932989e-01
-3.488982384792932989e-01
-4.896340289831616760e-02
-5.048083187745132372e-02
-5.048083187745132372e-02
-5.048083187745132372e-02
-5.048083187745132372e-02
-5.048083187745132372e-02
-5.048083187745132372e-02
-5.048083187745132372e-02
-5.048083187745132372e-02
-5.048083187745132372e-02
-1.279878542254577201e-01
-4.653209539034170589e-02
-4.653209539034170589e-02
-4.653209539034170589e-02
-4.653209539034170589e-02
3.185098631090233640e-02
2.851016306626408953e-02
-1.489327041642387606e-01
-8.402897995926909835e-02
-2.280733482217697436e-02
-5.023253237540133975e-01
-5.023253237540133975e-01
-8.638384921145028095e-01
-8.638358708777345019e-01
-8.422634911582757011e-01
-8.501518752789177791e-01
-6.952097721355138260e-01
-9.387134366008108577e-01
-9.387134366008108577e-01
-8.059690490963353215e-02
-8.059690490963353215e-02
-9.099055744038028748e-02
-8.732464385306173971e-02
-8.975808467737346474e-02
-2.556476727783337996e-02
-4.698316180227363192e-02
-4.698316180227363192e-02
-3.307329821996889130e-02
-3.168063512495781220e-01
-2.841660877543699185e-02
-2.841660877543699185e-02
-2.841660877543699185e-02
-3.377932620663943314e-02
-8.101789832798973745e-02
-4.724119691958162531e-02
-4.724119691958162531e-02
-4.724119691958162531e-02
7.309944121377189019e-02
7.309944121377189019e-02
-2.165685940256082201e-02
3.809969067345613247e-01
3.809969067345613247e-01
3.809969067345613247e-01
-1.488415743393492257e-03
-1.488415743393492257e-03
2.293999575748042197e-01
-4.204225870664898834e-01
-5.394754856539957233e-01
-2.668799679320355556e-01
-4.156285444591514833e-01
-4.156285444591514833e-01
-2.398085753730788416e-01
-3.272036008579553013e-01
-3.272036008579553013e-01
-2.512477096134572152e-01
-2.512477096134572152e-01
-2.512477096134572152e-01
-3.580235329458407723e-01
-3.623503116075212915e-01
-3.672281483163341020e-01
-3.902572233863815798e-01
-3.873926389741623733e-01
-3.873926389741623733e-01
-3.873926389741623733e-01
-4.896256025617026775e-01
-4.896256025617026775e-01
-4.896256025617026775e-01
-4.896256025617026775e-01
-4.896256025617026775e-01
-3.813280943018984015e-01
-3.813280943018984015e-01
-4.715279001122906766e-01
-4.584797538717207410e-01
-1.694431695837819440e-01
-1.694431695837819440e-01
-1.219393218908437493e-01
-1.219393218908437493e-01
-2.827432084949704771e-01
-1.793127813257177072e-01
-1.793127813257177072e-01
-1.793127813257177072e-01
-1.793127813257177072e-01
-1.793127813257177072e-01
-7.361551999589909245e-01
-3.938270914395042288e-01
-3.938270914395042288e-01
-2.477684166873617977e-01
-2.477684166873617977e-01
-2.477684166873617977e-01
-2.477684166873617977e-01
-2.477684166873617977e-01
-3.328830516589075250e-01
-3.328830516589075250e-01
-4.240500653451076962e-01
-3.494887860281745140e-01
-4.542635800049819594e-01
-4.542635800049819594e-01
-4.542635800049819594e-01
-2.589045416556626233e-01
-3.030452286080237978e-01
-3.030452286080237978e-01
-2.420214405479212127e-01
-3.849966789864672778e-02
-3.994926952723107383e-01
-3.003994889742557239e-01
-3.483365530265676857e-01
-5.025681870389394623e-01
-5.062121050307673009e-01
-1.011052277530356536e+00
-8.722466788829853490e-01
-1.033821023900923564e+00
-1.033821023900923564e+00
-1.033821023900923564e+00
-8.438303639282459523e-01
-8.213973068142483847e-01
-6.344137182655115170e-01
-6.344137182655115170e-01
-6.344137182655115170e-01
-6.344137182655115170e-01
-2.694362151235284997e-01
-2.694362151235284997e-01
-2.620721923233673700e-01
-9.086167521732030350e-02
-1.707767095438152971e-01
-6.720104947486753300e-03
-1.796482960706003232e-02
-1.796482960706003232e-02
-7.113847119402474939e-02
-7.113847119402474939e-02
3.228875065852761239e-02
-8.868859870711885696e-02
-1.467094911586486021e-02
-1.459695972203068660e-02
-1.459695972203068660e-02
-1.587226887164106676e-02
-2.247560769319534302e-02
-3.451453682113559962e-01
-2.118858222067925845e-01
-2.112610561214031124e-01
-2.098861034696006267e-01
-2.098861034696006267e-01
-5.177678843073361126e-01
-5.177678843073361126e-01
-5.177678843073361126e-01
-2.856692780044293167e-01
-3.831638717742540390e-01
-6.596704172130751775e-01
-3.726794090599220288e-01
-3.726794090599220288e-01
-3.726794090599220288e-01
-3.726794090599220288e-01
-3.671546967034129971e-01
-2.736070301974936614e-01
-3.752051131447232124e-01
-4.364068318963278403e-01
-7.964642736241648313e-01
-7.964642736241648313e-01
-3.124731904462008103e-01
-4.756541541611942758e-01
-3.518698377317497905e-01
-6.789047677020041416e-01
-2.401736965598841034e-01
-2.401736965598841034e-01
-1.757777871182953922e-01
-2.715389313706932373e-01
-6.481748693987697818e-01
-9.843442111808528572e-02
-1.009559155536199349e-01
-3.936267805145073767e-02
-3.936267805145073767e-02
-1.199560001293058370e-01
-2.068379042709306836e-01
-7.286228339257248832e-02
-7.286228339257248832e-02
-7.286228339257248832e-02
-1.618464265453199991e-01
-1.618464265453199991e-01
-4.856767805994810505e-02
-1.371716884593434695e-02
-1.786675154592977099e-01
-1.786675154592977099e-01
-5.420921352579761987e-02
-5.420921352579761987e-02
-5.420921352579761987e-02
-1.293587468094397064e-01
-1.293587468094397064e-01
-1.293587468094397064e-01
-1.293587468094397064e-01
-8.010538740094259869e-02
-6.279858758754984782e-01
-6.279858758754984782e-01
-9.364691450764526248e-01
-9.364691450764526248e-01
-6.849132745346877063e-03
1.899517260591568890e-01
-7.371290464018316335e-01
-8.526767531043027981e-01
-6.895102916666471238e-01
-5.535968289092667582e-01
-5.535968289092667582e-01
-5.407692939327961579e-01
-5.407692939327961579e-01
-5.407692939327961579e-01
-5.598361701855923966e-01
-5.598361701855923966e-01
-1.626000890996214532e-01
-1.626000890996214532e-01
-9.728516265037637778e-01
-9.728516265037637778e-01
-9.730291868031137881e-01
-9.730291868031137881e-01
-8.348093775900553570e-01
-6.161303068894045110e-01
-8.894084288558813389e-01
-8.894084288558813389e-01
-9.766748712805898291e-01
-9.766748712805898291e-01
-5.235728481873499346e-02
-1.173984636882067145e-03
-6.347356887666034952e-02
-1.168146116897663123e-01
-1.168146116897663123e-01
-5.519111510757962122e-03
-5.519111510757962122e-03
-5.144003928277506299e-01
-5.144003928277506299e-01
-3.557179557661709346e-01
-6.233802489067354902e-01
-6.233802489067354902e-01
-4.925908481641663172e-01
-4.130248870721966448e-01
-4.130248870721966448e-01
-3.519343999330217798e-01
-3.529897326493126042e-01
-3.529897326493126042e-01
-3.529897326493126042e-01
-3.050023237560264833e-01
-3.326323531553804225e-01
-6.067451965740487951e-01
-3.884030687649436819e-01
-4.950701962465537398e-01
-8.150716926582000088e-01
-8.150716926582000088e-01
-8.236904331192687057e-01
-1.258765876179215537e+00
-1.455533116998909415e+00
-1.455533116998909415e+00
-7.290652673513438042e-01
-8.324394946344495505e-01
-7.621810039644258961e-01
-9.573964726172714546e-01
-6.987744831902118481e-01
-9.959662621609338684e-01
-9.959662621609338684e-01
-1.207553975668737456e+00
-1.207714440945685475e+00
-1.207714440945685475e+00
-1.207714440945685475e+00
-1.207847440219973922e+00
-1.207847440219973922e+00
-1.109274691878951558e+00
-1.374931226041075316e+00
-1.374931226041075316e+00
-1.499647164208027350e+00
-1.005082011906640149e+00
-6.836203156648128498e-01
-4.130253429394606934e-01
-4.130253429394606934e-01
-6.511706296162213248e-02
-1.115753933302986861e-01
-3.870937752450172992e-02
-4.493180897450127498e-02
-1.467417776014791064e-01
1.509592981464149240e-03
-7.501065759540287425e-02
-7.501065759540287425e-02
-2.729436863448833975e-02
-6.259146126888222306e-03
2.383466517948055752e-01
1.806080141897183078e-01
4.590810214242332932e-02
7.227853823802210531e-02
7.227853823802210531e-02
7.227853823802210531e-02
7.227853823802210531e-02
-2.499170615613802438e-01
-2.499170615613802438e-01
-2.104604107471998442e-01
-2.104604107471998442e-01
-2.485742760433977405e-01
-7.494522639715876788e-02
-1.074795043149368162e-01
-1.137144293771419068e-01
-1.101879470662906479e-01
-1.831806298651613152e-01
-1.835223166254236760e-01
-1.831806298651613152e-01
-1.831806298651613152e-01
-1.831806298651613152e-01
-1.075036082965238060e-01
-1.075036082965238060e-01
-1.563200046865707571e-01
-1.660236664985379473e-01
-1.660236664985379473e-01
-1.660236664985379473e-01
-3.660506146815720729e-01
-3.660506146815720729e-01
-2.093247741631750203e-01
-2.093247741631750203e-01
-4.556630070305234814e-01
-5.037989716684840857e-01
-5.037989716684840857e-01
-5.733143986980955287e-01
-5.733143986980955287e-01
-5.733143986980955287e-01
-2.633637782492555535e-01
-3.013248781515124805e-02
-3.013248781515124805e-02
-3.013248781515124805e-02
-3.313198258270496632e-01
-4.474882812846459057e-01
-4.474882812846459057e-01
-4.474880533510138814e-01
-4.235537683530701258e-01
-5.140032754573493623e-01
-5.470837393408751748e-01
-5.304703976866391724e-01
-5.304703976866391724e-01
-4.419015709802251446e-01
-4.278869576481514336e-01
-2.932845691421975265e-01
-2.932845691421975265e-01
-6.217198093808176118e-01
-3.065585406286994163e-01
2.063010066006880916e-01
3.269388844360584523e-01
3.269388844360584523e-01
-5.631759677288864507e-01
-5.631759677288864507e-01
-5.631759677288864507e-01
1.906879944281641703e-01
1.656672352814537452e-01
-1.054653687755190833e-01
-2.761134774518514412e-02
-2.761134774518514412e-02
1.842911194041228860e-03
-5.911699145405515526e-02
-1.674152761127934916e-02
-7.479209417252877766e-03
-6.409648300128958920e-02
-1.749926982144780485e-01
-1.140724518558946965e+00
-1.155011056714030593e+00
-1.097806097216633470e+00
-1.097806097216633470e+00
-8.335838924174554521e-01
-8.335838924174554521e-01
-8.335838924174554521e-01
-8.335838924174554521e-01
-7.744976826881131426e-01
-7.744976826881131426e-01
-7.238467838294646572e-01
-1.242055149880695541e+00
-1.242055149880695541e+00
-1.237746292500833123e+00
-1.237853877175150608e+00
-1.275323545043828499e+00
-1.036120418380824804e+00
-2.592469549543771068e-01
-2.592469549543771068e-01
-2.592469549543771068e-01
-2.592469549543771068e-01
-2.257493867700915702e-01
-2.493585386877989751e-01
-1.476835708773158728e-01
-1.476835708773158728e-01
-2.115965886736007329e-01
-2.073800159230058948e-01
-2.073800159230058948e-01
-2.073800159230058948e-01
-3.712489260770166499e-01
-2.080759685308481710e-01
-2.080759685308481710e-01
-1.233527668347550038e-01
-1.233527668347550038e-01
-1.233527668347550038e-01
-1.233527668347550038e-01
-4.528973173229005611e-01
-2.309930712041617651e-01
-5.000411438440501843e-01
-5.000411438440501843e-01
-4.221326591407819628e-01
-4.221326591407819628e-01
-1.918650721956621230e-01
-2.033720736749769220e-01
-2.015279908709042833e-01
-9.413764422072050664e-01
-8.953499748419621040e-01
-6.974679106280178287e-01
-1.003473484265416715e+00
-1.003473484265416715e+00
-1.003473484265416715e+00
-1.003473484265416715e+00
-8.901518913801494959e-01
-8.901518913801494959e-01
-1.325458231209341031e+00
-1.612853251725264281e+00
-1.612853251725264281e+00
-1.612853251725264281e+00
-1.024256472833753762e+00
-1.024256472833753762e+00
-9.114858525205068451e-01
-6.680457245551376655e-01
-6.680457245551376655e-01
-9.943848586219218300e-01
-1.838912585497358254e+00
-1.838912585497358254e+00
-1.838912585497358254e+00
-1.709486142399206099e-01
-3.977398571503093505e-01
-3.977398571503093505e-01
-2.689221962916007458e-01
-2.081527109355816862e-01
-1.522119995740813803e-01
-1.522119995740813803e-01
-1.522119995740813803e-01
-1.522119995740813803e-01
-1.533397012185412078e-01
-1.533397012185412078e-01
-1.533397012185412078e-01
-8.408810736800242935e-02
-3.523039943173555955e-01
-4.835758023462605193e-02
-1.976984779191974240e-01
-1.976984779191974240e-01
1.375263068917604581e-01
-1.180626195543810625e-01
-1.180626195543810625e-01
-9.139672804972864828e-02
-9.139672804972864828e-02
-9.625086678373653837e-02
-2.509120203568875884e-01
-2.509120203568875884e-01
-6.962245611570076764e-02
-1.517260878081531372e-01
-1.517260878081531372e-01
-8.119030875184111984e-02
-1.995038547433812814e-01
-1.953594087414713965e-01
-5.933464136166964262e-03
