# Variable: dg_gbsa_00000155
# Sample shape: (1000,)
# Date: 2014-03-03 23:31:52.845948
-3.305318592611279915e-01
-4.523879141470213971e-01
-4.523879141470213971e-01
-4.523879141470213971e-01
-4.523879141470213971e-01
-4.669262619820880866e-01
-4.669262619820880866e-01
-4.669262619820880866e-01
-4.669262619820880866e-01
-4.669262619820880866e-01
-4.669262619820880866e-01
-2.281148164723616922e+00
-5.338342422281122657e-01
-3.749418213080265572e-01
-1.525647211713043294e+00
-1.525647211713043294e+00
-1.673976048456779164e+00
-3.415154453445346849e+00
-3.415154453445346849e+00
-3.380582391873828030e+00
-3.380582391873828030e+00
-3.365270722208697496e+00
-1.630194442449974357e+00
-1.630194442449974357e+00
-1.630194442449974357e+00
-1.630194442449974357e+00
-1.630194442449974357e+00
-3.015719909740907312e+00
-3.015719909740907312e+00
-3.015719909740907312e+00
-3.015719909740907312e+00
-3.015719909740907312e+00
-3.015719909740907312e+00
-3.010936494539162123e+00
-3.010936494539162123e+00
-3.006146469262088505e+00
-3.006146469262088505e+00
-3.006146469262088505e+00
-3.006146469262088505e+00
-3.006146469262088505e+00
-2.886986869243089338e+00
-2.886986869243089338e+00
-2.886986869243089338e+00
-2.830633925662213723e+00
-2.844631330005069181e+00
-2.965357745810630608e+00
-3.006993014771441430e+00
-3.006993014771441430e+00
-3.033914028116667438e+00
-3.033914028116667438e+00
-3.033914028116667438e+00
-3.033914028116667438e+00
-3.033914028116667438e+00
-3.033914028116667438e+00
-3.033914028116667438e+00
-3.033914028116667438e+00
-3.033914028116667438e+00
-3.033914028116667438e+00
-3.033914028116667438e+00
-3.033914028116667438e+00
-3.061268799163642917e+00
-3.048758205902507790e+00
-3.048758205902507790e+00
-3.048758205902507790e+00
-3.048758205902507790e+00
-2.816270915773584793e+00
-2.816270915773584793e+00
-2.816270915773584793e+00
-2.816270915773584793e+00
-2.815769233849490849e+00
-2.917239588487672286e+00
-2.917239588487672286e+00
-2.936268171890287881e+00
-2.936268171890287881e+00
-2.948313096741189465e+00
-2.948313096741189465e+00
-2.894503664560117429e+00
-2.922677857014234881e+00
-2.922677857014234881e+00
-2.922677857014234881e+00
-2.922677857014234881e+00
-2.922677857014234881e+00
-2.982273840311608026e+00
-2.982273840311608026e+00
-2.982273840311608026e+00
-2.879889699742625098e+00
-2.879889699742625098e+00
-2.879889699742625098e+00
-2.879889699742625098e+00
-2.879889699742625098e+00
-2.871556674089303929e+00
-3.037587862397698846e+00
-3.037587862397698846e+00
-3.037587862397698846e+00
-2.875372738956721186e+00
-2.868078178930920430e+00
-2.557478261039543899e+00
-2.557478261039543899e+00
-2.548779629840449701e+00
-2.548779629840449701e+00
-2.498276374991947435e+00
-2.498276374991947435e+00
-2.498276374991947435e+00
-2.557431534644978299e+00
-2.557431534644978299e+00
-2.557431534644978299e+00
-2.462862098650084430e+00
-2.462862098650084430e+00
-2.462862098650084430e+00
-2.462862098650084430e+00
-2.462862098650084430e+00
-2.462862098650084430e+00
-2.462862098650084430e+00
-2.462862098650084430e+00
-2.462862098650084430e+00
-2.462862098650084430e+00
-2.462862098650084430e+00
-2.332192306080921984e+00
-2.299666404724121094e+00
-2.299666404724121094e+00
-2.299666404724121094e+00
-2.299666404724121094e+00
-2.311148789371176626e+00
-2.311148789371176626e+00
-1.975398674521801734e+00
-1.975398674521801734e+00
-1.979839733408240265e+00
-1.979839733408240265e+00
-1.979839733408240265e+00
-1.979839733408240265e+00
-1.979839733408240265e+00
-1.979839733408240265e+00
-1.979839733408240265e+00
-1.978111312676570144e+00
-1.978111312676570144e+00
-1.978111312676570144e+00
-1.978111312676570144e+00
-2.663041619908057545e+00
-2.663041619908057545e+00
-2.663041619908057545e+00
-2.663041619908057545e+00
-2.653374498706474682e+00
-2.653374498706474682e+00
-2.653374498706474682e+00
-2.653374498706474682e+00
-2.653374498706474682e+00
-2.653374498706474682e+00
-2.726371839898949823e+00
-2.726371839898949823e+00
-2.726371839898949823e+00
-2.726371839898949823e+00
-2.726371839898949823e+00
-2.726371839898949823e+00
-2.726371839898949823e+00
-2.726371839898949823e+00
-2.726371839898949823e+00
-2.726371839898949823e+00
-2.726371839898949823e+00
-2.726371839898949823e+00
-2.726371839898949823e+00
-2.726371839898949823e+00
-2.726371839898949823e+00
-2.726371839898949823e+00
-2.726371839898949823e+00
-2.726371839898949823e+00
-2.726371839898949823e+00
-2.726371839898949823e+00
-2.726371839898949823e+00
-2.726371839898949823e+00
-2.726371839898949823e+00
-2.726822920556733809e+00
-2.726822920556733809e+00
-2.726822920556733809e+00
-2.726822920556733809e+00
-2.726822920556733809e+00
-2.706196978260864139e+00
-2.706196978260864139e+00
-2.706196978260864139e+00
-2.706196978260864139e+00
-2.706196978260864139e+00
-2.706196978260864139e+00
-2.706196978260864139e+00
-2.706196978260864139e+00
-2.706196978260864139e+00
-2.715524478350725079e+00
-2.715524478350725079e+00
-2.715524478350725079e+00
-2.715524478350725079e+00
-2.715524478350725079e+00
-2.715524478350725079e+00
-2.715524478350725079e+00
-2.715524478350725079e+00
-2.715524478350725079e+00
-2.715524478350725079e+00
-2.715524478350725079e+00
-2.715524478350725079e+00
-2.715524478350725079e+00
-2.715524478350725079e+00
-2.163038654947372130e+00
-2.293308196058692516e+00
-2.293308196058692516e+00
-2.293308196058692516e+00
-2.293308196058692516e+00
-2.293308196058692516e+00
-2.293308196058692516e+00
-2.293308196058692516e+00
-2.139458236913152067e+00
-2.145174584470789014e+00
-2.145174584470789014e+00
-2.145174584470789014e+00
-2.145174584470789014e+00
-2.145174584470789014e+00
-2.145174584470789014e+00
-2.145174584470789014e+00
-2.145174584470789014e+00
-2.145174584470789014e+00
-2.145174584470789014e+00
-2.145174584470789014e+00
-2.145174584470789014e+00
-2.145174584470789014e+00
-2.145174584470789014e+00
-2.145174584470789014e+00
-2.145174584470789014e+00
-2.145174584470789014e+00
-2.114065974437939754e+00
-2.114065974437939754e+00
-2.114065974437939754e+00
-2.114065974437939754e+00
-2.114065974437939754e+00
-2.930360588015379353e+00
-2.930360588015379353e+00
-2.930360588015379353e+00
-2.930360588015379353e+00
-2.930360588015379353e+00
-2.930360588015379353e+00
-2.930360588015379353e+00
-2.930360588015379353e+00
-2.930360588015379353e+00
-2.930360588015379353e+00
-2.930360588015379353e+00
-2.899724940268988860e+00
-2.899724940268988860e+00
-2.899724940268988860e+00
-2.899724940268988860e+00
-2.899724940268988860e+00
-2.917829936594625639e+00
-2.917829936594625639e+00
-2.917829936594625639e+00
-2.917829936594625639e+00
-2.917829936594625639e+00
-2.917829936594625639e+00
-2.917829936594625639e+00
-2.917829936594625639e+00
-2.917829936594625639e+00
-2.917829936594625639e+00
-2.917829936594625639e+00
-2.917829936594625639e+00
-2.917829936594625639e+00
-2.917829936594625639e+00
-2.917829936594625639e+00
-2.917829936594625639e+00
-2.917829936594625639e+00
-2.917829936594625639e+00
-2.917829936594625639e+00
-2.917829936594625639e+00
-2.917829936594625639e+00
-2.917829936594625639e+00
-2.898781522966023871e+00
-2.898781522966023871e+00
-2.898781522966023871e+00
-2.898781522966023871e+00
-2.898781522966023871e+00
-2.898781522966023871e+00
-2.898781522966023871e+00
-2.899037264501159505e+00
-2.899037264501159505e+00
-2.899037264501159505e+00
-2.899037264501159505e+00
-2.902571831333021546e+00
-2.902571831333021546e+00
-2.902571831333021546e+00
-2.902571831333021546e+00
-2.902571831333021546e+00
-2.902571831333021546e+00
-2.902571831333021546e+00
-2.898121655101301819e+00
-2.898121655101301819e+00
-2.898121655101301819e+00
-2.898121655101301819e+00
-2.898121655101301819e+00
-2.898121655101301819e+00
-2.898121655101301819e+00
-2.898121655101301819e+00
-2.898121655101301819e+00
-2.898121655101301819e+00
-2.898121655101301819e+00
-2.898121655101301819e+00
-2.898121655101301819e+00
-2.898121655101301819e+00
-2.306299045482511190e+00
-2.306299045482511190e+00
-2.306299045482511190e+00
-2.306299045482511190e+00
-2.306299045482511190e+00
-2.306299045482511190e+00
-2.306299045482511190e+00
-2.306299045482511190e+00
-2.306299045482511190e+00
-2.306299045482511190e+00
-2.306299045482511190e+00
-2.306299045482511190e+00
-2.306299045482511190e+00
-2.306299045482511190e+00
-2.306299045482511190e+00
-2.306299045482511190e+00
-2.306299045482511190e+00
-2.306299045482511190e+00
-2.306299045482511190e+00
-2.306299045482511190e+00
-2.306299045482511190e+00
-2.312190446069545935e+00
-2.312190446069545935e+00
-2.312190446069545935e+00
-2.312190446069545935e+00
-2.312190446069545935e+00
-2.312190446069545935e+00
-2.312190446069545935e+00
-2.331586458486990754e+00
-2.331586458486990754e+00
-2.331586458486990754e+00
-2.331586458486990754e+00
-2.331586458486990754e+00
-2.331586458486990754e+00
-2.331586458486990754e+00
-2.331586458486990754e+00
-2.331586458486990754e+00
-2.331586458486990754e+00
-2.331586458486990754e+00
-2.331586458486990754e+00
-2.331586458486990754e+00
-2.331586458486990754e+00
-2.331586458486990754e+00
-2.331586458486990754e+00
-2.331586458486990754e+00
-2.331586458486990754e+00
-2.331586458486990754e+00
-2.331586458486990754e+00
-2.331586458486990754e+00
-2.331586458486990754e+00
-2.331586458486990754e+00
-2.331586458486990754e+00
-2.331586458486990754e+00
-2.331586458486990754e+00
-2.220651843579731555e+00
-2.220651843579731555e+00
-2.220651843579731555e+00
-2.220651843579731555e+00
-2.220651843579731555e+00
-2.220651843579731555e+00
-2.220651843579731555e+00
-2.220651843579731555e+00
-2.220651843579731555e+00
-2.220651843579731555e+00
-2.220651843579731555e+00
-2.220651843579731555e+00
-2.220651843579731555e+00
-2.220651843579731555e+00
-2.220651843579731555e+00
-2.136329847813564164e+00
-2.133234281156988210e+00
-2.133234281156988210e+00
-2.133234281156988210e+00
-2.133234281156988210e+00
-2.133234281156988210e+00
-2.133234281156988210e+00
-2.133234281156988210e+00
-2.133234281156988210e+00
-2.133234281156988210e+00
-2.133234281156988210e+00
-2.133234281156988210e+00
-2.133234281156988210e+00
-2.148389588350547719e+00
-2.148389588350547719e+00
-2.148389588350547719e+00
-2.148389588350547719e+00
-2.017061067584823508e+00
-2.017061067584823508e+00
-2.011432702409149620e+00
-2.011432702409149620e+00
-2.011432702409149620e+00
-1.986364333625049383e+00
-1.986364333625049383e+00
-2.278259333871290426e+00
-2.278259333871290426e+00
-2.278259333871290426e+00
-2.278259333871290426e+00
-2.278259333871290426e+00
-2.278259333871290426e+00
-2.278259333871290426e+00
-2.278259333871290426e+00
-2.278259333871290426e+00
-2.278259333871290426e+00
-2.278259333871290426e+00
-2.278259333871290426e+00
-2.289312975356501134e+00
-2.298181645045088928e+00
-2.298181645045088928e+00
-2.298181645045088928e+00
-2.318281288584604916e+00
-2.318281288584604916e+00
-2.319643419969605880e+00
-2.319643419969605880e+00
-2.319643419969605880e+00
-2.319643419969605880e+00
-2.319643419969605880e+00
-2.319643419969605880e+00
-2.319643419969605880e+00
-2.319643419969605880e+00
-2.319643419969605880e+00
-2.319643419969605880e+00
-2.319643419969605880e+00
-2.319643419969605880e+00
-2.319643419969605880e+00
-2.319643419969605880e+00
-2.319161112404234171e+00
-2.319161112404234171e+00
-2.319161112404234171e+00
-2.319161112404234171e+00
-2.319161112404234171e+00
-2.319161112404234171e+00
-2.382593218728643603e+00
-2.382593218728643603e+00
-2.382593218728643603e+00
-2.382593218728643603e+00
-2.382593218728643603e+00
-2.343654860501991344e+00
-2.343654860501991344e+00
-2.343654860501991344e+00
-2.343654860501991344e+00
-2.341422022642642542e+00
-2.341422022642642542e+00
-2.341422022642642542e+00
-2.341422022642642542e+00
-2.341422022642642542e+00
-2.341422022642642542e+00
-2.341422022642642542e+00
-2.341422022642642542e+00
-2.341422022642642542e+00
-2.341422022642642542e+00
-2.341422022642642542e+00
-2.341422022642642542e+00
-2.341422022642642542e+00
-2.341422022642642542e+00
-2.341422022642642542e+00
-2.341422022642642542e+00
-2.341422022642642542e+00
-2.341422022642642542e+00
-2.335922667902696315e+00
-2.335922667902696315e+00
-2.335922667902696315e+00
-2.335922667902696315e+00
-2.315413427626425324e+00
-2.315413427626425324e+00
-2.315413427626425324e+00
-2.315413427626425324e+00
-2.315413427626425324e+00
-2.315413427626425324e+00
-2.628353995985100333e+00
-2.628353995985100333e+00
-2.628353995985100333e+00
-2.628353995985100333e+00
-2.628353995985100333e+00
-2.628353995985100333e+00
-2.628353995985100333e+00
-2.628353995985100333e+00
-2.628353995985100333e+00
-2.628353995985100333e+00
-2.628353995985100333e+00
-2.628353995985100333e+00
-2.628353995985100333e+00
-2.628353995985100333e+00
-2.628353995985100333e+00
-2.604555901332293644e+00
-2.604555901332293644e+00
-2.604555901332293644e+00
-2.604555901332293644e+00
-2.604555901332293644e+00
-2.604555901332293644e+00
-2.604555901332293644e+00
-2.604555901332293644e+00
-2.604913757134577956e+00
-2.604913757134577956e+00
-2.604913757134577956e+00
-2.604913757134577956e+00
-2.604913757134577956e+00
-2.604913757134577956e+00
-2.606635111923655046e+00
-2.606635111923655046e+00
-2.606635111923655046e+00
-2.606635111923655046e+00
-2.606635111923655046e+00
-2.606635111923655046e+00
-2.606635111923655046e+00
-2.606635111923655046e+00
-2.606635111923655046e+00
-2.606635111923655046e+00
-2.606635111923655046e+00
-2.606635111923655046e+00
-2.553585154604501195e+00
-2.553585154604501195e+00
-2.553585154604501195e+00
-2.553585154604501195e+00
-2.497015218205934861e+00
-2.497015218205934861e+00
-2.497015218205934861e+00
-2.497015218205934861e+00
-2.497015218205934861e+00
-2.497015218205934861e+00
-2.497015218205934861e+00
-2.497015218205934861e+00
-2.497015218205934861e+00
-2.497015218205934861e+00
-2.497015218205934861e+00
-2.497015218205934861e+00
-2.507095811016017084e+00
-2.507095811016017084e+00
-2.507095811016017084e+00
-2.507095811016017084e+00
-2.507095811016017084e+00
-2.535228747482737077e+00
-2.535228747482737077e+00
-2.535228747482737077e+00
-2.527724944382734762e+00
-2.527724944382734762e+00
-2.527724944382734762e+00
-2.527724944382734762e+00
-2.527724944382734762e+00
-2.527724944382734762e+00
-2.531594117786414522e+00
-2.531594117786414522e+00
-2.583471584502415208e+00
-2.583471584502415208e+00
-2.583471584502415208e+00
-2.583471584502415208e+00
-2.583471584502415208e+00
-2.583471584502415208e+00
-2.583471584502415208e+00
-2.583471584502415208e+00
-2.583471584502415208e+00
-2.583471584502415208e+00
-2.583471584502415208e+00
-2.542368540572390589e+00
-2.542368540572390589e+00
-2.542368540572390589e+00
-2.542368540572390589e+00
-2.542368540572390589e+00
-2.527568353977531324e+00
-2.527568353977531324e+00
-2.527568353977531324e+00
-2.527568353977531324e+00
-2.527568353977531324e+00
-2.527568353977531324e+00
-2.527568353977531324e+00
-2.527568353977531324e+00
-2.527568353977531324e+00
-2.523942841626489741e+00
-2.523942841626489741e+00
-2.523942841626489741e+00
-2.523942841626489741e+00
-2.523942841626489741e+00
-2.523942841626489741e+00
-2.523942841626489741e+00
-2.523942841626489741e+00
-2.523942841626489741e+00
-2.523942841626489741e+00
-2.523942841626489741e+00
-2.301083012247176818e+00
-2.301083012247176818e+00
-2.301083012247176818e+00
-2.275306909535628641e+00
-2.275306909535628641e+00
-2.275306909535628641e+00
-2.275306909535628641e+00
-2.275306909535628641e+00
-2.275306909535628641e+00
-2.275306909535628641e+00
-2.275306909535628641e+00
-2.275306909535628641e+00
-2.294240900480952305e+00
-2.294240900480952305e+00
-2.266951546386368310e+00
-2.266807720264558679e+00
-2.266807720264558679e+00
-2.266807720264558679e+00
-2.266807720264558679e+00
-2.266807720264558679e+00
-2.266807720264558679e+00
-2.266807720264558679e+00
-2.266807720264558679e+00
-2.266807720264558679e+00
-2.266807720264558679e+00
-2.266807720264558679e+00
-2.266807720264558679e+00
-2.266807720264558679e+00
-2.166415263772238475e+00
-2.166415263772238475e+00
-2.166415263772238475e+00
-2.166415263772238475e+00
-2.166415263772238475e+00
-2.520829724080247747e+00
-2.520829724080247747e+00
-2.520829724080247747e+00
-2.520829724080247747e+00
-2.520829724080247747e+00
-2.520829724080247747e+00
-2.520829724080247747e+00
-2.520829724080247747e+00
-2.520829724080247747e+00
-2.520829724080247747e+00
-2.520829724080247747e+00
-2.520829724080247747e+00
-2.520829724080247747e+00
-2.518020214131867718e+00
-2.518020214131867718e+00
-2.518020214131867718e+00
-2.518020214131867718e+00
-2.518020214131867718e+00
-2.349406081905328403e+00
-2.349406081905328403e+00
-2.349406081905328403e+00
-2.349406081905328403e+00
-2.349406081905328403e+00
-2.349406081905328403e+00
-2.493807736136033348e+00
-2.493807736136033348e+00
-2.493807736136033348e+00
-2.493807736136033348e+00
-2.493807736136033348e+00
-2.493807736136033348e+00
-2.493807736136033348e+00
-2.493807736136033348e+00
-2.493807736136033348e+00
-2.493807736136033348e+00
-2.493807736136033348e+00
-2.493807736136033348e+00
-2.493807736136033348e+00
-2.493807736136033348e+00
-2.364882319652783504e+00
-2.364882319652783504e+00
-2.376362197029886936e+00
-2.376362197029886936e+00
-2.376362197029886936e+00
-2.376362197029886936e+00
-2.376362197029886936e+00
-2.380408702799284626e+00
-2.380408702799284626e+00
-2.380408702799284626e+00
-2.380408702799284626e+00
-2.380408702799284626e+00
-2.404412621521812898e+00
-2.297436074134724393e+00
-2.429084613719815877e+00
-2.429084613719815877e+00
-2.429084613719815877e+00
-2.411411551626872818e+00
-2.411411551626872818e+00
-2.411411551626872818e+00
-2.411411551626872818e+00
-2.411411551626872818e+00
-2.405528356650591171e+00
-2.405528356650591171e+00
-2.405528356650591171e+00
-2.405528356650591171e+00
-2.405528356650591171e+00
-2.405528356650591171e+00
-2.405528356650591171e+00
-2.405528356650591171e+00
-2.405528356650591171e+00
-2.405528356650591171e+00
-2.405528356650591171e+00
-2.405528356650591171e+00
-2.377394964316606796e+00
-2.377394964316606796e+00
-2.377394964316606796e+00
-2.377394964316606796e+00
-2.390718824776818963e+00
-2.390718824776818963e+00
-2.390718824776818963e+00
-2.393413228241024981e+00
-2.393413228241024981e+00
-2.393413228241024981e+00
-2.393413228241024981e+00
-2.393413228241024981e+00
-2.393413228241024981e+00
-2.393413228241024981e+00
-2.393413228241024981e+00
-2.393413228241024981e+00
-2.393413228241024981e+00
-2.393413228241024981e+00
-2.393413228241024981e+00
-2.393413228241024981e+00
-2.393413228241024981e+00
-2.393413228241024981e+00
-2.412445686515384935e+00
-2.344733442448748928e+00
-2.344733442448748928e+00
-2.344733442448748928e+00
-2.344733442448748928e+00
-2.344733442448748928e+00
-2.321423581635746913e+00
-2.321423581635746913e+00
-2.321423581635746913e+00
-2.321423581635746913e+00
-2.321423581635746913e+00
-2.612518534833568662e+00
-2.612518534833568662e+00
-2.612518534833568662e+00
-2.612518534833568662e+00
-2.612518534833568662e+00
-2.612518534833568662e+00
-2.662615611949796346e+00
-2.662615611949796346e+00
-2.662615611949796346e+00
-2.662615611949796346e+00
-2.662615611949796346e+00
-2.662615611949796346e+00
-2.662615611949796346e+00
-2.662615611949796346e+00
-2.662615611949796346e+00
-2.662615611949796346e+00
-2.480025729075444385e+00
-2.480025729075444385e+00
-2.477933298333424794e+00
-2.477933298333424794e+00
-2.477933298333424794e+00
-2.477933298333424794e+00
-2.477933298333424794e+00
-2.477933298333424794e+00
-2.477933298333424794e+00
-2.477933298333424794e+00
-2.477933298333424794e+00
-2.477933298333424794e+00
-2.477933298333424794e+00
-2.477933298333424794e+00
-2.477933298333424794e+00
-2.477933298333424794e+00
-2.490580423840145219e+00
-2.490580423840145219e+00
-2.490580423840145219e+00
-2.490580423840145219e+00
-2.490580423840145219e+00
-2.490580423840145219e+00
-2.490580423840145219e+00
-2.490580423840145219e+00
-2.407238998558963505e+00
-2.407238998558963505e+00
-2.407238998558963505e+00
-2.407238998558963505e+00
-2.407238998558963505e+00
-2.407238998558963505e+00
-2.562456559496673503e+00
-2.562456559496673503e+00
-2.562456559496673503e+00
-2.562456559496673503e+00
-2.562456559496673503e+00
-2.562456559496673503e+00
-2.562456559496673503e+00
-2.562456559496673503e+00
-2.562456559496673503e+00
-2.562456559496673503e+00
-2.562456559496673503e+00
-2.562456559496673503e+00
-2.562456559496673503e+00
-2.562456559496673503e+00
-2.562456559496673503e+00
-2.562456559496673503e+00
-2.562456559496673503e+00
-2.562456559496673503e+00
-2.562456559496673503e+00
-2.562456559496673503e+00
-2.562456559496673503e+00
-2.562456559496673503e+00
-2.490769152887464699e+00
-2.490769152887464699e+00
-2.490769152887464699e+00
-2.490769152887464699e+00
-2.490769152887464699e+00
-2.490769152887464699e+00
-2.490769152887464699e+00
-2.490769152887464699e+00
-2.490769152887464699e+00
-2.490769152887464699e+00
-2.490769152887464699e+00
-2.490769152887464699e+00
-2.490769152887464699e+00
-2.490769152887464699e+00
-2.490769152887464699e+00
-2.490769152887464699e+00
-2.490769152887464699e+00
-2.490769152887464699e+00
-2.490769152887464699e+00
-2.490769152887464699e+00
-2.490769152887464699e+00
-2.490769152887464699e+00
-2.490769152887464699e+00
-2.490769152887464699e+00
-2.490769152887464699e+00
-2.490769152887464699e+00
-2.490769152887464699e+00
-2.490769152887464699e+00
-2.490769152887464699e+00
-2.280476444310029382e+00
-2.280476444310029382e+00
-2.280476444310029382e+00
-2.280476444310029382e+00
-2.275114533550196771e+00
-2.275114533550196771e+00
-2.275114533550196771e+00
-2.275114533550196771e+00
-2.275114533550196771e+00
-2.275114533550196771e+00
-2.275114533550196771e+00
-2.275114533550196771e+00
-2.443673733771416945e+00
-2.301082100512648498e+00
-2.301082100512648498e+00
-2.336658665600515938e+00
-2.336658665600515938e+00
-2.336658665600515938e+00
-2.336658665600515938e+00
-2.328145344444260356e+00
-2.328145344444260356e+00
-2.328145344444260356e+00
-2.328145344444260356e+00
-2.328145344444260356e+00
-2.555705849116892470e+00
-2.555705849116892470e+00
-2.555705849116892470e+00
-2.555705849116892470e+00
-2.640664235583682462e+00
-2.640664235583682462e+00
-2.640664235583682462e+00
-2.640664235583682462e+00
-2.640664235583682462e+00
-2.640664235583682462e+00
-2.598936881435532698e+00
-2.598936881435532698e+00
-2.598936881435532698e+00
-2.598936881435532698e+00
-2.598936881435532698e+00
-2.598936881435532698e+00
-2.598936881435532698e+00
-2.610342452448594752e+00
-2.610342452448594752e+00
-2.610342452448594752e+00
-2.610342452448594752e+00
-2.610342452448594752e+00
-2.610342452448594752e+00
-2.610342452448594752e+00
-2.610342452448594752e+00
-2.610342452448594752e+00
-2.610342452448594752e+00
-2.621808881741408914e+00
-2.621808881741408914e+00
-2.621808881741408914e+00
-2.621808881741408914e+00
-2.527989803263151813e+00
-2.527989803263151813e+00
-2.527989803263151813e+00
-2.527989803263151813e+00
-2.527989803263151813e+00
-2.527989803263151813e+00
-2.527989803263151813e+00
-2.527989803263151813e+00
-2.568272058184242645e+00
-2.568272058184242645e+00
-2.568272058184242645e+00
-2.568272058184242645e+00
-2.568272058184242645e+00
-2.568272058184242645e+00
-2.568272058184242645e+00
-2.568272058184242645e+00
-2.792083966344538037e+00
-2.792083966344538037e+00
-2.792083966344538037e+00
-2.792083966344538037e+00
-2.792083966344538037e+00
-2.792083966344538037e+00
-3.505102079183603614e+00
-3.505102079183603614e+00
-3.505102079183603614e+00
-3.505102079183603614e+00
-3.505102079183603614e+00
-3.505102079183603614e+00
-3.364029851515935921e+00
-3.364029851515935921e+00
-3.364029851515935921e+00
-3.364029851515935921e+00
-3.364029851515935921e+00
-3.364029851515935921e+00
-3.386724063588829825e+00
-3.386724063588829825e+00
-3.386724063588829825e+00
-3.386724063588829825e+00
-3.386724063588829825e+00
-3.386724063588829825e+00
-3.351089603358427205e+00
-3.109331340680386635e+00
-3.109331340680386635e+00
-3.109331340680386635e+00
-3.109331340680386635e+00
-3.109331340680386635e+00
-3.109331340680386635e+00
-3.109331340680386635e+00
-3.109331340680386635e+00
-3.109331340680386635e+00
-3.109331340680386635e+00
-3.109331340680386635e+00
-3.126394224440390168e+00
-3.126394224440390168e+00
-3.126394224440390168e+00
-3.126394224440390168e+00
-3.126394224440390168e+00
-3.126394224440390168e+00
-3.126394224440390168e+00
-3.126394224440390168e+00
-3.126394224440390168e+00
-3.126394224440390168e+00
-2.657960979250147293e+00
-2.657960979250147293e+00
-2.657960979250147293e+00
-2.657960979250147293e+00
-2.657960979250147293e+00
-2.657960979250147293e+00
-2.657960979250147293e+00
-2.657960979250147293e+00
-2.657960979250147293e+00
-2.657960979250147293e+00
-2.605993706683127797e+00
-2.605993706683127797e+00
-2.605993706683127797e+00
-2.583425086041481133e+00
-2.583425086041481133e+00
-2.788555097853476106e+00
-2.788555097853476106e+00
-2.788555097853476106e+00
-2.788555097853476106e+00
-2.788555097853476106e+00
-2.788555097853476106e+00
-2.788555097853476106e+00
-3.206888302790275258e+00
-3.206888302790275258e+00
-3.206888302790275258e+00
-3.206888302790275258e+00
-3.206888302790275258e+00
-3.206888302790275258e+00
-3.206888302790275258e+00
-3.206888302790275258e+00
-3.206888302790275258e+00
-3.206888302790275258e+00
-3.206888302790275258e+00
-3.041240498850951823e+00
-2.937377296943737282e+00
-2.937377296943737282e+00
-3.155813846259910349e+00
-3.155813846259910349e+00
-3.155813846259910349e+00
-3.155813846259910349e+00
-3.155813846259910349e+00
-3.177582419853137274e+00
-3.177582419853137274e+00
-3.177582419853137274e+00
-3.177582419853137274e+00
-2.638086762072707092e+00
-2.638086762072707092e+00
-2.638086762072707092e+00
-2.638086762072707092e+00
-2.638086762072707092e+00
-2.638086762072707092e+00
-2.638086762072707092e+00
-2.629251826561659566e+00
-2.629251826561659566e+00
-2.629251826561659566e+00
-2.629251826561659566e+00
-2.629251826561659566e+00
-2.629251826561659566e+00
-2.629251826561659566e+00
-2.629251826561659566e+00
-2.629251826561659566e+00
-2.677018966091294416e+00
-2.677018966091294416e+00
-2.677018966091294416e+00
-2.677018966091294416e+00
-2.677018966091294416e+00
-2.716498894627645821e+00
-2.716498894627645821e+00
-2.716498894627645821e+00
-2.716498894627645821e+00
-2.716498894627645821e+00
-2.716498894627645821e+00
