# Variable: dg_gbsa_00000219
# Sample shape: (1000,)
# Date: 2014-03-03 23:31:52.219725
-1.009794653715640589e+00
-4.779760969756438271e+00
-4.779760969756438271e+00
-4.779760969756438271e+00
-4.779760969756438271e+00
-4.883597959295968849e+00
-4.883597959295968849e+00
-4.883597959295968849e+00
-6.027131873836480302e+00
-6.027131873836480302e+00
-2.392214525270188297e+00
-2.885656192699308065e+00
-2.885656192699308065e+00
-2.510623767772550252e+00
-7.263528685268890506e+00
-7.263528685268890506e+00
-3.370956070792378689e+00
-2.634391274096632873e+00
-2.634391274096632873e+00
-2.634391274096632873e+00
-2.634391274096632873e+00
-2.817920699402205464e+00
-5.692946523370979506e+00
-5.692946523370979506e+00
-5.692946523370979506e+00
-5.811284650580148536e+00
-5.763677520460197989e+00
-5.763677520460197989e+00
-5.763677520460197989e+00
-5.763677520460197989e+00
-5.763677520460197989e+00
-5.847411219522100190e+00
-5.847411219522100190e+00
-5.228008868361522232e+00
-5.228008868361522232e+00
-5.327489590325728663e+00
-5.327489590325728663e+00
-5.327489590325728663e+00
-5.327489590325728663e+00
-5.327489590325728663e+00
-6.023079669726282503e+00
-6.023079669726282503e+00
-6.023079669726282503e+00
-6.075771087442255691e+00
-6.256150014085933186e+00
-5.956473815509511383e+00
-5.868488242475753403e+00
-4.143037941898032095e+00
-5.850507014112308113e+00
-5.850507014112308113e+00
-4.510150128979072193e+00
-4.510150128979072193e+00
-4.510150128979072193e+00
-4.670711138052419997e+00
-4.670711138052419997e+00
-4.670711138052419997e+00
-4.670711138052419997e+00
-4.670711138052419997e+00
-6.023977728236473261e+00
-6.023977728236473261e+00
-5.454840213345296007e+00
-5.483135438558019992e+00
-5.028934369351621747e+00
-5.179738907239633150e+00
-4.808612808898575786e+00
-5.329872408514952475e+00
-3.376258490874251894e+00
-5.365580491308500122e+00
-4.314494178582331863e+00
-4.315559540378432146e+00
-4.925484866986538535e+00
-4.925484866986538535e+00
-4.883487639418067516e+00
-4.738249240824186970e+00
-4.505707246623576800e+00
-3.801568744287435742e+00
-4.761998101812475070e+00
-4.627632593333607325e+00
-4.627632593333607325e+00
-4.254558574173236352e+00
-4.254558574173236352e+00
-4.254558574173236352e+00
-4.306500090239836709e+00
-4.407218035958693214e+00
-4.037503302667154514e+00
-4.239824944198929302e+00
-4.239824944198929302e+00
-4.239824944198929302e+00
-4.239824944198929302e+00
-4.239824944198929302e+00
-4.256745369438915461e+00
-3.037876882243110810e+00
-3.037873919105894327e+00
-3.220495028887834454e+00
-3.326359032216992695e+00
-2.868535869664033289e+00
-4.017115551016754438e+00
-4.017115551016754438e+00
-4.053359277845568265e+00
-4.053359277845568265e+00
-5.332023646134035566e+00
-5.332023646134035566e+00
-4.975263292885190758e+00
-4.698704579136339099e+00
-3.945933701203384381e+00
-3.945933701203384381e+00
-3.945933701203384381e+00
-3.263870115261916283e+00
-3.263870115261916283e+00
-3.263870115261916283e+00
-5.074078904511139854e+00
-5.074078904511139854e+00
-5.074078904511139854e+00
-5.074078904511139854e+00
-5.074078904511139854e+00
-5.074078904511139854e+00
-5.089226006093945820e+00
-5.771596846571387829e+00
-5.650048957955996265e+00
-5.650048957955996265e+00
-5.650048957955996265e+00
-5.650556794088155144e+00
-5.594891754208741297e+00
-5.594891754208741297e+00
-5.585394215629388093e+00
-5.585394215629388093e+00
-5.564379190623646387e+00
-5.564379190623646387e+00
-5.564379190623646387e+00
-3.875294333434241345e+00
-3.875294333434241345e+00
-3.875294333434241345e+00
-3.875294333434241345e+00
-3.881820985053738848e+00
-3.881820985053738848e+00
-3.881820985053738848e+00
-3.881820985053738848e+00
-3.920828635104527393e+00
-3.920828635104527393e+00
-3.920828635104527393e+00
-3.920828635104527393e+00
-3.920828635104527393e+00
-3.679675992086786085e+00
-5.822319373573900947e+00
-5.822319373573900947e+00
-5.822319373573900947e+00
-5.822319373573900947e+00
-6.099471626500553967e+00
-6.099471626500553967e+00
-6.099471626500553967e+00
-6.099471626500553967e+00
-6.099471626500553967e+00
-6.099471626500553967e+00
-6.099471626500553967e+00
-6.099471626500553967e+00
-6.099471626500553967e+00
-6.099471626500553967e+00
-5.985739126260147813e+00
-5.985739126260147813e+00
-6.093173364380349177e+00
-6.093173364380349177e+00
-5.915304898759830898e+00
-5.915304898759830898e+00
-5.915304898759830898e+00
-5.917246893304711541e+00
-5.917246893304711541e+00
-5.917246893304711541e+00
-5.917246893304711541e+00
-5.917168940002557775e+00
-5.917168940002557775e+00
-5.914962542444524018e+00
-5.914962542444524018e+00
-5.914962542444524018e+00
-5.914962542444524018e+00
-5.914962542444524018e+00
-5.914962542444524018e+00
-5.914962542444524018e+00
-5.914962542444524018e+00
-5.914962542444524018e+00
-5.914962542444524018e+00
-5.914962542444524018e+00
-4.117110947122081477e+00
-4.127323285571475431e+00
-6.164894961034362630e+00
-6.117092719725395256e+00
-3.258805885825512672e+00
-3.258805885825512672e+00
-3.258805885825512672e+00
-4.275427721654479818e+00
-5.217816132204482038e+00
-5.217816132204482038e+00
-5.217704444724788004e+00
-5.636960097070405240e+00
-5.631934616351446543e+00
-5.631934616351446543e+00
-5.631934616351446543e+00
-5.631244889180928581e+00
-5.631244889180928581e+00
-5.631244889180928581e+00
-5.631244889180928581e+00
-5.631244889180928581e+00
-6.663143292895694181e+00
-6.663143292895694181e+00
-6.347553679865586496e+00
-6.347553679865586496e+00
-6.347553679865586496e+00
-6.754052798561110293e+00
-6.714100591539196472e+00
-6.202698209773513938e+00
-6.202698209773513938e+00
-6.202698209773513938e+00
-6.205304402922124929e+00
-6.205309417462029131e+00
-6.205309417462029131e+00
-6.205309417462029131e+00
-6.205309417462029131e+00
-6.205022221085673806e+00
-5.004774316091154418e+00
-5.002185445898577498e+00
-5.006693517272831961e+00
-4.504847025096302637e+00
-4.497831683769736522e+00
-4.497831683769736522e+00
-4.497831683769736522e+00
-4.496663751839223622e+00
-4.504090741305232903e+00
-4.504090741305232903e+00
-4.504090741305232903e+00
-4.439830324162032937e+00
-4.439830324162032937e+00
-4.439830324162032937e+00
-4.494023368645808425e+00
-4.713712641203608555e+00
-4.713712641203608555e+00
-4.713712641203608555e+00
-5.525302248748720224e+00
-5.525302248748720224e+00
-5.525302248748720224e+00
-5.538365581067524523e+00
-5.538365581067524523e+00
-6.166456306413755861e+00
-6.166397955403956743e+00
-6.166456306413755861e+00
-6.166446733201210506e+00
-5.877013416180874472e+00
-5.992508755131387588e+00
-5.964225382467528647e+00
-5.964225382467528647e+00
-5.221084700487767627e+00
-4.877854943503384888e+00
-4.912433387216600167e+00
-4.912433387216600167e+00
-4.912433387216600167e+00
-4.913780019114623698e+00
-4.913780019114623698e+00
-4.913780019114623698e+00
-4.913780019114623698e+00
-4.936893857004081454e+00
-4.936893857004081454e+00
-4.935807981181098647e+00
-4.934810087740078899e+00
-4.934810087740078899e+00
-4.937822458620964916e+00
-4.937822458620964916e+00
-4.937822458620964916e+00
-5.392349472921162956e+00
-5.392349472921162956e+00
-5.472614022103595488e+00
-3.774020229653236136e+00
-3.774020229653236136e+00
-3.774020229653236136e+00
-3.774020229653236136e+00
-3.774020229653236136e+00
-3.776955558966495818e+00
-4.152686828409052566e+00
-4.152694578152541283e+00
-4.152694578152541283e+00
-4.152694578152541283e+00
-4.097872436844367527e+00
-4.097865142968142749e+00
-4.369815950411910954e+00
-4.369815950411910954e+00
-4.369815950411910954e+00
-4.369815950411910954e+00
-4.369815950411910954e+00
-4.412771866836693313e+00
-4.412771866836693313e+00
-4.412771866836693313e+00
-4.412771866836693313e+00
-5.259418578722280913e+00
-5.259423593262185115e+00
-5.259423593262185115e+00
-5.259423593262185115e+00
-5.259423593262185115e+00
-5.258802702048540390e+00
-5.258460345733233510e+00
-5.258460345733233510e+00
-5.259423593262185115e+00
-5.259423593262185115e+00
-5.232942263893141543e+00
-5.232942263893141543e+00
-5.259145514231111207e+00
-5.259145514231111207e+00
-5.259145514231111207e+00
-5.259145514231111207e+00
-5.259145514231111207e+00
-4.653205835112649957e+00
-4.588599870583295548e+00
-4.526923764960031349e+00
-4.526923764960031349e+00
-5.396481453802572048e+00
-5.396481453802572048e+00
-5.396481453802572048e+00
-4.218214100679065659e+00
-4.387792164235452042e+00
-4.387792164235452042e+00
-4.670770856664011816e+00
-4.694209272045478443e+00
-4.694268534789805436e+00
-3.591367665030076317e+00
-3.569156672257081997e+00
-3.569156672257081997e+00
-3.568872666951575123e+00
-3.140140673854382669e+00
-3.140140673854382669e+00
-3.140140673854382669e+00
-3.488404345102109616e+00
-3.412021961540382620e+00
-3.412021961540382620e+00
-3.412021961540382620e+00
-3.412021961540382620e+00
-3.412025152611230627e+00
-3.412025152611230627e+00
-3.365580939881887890e+00
-3.412025152611230627e+00
-3.412025152611230627e+00
-3.412025152611230627e+00
-3.412025152611230627e+00
-3.412025152611230627e+00
-3.398943357668232856e+00
-3.398943357668232856e+00
-3.392258292174475720e+00
-5.113907115637229772e+00
-5.113907115637229772e+00
-5.113907115637229772e+00
-5.117787913656143495e+00
-4.282964119263861669e+00
-3.783906850942461819e+00
-3.783906850942461819e+00
-3.783906850942461819e+00
-3.783906850942461819e+00
-3.795595287592871347e+00
-3.801510621211268592e+00
-3.586041083983207756e+00
-3.586044275054056207e+00
-3.586044275054056207e+00
-4.823682868913755861e+00
-4.823682868913755861e+00
-4.823682868913755861e+00
-4.823682868913755861e+00
-4.823682868913755861e+00
-4.823682868913755861e+00
-4.823682868913755861e+00
-5.498245614892438127e+00
-5.498245614892438127e+00
-5.498245614892438127e+00
-5.498245614892438127e+00
-5.497756013450841195e+00
-5.263348610405712336e+00
-5.280467337905562886e+00
-3.925943009939977468e+00
-3.925943009939977468e+00
-3.925943009939977468e+00
-3.925943009939977468e+00
-3.925943009939977468e+00
-3.925943009939977468e+00
-3.925943009939977468e+00
-3.929710297010140518e+00
-3.929710297010140518e+00
-3.849968171712317311e+00
-3.849968171712317311e+00
-3.737544922254281143e+00
-3.737544922254281143e+00
-3.737544922254281143e+00
-5.070078669269043381e+00
-5.193708503679380861e+00
-5.193708503679380861e+00
-5.307875901289697218e+00
-5.307871342617056065e+00
-5.307871342617056065e+00
-5.307871342617056065e+00
-5.307871342617056065e+00
-5.709814068008334687e+00
-5.337060979401860195e+00
-5.337060979401860195e+00
-5.337060979401860195e+00
-4.485639057925280504e+00
-4.485639057925280504e+00
-4.485639057925280504e+00
-4.485639057925280504e+00
-4.485639057925280504e+00
-4.408878760401650609e+00
-4.408878760401650609e+00
-4.485639057925280504e+00
-4.280531155675592281e+00
-4.243677022580206959e+00
-4.243614112897766688e+00
-4.243614112897766688e+00
-4.743881480871604772e+00
-5.149439233666852189e+00
-5.147021313698296296e+00
-5.005295828241234979e+00
-5.005295828241234979e+00
-5.005295828241234979e+00
-5.006479715525990137e+00
-5.006479715525990137e+00
-5.006083566873524404e+00
-5.006083566873524404e+00
-5.006083566873524404e+00
-5.006083566873524404e+00
-5.005938601083554929e+00
-5.005938601083554929e+00
-5.005938601083554929e+00
-5.000413489843189119e+00
-5.009442396875092740e+00
-5.015499049345348404e+00
-4.809337637848424940e+00
-4.810010497930172768e+00
-4.810010497930172768e+00
-4.810010497930172768e+00
-4.768940048509528573e+00
-4.768940048509528573e+00
-4.768940048509528573e+00
-5.108554322222678579e+00
-5.108554322222678579e+00
-5.108554322222678579e+00
-5.108554322222678579e+00
-5.108554322222678579e+00
-5.108554322222678579e+00
-3.966799657613779395e+00
-3.966799657613779395e+00
-3.966799657613779395e+00
-3.966890375199326968e+00
-3.966905418819040907e+00
-3.966905418819040907e+00
-3.966905418819040907e+00
-3.966905418819040907e+00
-3.966905418819040907e+00
-3.966905418819040907e+00
-3.966905418819040907e+00
-3.966905418819040907e+00
-3.557603628184097921e+00
-3.557603628184097921e+00
-3.557603628184097921e+00
-3.557603628184097921e+00
-5.555259110138931256e+00
-5.555259110138931256e+00
-5.539143746487268594e+00
-5.539143746487268594e+00
-5.539143746487268594e+00
-5.539143746487268594e+00
-5.647831619583625340e+00
-5.647831619583625340e+00
-5.604053774481749350e+00
-5.647453249754458504e+00
-5.647835722389001667e+00
-5.647835722389001667e+00
-5.519339049067597536e+00
-5.519339049067597536e+00
-5.519334946262220321e+00
-5.519334946262220321e+00
-5.519334946262220321e+00
-5.515981586667821013e+00
-5.515981586667821013e+00
-5.515981586667821013e+00
-6.082339678850045672e+00
-6.082339678850045672e+00
-6.082339678850045672e+00
-6.082339678850045672e+00
-6.082339678850045672e+00
-6.082339678850045672e+00
-6.082339678850045672e+00
-6.188344773097430362e+00
-6.199115093078029659e+00
-6.000893521719179446e+00
-6.000893521719179446e+00
-5.522787229052920743e+00
-5.522787229052920743e+00
-5.535968175125851154e+00
-5.498560619171900754e+00
-5.493167709438112389e+00
-5.493167709438112389e+00
-5.493167709438112389e+00
-5.493167709438112389e+00
-5.531240831597584950e+00
-5.531240831597584950e+00
-5.495987248466302155e+00
-5.496028276520067202e+00
-5.496028276520067202e+00
-5.496028276520067202e+00
-5.496028276520067202e+00
-5.496106685689484905e+00
-5.496106685689484905e+00
-5.496106685689484905e+00
-5.496106685689484905e+00
-5.496106685689484905e+00
-5.496106685689484905e+00
-5.496106685689484905e+00
-3.466563288613897065e+00
-3.466545737724231024e+00
-3.466545737724231024e+00
-3.466545737724231024e+00
-3.466545737724231024e+00
-3.466545737724231024e+00
-3.466545737724231024e+00
-3.466548472927815538e+00
-3.466548472927815538e+00
-3.466548472927815538e+00
-3.466548472927815538e+00
-3.466548472927815538e+00
-3.466548472927815538e+00
-5.644660606894848165e+00
-5.644660606894848165e+00
-5.644660606894848165e+00
-5.602864872657089990e+00
-5.925846373373873988e+00
-5.929479635468403842e+00
-5.929479635468403842e+00
-5.929479635468403842e+00
-3.760328256377298395e+00
-3.760328256377298395e+00
-3.760328256377298395e+00
-3.874287778515204561e+00
-3.874287778515204561e+00
-3.874287778515204561e+00
-3.874287778515204561e+00
-3.874287778515204561e+00
-3.874287778515204561e+00
-3.885460629289966050e+00
-3.885460629289966050e+00
-3.993231297451040884e+00
-3.993231297451040884e+00
-3.993231297451040884e+00
-3.993231297451040884e+00
-3.993231297451040884e+00
-3.993231297451040884e+00
-3.993231297451040884e+00
-3.993231297451040884e+00
-3.993231297451040884e+00
-3.993231297451040884e+00
-4.920218232484893761e+00
-4.754071481825060452e+00
-4.754071481825060452e+00
-4.754071481825060452e+00
-4.754071481825060452e+00
-4.753835798449543404e+00
-4.792869432934383056e+00
-4.792869432934383056e+00
-4.792869432934383056e+00
-4.793638481008846597e+00
-3.449378916228022618e+00
-3.449378916228022618e+00
-3.446409168936326317e+00
-3.446409168936326317e+00
-3.399333807979897148e+00
-3.402766032610978542e+00
-3.409863202111442781e+00
-3.399669782153506681e+00
-3.399669782153506681e+00
-4.759331278317744385e+00
-4.759331278317744385e+00
-4.759331278317744385e+00
-4.759331278317744385e+00
-4.759331278317744385e+00
-4.759331278317744385e+00
-4.759331278317744385e+00
-4.759331278317744385e+00
-4.759331278317744385e+00
-4.759331278317744385e+00
-4.842296841039711808e+00
-4.842296841039711808e+00
-4.842296841039711808e+00
-4.842296841039711808e+00
-4.842229372684631272e+00
-4.822068187064467715e+00
-5.464690137319765384e+00
-5.464690137319765384e+00
-6.180365728374648704e+00
-6.108659175340349634e+00
-6.108659175340349634e+00
-6.154165669107528380e+00
-6.154277812454485463e+00
-6.154277812454485463e+00
-6.216456739670003451e+00
-6.216456739670003451e+00
-6.204794743320909411e+00
-4.514918500561103443e+00
-4.518532616230543475e+00
-4.518532616230543475e+00
-4.518692625640227334e+00
-4.518692625640227334e+00
-4.518692625640227334e+00
-4.518692625640227334e+00
-4.518692625640227334e+00
-4.518692625640227334e+00
-4.518692625640227334e+00
-4.518692625640227334e+00
-4.518692625640227334e+00
-4.518692625640227334e+00
-4.505966179229560886e+00
-4.505966179229560886e+00
-4.518660259064478879e+00
-4.518660259064478879e+00
-4.518660259064478879e+00
-4.518532616230543475e+00
-4.518532616230543475e+00
-4.518532616230543475e+00
-4.518532616230543475e+00
-4.518532616230543475e+00
-4.518532616230543475e+00
-4.518532616230543475e+00
-4.518532616230543475e+00
-4.552072138448973959e+00
-5.302042623778829622e+00
-5.302042623778829622e+00
-5.302042623778829622e+00
-5.302050373522318338e+00
-4.759291617865772039e+00
-4.759291617865772039e+00
-4.759291617865772039e+00
-4.759291617865772039e+00
-4.759291617865772039e+00
-4.759291617865772039e+00
-4.542795239625423420e+00
-4.542795239625423420e+00
-4.542795239625423420e+00
-4.542795239625423420e+00
-4.542795239625423420e+00
-4.542795239625423420e+00
-4.542795239625423420e+00
-4.542795239625423420e+00
-4.542778828403917224e+00
-4.542778828403917224e+00
-4.537835859659752558e+00
-4.537835859659752558e+00
-4.524575136815612630e+00
-4.524575136815612630e+00
-4.694465013580614077e+00
-4.694465013580614077e+00
-4.571004305925240985e+00
-4.571004305925240985e+00
-4.576762365337539329e+00
-4.559972774002337914e+00
-4.559972774002337914e+00
-4.542713183517893327e+00
-4.542713183517893327e+00
-4.542713183517893327e+00
-4.544581327565997420e+00
-3.981928980373287352e+00
-3.954483947608028682e+00
-3.951581440737780504e+00
-3.721003550644358171e+00
-3.721003550644358171e+00
-3.720854254115379955e+00
-3.851278334229215616e+00
-3.852747138554005524e+00
-3.852747138554005524e+00
-3.852747138554005524e+00
-3.852747138554005524e+00
-3.892315505339583925e+00
-3.892315505339583925e+00
-4.131549175109279659e+00
-5.381434187150594184e+00
-5.381434187150594184e+00
-5.391054354023978590e+00
-5.391054354023978590e+00
-5.391054354023978590e+00
-5.391054354023978590e+00
-5.391054354023978590e+00
-5.378178839017966339e+00
-5.378178839017966339e+00
-5.453053213670194133e+00
-5.453053213670194133e+00
-5.453053213670194133e+00
-5.448413396656627050e+00
-5.421031273573807319e+00
-4.302538147847920769e+00
-4.307794753269757138e+00
-4.307806605818622181e+00
-4.307838516527106698e+00
-4.307838516527106698e+00
-4.307838516527106698e+00
-4.307838516527106698e+00
-4.307838516527106698e+00
-4.307838516527106698e+00
-4.307838516527106698e+00
-4.307838516527106698e+00
-4.307838516527106698e+00
-4.307838516527106698e+00
-4.307838516527106698e+00
-4.307838516527106698e+00
-4.307222183986102237e+00
-4.307222183986102237e+00
-4.274180468820021339e+00
-4.390549249448466362e+00
-4.390549249448466362e+00
-4.390549249448466362e+00
-4.390549249448466362e+00
-4.390549249448466362e+00
-4.408086918963984857e+00
-4.390226495425514130e+00
-4.390226495425514130e+00
-4.390226495425514130e+00
-4.390226495425514130e+00
-4.219303167572896918e+00
-3.744089124763444687e+00
-5.953894518529479818e+00
-5.889012754305370301e+00
-5.889012754305370301e+00
-5.889012754305370301e+00
-5.851188079804808595e+00
-5.851188079804808595e+00
-6.621766500673603950e+00
-6.623814256423745661e+00
-6.623814256423745661e+00
-6.588396561077401792e+00
-6.588396561077401792e+00
-6.588396561077401792e+00
-6.588396561077401792e+00
-5.961973398183089579e+00
-5.961973398183089579e+00
-5.996010727453869649e+00
-6.000189206796211927e+00
-6.000189206796211927e+00
-6.000189206796211927e+00
-6.000189206796211927e+00
-6.000189206796211927e+00
-6.000189206796211927e+00
-6.000189206796211927e+00
-4.882388999311690903e+00
-4.882388999311690903e+00
-4.874914599650220559e+00
-4.874914599650220559e+00
-7.007338120878084275e+00
-6.703597409775333915e+00
-4.724529459645141927e+00
-4.826302282213024597e+00
-4.811150621957578366e+00
-4.826449071472050711e+00
-4.826449071472050711e+00
-4.826449071472050711e+00
-4.826449071472050711e+00
-4.826449071472050711e+00
-4.826449071472050711e+00
-4.867901537659975020e+00
-4.856432373163576344e+00
-4.856432373163576344e+00
-4.856432373163576344e+00
-4.856432373163576344e+00
-4.856432373163576344e+00
-4.784170573801656445e+00
-4.804294378306168234e+00
-4.751340836913361620e+00
-4.751340836913361620e+00
-4.751340836913361620e+00
-4.751340836913361620e+00
-4.751340836913361620e+00
-6.692874044122932631e+00
-6.744122186080902637e+00
-6.835496220488392893e+00
-6.835496220488392893e+00
-6.835496220488392893e+00
-6.835496220488392893e+00
-6.835496220488392893e+00
-5.075204440786095006e+00
-5.075204440786095006e+00
-5.075204440786095006e+00
-5.072796549897348406e+00
-5.072796549897348406e+00
-5.075082268359327742e+00
-5.075082268359327742e+00
-5.075082268359327742e+00
-5.111987002721024353e+00
-5.111987002721024353e+00
-5.111987002721024353e+00
-5.111987002721024353e+00
-4.849970910562839244e+00
-4.849970910562839244e+00
-4.849970910562839244e+00
-4.849945837863316456e+00
-4.849945837863316456e+00
-4.543709709357121262e+00
-4.543709709357121262e+00
-4.543709709357121262e+00
-4.481256350048640869e+00
-4.481256350048640869e+00
-4.481256350048640869e+00
-4.481256350048640869e+00
-4.481256350048640869e+00
-4.480836496298445049e+00
-4.480836496298445049e+00
-4.480836496298445049e+00
-4.480836496298445049e+00
-4.480836496298445049e+00
-4.374154895031201029e+00
-4.374154895031201029e+00
-4.374154895031201029e+00
-4.374154895031201029e+00
-4.374154895031201029e+00
-4.374154895031201029e+00
-4.374154895031201029e+00
-4.465698512060920500e+00
-4.465698512060920500e+00
-4.465698512060920500e+00
-4.507589522556866513e+00
-5.403552410935352768e+00
-5.985171571516398004e+00
-5.985171571516398004e+00
-5.985171571516398004e+00
-5.871451379692120831e+00
-5.985168380445549552e+00
-5.842178319197995684e+00
-5.402143781089417729e+00
-5.402143781089417729e+00
-5.397185312858274742e+00
-5.397185312858274742e+00
-5.405112388712954186e+00
-5.405112388712954186e+00
-5.405112388712954186e+00
-5.426467490697681306e+00
-5.492036702755988209e+00
-5.472226990796412061e+00
-5.472226990796412061e+00
-5.472226990796412061e+00
-5.472226990796412061e+00
-5.407888164483794391e+00
-5.407888164483794391e+00
-5.407888164483794391e+00
-5.407888164483794391e+00
-5.407888164483794391e+00
-5.407888164483794391e+00
-5.271931223386103760e+00
-5.271851446614894243e+00
-5.271851446614894243e+00
-5.271851446614894243e+00
-5.263020385975591076e+00
-5.271909797624693361e+00
-5.271909797624693361e+00
-5.271909797624693361e+00
-5.271909797624693361e+00
-5.271909797624693361e+00
-5.271909797624693361e+00
-5.151927813061336181e+00
-5.151927813061336181e+00
-5.151927813061336181e+00
-5.151910945972566047e+00
-5.151550354966697221e+00
-5.151550354966697221e+00
-5.151550354966697221e+00
-5.151550354966697221e+00
-5.150549726322093846e+00
-5.151012887462375289e+00
-5.032181967740760875e+00
-5.032181967740760875e+00
-5.032181967740760875e+00
-5.760547079957921923e+00
-5.944527357987645644e+00
-5.944527357987645644e+00
-5.944527357987645644e+00
-4.906584154351491200e+00
-4.906584154351491200e+00
-4.906584154351491200e+00
-4.927523049524135779e+00
-4.673723508933306015e+00
-4.660618236826208793e+00
-4.660618236826208793e+00
-4.901863192964921900e+00
-4.901863192964921900e+00
-4.901863192964921900e+00
-4.901863192964921900e+00
-4.901863192964921900e+00
-4.901863192964921900e+00
-4.596463125021005958e+00
-4.596463125021005958e+00
-5.717409272494780481e+00
-5.717409272494780481e+00
-5.717409272494780481e+00
-5.717409272494780481e+00
-5.517945006974112054e+00
-5.517945006974112054e+00
-5.517945006974112054e+00
-5.541451802445187091e+00
-5.654267553617575714e+00
-6.234883806217696112e+00
-6.235240294418188611e+00
-6.158131714304819759e+00
-4.420873083986242236e+00
-5.586782787315703658e+00
-5.668782367305134962e+00
-5.664729251460408399e+00
-5.430356494327347683e+00
-4.065425628457880691e+00
-4.068021336659418452e+00
-4.068036836146396773e+00
-4.068036836146396773e+00
-4.068036836146396773e+00
-4.076499100169077572e+00
-4.163066926011619984e+00
-4.163066926011619984e+00
-4.163066926011619984e+00
-4.163066926011619984e+00
-4.163087895905766445e+00
-4.140783222410008513e+00
-4.140783222410008513e+00
-4.140783222410008513e+00
-4.140783222410008513e+00
-4.153855672074093341e+00
-4.153855672074093341e+00
-4.994915730638667561e+00
-4.994915730638667561e+00
-4.994915730638667561e+00
-4.994915730638667561e+00
-4.994915730638667561e+00
-4.994915730638667561e+00
-4.995216603032945457e+00
-4.995216603032945457e+00
-4.995216603032945457e+00
-4.995216603032945457e+00
-5.191777449948837386e+00
-5.191777449948837386e+00
-5.191777449948837386e+00
-5.191777449948837386e+00
-5.191777449948837386e+00
-5.191911930791734520e+00
-5.191911930791734520e+00
-5.191911930791734520e+00
-5.191911930791734520e+00
-5.083856801457888430e+00
-5.083856801457888430e+00
-5.083856801457888430e+00
-5.083856801457888430e+00
-5.126711515350049986e+00
-5.126711515350049986e+00
-5.035059857778749759e+00
-5.035423183988202211e+00
-5.035272747791063708e+00
-4.153315925233450834e+00
-4.153315925233450834e+00
-4.144018968250281709e+00
-4.144018968250281709e+00
-4.036961276490191430e+00
-4.036961276490191430e+00
-4.036961276490191430e+00
-4.042349171684075593e+00
-4.043084029713734040e+00
-4.038012506401105206e+00
-4.038012506401105206e+00
-4.038012506401105206e+00
-4.038012506401105206e+00
-4.035223054612343319e+00
-4.035223054612343319e+00
-4.548096064171873287e+00
-4.512382966838420550e+00
-4.512382966838420550e+00
-4.509878887956958238e+00
-4.509878887956958238e+00
-4.509878887956958238e+00
-4.509878887956958238e+00
-5.180552630305974127e+00
-5.153210623542391566e+00
-5.153210623542391566e+00
-5.153210623542391566e+00
-5.153210623542391566e+00
-5.984319555599876495e+00
-5.984319555599876495e+00
-5.984319555599876495e+00
-5.984319555599876495e+00
-5.984319555599876495e+00
-5.984319555599876495e+00
-5.984319555599876495e+00
-6.095981506726937837e+00
-6.095981506726937837e+00
-6.095990624072218367e+00
-6.077647892968376375e+00
-6.077647892968376375e+00
-6.030017057750693965e+00
-6.030017057750693965e+00
-6.030017057750693965e+00
-6.030017057750693965e+00
-5.991476215778299697e+00
-5.991476215778299697e+00
-6.000644162325739828e+00
-6.000644162325739828e+00
-6.008312761441699124e+00
-5.936943550182801843e+00
-5.936943550182801843e+00
-5.936943550182801843e+00
-5.936880640500361572e+00
-5.917497164432678147e+00
-5.917497164432678147e+00
