# Variable: dg_gbsa_00000096
# Sample shape: (1000,)
# Date: 2014-03-03 23:31:51.988342
-1.410002861150591869e-01
-3.446830048387866663e-01
-8.224252305112877970e-01
-8.224252305112877970e-01
-8.224252305112877970e-01
-8.224252305112877970e-01
-8.224252305112877970e-01
-1.150968311849561276e+00
-1.150968311849561276e+00
-1.907356895406660813e-01
-1.907356895406660813e-01
-1.907356895406660813e-01
-1.907356895406660813e-01
-1.416549399979483814e+00
-1.416549399979483814e+00
-1.416549399979483814e+00
-2.669371564803113994e+00
-3.185341964488275668e+00
-3.676621681417607146e+00
-3.755746562439898462e+00
-3.755746562439898462e+00
-3.742971794099242189e+00
-3.184206399133510779e+00
-4.271934410810014349e+00
-4.271934410810014349e+00
-4.271919367190300854e+00
-4.271934410810014349e+00
-4.271934410810014349e+00
-4.271934410810014349e+00
-3.697945556494747432e+00
-3.697699388172156709e+00
-3.697699388172156709e+00
-3.649029175592426011e+00
-3.654228113805358724e+00
-3.654228113805358724e+00
-3.613451242902766314e+00
-3.613306732980060776e+00
-3.613242455695828692e+00
-3.595022808753281396e+00
-3.595022808753281396e+00
-3.595022808753281396e+00
-2.161416451288226792e+00
-3.867184910673939768e+00
-2.474997969020165112e+00
-4.284629858246725043e+00
-3.864462015505730541e+00
-3.868061087555456634e+00
-3.868061087555456634e+00
-3.868061087555456634e+00
-3.868061087555456634e+00
-3.868061087555456634e+00
-3.868061087555456634e+00
-4.137714779855643954e+00
-4.137714779855643954e+00
-4.137714779855643954e+00
-4.137714779855643954e+00
-4.137714779855643954e+00
-4.137714779855643954e+00
-4.137714779855643954e+00
-4.403217800716596741e+00
-4.403217800716596741e+00
-4.073380056348402611e+00
-4.073380056348402611e+00
-4.250306700201380572e+00
-4.250306700201380572e+00
-3.679087695382520895e+00
-3.813902461050117321e+00
-2.381611280641865669e+00
-2.209821349120276501e+00
-2.179707213523966569e+00
-1.896903232224356639e+00
-1.896903232224356639e+00
-1.859678251109661007e+00
-2.179903464381143241e+00
-2.475153647690840231e+00
-2.475153647690840231e+00
-2.113906420895519833e+00
-2.296286832762037822e+00
-2.342018069090396448e+00
-2.342018069090396448e+00
-2.316638570898577498e+00
-2.301211338882008572e+00
-2.181686589184500313e+00
-2.181686589184500313e+00
-2.181686589184500313e+00
-2.181686589184500313e+00
-2.181686589184500313e+00
-2.181686589184500313e+00
-2.181686589184500313e+00
-2.181686589184500313e+00
-2.299395619569271521e+00
-2.286306074882784145e+00
-2.286306074882784145e+00
-2.286306074882784145e+00
-3.798395680195970403e+00
-4.370202981719095270e+00
-3.493241780574645183e+00
-3.493241780574645183e+00
-3.493241780574645183e+00
-3.493241780574645183e+00
-2.924823624226148944e+00
-2.924823624226148944e+00
-2.924823624226148944e+00
-2.924823624226148944e+00
-2.924823624226148944e+00
-2.924823624226148944e+00
-2.924823624226148944e+00
-2.928645159500734785e+00
-2.928645159500734785e+00
-2.928645159500734785e+00
-2.928645159500734785e+00
-2.914824859589964845e+00
-2.914824859589964845e+00
-2.914824859589964845e+00
-2.914824859589964845e+00
-2.824272981793201076e+00
-2.824272981793201076e+00
-2.824272981793201076e+00
-2.884374066019149030e+00
-2.884374066019149030e+00
-2.884374066019149030e+00
-2.884374066019149030e+00
-3.067782458566114645e+00
-3.067782458566114645e+00
-3.065684101549662532e+00
-3.065684101549662532e+00
-3.065472123271876459e+00
-3.065472123271876459e+00
-2.832865167986138299e+00
-2.832865167986138299e+00
-2.832865167986138299e+00
-2.832865167986138299e+00
-2.832865167986138299e+00
-2.832865167986138299e+00
-2.832865167986138299e+00
-2.832865167986138299e+00
-2.832865167986138299e+00
-2.832865167986138299e+00
-2.832865167986138299e+00
-2.717023597848574834e+00
-2.717023597848574834e+00
-2.717023597848574834e+00
-2.812158309250898824e+00
-2.812158309250898824e+00
-2.812158309250898824e+00
-2.812158309250898824e+00
-2.812158309250898824e+00
-2.681438371282690358e+00
-2.681438371282690358e+00
-2.681438371282690358e+00
-2.681438371282690358e+00
-2.681438371282690358e+00
-2.681438371282690358e+00
-2.701422452470768398e+00
-2.701422452470768398e+00
-2.701422452470768398e+00
-2.701422452470768398e+00
-2.701422452470768398e+00
-2.701422452470768398e+00
-2.597752766217146014e+00
-2.597752766217146014e+00
-2.597752766217146014e+00
-2.597752766217146014e+00
-2.597752766217146014e+00
-2.857605996141014071e+00
-2.857605996141014071e+00
-2.852040312714148040e+00
-2.852040312714148040e+00
-2.842785067585640313e+00
-2.842785067585640313e+00
-2.762245630442981881e+00
-2.762245630442981881e+00
-2.762245630442981881e+00
-2.762245630442981881e+00
-2.762245630442981881e+00
-2.762245630442981881e+00
-2.762245630442981881e+00
-2.762245630442981881e+00
-2.762245630442981881e+00
-2.716601008894794500e+00
-2.716601008894794500e+00
-2.716601008894794500e+00
-2.716601008894794500e+00
-2.716601008894794500e+00
-2.744772466145327439e+00
-2.735997477179503257e+00
-2.735997477179503257e+00
-2.735997477179503257e+00
-2.735997477179503257e+00
-2.798187573142990825e+00
-3.270848759273725648e+00
-3.270848759273725648e+00
-3.270902323677252532e+00
-3.343227488588876195e+00
-3.343227488588876195e+00
-3.343227488588876195e+00
-3.343211533234634381e+00
-2.838165536665323785e+00
-2.913751975984007814e+00
-2.913751975984007814e+00
-2.913751975984007814e+00
-2.913751975984007814e+00
-2.913751975984007814e+00
-2.913751975984007814e+00
-2.913751975984007814e+00
-2.913751975984007814e+00
-2.913751975984007814e+00
-3.337460767698561259e+00
-3.083967797842809500e+00
-3.083967797842809500e+00
-3.083967797842809500e+00
-3.083967797842809500e+00
-2.956441210059316926e+00
-3.244552967881153105e+00
-2.902598499567969004e+00
-2.902598499567969004e+00
-3.048550330430098043e+00
-3.048550330430098043e+00
-3.048550330430098043e+00
-3.351745368417772486e+00
-3.351745368417772486e+00
-3.351745368417772486e+00
-3.351745368417772486e+00
-3.351745368417772486e+00
-3.213314207744415896e+00
-3.213314207744415896e+00
-3.213314207744415896e+00
-2.990184960812045212e+00
-3.080136461422046779e+00
-3.080136461422046779e+00
-3.080136461422046779e+00
-3.080136461422046779e+00
-3.080136461422046779e+00
-3.080136461422046779e+00
-3.032869180347449678e+00
-3.032869180347449678e+00
-3.163162426556501483e+00
-3.163162426556501483e+00
-3.163162426556501483e+00
-3.163162426556501483e+00
-2.923168598123991657e+00
-3.068187268696596970e+00
-3.068187268696596970e+00
-3.002248576220773124e+00
-3.002248576220773124e+00
-3.002248576220773124e+00
-3.002248576220773124e+00
-3.053762488793688501e+00
-3.053762488793688501e+00
-3.053762488793688501e+00
-3.053565782069247891e+00
-3.082605438524176567e+00
-2.596262080263680883e+00
-2.596262080263680883e+00
-2.312786948384563779e+00
-2.312786948384563779e+00
-2.312786948384563779e+00
-2.312786948384563779e+00
-2.312786948384563779e+00
-2.312786948384563779e+00
-2.312786948384563779e+00
-2.397552958865922346e+00
-2.397552958865922346e+00
-2.397552958865922346e+00
-2.397552958865922346e+00
-2.397552958865922346e+00
-2.397552958865922346e+00
-2.397552958865922346e+00
-2.397552958865922346e+00
-2.397552958865922346e+00
-2.397552958865922346e+00
-2.397552958865922346e+00
-2.397552958865922346e+00
-2.312786948384563779e+00
-2.312786948384563779e+00
-2.474391437625337975e+00
-2.474391437625337975e+00
-2.474391437625337975e+00
-2.537545236985040642e+00
-2.537545236985040642e+00
-2.537545236985040642e+00
-2.537545236985040642e+00
-2.543493848913714217e+00
-2.543493848913714217e+00
-2.543493848913714217e+00
-2.464655708400514733e+00
-2.464655708400514733e+00
-2.464655708400514733e+00
-2.464655708400514733e+00
-2.464655708400514733e+00
-2.572988005030907299e+00
-2.572988005030907299e+00
-2.572988005030907299e+00
-2.572988005030907299e+00
-2.572988005030907299e+00
-2.510913015551594185e+00
-2.510913015551594185e+00
-2.510913015551594185e+00
-2.510913015551594185e+00
-2.546186884776127979e+00
-2.546186884776127979e+00
-2.625328404953557015e+00
-2.625328404953557015e+00
-2.524943470271094004e+00
-2.524943470271094004e+00
-2.524943470271094004e+00
-2.524943470271094004e+00
-2.524943470271094004e+00
-2.524943470271094004e+00
-2.524927286983219776e+00
-2.524889222066671213e+00
-2.524889222066671213e+00
-2.524889222066671213e+00
-3.181471423482803651e+00
-3.181471423482803651e+00
-3.181471423482803651e+00
-3.181471423482803651e+00
-3.181471423482803651e+00
-3.181471423482803651e+00
-3.092283500540096597e+00
-3.092283500540096597e+00
-3.092283500540096597e+00
-3.092269596588542946e+00
-3.092269596588542946e+00
-3.055403838877924105e+00
-3.055403838877924105e+00
-3.055403838877924105e+00
-3.117050541062655888e+00
-3.117207131467859327e+00
-3.117249755057048599e+00
-3.259204769681562031e+00
-3.259204769681562031e+00
-3.215329596918809596e+00
-3.215329596918809596e+00
-2.926815308302811669e+00
-2.926815308302811669e+00
-3.010574307997869514e+00
-3.010574307997869514e+00
-3.010574307997869514e+00
-3.010574307997869514e+00
-3.010574307997869514e+00
-3.193464379465602576e+00
-3.192299182738674190e+00
-3.192299182738674190e+00
-3.192299182738674190e+00
-2.302578028939649801e+00
-2.302578028939649801e+00
-2.302578028939649801e+00
-3.168367518977498687e+00
-3.168367518977498687e+00
-3.152349482986712470e+00
-3.152235744104330717e+00
-3.152235744104330717e+00
-3.151917548754019194e+00
-3.068370983204011804e+00
-3.068370983204011804e+00
-3.104730500317895991e+00
-2.913710036195714892e+00
-2.913710036195714892e+00
-2.913710036195714892e+00
-3.113365993900918838e+00
-3.186506705347939672e+00
-3.102164879355786109e+00
-3.102164879355786109e+00
-3.102164879355786109e+00
-3.102164879355786109e+00
-3.102164879355786109e+00
-3.102164879355786109e+00
-3.102180834710027924e+00
-3.102180834710027924e+00
-3.102163511753993852e+00
-3.102163511753993852e+00
-2.927905286931170803e+00
-3.174437163664779238e+00
-3.174437163664779238e+00
-3.174437163664779238e+00
-3.174437163664779238e+00
-3.172367298352330778e+00
-3.172303704868994600e+00
-3.172303704868994600e+00
-2.990297332092635152e+00
-3.263398520577250217e+00
-3.263398520577250217e+00
-3.226067550323661326e+00
-2.986063009010445857e+00
-2.986063009010445857e+00
-2.986063009010445857e+00
-2.937151870581661495e+00
-2.813654009744268158e+00
-2.813654009744268158e+00
-2.813654009744268158e+00
-2.813654009744268158e+00
-2.813654009744268158e+00
-2.813654009744268158e+00
-2.885048293702688671e+00
-2.885048293702688671e+00
-2.885048293702688671e+00
-2.885048293702688671e+00
-2.885048293702688671e+00
-2.885048293702688671e+00
-2.885048293702688671e+00
-2.885048293702688671e+00
-3.039638353351425071e+00
-3.039648382431234364e+00
-3.136730558785608025e+00
-3.187656858455154563e+00
-3.134324947233181557e+00
-3.134324947233181557e+00
-3.134324947233181557e+00
-3.132203568919894821e+00
-3.132203568919894821e+00
-3.132203568919894821e+00
-3.132203568919894821e+00
-2.735672215886598924e+00
-2.992240694239308052e+00
-3.367281324776818963e+00
-3.367291353856628255e+00
-3.367291353856628255e+00
-3.367281324776818963e+00
-3.367281324776818963e+00
-3.541184656934573738e+00
-3.567419590047394617e+00
-3.567419590047394617e+00
-3.567419590047394617e+00
-3.561038360085131416e+00
-3.598379359418529599e+00
-3.598801948372309933e+00
-3.598801948372309933e+00
-3.598801948372309933e+00
-3.439844680333912219e+00
-3.341437297842926313e+00
-3.341437297842926313e+00
-3.252752196492473935e+00
-3.252752196492473935e+00
-3.252752196492473935e+00
-3.438106458456064551e+00
-3.405767006810263009e+00
-3.405767006810263009e+00
-3.287369616856766097e+00
-3.233658652004730349e+00
-3.182476154932784240e+00
-3.182476154932784240e+00
-3.182402076502374833e+00
-3.182402076502374833e+00
-3.182384981479972730e+00
-3.182384981479972730e+00
-3.182384981479972730e+00
-3.182384981479972730e+00
-3.182384981479972730e+00
-3.182384981479972730e+00
-3.182381790409124278e+00
-3.182479573937264661e+00
-3.182381790409124278e+00
-3.390630618108162242e+00
-3.390630618108162242e+00
-3.390630618108162242e+00
-3.390672557896455164e+00
-3.401956640283646305e+00
-3.401956640283646305e+00
-3.346331488789837216e+00
-3.346331488789837216e+00
-3.346331488789837216e+00
-3.346331488789837216e+00
-3.346267895306501483e+00
-3.346267895306501483e+00
-3.346267895306501483e+00
-3.346267895306501483e+00
-3.346267895306501483e+00
-3.346267895306501483e+00
-3.158218318144176084e+00
-3.158218318144176084e+00
-3.425645782660343919e+00
-2.870625337268836397e+00
-2.869785401834812344e+00
-2.956220342369881848e+00
-2.956220342369881848e+00
-2.875379349032050058e+00
-3.044525250422111196e+00
-3.044525250422111196e+00
-3.044525250422111196e+00
-3.104901678475549431e+00
-2.910892092702949352e+00
-2.910892092702949352e+00
-2.910892092702949352e+00
-2.910892092702949352e+00
-2.910892092702949352e+00
-3.170410032254103783e+00
-3.170410032254103783e+00
-3.170410032254103783e+00
-3.170410032254103783e+00
-3.173406219847115572e+00
-3.173411918187916125e+00
-3.173411918187916125e+00
-3.173411918187916125e+00
-3.173366103527878401e+00
-3.173406219847115572e+00
-3.244735542720408095e+00
-2.913072733760563526e+00
-2.913072733760563526e+00
-2.913072733760563526e+00
-2.913072733760563526e+00
-2.913072733760563526e+00
-2.913072733760563526e+00
-2.913072733760563526e+00
-2.913072733760563526e+00
-2.913072733760563526e+00
-2.913072733760563526e+00
-2.913072733760563526e+00
-2.913072733760563526e+00
-2.913072733760563526e+00
-2.913072733760563526e+00
-2.913072733760563526e+00
-2.913072733760563526e+00
-2.913072733760563526e+00
-2.913072733760563526e+00
-2.913072733760563526e+00
-2.913072733760563526e+00
-2.913072733760563526e+00
-2.913072733760563526e+00
-2.913072733760563526e+00
-2.813328292584099888e+00
-2.813328292584099888e+00
-2.813328292584099888e+00
-2.813328292584099888e+00
-2.813328292584099888e+00
-2.813328292584099888e+00
-2.046090467026310922e+00
-2.046090467026310922e+00
-3.420781223085596512e+00
-3.517180966145677434e+00
-3.316199802303861244e+00
-3.316199802303861244e+00
-3.252837215737220511e+00
-3.284120422932203631e+00
-3.284120422932203631e+00
-3.284120422932203631e+00
-3.284120422932203631e+00
-3.284563297979234520e+00
-3.277062002149184305e+00
-3.277062002149184305e+00
-3.205782596741305834e+00
-2.973023381789373421e+00
-2.973023381789373421e+00
-2.973023381789373421e+00
-2.973023381789373421e+00
-2.973023381789373421e+00
-2.972925598261233038e+00
-2.972925598261233038e+00
-2.972925598261233038e+00
-2.972925598261233038e+00
-2.973023381789373421e+00
-3.245358485336740983e+00
-3.245358485336740983e+00
-3.245358485336740983e+00
-3.245358485336740983e+00
-3.245358485336740983e+00
-3.245358485336740983e+00
-3.245358485336740983e+00
-3.245358485336740983e+00
-3.245358485336740983e+00
-3.245358485336740983e+00
-3.245358485336740983e+00
-3.245358485336740983e+00
-3.245358485336740983e+00
-3.245358485336740983e+00
-3.245358485336740983e+00
-3.245358485336740983e+00
-2.939067652758859062e+00
-2.939067652758859062e+00
-2.939067652758859062e+00
-2.939067652758859062e+00
-2.939067652758859062e+00
-2.939067652758859062e+00
-2.939067652758859062e+00
-2.939067652758859062e+00
-3.353875180275444734e+00
-3.353875180275444734e+00
-3.353765316264806895e+00
-3.353820704137389974e+00
-3.325252870300759778e+00
-3.325342448218146618e+00
-3.325342448218146618e+00
-3.325342448218146618e+00
-3.325222327194067962e+00
-3.354774834321060162e+00
-3.354774834321060162e+00
-3.354774834321060162e+00
-3.354731298997342570e+00
-2.845243559740697314e+00
-3.556331074716483798e+00
-3.556331074716483798e+00
-3.556331074716483798e+00
-3.556331074716483798e+00
-3.556331074716483798e+00
-3.556331074716483798e+00
-3.124001605104989476e+00
-3.124001605104989476e+00
-3.124001605104989476e+00
-3.124001605104989476e+00
-3.124001605104989476e+00
-3.124001605104989476e+00
-3.124001605104989476e+00
-3.124001605104989476e+00
-3.124001605104989476e+00
-3.124001605104989476e+00
-3.124001605104989476e+00
-3.073827714354768315e+00
-3.073827714354768315e+00
-3.073827714354768315e+00
-3.073827714354768315e+00
-3.073827714354768315e+00
-3.073827714354768315e+00
-3.073827714354768315e+00
-3.073827714354768315e+00
-3.073827714354768315e+00
-3.073827714354768315e+00
-2.729233090781800541e+00
-2.729233090781800541e+00
-2.729233090781800541e+00
-2.729233090781800541e+00
-2.729233090781800541e+00
-2.729233090781800541e+00
-2.711014127640149596e+00
-3.231073884617529757e+00
-3.231073884617529757e+00
-3.268806018063488583e+00
-3.268819922015042234e+00
-3.268819922015042234e+00
-3.268819922015042234e+00
-3.468951349276657492e+00
-3.459489596277532275e+00
-3.459489596277532275e+00
-3.459469993985177627e+00
-2.530621752912181943e+00
-2.530621752912181943e+00
-2.530621752912181943e+00
-2.530621752912181943e+00
-2.530621752912181943e+00
-2.530621752912181943e+00
-2.582179200808814912e+00
-2.186809169630703487e+00
-1.417950849916009393e+00
-8.760151056213086873e-01
-8.760151056213086873e-01
-8.760151056213086873e-01
-8.760151056213086873e-01
-8.760151056213086873e-01
-1.042103106387486600e+00
-1.042103106387486600e+00
-2.383933240551337374e+00
-2.383933240551337374e+00
-2.652186736549975610e+00
-2.612058564764135671e+00
-2.612058564764135671e+00
-2.612058564764135671e+00
-2.658551327357100647e+00
-2.561919319925982652e+00
-2.561919319925982652e+00
-2.561919319925982652e+00
-2.604928800754291895e+00
-2.604928800754291895e+00
-2.579876387324433473e+00
-2.579876387324433473e+00
-2.773146556394733508e+00
-2.640415787924772051e+00
-2.640415787924772051e+00
-2.679374204311042451e+00
-2.727741265160175566e+00
-2.727741265160175566e+00
-2.680431816363653574e+00
-2.680431816363653574e+00
-2.680431816363653574e+00
-2.680431816363653574e+00
-2.680431816363653574e+00
-2.680431816363653574e+00
-2.680431816363653574e+00
-2.463963701893676639e+00
-3.609005682327095510e-01
-1.113261251103125682e+00
-2.587653710782869876e+00
-2.587653710782869876e+00
-2.587653710782869876e+00
-3.671056339891189402e-01
-3.671056339891189402e-01
-2.384480509201837517e+00
-2.384480509201837517e+00
-2.384480509201837517e+00
-2.384480509201837517e+00
-2.384480509201837517e+00
-2.384480509201837517e+00
-2.384480509201837517e+00
-2.384480509201837517e+00
-1.329201243347692962e+00
-2.695427342081160749e+00
-2.619306854262634321e+00
-2.619306854262634321e+00
-2.619306854262634321e+00
-2.693076662534053423e+00
-2.693076662534053423e+00
-2.693076662534053423e+00
-2.698143171306777610e+00
-1.287472977465015100e+00
-1.287472977465015100e+00
-1.287472977465015100e+00
-2.676285931530691720e+00
-2.591146565760070963e+00
-2.591146565760070963e+00
-2.591146565760070963e+00
-2.591146565760070963e+00
-5.478599673247473989e-01
-5.478599673247473989e-01
-2.617554044632337096e+00
-2.683661635929494249e+00
-2.683661635929494249e+00
-2.807956124810826015e+00
-2.775324006381499675e+00
-2.775324006381499675e+00
-2.722016028190889614e+00
-2.722016028190889614e+00
-2.716260476048544259e+00
-2.716647963222992068e+00
-2.814682218358347754e+00
-2.814682218358347754e+00
-2.824378059197566238e+00
-2.672713071848648703e+00
-2.672713071848648703e+00
-2.672713071848648703e+00
-2.672713071848648703e+00
-2.672713071848648703e+00
-2.672713071848648703e+00
-2.672713071848648703e+00
-2.672713071848648703e+00
-2.672713071848648703e+00
-2.672713071848648703e+00
-2.672713071848648703e+00
-2.672713071848648703e+00
-2.672713071848648703e+00
-2.742963356907919259e+00
-2.623244635689554904e+00
-2.623244635689554904e+00
-2.729494530657737172e+00
-2.902077443285152381e+00
-2.701051604451458310e+00
-2.682535643787274271e+00
-2.682061541832655660e+00
-2.682453131812480240e+00
-2.751093749562367297e+00
-2.372976926727003111e+00
-2.372976926727003111e+00
-2.372976926727003111e+00
-2.701869202389543645e+00
-2.701869202389543645e+00
-2.834151625405306074e+00
-2.834151625405306074e+00
-2.779552631122887973e+00
-2.779552631122887973e+00
-2.672787606146321604e+00
-2.672787606146321604e+00
-2.672787606146321604e+00
-2.806908085970759803e+00
-2.897203994298755969e+00
-2.897203994298755969e+00
-2.897203994298755969e+00
-2.897203994298755969e+00
-2.897203994298755969e+00
-2.897203994298755969e+00
-2.897203994298755969e+00
-2.897203994298755969e+00
-2.897203994298755969e+00
-2.918930172236426035e+00
-2.918930172236426035e+00
-2.897203994298755969e+00
-2.889408892017021557e+00
-2.822248247339893990e+00
-2.822248247339893990e+00
-2.822248247339893990e+00
-2.823432818425545054e+00
-2.823432818425545054e+00
-2.823432818425545054e+00
-2.823432818425545054e+00
-2.823432818425545054e+00
-2.823432818425545054e+00
-2.799175437504201280e+00
-2.797690677825169114e+00
-2.798487077935475575e+00
-2.798344619415458201e+00
-2.653911738277165089e+00
-2.653911738277165089e+00
-2.653911738277165089e+00
-2.649841071542772486e+00
-2.649841071542772486e+00
-2.649877085056632886e+00
-2.649877085056632886e+00
-2.649877085056632886e+00
-2.922185292435421466e+00
-2.922185292435421466e+00
-2.922185292435421466e+00
-2.922185292435421466e+00
-2.535263393394805664e+00
-2.535263393394805664e+00
-2.535263393394805664e+00
-2.535263393394805664e+00
-2.535263393394805664e+00
-3.037166413112078800e+00
-3.037166413112078800e+00
-3.037166413112078800e+00
-3.037166413112078800e+00
-3.037166413112078800e+00
-3.037166413112078800e+00
-3.037166413112078800e+00
-3.037166413112078800e+00
-2.952836667602422249e+00
-2.952836667602422249e+00
-2.952836667602422249e+00
-3.136266941778062645e+00
-3.102677274160585696e+00
-3.102677274160585696e+00
-3.102677274160585696e+00
-3.572878828468103674e+00
-3.256023272045711625e+00
-3.256023272045711625e+00
-3.256023272045711625e+00
-3.256023272045711625e+00
-3.256023272045711625e+00
-3.259999802190076679e+00
-3.259999802190076679e+00
-3.259999802190076679e+00
-3.259999802190076679e+00
-3.259999802190076679e+00
-3.259999802190076679e+00
-3.206872803303297381e+00
-3.206872803303297381e+00
-3.206872803303297381e+00
-3.206872803303297381e+00
-3.206872803303297381e+00
-3.298697918368570736e+00
-3.298697918368570736e+00
-3.298697918368570736e+00
-3.277295178254749253e+00
-2.965415640953165788e+00
-2.965415640953165788e+00
-2.965415640953165788e+00
-3.226332865071342315e+00
-3.226332865071342315e+00
-3.446629808692129426e+00
-3.446629808692129426e+00
-3.446629808692129426e+00
-3.446629808692129426e+00
-3.446629808692129426e+00
-3.446629808692129426e+00
-3.446629808692129426e+00
-3.446629808692129426e+00
-3.515553520012995925e+00
-3.515553520012995925e+00
-3.515553520012995925e+00
-3.515553520012995925e+00
-3.515553520012995925e+00
-3.515553520012995925e+00
-3.515553520012995925e+00
-3.515553520012995925e+00
-3.515553520012995925e+00
-3.515553520012995925e+00
-3.586031510770662400e+00
-3.802286507294692974e+00
-3.802286507294692974e+00
-3.802286507294692974e+00
-3.247210446096970848e+00
-3.247210446096970848e+00
-3.247210446096970848e+00
-3.247210446096970848e+00
-3.247210446096970848e+00
-3.247210446096970848e+00
-3.247210446096970848e+00
-3.247210446096970848e+00
-3.261808455560220921e+00
-3.261808455560220921e+00
-3.261808455560220921e+00
-3.261808455560220921e+00
-3.261808455560220921e+00
-3.261808455560220921e+00
-3.261808455560220921e+00
-3.261808455560220921e+00
-3.675690572530771583e+00
-3.675690572530771583e+00
-3.123701416511608375e+00
-3.123701416511608375e+00
-3.123701416511608375e+00
-3.123701416511608375e+00
-3.302102790963809209e+00
-3.302102790963809209e+00
-3.302102790963809209e+00
-3.302102790963809209e+00
-3.302102790963809209e+00
-3.302102790963809209e+00
-3.302102790963809209e+00
-3.302102790963809209e+00
-3.302102790963809209e+00
-3.302102790963809209e+00
-3.302102790963809209e+00
-3.302102790963809209e+00
-3.419445304068279068e+00
-3.419445304068279068e+00
-3.419445304068279068e+00
-3.419445304068279068e+00
-3.419445304068279068e+00
-3.419445304068279068e+00
-3.411527345558881041e+00
-3.363426511191956791e+00
-3.449575167085198846e+00
-3.449575167085198846e+00
-3.449575167085198846e+00
-3.442880300445264830e+00
-3.442880300445264830e+00
-3.442880300445264830e+00
-3.442880300445264830e+00
-3.442880300445264830e+00
-3.442880300445264830e+00
-3.018089051912208998e+00
-3.106470773598431823e+00
-3.106470773598431823e+00
-3.106470773598431823e+00
-3.106470773598431823e+00
-3.106470773598431823e+00
-3.106470773598431823e+00
-3.106470773598431823e+00
-3.106470773598431823e+00
-3.106470773598431823e+00
-3.106470773598431823e+00
-2.986360006532978950e+00
-2.986360006532978950e+00
-2.986360006532978950e+00
-2.986360006532978950e+00
-2.986360006532978950e+00
-2.986360006532978950e+00
-3.300319894094084106e+00
-3.300319894094084106e+00
-3.300319894094084106e+00
-3.300319894094084106e+00
-3.300319894094084106e+00
-3.300319894094084106e+00
-3.300319894094084106e+00
-3.300319894094084106e+00
-3.300319894094084106e+00
-3.359364278001949256e+00
-3.359364278001949256e+00
-3.359364278001949256e+00
-3.359364278001949256e+00
-3.359364278001949256e+00
-3.359364278001949256e+00
-3.359364278001949256e+00
-3.464209417995941287e+00
-2.925629369615368791e+00
-2.925629369615368791e+00
-2.925629369615368791e+00
-2.925629369615368791e+00
-2.925629369615368791e+00
-2.925629369615368791e+00
-2.925629369615368791e+00
-2.925629369615368791e+00
-2.925629369615368791e+00
-2.925629369615368791e+00
-2.889324328639538919e+00
-2.865415686175198484e+00
-2.865415686175198484e+00
-3.491219097524026260e+00
-3.491219097524026260e+00
-3.491219097524026260e+00
-3.491219097524026260e+00
-3.491219097524026260e+00
-3.491219097524026260e+00
-3.491219097524026260e+00
-3.491219097524026260e+00
-3.491219097524026260e+00
-3.348705873434675517e+00
-3.348705873434675517e+00
-3.348705873434675517e+00
-3.348705873434675517e+00
-3.348705873434675517e+00
-3.348705873434675517e+00
-3.348705873434675517e+00
-3.296809944094480915e+00
-3.296809944094480915e+00
-3.296809944094480915e+00
-3.296809944094480915e+00
-3.296809944094480915e+00
-3.296809944094480915e+00
-3.296809944094480915e+00
-3.296809944094480915e+00
-3.296809944094480915e+00
-3.296809944094480915e+00
-3.296809944094480915e+00
-3.296809944094480915e+00
-3.296809944094480915e+00
-3.296809944094480915e+00
-3.296809944094480915e+00
-3.296809944094480915e+00
-3.296809944094480915e+00
-3.296809944094480915e+00
-3.296809944094480915e+00
-3.296809944094480915e+00
