# Variable: dg_gbsa_00000121
# Sample shape: (1000,)
# Date: 2014-03-03 23:31:51.930447
-7.826312664134096320e-01
-6.365162464674297915e+00
-6.365162464674297915e+00
-6.365162464674297915e+00
-6.365162464674297915e+00
-6.580653655597402008e+00
-6.580653655597402008e+00
-6.580653655597402008e+00
-6.580653655597402008e+00
-6.580653655597402008e+00
-6.580653655597402008e+00
-7.249559088829141906e+00
-7.249559088829141906e+00
-6.350908862929043330e+00
-7.391101771513316265e+00
-7.391101771513316265e+00
-5.682306581427900127e+00
-4.294804815580466339e+00
-4.294804815580466339e+00
-4.294804815580466339e+00
-4.294804815580466339e+00
-4.382789476879695556e+00
-5.776454112269910013e+00
-5.776454112269910013e+00
-5.776454112269910013e+00
-5.776454112269910013e+00
-5.776454112269910013e+00
-5.776454112269910013e+00
-5.776454112269910013e+00
-5.776454112269910013e+00
-5.776454112269910013e+00
-5.776454112269910013e+00
-5.776454112269910013e+00
-5.815683769678294368e+00
-5.815683769678294368e+00
-5.854885163316306596e+00
-5.854885163316306596e+00
-5.854885163316306596e+00
-5.854885163316306596e+00
-5.854885163316306596e+00
-5.854885163316306596e+00
-5.854880148776402393e+00
-5.854885163316306596e+00
-5.926398428630646364e+00
-5.992818744870946013e+00
-5.475860252890941915e+00
-5.306536563267899353e+00
-5.306536563267899353e+00
-5.199380860046036723e+00
-5.199380860046036723e+00
-5.199380860046036723e+00
-5.199380860046036723e+00
-5.199380860046036723e+00
-5.199380860046036723e+00
-5.199380860046036723e+00
-5.199380860046036723e+00
-5.199380860046036723e+00
-5.199380860046036723e+00
-5.199380860046036723e+00
-5.199380860046036723e+00
-5.092331829763963036e+00
-5.141064496158869623e+00
-5.141064496158869623e+00
-5.141064496158869623e+00
-5.141064496158869623e+00
-6.120160250545231051e+00
-6.120160250545231051e+00
-6.120160250545231051e+00
-6.120160250545231051e+00
-6.122435028192873219e+00
-5.677162575220286556e+00
-5.677162575220286556e+00
-5.596821896204756897e+00
-5.596821896204756897e+00
-5.500470247141033830e+00
-5.500470247141033830e+00
-5.926660096440214964e+00
-5.704882495945771126e+00
-5.704882495945771126e+00
-5.704882495945771126e+00
-5.704882495945771126e+00
-5.704882495945771126e+00
-5.634079471828832730e+00
-5.634079471828832730e+00
-5.634079471828832730e+00
-6.065043618984477192e+00
-6.065043618984477192e+00
-6.065043618984477192e+00
-6.065043618984477192e+00
-6.065043618984477192e+00
-6.101320168256303411e+00
-5.412146876464610123e+00
-5.412146876464610123e+00
-5.647425897718615140e+00
-5.846674538023385104e+00
-5.907575669297751908e+00
-7.147594802010355686e+00
-7.147594802010355686e+00
-7.236586929963150006e+00
-7.236586929963150006e+00
-7.913547537750768690e+00
-7.913547537750768690e+00
-7.913547537750768690e+00
-7.283538067090123747e+00
-7.283538067090123747e+00
-7.283538067090123747e+00
-7.283538067090123747e+00
-7.283538067090123747e+00
-7.283538067090123747e+00
-7.283538067090123747e+00
-7.283538067090123747e+00
-7.283538067090123747e+00
-7.283538067090123747e+00
-7.283538067090123747e+00
-7.283538067090123747e+00
-7.283538067090123747e+00
-7.283538067090123747e+00
-8.784815640568048423e+00
-8.582556452851450857e+00
-8.582556452851450857e+00
-8.582556452851450857e+00
-8.582556452851450857e+00
-8.459016424292132186e+00
-8.459016424292132186e+00
-8.437967209241586275e+00
-8.437967209241586275e+00
-8.391415867705189768e+00
-8.391415867705189768e+00
-8.391415867705189768e+00
-8.391415867705189768e+00
-8.391415867705189768e+00
-8.391415867705189768e+00
-8.391415867705189768e+00
-8.409490092990502319e+00
-8.409490092990502319e+00
-8.409490092990502319e+00
-8.409490092990502319e+00
-8.517534281510011240e+00
-8.517534281510011240e+00
-8.517534281510011240e+00
-8.517534281510011240e+00
-8.517534281510011240e+00
-8.517534281510011240e+00
-8.517534281510011240e+00
-8.517534281510011240e+00
-8.517534281510011240e+00
-8.517534281510011240e+00
-8.964739155814934080e+00
-8.964739155814934080e+00
-8.964739155814934080e+00
-8.964739155814934080e+00
-8.964739155814934080e+00
-8.964739155814934080e+00
-8.964739155814934080e+00
-8.964739155814934080e+00
-8.964739155814934080e+00
-8.964739155814934080e+00
-8.964739155814934080e+00
-8.964739155814934080e+00
-8.964739155814934080e+00
-8.964739155814934080e+00
-8.964739155814934080e+00
-8.964739155814934080e+00
-8.964739155814934080e+00
-8.964739155814934080e+00
-8.964739155814934080e+00
-8.964739155814934080e+00
-8.964739155814934080e+00
-8.964739155814934080e+00
-8.964739155814934080e+00
-8.959669911838625822e+00
-8.959669911838625822e+00
-8.959669911838625822e+00
-8.959669911838625822e+00
-8.959669911838625822e+00
-8.959669911838625822e+00
-8.959669911838625822e+00
-8.959669911838625822e+00
-8.959669911838625822e+00
-8.959669911838625822e+00
-8.959669911838625822e+00
-8.959669911838625822e+00
-8.959669911838625822e+00
-8.959669911838625822e+00
-8.855700264925253862e+00
-8.855700264925253862e+00
-8.855700264925253862e+00
-8.855700264925253862e+00
-8.855700264925253862e+00
-8.855700264925253862e+00
-8.855700264925253862e+00
-8.855700264925253862e+00
-8.855700264925253862e+00
-8.855700264925253862e+00
-8.855700264925253862e+00
-8.855700264925253862e+00
-8.855700264925253862e+00
-8.855700264925253862e+00
-8.855700264925253862e+00
-8.855700264925253862e+00
-8.855700264925253862e+00
-8.855700264925253862e+00
-8.855700264925253862e+00
-8.855700264925253862e+00
-8.855700264925253862e+00
-8.855700264925253862e+00
-8.855700264925253862e+00
-8.768640558304795718e+00
-8.768640558304795718e+00
-8.768640558304795718e+00
-8.768640558304795718e+00
-8.768640558304795718e+00
-8.768640558304795718e+00
-8.768640558304795718e+00
-8.768640558304795718e+00
-8.768640558304795718e+00
-8.768640558304795718e+00
-8.768640558304795718e+00
-8.768640558304795718e+00
-8.768640558304795718e+00
-8.768640558304795718e+00
-8.768640558304795718e+00
-8.768640558304795718e+00
-8.768640558304795718e+00
-8.768640558304795718e+00
-8.768640558304795718e+00
-8.768640558304795718e+00
-8.768640558304795718e+00
-8.768640558304795718e+00
-8.768640558304795718e+00
-8.768640558304795718e+00
-8.768640558304795718e+00
-8.768640558304795718e+00
-8.768640558304795718e+00
-8.768640558304795718e+00
-8.768640558304795718e+00
-8.768640558304795718e+00
-8.768640558304795718e+00
-8.768640558304795718e+00
-8.768640558304795718e+00
-9.088125101239000969e+00
-9.088125101239000969e+00
-9.088125101239000969e+00
-9.088125101239000969e+00
-9.088125101239000969e+00
-8.909489866880340614e+00
-8.909489866880340614e+00
-8.909489866880340614e+00
-8.909489866880340614e+00
-8.909489866880340614e+00
-8.909489866880340614e+00
-8.909489866880340614e+00
-8.909489866880340614e+00
-8.909489866880340614e+00
-8.909489866880340614e+00
-8.909489866880340614e+00
-8.909489866880340614e+00
-8.909489866880340614e+00
-8.909489866880340614e+00
-8.909489866880340614e+00
-8.909489866880340614e+00
-8.909489866880340614e+00
-8.909489866880340614e+00
-8.909489866880340614e+00
-8.909489866880340614e+00
-8.909489866880340614e+00
-8.909489866880340614e+00
-9.097567935746669221e+00
-9.097567935746669221e+00
-9.097567935746669221e+00
-9.097567935746669221e+00
-9.097567935746669221e+00
-9.097567935746669221e+00
-9.097567935746669221e+00
-9.095003226519086326e+00
-9.095009608660783229e+00
-9.095009608660783229e+00
-9.095009608660783229e+00
-9.058587637731722708e+00
-9.058587637731722708e+00
-9.058587637731722708e+00
-9.058587637731722708e+00
-9.058587637731722708e+00
-9.058587637731722708e+00
-9.058587637731722708e+00
-9.008126778538777302e+00
-9.008126778538777302e+00
-9.008126778538777302e+00
-9.008126778538777302e+00
-9.989786786285458575e+00
-9.989786786285458575e+00
-9.989786786285458575e+00
-9.989786786285458575e+00
-9.989786786285458575e+00
-9.989786786285458575e+00
-9.989786786285458575e+00
-9.989786786285458575e+00
-9.989786786285458575e+00
-9.989786786285458575e+00
-9.989786786285458575e+00
-9.989786786285458575e+00
-9.989786786285458575e+00
-9.989786786285458575e+00
-9.989786786285458575e+00
-9.989786786285458575e+00
-9.989786786285458575e+00
-9.989786786285458575e+00
-9.989786786285458575e+00
-9.989786786285458575e+00
-9.989786786285458575e+00
-9.989786786285458575e+00
-9.989786786285458575e+00
-9.989786786285458575e+00
-9.989786786285458575e+00
-9.989786786285458575e+00
-9.989786786285458575e+00
-9.989786786285458575e+00
-9.989786786285458575e+00
-9.989786786285458575e+00
-9.989786786285458575e+00
-9.907102493665414400e+00
-9.907102493665414400e+00
-9.907097023258245372e+00
-9.358145310819489637e+00
-9.358145310819489637e+00
-9.358145310819489637e+00
-9.358145310819489637e+00
-9.101576832466781397e+00
-9.101576832466781397e+00
-9.101576832466781397e+00
-9.101576832466781397e+00
-9.101576832466781397e+00
-9.101576832466781397e+00
-9.101576832466781397e+00
-9.101576832466781397e+00
-9.101576832466781397e+00
-9.101576832466781397e+00
-9.101576832466781397e+00
-9.101576832466781397e+00
-9.101576832466781397e+00
-9.101576832466781397e+00
-9.101576832466781397e+00
-9.101576832466781397e+00
-9.101576832466781397e+00
-9.101576832466781397e+00
-9.101576832466781397e+00
-9.101576832466781397e+00
-9.101576832466781397e+00
-9.101576832466781397e+00
-9.101576832466781397e+00
-9.101576832466781397e+00
-9.101576832466781397e+00
-9.101576832466781397e+00
-8.834782339646755744e+00
-8.834782339646755744e+00
-8.834782339646755744e+00
-8.834782339646755744e+00
-8.834782339646755744e+00
-8.834782339646755744e+00
-8.834782339646755744e+00
-8.834782339646755744e+00
-8.834782339646755744e+00
-8.834782339646755744e+00
-9.590461650724392939e+00
-9.590461650724392939e+00
-9.590461650724392939e+00
-9.590461650724392939e+00
-9.590461650724392939e+00
-9.590461650724392939e+00
-9.633996062707261387e+00
-9.633996062707261387e+00
-9.633996062707261387e+00
-9.633996062707261387e+00
-9.633996062707261387e+00
-9.633996062707261387e+00
-9.633996062707261387e+00
-9.633996062707261387e+00
-9.633996062707261387e+00
-9.633996062707261387e+00
-9.633996062707261387e+00
-9.633996062707261387e+00
-9.379039531000257668e+00
-9.379039531000257668e+00
-9.379039531000257668e+00
-9.379039531000257668e+00
-9.518639763272286558e+00
-9.518639763272286558e+00
-9.587718241529300300e+00
-9.587718241529300300e+00
-9.587718241529300300e+00
-9.587718241529300300e+00
-9.587718241529300300e+00
-9.587718241529300300e+00
-9.688185004385660548e+00
-9.688185004385660548e+00
-9.688185004385660548e+00
-8.715452701138264757e+00
-8.715452701138264757e+00
-8.715452701138264757e+00
-8.715452701138264757e+00
-8.715452701138264757e+00
-8.715452701138264757e+00
-8.715452701138264757e+00
-8.715476406235994844e+00
-8.588465404328150754e+00
-8.491130449575857497e+00
-8.491130449575857497e+00
-8.491130449575857497e+00
-8.947697925749974246e+00
-8.947656897696207423e+00
-8.932782860604572051e+00
-8.932782860604572051e+00
-8.932782860604572051e+00
-8.932782860604572051e+00
-8.932782860604572051e+00
-8.932782860604572051e+00
-8.932782860604572051e+00
-8.932782860604572051e+00
-8.932782860604572051e+00
-8.932782860604572051e+00
-8.932748214692503907e+00
-8.932748214692503907e+00
-8.932748214692503907e+00
-8.932748214692503907e+00
-8.938375440200017508e+00
-8.938461143245660878e+00
-8.707312735271271364e+00
-8.707312735271271364e+00
-8.707312735271271364e+00
-8.706996363390015148e+00
-8.533584456142913055e+00
-8.533584456142913055e+00
-8.533584456142913055e+00
-8.909263756717367144e+00
-8.909263756717367144e+00
-8.909263756717367144e+00
-8.909252815903030864e+00
-8.909252815903030864e+00
-8.909252815903030864e+00
-8.936525530842475362e+00
-8.936525530842475362e+00
-8.936525530842475362e+00
-8.936563823692656783e+00
-8.936563823692656783e+00
-8.936570205834353686e+00
-8.936570205834353686e+00
-8.936570205834353686e+00
-8.936570205834353686e+00
-8.936570205834353686e+00
-8.936570205834353686e+00
-8.936570205834353686e+00
-8.936570205834353686e+00
-8.936570205834353686e+00
-8.936570205834353686e+00
-8.936570205834353686e+00
-8.936570205834353686e+00
-8.936570205834353686e+00
-8.909943910675339751e+00
-8.909943910675339751e+00
-8.909943910675339751e+00
-8.909943910675339751e+00
-9.163199145752885855e+00
-9.163199145752885855e+00
-9.163199145752885855e+00
-9.163199145752885855e+00
-9.163199145752885855e+00
-9.163199145752885855e+00
-8.863888552722237080e+00
-8.863888552722237080e+00
-8.863888552722237080e+00
-8.863888552722237080e+00
-8.863888552722237080e+00
-8.863888552722237080e+00
-8.863888552722237080e+00
-8.863888552722237080e+00
-8.863888552722237080e+00
-8.863888552722237080e+00
-8.863888552722237080e+00
-8.863888552722237080e+00
-8.863888552722237080e+00
-8.863888552722237080e+00
-8.863888552722237080e+00
-9.116837444998337148e+00
-9.116837444998337148e+00
-9.116837444998337148e+00
-9.116837444998337148e+00
-8.609662320372251543e+00
-8.609662320372251543e+00
-8.609662320372251543e+00
-8.609662320372251543e+00
-8.605784713424185384e+00
-8.605784713424185384e+00
-8.605784713424185384e+00
-8.605784713424185384e+00
-8.605784713424185384e+00
-8.605784713424185384e+00
-8.587050392340518812e+00
-8.587050392340518812e+00
-8.587050392340518812e+00
-8.587050392340518812e+00
-8.587050392340518812e+00
-8.587050392340518812e+00
-8.587050392340518812e+00
-8.587050392340518812e+00
-8.587050392340518812e+00
-8.587050392340518812e+00
-8.587050392340518812e+00
-8.587050392340518812e+00
-8.587050392340518812e+00
-8.587050392340518812e+00
-8.587050392340518812e+00
-8.587050392340518812e+00
-8.587050392340518812e+00
-8.587050392340518812e+00
-8.587050392340518812e+00
-8.587083214783531204e+00
-8.587083214783531204e+00
-8.587083214783531204e+00
-8.587083214783531204e+00
-8.587083214783531204e+00
-8.587083214783531204e+00
-8.587083214783531204e+00
-8.587083214783531204e+00
-8.587083214783531204e+00
-8.482220979767136626e+00
-8.482220979767136626e+00
-8.482220979767136626e+00
-8.482220979767136626e+00
-8.482220979767136626e+00
-8.198503782370805126e+00
-8.198503782370805126e+00
-8.198503782370805126e+00
-8.277476403726902632e+00
-8.277476403726902632e+00
-8.277476403726902632e+00
-8.277476403726902632e+00
-8.277476403726902632e+00
-8.277476403726902632e+00
-8.299699932849657458e+00
-8.299699932849657458e+00
-8.512300013584114922e+00
-8.512300013584114922e+00
-8.512300013584114922e+00
-8.512300013584114922e+00
-8.512300013584114922e+00
-8.512300013584114922e+00
-8.512300013584114922e+00
-8.512300013584114922e+00
-8.512300013584114922e+00
-8.512300013584114922e+00
-9.568986655649217354e+00
-8.724947504514034335e+00
-8.724947504514034335e+00
-8.724947504514034335e+00
-8.724947504514034335e+00
-8.724947504514034335e+00
-8.826112656018930025e+00
-8.826112656018930025e+00
-8.826112656018930025e+00
-8.826112656018930025e+00
-8.826112656018930025e+00
-8.826112656018930025e+00
-8.826112656018930025e+00
-8.826112656018930025e+00
-8.826112656018930025e+00
-8.851085064743946518e+00
-8.851085064743946518e+00
-8.851085064743946518e+00
-8.851085064743946518e+00
-8.851085064743946518e+00
-8.851085064743946518e+00
-8.851085064743946518e+00
-8.851085064743946518e+00
-8.851085064743946518e+00
-8.851085064743946518e+00
-8.851085064743946518e+00
-8.851085064743946518e+00
-8.851085064743946518e+00
-8.851085064743946518e+00
-9.006077199319580728e+00
-9.006077199319580728e+00
-9.006077199319580728e+00
-9.006077199319580728e+00
-9.006077199319580728e+00
-9.006077199319580728e+00
-9.716943846605930801e+00
-9.716943846605930801e+00
-9.716943846605930801e+00
-9.593899801629905966e+00
-9.593899801629905966e+00
-9.795768766968473429e+00
-9.796847348915230569e+00
-9.796847348915230569e+00
-9.796847348915230569e+00
-9.796847348915230569e+00
-9.796847348915230569e+00
-9.796847348915230569e+00
-9.796847348915230569e+00
-9.796847348915230569e+00
-9.796847348915230569e+00
-9.796847348915230569e+00
-9.796847348915230569e+00
-9.796847348915230569e+00
-9.796847348915230569e+00
-9.796847348915230569e+00
-9.796847348915230569e+00
-9.796847348915230569e+00
-9.796847348915230569e+00
-9.796847348915230569e+00
-9.796847348915230569e+00
-9.796847348915230569e+00
-9.796847348915230569e+00
-9.796847348915230569e+00
-9.796847348915230569e+00
-9.796835496366364637e+00
-9.796835496366364637e+00
-9.796835496366364637e+00
-9.796835496366364637e+00
-9.796835496366364637e+00
-9.796835496366364637e+00
-9.796835496366364637e+00
-9.796835496366364637e+00
-9.824216707714656494e+00
-9.824216707714656494e+00
-9.824216707714656494e+00
-9.824216707714656494e+00
-9.824386290336885708e+00
-9.824386290336885708e+00
-9.824386290336885708e+00
-9.824386290336885708e+00
-9.823670578732317082e+00
-9.823670578732317082e+00
-9.823670578732317082e+00
-9.370602339677098769e+00
-9.370602339677098769e+00
-9.370602339677098769e+00
-9.370602339677098769e+00
-9.370602339677098769e+00
-9.370602339677098769e+00
-9.370602339677098769e+00
-9.370602339677098769e+00
-9.370602339677098769e+00
-9.370602339677098769e+00
-9.370602339677098769e+00
-9.370602339677098769e+00
-9.370602339677098769e+00
-9.370602339677098769e+00
-9.745193940959513412e+00
-9.745193940959513412e+00
-9.634778330932382673e+00
-9.634778330932382673e+00
-9.634778330932382673e+00
-9.634778330932382673e+00
-9.634778330932382673e+00
-9.606113397368508444e+00
-9.606113397368508444e+00
-9.606113397368508444e+00
-9.606113397368508444e+00
-9.606113397368508444e+00
-9.437865554488638509e+00
-9.437865554488638509e+00
-8.837142820340041283e+00
-8.837142820340041283e+00
-8.837142820340041283e+00
-8.981249756384533711e+00
-8.981249756384533711e+00
-8.981249756384533711e+00
-8.981249756384533711e+00
-8.981249756384533711e+00
-9.029074791056704186e+00
-9.029074791056704186e+00
-9.029074791056704186e+00
-9.029074791056704186e+00
-9.029074791056704186e+00
-9.029074791056704186e+00
-9.029074791056704186e+00
-9.029074791056704186e+00
-9.029074791056704186e+00
-9.029074791056704186e+00
-9.029074791056704186e+00
-9.029074791056704186e+00
-9.177874424717394675e+00
-9.178333027185034965e+00
-9.178333027185034965e+00
-9.178333027185034965e+00
-9.107443844155188373e+00
-9.107443844155188373e+00
-9.107443844155188373e+00
-9.107443844155188373e+00
-9.107443844155188373e+00
-9.107443844155188373e+00
-9.107443844155188373e+00
-9.107443844155188373e+00
-9.107443844155188373e+00
-9.107443844155188373e+00
-9.107443844155188373e+00
-9.107443844155188373e+00
-9.107443844155188373e+00
-9.107443844155188373e+00
-9.107443844155188373e+00
-9.107443844155188373e+00
-9.107443844155188373e+00
-9.107443844155188373e+00
-9.007090136380313083e+00
-9.368634816565430512e+00
-9.368634816565430512e+00
-9.368634816565430512e+00
-9.368634816565430512e+00
-9.368634816565430512e+00
-9.408275210378731046e+00
-9.408275210378731046e+00
-9.408275210378731046e+00
-9.408275210378731046e+00
-9.408275210378731046e+00
-9.000083456531765336e+00
-9.000083456531765336e+00
-1.034709645958749036e+01
-1.034586288277095356e+01
-1.034586288277095356e+01
-1.034586288277095356e+01
-1.010138673946460841e+01
-1.010138673946460841e+01
-1.010138673946460841e+01
-1.010147882465194691e+01
-1.010147882465194691e+01
-1.010147882465194691e+01
-1.010147882465194691e+01
-1.010147882465194691e+01
-1.010147882465194691e+01
-1.010147882465194691e+01
-1.010147882465194691e+01
-1.010147882465194691e+01
-1.011198747682297849e+01
-1.011198747682297849e+01
-1.011198747682297849e+01
-1.011198747682297849e+01
-1.011198747682297849e+01
-1.011198747682297849e+01
-1.011198747682297849e+01
-1.011198747682297849e+01
-1.011198747682297849e+01
-1.011198747682297849e+01
-1.011198747682297849e+01
-1.011198747682297849e+01
-1.010822839536356810e+01
-1.010822839536356810e+01
-1.000720638617958613e+01
-1.000720638617958613e+01
-1.000720638617958613e+01
-1.000720638617958613e+01
-1.000720638617958613e+01
-1.000720638617958613e+01
-1.000720638617958613e+01
-1.000720638617958613e+01
-1.010989322261190182e+01
-1.010989322261190182e+01
-1.010989322261190182e+01
-1.010989322261190182e+01
-1.010989322261190182e+01
-1.010989322261190182e+01
-9.924933285831720298e+00
-9.924933285831720298e+00
-9.924933285831720298e+00
-9.924933285831720298e+00
-9.924933285831720298e+00
-9.924933285831720298e+00
-9.924933285831720298e+00
-9.924933285831720298e+00
-9.924933285831720298e+00
-9.924933285831720298e+00
-9.924933285831720298e+00
-9.924933285831720298e+00
-9.924933285831720298e+00
-9.924933285831720298e+00
-9.924933285831720298e+00
-9.924933285831720298e+00
-9.924933285831720298e+00
-9.924933285831720298e+00
-9.924933285831720298e+00
-9.924933285831720298e+00
-9.924933285831720298e+00
-9.924933285831720298e+00
-1.000698392295472594e+01
-1.000698392295472594e+01
-1.000698392295472594e+01
-1.000698392295472594e+01
-9.715687476426191793e+00
-9.715687476426191793e+00
-9.715687476426191793e+00
-9.715687476426191793e+00
-9.715687476426191793e+00
-9.716127844203269248e+00
-9.716127844203269248e+00
-9.716127844203269248e+00
-9.716127844203269248e+00
-9.716127844203269248e+00
-9.716127844203269248e+00
-9.716127844203269248e+00
-9.716127844203269248e+00
-9.716127844203269248e+00
-9.716127844203269248e+00
-9.716127844203269248e+00
-9.716127844203269248e+00
-9.716127844203269248e+00
-9.716127844203269248e+00
-9.716127844203269248e+00
-9.716127844203269248e+00
-9.716127844203269248e+00
-9.716127844203269248e+00
-9.716127844203269248e+00
-9.716127844203269248e+00
-9.994362781882058400e+00
-9.994362781882058400e+00
-9.994362781882058400e+00
-1.003885269165039062e+01
-1.008548517755978757e+01
-1.008548517755978757e+01
-1.008548517755978757e+01
-1.008548517755978757e+01
-1.008548517755978757e+01
-1.008548517755978757e+01
-1.008548517755978757e+01
-1.000805429929073043e+01
-1.000805429929073043e+01
-9.995424952607308455e+00
-9.995424952607308455e+00
-9.800702162500092740e+00
-9.800702162500092740e+00
-9.800702162500092740e+00
-9.800702162500092740e+00
-9.873135823820561541e+00
-9.873135823820561541e+00
-9.873135823820561541e+00
-9.873135823820561541e+00
-9.873135823820561541e+00
-9.583458617813956693e+00
-9.583458617813956693e+00
-9.583458617813956693e+00
-9.583458617813956693e+00
-9.583458617813956693e+00
-9.583458617813956693e+00
-9.583458617813956693e+00
-9.583458617813956693e+00
-9.583458617813956693e+00
-9.583458617813956693e+00
-9.583458617813956693e+00
-9.583458617813956693e+00
-9.583458617813956693e+00
-9.583458617813956693e+00
-9.583458617813956693e+00
-9.583458617813956693e+00
-9.583458617813956693e+00
-9.493809585133655915e+00
-9.493809585133655915e+00
-9.493809585133655915e+00
-9.493717499946317417e+00
-9.493717499946317417e+00
-9.493717499946317417e+00
-9.493717499946317417e+00
-9.493717499946317417e+00
-9.492174845124749183e+00
-9.493041904660984187e+00
-9.403145791923567032e+00
-9.403145791923567032e+00
-9.403145791923567032e+00
-9.403145791923567032e+00
-9.855491025497990165e+00
-9.855491025497990165e+00
-9.855491025497990165e+00
-9.855491025497990165e+00
-9.855491025497990165e+00
-9.855491025497990165e+00
-9.855491025497990165e+00
-9.855491025497990165e+00
-9.808524844751302041e+00
-9.808524844751302041e+00
-9.808524844751302041e+00
-9.808524844751302041e+00
-9.808524844751302041e+00
-9.808524844751302041e+00
-9.808524844751302041e+00
-9.808524844751302041e+00
-9.573458713509612750e+00
-9.573458713509612750e+00
-9.573458713509612750e+00
-9.573458713509612750e+00
-9.573458713509612750e+00
-9.573458713509612750e+00
-8.992494178319752507e+00
-8.992494178319752507e+00
-8.992494178319752507e+00
-8.992494178319752507e+00
-8.992494178319752507e+00
-8.992494178319752507e+00
-8.992494178319752507e+00
-8.992494178319752507e+00
-8.992494178319752507e+00
-8.992494178319752507e+00
-8.992494178319752507e+00
-8.992494178319752507e+00
-8.843363585025356244e+00
-8.843363585025356244e+00
-8.843363585025356244e+00
-8.843363585025356244e+00
-8.843363585025356244e+00
-8.843363585025356244e+00
-8.868187381022289983e+00
-9.147520047072926985e+00
-9.147520047072926985e+00
-9.147520047072926985e+00
-9.147520047072926985e+00
-9.147520047072926985e+00
-9.147520047072926985e+00
-9.147520047072926985e+00
-9.147520047072926985e+00
-9.147520047072926985e+00
-9.147520047072926985e+00
-9.147520047072926985e+00
-9.028866915584293551e+00
-9.028866915584293551e+00
-9.028866915584293551e+00
-9.028866915584293551e+00
-9.028866915584293551e+00
-9.028866915584293551e+00
-9.028866915584293551e+00
-9.028866915584293551e+00
-9.028866915584293551e+00
-9.028866915584293551e+00
-9.427430752814386139e+00
-9.427430752814386139e+00
-9.427430752814386139e+00
-9.427430752814386139e+00
-9.427430752814386139e+00
-9.427430752814386139e+00
-9.427430752814386139e+00
-9.427430752814386139e+00
-9.427430752814386139e+00
-9.427430752814386139e+00
-9.427430752814386139e+00
-9.427430752814386139e+00
-9.427430752814386139e+00
-9.527010397974892797e+00
-9.527004927567723769e+00
-9.338702572007479219e+00
-9.338702572007479219e+00
-9.338702572007479219e+00
-9.338702572007479219e+00
-9.338702572007479219e+00
-9.338153707821556182e+00
-9.338153707821556182e+00
-9.008053839776529514e+00
-9.008053839776529514e+00
-9.008053839776529514e+00
-9.008053839776529514e+00
-9.008207922911779519e+00
-9.002244267363392893e+00
-9.002244267363392893e+00
-9.002244267363392893e+00
-9.002244267363392893e+00
-9.002244267363392893e+00
-9.002244267363392893e+00
-9.673166913238583575e+00
-9.756278809352313175e+00
-9.756278809352313175e+00
-9.585429787863736451e+00
-9.585429787863736451e+00
-9.585429787863736451e+00
-9.585429787863736451e+00
-9.585429787863736451e+00
-9.502453740194695797e+00
-9.502453740194695797e+00
-9.502453740194695797e+00
-9.502453740194695797e+00
-9.952626310388627218e+00
-9.952626310388627218e+00
-9.952626310388627218e+00
-9.952626310388627218e+00
-9.952626310388627218e+00
-9.952626310388627218e+00
-9.952626310388627218e+00
-1.002222174212307948e+01
-1.002222174212307948e+01
-1.002222174212307948e+01
-1.002222174212307948e+01
-1.002222174212307948e+01
-1.002222174212307948e+01
-1.002222174212307948e+01
-1.002222174212307948e+01
-1.002222174212307948e+01
-9.810484162252217644e+00
-9.810484162252217644e+00
-9.810484162252217644e+00
-9.810484162252217644e+00
-9.810484162252217644e+00
-9.638100691552827115e+00
-9.638100691552827115e+00
-9.638100691552827115e+00
-9.637088666226620859e+00
-9.637088666226620859e+00
-9.637088666226620859e+00
