# Variable: HO_scalingFactor
# Sample shape: (1000,)
# Date: 2014-03-03 23:31:51.714932
1.000000000000000000e+00
1.000000000000000000e+00
7.672361014486213104e-01
7.672361014486213104e-01
3.816362969526486681e-01
3.816362969526486681e-01
3.816362969526486681e-01
3.816362969526486681e-01
3.816362969526486681e-01
3.816362969526486681e-01
3.816362969526486681e-01
3.816362969526486681e-01
1.331327220964700908e-02
1.331327220964700908e-02
4.940048959464973244e-01
4.940048959464973244e-01
7.798954674812312859e-01
7.798954674812312859e-01
7.798954674812312859e-01
7.798954674812312859e-01
4.008583653594779417e-01
9.908555619157152217e-01
9.908555619157152217e-01
9.908555619157152217e-01
9.908555619157152217e-01
9.908555619157152217e-01
9.908555619157152217e-01
9.908555619157152217e-01
9.908555619157152217e-01
7.507059359055244796e-01
7.507059359055244796e-01
7.507059359055244796e-01
1.299454267543356245e-01
7.816474261448178029e-02
7.816474261448178029e-02
7.816474261448178029e-02
7.816474261448178029e-02
7.816474261448178029e-02
1.015087723002066761e-01
1.015087723002066761e-01
6.864867615123881883e-01
6.842756208645410787e-01
5.055279524353331055e-01
3.872268655253295333e-01
3.872268655253295333e-01
3.872268655253295333e-01
3.872268655253295333e-01
1.920208094561395296e-01
2.278562042404188581e-01
2.278562042404188581e-01
2.278562042404188581e-01
2.278562042404188581e-01
2.268536900537101719e-01
7.070305868853707376e-02
7.070305868853707376e-02
7.070305868853707376e-02
7.070305868853707376e-02
3.417201316728669669e-01
1.932368850490582823e-01
7.338443692496170456e-01
7.338443692496170456e-01
1.917716354317657856e-01
1.917716354317657856e-01
1.917716354317657856e-01
1.917716354317657856e-01
4.094134317588248306e-01
4.085546978266834661e-01
4.085546978266834661e-01
4.085546978266834661e-01
4.085546978266834661e-01
9.942671690939528517e-01
9.784618953875221514e-01
9.784618953875221514e-01
9.784618953875221514e-01
2.450552998630908252e-01
2.450552998630908252e-01
5.642227715860175241e-01
5.642227715860175241e-01
3.630147539413127178e-01
3.630147539413127178e-01
3.630147539413127178e-01
3.630147539413127178e-01
3.780745736276089897e-01
3.755699201656514385e-01
3.755699201656514385e-01
3.755699201656514385e-01
3.755699201656514385e-01
3.755699201656514385e-01
3.755699201656514385e-01
3.755699201656514385e-01
3.755699201656514385e-01
3.755699201656514385e-01
7.624661749650865072e-01
7.614463774570502386e-01
7.614463774570502386e-01
7.614463774570502386e-01
4.111580032821756103e-01
4.111580032821756103e-01
2.566649427773616265e-01
6.319960533709267914e-01
7.405158827712218228e-01
5.120535842807749649e-01
5.120535842807749649e-01
5.120535842807749649e-01
5.124628281301986110e-01
9.006274318238762788e-01
2.177201753153699126e-01
2.177201753153699126e-01
2.177201753153699126e-01
2.177201753153699126e-01
2.956457620703690781e-01
2.956457620703690781e-01
2.956457620703690781e-01
2.956457620703690781e-01
2.956457620703690781e-01
3.346304163897236839e-01
3.346304163897236839e-01
2.593319236884169543e-01
2.593319236884169543e-01
2.593319236884169543e-01
2.593319236884169543e-01
2.593319236884169543e-01
2.593319236884169543e-01
2.593319236884169543e-01
2.593319236884169543e-01
2.593319236884169543e-01
1.603232790542183372e-02
6.264359457129003994e-02
6.264359457129003994e-02
6.264359457129003994e-02
6.264359457129003994e-02
6.264359457129003994e-02
6.264359457129003994e-02
6.264359457129003994e-02
6.264359457129003994e-02
6.264359457129003994e-02
6.264359457129003994e-02
6.264359457129003994e-02
6.264359457129003994e-02
6.264359457129003994e-02
6.264359457129003994e-02
6.264359457129003994e-02
6.264359457129003994e-02
6.264359457129003994e-02
6.264359457129003994e-02
6.264359457129003994e-02
6.264359457129003994e-02
6.264359457129003994e-02
6.264359457129003994e-02
1.658919385364387433e-01
1.658919385364387433e-01
1.658919385364387433e-01
1.658919385364387433e-01
1.658919385364387433e-01
1.658919385364387433e-01
1.658919385364387433e-01
1.658919385364387433e-01
6.683917502382194509e-02
6.683917502382194509e-02
3.244753458377691580e-01
3.244753458377691580e-01
3.244753458377691580e-01
3.244753458377691580e-01
3.914252591388039382e-01
3.914252591388039382e-01
3.914252591388039382e-01
3.914252591388039382e-01
3.914252591388039382e-01
3.914252591388039382e-01
3.914252591388039382e-01
3.914252591388039382e-01
2.094159049085016766e-01
2.094159049085016766e-01
2.094159049085016766e-01
2.094159049085016766e-01
2.094159049085016766e-01
2.094159049085016766e-01
2.094159049085016766e-01
2.094159049085016766e-01
5.432752990160268913e-01
1.111345608735378465e-01
1.111345608735378465e-01
1.111345608735378465e-01
1.111345608735378465e-01
1.111345608735378465e-01
1.111345608735378465e-01
1.111345608735378465e-01
1.111345608735378465e-01
1.111345608735378465e-01
1.111345608735378465e-01
1.111345608735378465e-01
1.111345608735378465e-01
1.111345608735378465e-01
1.111345608735378465e-01
9.133899804775255649e-02
9.133899804775255649e-02
9.133899804775255649e-02
9.133899804775255649e-02
9.133899804775255649e-02
2.413239404481878347e-01
2.413239404481878347e-01
2.413239404481878347e-01
2.413239404481878347e-01
2.413239404481878347e-01
2.413239404481878347e-01
2.413239404481878347e-01
1.719802263407935183e-02
1.719802263407935183e-02
1.719802263407935183e-02
1.719802263407935183e-02
1.719802263407935183e-02
1.719802263407935183e-02
2.036432137034031309e-01
2.036432137034031309e-01
2.036432137034031309e-01
8.648001042408962058e-02
8.648001042408962058e-02
8.648001042408962058e-02
2.192691153496888756e-01
2.192691153496888756e-01
2.192691153496888756e-01
2.192691153496888756e-01
2.192691153496888756e-01
1.323058003721964970e-01
3.130393560450193124e-01
3.130393560450193124e-01
1.026202341926360784e-01
1.026202341926360784e-01
1.026202341926360784e-01
1.026202341926360784e-01
1.026202341926360784e-01
1.026202341926360784e-01
1.026202341926360784e-01
1.026202341926360784e-01
1.026202341926360784e-01
1.026202341926360784e-01
1.026202341926360784e-01
1.026202341926360784e-01
4.022826462260015168e-02
4.022826462260015168e-02
4.022826462260015168e-02
4.022826462260015168e-02
1.639267056991524363e-01
1.639267056991524363e-01
1.639267056991524363e-01
1.639267056991524363e-01
1.639267056991524363e-01
3.112117420896324260e-01
3.112117420896324260e-01
3.112117420896324260e-01
3.112117420896324260e-01
3.112117420896324260e-01
3.112117420896324260e-01
3.112117420896324260e-01
2.218615926473841982e-01
2.218615926473841982e-01
2.218615926473841982e-01
2.218615926473841982e-01
2.218615926473841982e-01
2.218615926473841982e-01
3.480761907606771954e-01
3.480761907606771954e-01
3.480761907606771954e-01
3.480761907606771954e-01
3.480761907606771954e-01
3.191547583776204178e-01
3.191547583776204178e-01
3.191547583776204178e-01
3.191547583776204178e-01
4.963743430459151007e-01
4.963743430459151007e-01
4.963743430459151007e-01
4.963743430459151007e-01
4.963743430459151007e-01
4.963743430459151007e-01
4.914429575129672378e-01
4.914429575129672378e-01
4.914429575129672378e-01
4.914429575129672378e-01
3.779533612375979290e-02
2.510219019996431239e-02
2.510219019996431239e-02
2.510219019996431239e-02
4.620682864623593122e-01
4.620682864623593122e-01
4.620682864623593122e-01
4.620682864623593122e-01
4.620682864623593122e-01
4.309924667122856934e-01
4.309924667122856934e-01
4.309924667122856934e-01
4.309924667122856934e-01
4.309924667122856934e-01
4.309924667122856934e-01
4.309924667122856934e-01
4.309924667122856934e-01
4.309924667122856934e-01
4.309924667122856934e-01
4.309924667122856934e-01
4.309924667122856934e-01
4.309924667122856934e-01
4.309924667122856934e-01
4.309924667122856934e-01
4.309924667122856934e-01
4.309924667122856934e-01
4.309924667122856934e-01
4.309924667122856934e-01
4.309924667122856934e-01
4.309924667122856934e-01
4.309924667122856934e-01
4.309924667122856934e-01
4.309924667122856934e-01
4.309924667122856934e-01
4.381874381902927662e-01
4.381874381902927662e-01
4.381874381902927662e-01
4.381874381902927662e-01
4.381874381902927662e-01
4.381874381902927662e-01
4.381874381902927662e-01
4.381874381902927662e-01
4.381874381902927662e-01
4.381874381902927662e-01
4.381874381902927662e-01
4.381874381902927662e-01
4.381874381902927662e-01
4.381874381902927662e-01
4.381874381902927662e-01
4.381874381902927662e-01
4.381874381902927662e-01
4.381874381902927662e-01
4.381874381902927662e-01
4.381874381902927662e-01
4.381874381902927662e-01
4.381874381902927662e-01
4.158382326094061110e-01
4.158382326094061110e-01
4.158382326094061110e-01
4.158382326094061110e-01
4.158382326094061110e-01
4.158382326094061110e-01
4.158382326094061110e-01
3.797370595657614256e-01
3.797370595657614256e-01
3.797370595657614256e-01
3.797370595657614256e-01
3.797370595657614256e-01
3.797370595657614256e-01
3.797370595657614256e-01
3.797370595657614256e-01
3.797370595657614256e-01
3.797370595657614256e-01
3.797370595657614256e-01
3.797370595657614256e-01
3.797370595657614256e-01
3.797370595657614256e-01
3.797370595657614256e-01
3.797370595657614256e-01
3.797370595657614256e-01
3.797370595657614256e-01
3.797370595657614256e-01
3.797370595657614256e-01
3.797370595657614256e-01
3.797370595657614256e-01
3.797370595657614256e-01
3.797370595657614256e-01
3.797370595657614256e-01
3.797370595657614256e-01
3.797370595657614256e-01
3.797370595657614256e-01
3.797370595657614256e-01
3.801935530740415126e-01
3.801935530740415126e-01
3.801935530740415126e-01
3.801935530740415126e-01
3.801935530740415126e-01
3.801935530740415126e-01
3.801935530740415126e-01
3.801935530740415126e-01
3.801935530740415126e-01
3.801935530740415126e-01
3.801935530740415126e-01
3.801935530740415126e-01
3.801935530740415126e-01
3.801935530740415126e-01
3.801935530740415126e-01
3.801935530740415126e-01
3.801935530740415126e-01
3.801935530740415126e-01
3.801935530740415126e-01
3.801935530740415126e-01
3.801935530740415126e-01
3.801935530740415126e-01
3.801935530740415126e-01
3.801935530740415126e-01
3.801935530740415126e-01
3.801935530740415126e-01
3.801935530740415126e-01
3.801935530740415126e-01
4.411711402964085260e-01
4.411711402964085260e-01
4.411711402964085260e-01
4.411711402964085260e-01
4.411711402964085260e-01
4.411711402964085260e-01
4.411711402964085260e-01
4.411711402964085260e-01
4.411711402964085260e-01
4.411711402964085260e-01
4.411711402964085260e-01
4.411711402964085260e-01
4.411711402964085260e-01
4.411711402964085260e-01
4.411711402964085260e-01
4.411711402964085260e-01
4.411711402964085260e-01
4.411711402964085260e-01
4.411711402964085260e-01
4.411711402964085260e-01
4.411711402964085260e-01
4.411711402964085260e-01
4.411711402964085260e-01
4.411711402964085260e-01
4.411711402964085260e-01
4.411711402964085260e-01
4.411711402964085260e-01
4.411711402964085260e-01
4.411711402964085260e-01
4.411711402964085260e-01
4.411711402964085260e-01
4.411711402964085260e-01
4.411711402964085260e-01
4.411711402964085260e-01
4.411711402964085260e-01
4.411711402964085260e-01
4.411711402964085260e-01
4.411711402964085260e-01
4.411711402964085260e-01
4.411711402964085260e-01
4.411711402964085260e-01
4.847991998414038495e-01
4.847991998414038495e-01
4.847991998414038495e-01
4.847991998414038495e-01
4.788904661059243950e-01
4.788904661059243950e-01
4.788904661059243950e-01
4.788904661059243950e-01
4.788904661059243950e-01
4.788904661059243950e-01
4.788904661059243950e-01
4.788904661059243950e-01
4.788904661059243950e-01
4.788904661059243950e-01
4.788904661059243950e-01
4.788904661059243950e-01
4.788904661059243950e-01
4.788904661059243950e-01
4.788904661059243950e-01
4.788904661059243950e-01
4.788904661059243950e-01
4.788904661059243950e-01
4.788904661059243950e-01
4.788904661059243950e-01
2.966312776716205635e-01
2.966312776716205635e-01
2.966312776716205635e-01
2.855884893835035077e-01
2.855884893835035077e-01
3.843182284706474494e-01
3.843182284706474494e-01
3.843182284706474494e-01
3.843182284706474494e-01
3.843182284706474494e-01
3.843182284706474494e-01
3.843182284706474494e-01
3.843182284706474494e-01
3.843182284706474494e-01
3.843182284706474494e-01
3.843182284706474494e-01
4.863387896408514766e-01
4.863387896408514766e-01
4.863387896408514766e-01
4.863387896408514766e-01
4.863387896408514766e-01
4.863387896408514766e-01
4.863387896408514766e-01
4.863387896408514766e-01
4.863387896408514766e-01
4.863387896408514766e-01
4.863387896408514766e-01
4.863387896408514766e-01
4.863387896408514766e-01
4.863387896408514766e-01
4.863387896408514766e-01
4.863387896408514766e-01
4.863387896408514766e-01
4.863387896408514766e-01
4.863387896408514766e-01
4.863387896408514766e-01
4.863387896408514766e-01
4.863387896408514766e-01
4.863387896408514766e-01
4.863387896408514766e-01
4.863387896408514766e-01
4.863387896408514766e-01
4.863387896408514766e-01
4.863387896408514766e-01
4.863387896408514766e-01
4.863387896408514766e-01
4.863387896408514766e-01
4.863387896408514766e-01
4.863387896408514766e-01
4.863387896408514766e-01
4.863387896408514766e-01
4.863387896408514766e-01
7.127296852425185625e-02
7.127296852425185625e-02
7.127296852425185625e-02
7.127296852425185625e-02
7.127296852425185625e-02
4.780995397573528094e-01
4.780995397573528094e-01
4.780995397573528094e-01
4.780995397573528094e-01
4.780995397573528094e-01
4.780995397573528094e-01
5.031103848715309246e-01
5.084465605723631487e-01
5.084465605723631487e-01
5.084465605723631487e-01
5.084465605723631487e-01
5.084465605723631487e-01
5.084465605723631487e-01
5.084465605723631487e-01
5.084465605723631487e-01
5.084465605723631487e-01
5.084465605723631487e-01
5.084465605723631487e-01
5.084465605723631487e-01
5.084465605723631487e-01
5.084465605723631487e-01
5.084465605723631487e-01
5.084465605723631487e-01
5.084465605723631487e-01
5.084465605723631487e-01
5.084465605723631487e-01
5.084465605723631487e-01
5.084465605723631487e-01
5.084465605723631487e-01
5.084465605723631487e-01
5.084465605723631487e-01
5.084465605723631487e-01
5.084465605723631487e-01
5.084465605723631487e-01
5.084465605723631487e-01
5.084465605723631487e-01
5.084465605723631487e-01
5.084465605723631487e-01
5.084465605723631487e-01
5.084465605723631487e-01
5.713537033975378820e-01
5.713537033975378820e-01
5.713537033975378820e-01
5.713537033975378820e-01
5.713537033975378820e-01
5.713537033975378820e-01
5.713537033975378820e-01
5.713537033975378820e-01
5.713537033975378820e-01
5.713537033975378820e-01
5.713537033975378820e-01
5.713537033975378820e-01
5.713537033975378820e-01
5.713537033975378820e-01
5.713537033975378820e-01
5.713537033975378820e-01
5.713537033975378820e-01
5.713537033975378820e-01
5.713537033975378820e-01
5.713537033975378820e-01
5.713537033975378820e-01
5.713537033975378820e-01
5.713537033975378820e-01
5.713537033975378820e-01
5.713537033975378820e-01
5.713537033975378820e-01
5.713537033975378820e-01
5.713537033975378820e-01
5.713537033975378820e-01
5.713537033975378820e-01
5.713537033975378820e-01
5.713537033975378820e-01
5.713537033975378820e-01
5.713537033975378820e-01
5.713537033975378820e-01
5.713537033975378820e-01
5.713537033975378820e-01
6.260475670716445507e-01
6.260475670716445507e-01
6.260475670716445507e-01
6.260475670716445507e-01
6.260475670716445507e-01
6.260475670716445507e-01
5.889613037095462467e-01
5.889613037095462467e-01
5.889613037095462467e-01
5.889613037095462467e-01
5.889613037095462467e-01
5.889613037095462467e-01
5.889613037095462467e-01
5.889613037095462467e-01
5.889613037095462467e-01
5.889613037095462467e-01
5.889613037095462467e-01
5.889613037095462467e-01
5.889613037095462467e-01
5.889613037095462467e-01
5.889613037095462467e-01
5.889613037095462467e-01
5.889613037095462467e-01
5.889613037095462467e-01
5.889613037095462467e-01
5.889613037095462467e-01
5.889613037095462467e-01
5.527965128869875011e-01
5.527965128869875011e-01
5.527965128869875011e-01
5.527965128869875011e-01
5.681026207160352337e-01
5.681026207160352337e-01
5.681026207160352337e-01
5.681026207160352337e-01
5.681026207160352337e-01
5.681026207160352337e-01
5.681026207160352337e-01
5.681026207160352337e-01
5.681026207160352337e-01
5.681026207160352337e-01
5.681026207160352337e-01
5.681026207160352337e-01
5.063223414356194940e-01
5.063223414356194940e-01
5.063223414356194940e-01
5.960985427330819375e-01
5.960985427330819375e-01
5.960985427330819375e-01
5.700895515760974197e-01
5.700895515760974197e-01
5.700895515760974197e-01
5.700895515760974197e-01
5.700895515760974197e-01
5.700895515760974197e-01
5.700895515760974197e-01
5.700895515760974197e-01
5.700895515760974197e-01
5.700895515760974197e-01
5.748700930851288193e-01
5.748700930851288193e-01
5.748700930851288193e-01
5.748700930851288193e-01
5.748700930851288193e-01
5.748700930851288193e-01
5.748700930851288193e-01
5.748700930851288193e-01
5.748700930851288193e-01
5.748700930851288193e-01
5.748700930851288193e-01
5.748700930851288193e-01
5.748700930851288193e-01
5.748700930851288193e-01
5.748700930851288193e-01
5.748700930851288193e-01
5.748700930851288193e-01
5.748700930851288193e-01
5.748700930851288193e-01
5.748700930851288193e-01
5.748700930851288193e-01
5.748700930851288193e-01
5.748700930851288193e-01
5.748700930851288193e-01
5.748700930851288193e-01
5.748700930851288193e-01
5.748700930851288193e-01
5.748700930851288193e-01
5.748700930851288193e-01
5.748700930851288193e-01
5.751865316344829671e-01
5.751865316344829671e-01
5.751865316344829671e-01
5.751865316344829671e-01
5.751865316344829671e-01
5.751865316344829671e-01
5.751865316344829671e-01
5.751865316344829671e-01
5.751865316344829671e-01
5.751865316344829671e-01
5.751865316344829671e-01
5.751865316344829671e-01
5.751865316344829671e-01
5.751865316344829671e-01
5.751865316344829671e-01
5.751865316344829671e-01
5.751865316344829671e-01
5.751865316344829671e-01
5.751865316344829671e-01
5.751865316344829671e-01
5.751865316344829671e-01
5.751865316344829671e-01
5.751865316344829671e-01
5.751865316344829671e-01
5.751865316344829671e-01
5.751865316344829671e-01
5.751865316344829671e-01
5.751865316344829671e-01
5.751865316344829671e-01
5.751865316344829671e-01
5.751865316344829671e-01
5.751865316344829671e-01
5.751865316344829671e-01
5.751865316344829671e-01
5.751865316344829671e-01
5.751865316344829671e-01
5.751865316344829671e-01
5.751865316344829671e-01
5.751865316344829671e-01
5.751865316344829671e-01
5.751865316344829671e-01
5.751865316344829671e-01
5.751865316344829671e-01
5.751865316344829671e-01
5.751865316344829671e-01
5.751865316344829671e-01
5.751865316344829671e-01
5.751865316344829671e-01
5.751865316344829671e-01
5.751865316344829671e-01
6.397527662273622129e-01
6.397527662273622129e-01
6.397527662273622129e-01
6.397527662273622129e-01
6.397527662273622129e-01
6.397527662273622129e-01
6.397527662273622129e-01
6.397527662273622129e-01
6.397527662273622129e-01
6.397527662273622129e-01
6.397527662273622129e-01
6.397527662273622129e-01
6.397527662273622129e-01
6.857369690278715124e-01
6.857369690278715124e-01
6.857369690278715124e-01
6.857369690278715124e-01
6.857369690278715124e-01
6.857369690278715124e-01
6.857369690278715124e-01
6.912269418636849405e-01
6.912269418636849405e-01
6.912269418636849405e-01
6.912269418636849405e-01
6.825765644600989557e-01
6.825765644600989557e-01
6.825765644600989557e-01
6.825765644600989557e-01
6.825765644600989557e-01
6.825765644600989557e-01
6.825765644600989557e-01
6.825765644600989557e-01
6.825765644600989557e-01
6.825765644600989557e-01
6.825765644600989557e-01
6.825765644600989557e-01
6.825765644600989557e-01
6.825765644600989557e-01
6.825765644600989557e-01
6.825765644600989557e-01
6.825765644600989557e-01
6.825765644600989557e-01
6.825765644600989557e-01
6.825765644600989557e-01
6.825765644600989557e-01
6.825765644600989557e-01
6.825765644600989557e-01
6.825765644600989557e-01
6.825765644600989557e-01
6.825765644600989557e-01
6.825765644600989557e-01
6.825765644600989557e-01
6.825765644600989557e-01
6.825765644600989557e-01
6.825765644600989557e-01
6.825765644600989557e-01
6.825765644600989557e-01
6.825765644600989557e-01
5.349379146468771218e-01
5.349379146468771218e-01
5.349379146468771218e-01
5.349379146468771218e-01
5.349379146468771218e-01
5.349379146468771218e-01
7.095959074970150660e-01
7.095959074970150660e-01
7.095959074970150660e-01
7.095959074970150660e-01
7.095959074970150660e-01
7.095959074970150660e-01
7.095959074970150660e-01
7.095959074970150660e-01
7.095959074970150660e-01
7.095959074970150660e-01
7.095959074970150660e-01
7.095959074970150660e-01
7.095959074970150660e-01
7.095959074970150660e-01
7.095959074970150660e-01
7.095959074970150660e-01
7.095959074970150660e-01
7.095959074970150660e-01
7.095959074970150660e-01
7.095959074970150660e-01
7.095959074970150660e-01
7.095959074970150660e-01
5.226590585862518346e-01
5.226590585862518346e-01
5.226590585862518346e-01
5.226590585862518346e-01
5.226590585862518346e-01
6.749151628962493099e-01
6.581861589216185804e-01
6.581861589216185804e-01
6.008185161568094790e-01
6.008185161568094790e-01
6.008185161568094790e-01
6.008185161568094790e-01
6.008185161568094790e-01
6.008185161568094790e-01
5.819908729068364872e-01
5.819908729068364872e-01
5.819908729068364872e-01
5.819908729068364872e-01
5.819908729068364872e-01
5.819908729068364872e-01
5.819908729068364872e-01
5.819908729068364872e-01
5.819908729068364872e-01
5.819908729068364872e-01
5.819908729068364872e-01
5.819908729068364872e-01
5.819908729068364872e-01
5.819908729068364872e-01
5.819908729068364872e-01
5.819908729068364872e-01
5.819908729068364872e-01
5.819908729068364872e-01
5.819908729068364872e-01
5.819908729068364872e-01
5.819908729068364872e-01
5.819908729068364872e-01
5.819908729068364872e-01
5.819908729068364872e-01
5.819908729068364872e-01
5.819908729068364872e-01
5.819908729068364872e-01
5.819908729068364872e-01
5.819908729068364872e-01
5.819908729068364872e-01
5.819908729068364872e-01
5.819908729068364872e-01
5.819908729068364872e-01
5.819908729068364872e-01
5.819908729068364872e-01
5.819908729068364872e-01
5.819908729068364872e-01
5.819908729068364872e-01
5.819908729068364872e-01
5.819908729068364872e-01
5.819908729068364872e-01
5.819908729068364872e-01
5.819908729068364872e-01
5.819908729068364872e-01
5.819908729068364872e-01
6.585360511882288881e-01
6.585360511882288881e-01
6.585360511882288881e-01
6.585360511882288881e-01
6.585360511882288881e-01
6.585360511882288881e-01
6.585360511882288881e-01
6.585360511882288881e-01
6.585360511882288881e-01
6.585360511882288881e-01
6.585360511882288881e-01
6.585360511882288881e-01
6.585360511882288881e-01
6.585360511882288881e-01
6.585360511882288881e-01
6.585360511882288881e-01
6.585360511882288881e-01
6.585360511882288881e-01
6.585360511882288881e-01
6.585360511882288881e-01
6.585360511882288881e-01
6.585360511882288881e-01
6.585360511882288881e-01
6.585360511882288881e-01
6.585360511882288881e-01
6.585360511882288881e-01
6.585360511882288881e-01
6.585360511882288881e-01
6.585360511882288881e-01
6.585360511882288881e-01
6.585360511882288881e-01
6.585360511882288881e-01
6.585360511882288881e-01
6.585360511882288881e-01
6.585360511882288881e-01
6.585360511882288881e-01
6.585360511882288881e-01
6.585360511882288881e-01
6.585360511882288881e-01
6.585360511882288881e-01
5.505981579885356192e-01
5.505981579885356192e-01
5.505981579885356192e-01
5.505981579885356192e-01
5.505981579885356192e-01
5.505981579885356192e-01
5.505981579885356192e-01
5.505981579885356192e-01
5.505981579885356192e-01
5.505981579885356192e-01
5.505981579885356192e-01
5.505981579885356192e-01
5.505981579885356192e-01
5.505981579885356192e-01
5.505981579885356192e-01
5.505981579885356192e-01
5.505981579885356192e-01
5.505981579885356192e-01
5.505981579885356192e-01
5.505981579885356192e-01
5.505981579885356192e-01
5.505981579885356192e-01
5.505981579885356192e-01
5.505981579885356192e-01
5.505981579885356192e-01
5.505981579885356192e-01
5.505981579885356192e-01
5.315946281003687268e-01
5.315946281003687268e-01
5.315946281003687268e-01
6.073709722513817022e-01
6.073709722513817022e-01
6.073709722513817022e-01
6.073709722513817022e-01
6.073709722513817022e-01
6.073709722513817022e-01
6.073709722513817022e-01
6.073709722513817022e-01
6.073709722513817022e-01
5.350339769329096606e-01
5.350339769329096606e-01
5.350339769329096606e-01
5.350339769329096606e-01
5.350339769329096606e-01
6.377076268013097682e-01
6.377076268013097682e-01
6.377076268013097682e-01
6.377076268013097682e-01
6.043719938983073137e-01
6.043719938983073137e-01
6.043719938983073137e-01
6.043719938983073137e-01
6.043719938983073137e-01
6.043719938983073137e-01
6.043719938983073137e-01
6.043719938983073137e-01
6.043719938983073137e-01
6.043719938983073137e-01
6.043719938983073137e-01
6.043719938983073137e-01
6.043719938983073137e-01
6.043719938983073137e-01
6.043719938983073137e-01
6.043719938983073137e-01
6.043719938983073137e-01
6.043719938983073137e-01
6.043719938983073137e-01
6.043719938983073137e-01
6.043719938983073137e-01
6.043719938983073137e-01
6.043719938983073137e-01
6.043719938983073137e-01
6.043719938983073137e-01
6.043719938983073137e-01
6.043719938983073137e-01
6.043719938983073137e-01
6.043719938983073137e-01
6.043719938983073137e-01
