# Variable: N(pi)_radius
# Sample shape: (1000,)
# Date: 2014-03-03 23:31:52.297832
1.649999999999999911e+00
1.649999999999999911e+00
8.408126235434566498e-01
8.408126235434566498e-01
8.408126235434566498e-01
8.408126235434566498e-01
8.408126235434566498e-01
8.408126235434566498e-01
8.408126235434566498e-01
8.408126235434566498e-01
8.408126235434566498e-01
8.408126235434566498e-01
8.408126235434566498e-01
8.408126235434566498e-01
8.408126235434566498e-01
8.408126235434566498e-01
8.408126235434566498e-01
8.408126235434566498e-01
8.408126235434566498e-01
8.408126235434566498e-01
8.408126235434566498e-01
8.408126235434566498e-01
8.408126235434566498e-01
8.408126235434566498e-01
8.408126235434566498e-01
8.408126235434566498e-01
8.408126235434566498e-01
8.408126235434566498e-01
8.408126235434566498e-01
8.408126235434566498e-01
8.408126235434566498e-01
8.408126235434566498e-01
8.408126235434566498e-01
8.408126235434566498e-01
8.408126235434566498e-01
8.408126235434566498e-01
8.408126235434566498e-01
8.408126235434566498e-01
8.408126235434566498e-01
8.408126235434566498e-01
8.408126235434566498e-01
8.408126235434566498e-01
8.408126235434566498e-01
8.408126235434566498e-01
8.408126235434566498e-01
8.408126235434566498e-01
8.408126235434566498e-01
8.408126235434566498e-01
8.408126235434566498e-01
8.408126235434566498e-01
8.408126235434566498e-01
8.408126235434566498e-01
8.408126235434566498e-01
8.408126235434566498e-01
8.408126235434566498e-01
8.408126235434566498e-01
8.408126235434566498e-01
8.408126235434566498e-01
8.408126235434566498e-01
8.408126235434566498e-01
8.408126235434566498e-01
8.408126235434566498e-01
8.408126235434566498e-01
8.408126235434566498e-01
8.408126235434566498e-01
8.408126235434566498e-01
8.408126235434566498e-01
8.408126235434566498e-01
8.408126235434566498e-01
8.408126235434566498e-01
8.408126235434566498e-01
8.408126235434566498e-01
8.408126235434566498e-01
8.408126235434566498e-01
8.408126235434566498e-01
8.408126235434566498e-01
8.408126235434566498e-01
8.408126235434566498e-01
8.408126235434566498e-01
8.408126235434566498e-01
8.408126235434566498e-01
8.408126235434566498e-01
8.408126235434566498e-01
8.408126235434566498e-01
8.408126235434566498e-01
8.408126235434566498e-01
8.408126235434566498e-01
8.408126235434566498e-01
8.408126235434566498e-01
8.408126235434566498e-01
8.408126235434566498e-01
8.408126235434566498e-01
8.408126235434566498e-01
8.408126235434566498e-01
8.408126235434566498e-01
8.408126235434566498e-01
8.408126235434566498e-01
8.408126235434566498e-01
7.369217350574257530e-01
7.369217350574257530e-01
7.369217350574257530e-01
7.369217350574257530e-01
7.369217350574257530e-01
7.369217350574257530e-01
7.369217350574257530e-01
7.493311057876521630e-01
7.493311057876521630e-01
7.493311057876521630e-01
7.493311057876521630e-01
7.493311057876521630e-01
7.493311057876521630e-01
7.493311057876521630e-01
7.493311057876521630e-01
7.493311057876521630e-01
7.493311057876521630e-01
7.493311057876521630e-01
7.493311057876521630e-01
7.493311057876521630e-01
7.493311057876521630e-01
7.493311057876521630e-01
7.493311057876521630e-01
7.493311057876521630e-01
7.493311057876521630e-01
7.493311057876521630e-01
7.493311057876521630e-01
6.894258554841200537e-01
6.894258554841200537e-01
6.894258554841200537e-01
6.894258554841200537e-01
6.894258554841200537e-01
6.894258554841200537e-01
6.894258554841200537e-01
6.894258554841200537e-01
6.894258554841200537e-01
6.894258554841200537e-01
6.894258554841200537e-01
6.894258554841200537e-01
6.894258554841200537e-01
6.894258554841200537e-01
6.894258554841200537e-01
6.894258554841200537e-01
6.894258554841200537e-01
6.894258554841200537e-01
6.894258554841200537e-01
6.894258554841200537e-01
6.894258554841200537e-01
6.894258554841200537e-01
6.894258554841200537e-01
6.894258554841200537e-01
6.894258554841200537e-01
6.894258554841200537e-01
6.894258554841200537e-01
6.894258554841200537e-01
6.894258554841200537e-01
6.894258554841200537e-01
6.894258554841200537e-01
6.894258554841200537e-01
6.894258554841200537e-01
6.894258554841200537e-01
6.894258554841200537e-01
6.894258554841200537e-01
6.894258554841200537e-01
6.894258554841200537e-01
7.017855143843751975e-01
7.017855143843751975e-01
7.017855143843751975e-01
7.017855143843751975e-01
7.017855143843751975e-01
7.017855143843751975e-01
7.017855143843751975e-01
7.017855143843751975e-01
7.017855143843751975e-01
7.017855143843751975e-01
7.017855143843751975e-01
7.017855143843751975e-01
7.017855143843751975e-01
7.017855143843751975e-01
7.017855143843751975e-01
7.017855143843751975e-01
7.017855143843751975e-01
7.017855143843751975e-01
7.017855143843751975e-01
7.017855143843751975e-01
7.017855143843751975e-01
7.017855143843751975e-01
7.017855143843751975e-01
7.017855143843751975e-01
7.017855143843751975e-01
7.017855143843751975e-01
7.017855143843751975e-01
7.017855143843751975e-01
7.017855143843751975e-01
7.017855143843751975e-01
7.017855143843751975e-01
7.017855143843751975e-01
7.017855143843751975e-01
7.017855143843751975e-01
7.017855143843751975e-01
7.017855143843751975e-01
7.017855143843751975e-01
7.017855143843751975e-01
7.017855143843751975e-01
7.017855143843751975e-01
7.017855143843751975e-01
7.017855143843751975e-01
7.017855143843751975e-01
7.017855143843751975e-01
7.017855143843751975e-01
7.017855143843751975e-01
7.017855143843751975e-01
7.017855143843751975e-01
7.017855143843751975e-01
7.017855143843751975e-01
7.017855143843751975e-01
7.017855143843751975e-01
7.017855143843751975e-01
7.017855143843751975e-01
7.017855143843751975e-01
7.017855143843751975e-01
7.017855143843751975e-01
7.017855143843751975e-01
7.017855143843751975e-01
7.017855143843751975e-01
7.017855143843751975e-01
7.017855143843751975e-01
7.017855143843751975e-01
7.017855143843751975e-01
7.017855143843751975e-01
7.017855143843751975e-01
7.017855143843751975e-01
7.017855143843751975e-01
7.017855143843751975e-01
7.017855143843751975e-01
7.017855143843751975e-01
7.052266541201934746e-01
7.052266541201934746e-01
7.052266541201934746e-01
7.052266541201934746e-01
7.052266541201934746e-01
7.052266541201934746e-01
7.052266541201934746e-01
7.052266541201934746e-01
7.052266541201934746e-01
7.052266541201934746e-01
7.052266541201934746e-01
7.052266541201934746e-01
7.052266541201934746e-01
7.052266541201934746e-01
7.052266541201934746e-01
7.052266541201934746e-01
7.052266541201934746e-01
7.052266541201934746e-01
7.052266541201934746e-01
7.052266541201934746e-01
7.052266541201934746e-01
7.052266541201934746e-01
7.052266541201934746e-01
7.052266541201934746e-01
7.052266541201934746e-01
7.052266541201934746e-01
7.052266541201934746e-01
7.052266541201934746e-01
7.052266541201934746e-01
7.052266541201934746e-01
7.052266541201934746e-01
7.052266541201934746e-01
7.052266541201934746e-01
7.052266541201934746e-01
7.052266541201934746e-01
7.052266541201934746e-01
7.052266541201934746e-01
7.052266541201934746e-01
7.017470154071162591e-01
7.017470154071162591e-01
7.017470154071162591e-01
7.017470154071162591e-01
7.017470154071162591e-01
7.017470154071162591e-01
7.017470154071162591e-01
7.017470154071162591e-01
7.017470154071162591e-01
7.017470154071162591e-01
7.017470154071162591e-01
7.017470154071162591e-01
7.017470154071162591e-01
7.017470154071162591e-01
7.017470154071162591e-01
7.017470154071162591e-01
7.017470154071162591e-01
7.017470154071162591e-01
7.017470154071162591e-01
7.017470154071162591e-01
7.017470154071162591e-01
7.017470154071162591e-01
7.017470154071162591e-01
7.017470154071162591e-01
7.017470154071162591e-01
7.017470154071162591e-01
6.912829006796528120e-01
6.912829006796528120e-01
6.912829006796528120e-01
6.912829006796528120e-01
6.912829006796528120e-01
6.912829006796528120e-01
6.912829006796528120e-01
6.912829006796528120e-01
6.912829006796528120e-01
6.912829006796528120e-01
6.912829006796528120e-01
6.912829006796528120e-01
6.912829006796528120e-01
6.912829006796528120e-01
6.912829006796528120e-01
6.912829006796528120e-01
6.912829006796528120e-01
6.761471330383436174e-01
6.761471330383436174e-01
6.761471330383436174e-01
6.761471330383436174e-01
6.761471330383436174e-01
6.761471330383436174e-01
6.761471330383436174e-01
6.761471330383436174e-01
6.761471330383436174e-01
6.761471330383436174e-01
6.761471330383436174e-01
6.761471330383436174e-01
6.761471330383436174e-01
6.761471330383436174e-01
6.761471330383436174e-01
6.761471330383436174e-01
6.761471330383436174e-01
6.761471330383436174e-01
6.761471330383436174e-01
6.761471330383436174e-01
6.761471330383436174e-01
7.033935611128009358e-01
7.033935611128009358e-01
7.033935611128009358e-01
7.033935611128009358e-01
7.033935611128009358e-01
7.033935611128009358e-01
6.704718896833143926e-01
6.704718896833143926e-01
6.704718896833143926e-01
6.704718896833143926e-01
6.704718896833143926e-01
6.704718896833143926e-01
6.704718896833143926e-01
6.704718896833143926e-01
6.704718896833143926e-01
6.704718896833143926e-01
6.704718896833143926e-01
7.208530390163259138e-01
7.208530390163259138e-01
7.208530390163259138e-01
7.208530390163259138e-01
7.208530390163259138e-01
7.208530390163259138e-01
7.208530390163259138e-01
7.208530390163259138e-01
7.208530390163259138e-01
7.208530390163259138e-01
7.208530390163259138e-01
7.208530390163259138e-01
7.208530390163259138e-01
7.208530390163259138e-01
7.208530390163259138e-01
7.208530390163259138e-01
7.208530390163259138e-01
7.208530390163259138e-01
7.208530390163259138e-01
7.208530390163259138e-01
7.208530390163259138e-01
7.208530390163259138e-01
7.208530390163259138e-01
7.208530390163259138e-01
7.208530390163259138e-01
7.208530390163259138e-01
7.208530390163259138e-01
7.208530390163259138e-01
7.208530390163259138e-01
7.208530390163259138e-01
7.208530390163259138e-01
7.208530390163259138e-01
7.208530390163259138e-01
7.208530390163259138e-01
7.208530390163259138e-01
7.208530390163259138e-01
7.208530390163259138e-01
7.208530390163259138e-01
7.208530390163259138e-01
7.208530390163259138e-01
7.208530390163259138e-01
7.208530390163259138e-01
7.208530390163259138e-01
7.216399888328342005e-01
7.216399888328342005e-01
7.216399888328342005e-01
7.216399888328342005e-01
7.216399888328342005e-01
7.216399888328342005e-01
7.216399888328342005e-01
7.216399888328342005e-01
7.216399888328342005e-01
7.216399888328342005e-01
7.216399888328342005e-01
7.216399888328342005e-01
7.216399888328342005e-01
7.216399888328342005e-01
7.216399888328342005e-01
7.216399888328342005e-01
7.216399888328342005e-01
7.216399888328342005e-01
7.216399888328342005e-01
7.216399888328342005e-01
7.216399888328342005e-01
7.216399888328342005e-01
7.216399888328342005e-01
7.216399888328342005e-01
7.216399888328342005e-01
7.216399888328342005e-01
7.216399888328342005e-01
7.216399888328342005e-01
7.216399888328342005e-01
7.216399888328342005e-01
7.216399888328342005e-01
7.216399888328342005e-01
7.216399888328342005e-01
7.216399888328342005e-01
7.216399888328342005e-01
7.216399888328342005e-01
7.216399888328342005e-01
7.216399888328342005e-01
7.216399888328342005e-01
7.216399888328342005e-01
7.216399888328342005e-01
7.216399888328342005e-01
7.216399888328342005e-01
7.216399888328342005e-01
7.216399888328342005e-01
7.216399888328342005e-01
7.216399888328342005e-01
7.216399888328342005e-01
7.216399888328342005e-01
7.216399888328342005e-01
7.216399888328342005e-01
7.216399888328342005e-01
7.216399888328342005e-01
7.216399888328342005e-01
7.216399888328342005e-01
7.216399888328342005e-01
7.216399888328342005e-01
7.216399888328342005e-01
7.216399888328342005e-01
7.216399888328342005e-01
7.216399888328342005e-01
7.216399888328342005e-01
7.216399888328342005e-01
7.216399888328342005e-01
7.216399888328342005e-01
7.216399888328342005e-01
7.216399888328342005e-01
7.216399888328342005e-01
7.216399888328342005e-01
7.216399888328342005e-01
7.216399888328342005e-01
7.216399888328342005e-01
7.216399888328342005e-01
7.216399888328342005e-01
7.216399888328342005e-01
7.216399888328342005e-01
7.216399888328342005e-01
7.216399888328342005e-01
7.216399888328342005e-01
7.216399888328342005e-01
7.216399888328342005e-01
7.216399888328342005e-01
7.216399888328342005e-01
7.216399888328342005e-01
7.216399888328342005e-01
7.216399888328342005e-01
7.216399888328342005e-01
7.216399888328342005e-01
7.216399888328342005e-01
7.216399888328342005e-01
7.216399888328342005e-01
7.216399888328342005e-01
7.216399888328342005e-01
7.216399888328342005e-01
7.216399888328342005e-01
7.216399888328342005e-01
7.216399888328342005e-01
7.216399888328342005e-01
7.216399888328342005e-01
7.216399888328342005e-01
7.216399888328342005e-01
7.216399888328342005e-01
7.216399888328342005e-01
7.216399888328342005e-01
7.216399888328342005e-01
7.216399888328342005e-01
7.216399888328342005e-01
7.216399888328342005e-01
7.216399888328342005e-01
7.216399888328342005e-01
7.216399888328342005e-01
7.216399888328342005e-01
7.216399888328342005e-01
7.002567038197486937e-01
7.002567038197486937e-01
7.002567038197486937e-01
7.002567038197486937e-01
7.002567038197486937e-01
7.002567038197486937e-01
7.002567038197486937e-01
7.002567038197486937e-01
7.002567038197486937e-01
7.002567038197486937e-01
7.002567038197486937e-01
7.002567038197486937e-01
7.002567038197486937e-01
7.002567038197486937e-01
7.002567038197486937e-01
7.002567038197486937e-01
7.002567038197486937e-01
7.002567038197486937e-01
7.002567038197486937e-01
7.002567038197486937e-01
7.002567038197486937e-01
7.002567038197486937e-01
7.002567038197486937e-01
7.002567038197486937e-01
7.002567038197486937e-01
7.002567038197486937e-01
7.002567038197486937e-01
7.002567038197486937e-01
7.002567038197486937e-01
7.002567038197486937e-01
7.002567038197486937e-01
7.002567038197486937e-01
7.002567038197486937e-01
7.002567038197486937e-01
7.002567038197486937e-01
7.002567038197486937e-01
7.002567038197486937e-01
7.002567038197486937e-01
7.002567038197486937e-01
7.002567038197486937e-01
7.002567038197486937e-01
7.002567038197486937e-01
7.002567038197486937e-01
7.002567038197486937e-01
7.002567038197486937e-01
7.120555882908764511e-01
7.120555882908764511e-01
7.120555882908764511e-01
7.120555882908764511e-01
7.120555882908764511e-01
7.120555882908764511e-01
7.120555882908764511e-01
7.120555882908764511e-01
7.120555882908764511e-01
7.120555882908764511e-01
7.120555882908764511e-01
7.120555882908764511e-01
7.120555882908764511e-01
7.120555882908764511e-01
7.120555882908764511e-01
7.120555882908764511e-01
7.120555882908764511e-01
7.120555882908764511e-01
7.120555882908764511e-01
7.120555882908764511e-01
7.120555882908764511e-01
7.120555882908764511e-01
7.120555882908764511e-01
7.120555882908764511e-01
7.120555882908764511e-01
7.120555882908764511e-01
7.120555882908764511e-01
7.120555882908764511e-01
7.120555882908764511e-01
7.120555882908764511e-01
7.120555882908764511e-01
7.120555882908764511e-01
7.120555882908764511e-01
7.120555882908764511e-01
7.120555882908764511e-01
7.120555882908764511e-01
7.120555882908764511e-01
7.120555882908764511e-01
7.120555882908764511e-01
7.120555882908764511e-01
7.120555882908764511e-01
7.120555882908764511e-01
7.120555882908764511e-01
7.120555882908764511e-01
7.120555882908764511e-01
7.120555882908764511e-01
7.120555882908764511e-01
7.120555882908764511e-01
7.120555882908764511e-01
7.120555882908764511e-01
7.120555882908764511e-01
7.120555882908764511e-01
7.120555882908764511e-01
7.120555882908764511e-01
7.120555882908764511e-01
7.120555882908764511e-01
7.120555882908764511e-01
7.120555882908764511e-01
7.120555882908764511e-01
7.120555882908764511e-01
7.120555882908764511e-01
7.120555882908764511e-01
7.120555882908764511e-01
7.120555882908764511e-01
7.120555882908764511e-01
7.120555882908764511e-01
7.120555882908764511e-01
7.120555882908764511e-01
7.120555882908764511e-01
7.120555882908764511e-01
7.120555882908764511e-01
7.120555882908764511e-01
7.120555882908764511e-01
7.120555882908764511e-01
7.120555882908764511e-01
7.120555882908764511e-01
7.120555882908764511e-01
7.120555882908764511e-01
7.120555882908764511e-01
7.120555882908764511e-01
7.120555882908764511e-01
7.120555882908764511e-01
7.120555882908764511e-01
7.120555882908764511e-01
7.120555882908764511e-01
7.120555882908764511e-01
7.120555882908764511e-01
7.120555882908764511e-01
7.120555882908764511e-01
7.120555882908764511e-01
7.120555882908764511e-01
7.120555882908764511e-01
7.120555882908764511e-01
7.120555882908764511e-01
7.120555882908764511e-01
7.120555882908764511e-01
7.120555882908764511e-01
7.120555882908764511e-01
7.120555882908764511e-01
7.120555882908764511e-01
7.120555882908764511e-01
7.120555882908764511e-01
7.120555882908764511e-01
7.120555882908764511e-01
7.120555882908764511e-01
7.120555882908764511e-01
7.120555882908764511e-01
7.120555882908764511e-01
7.120555882908764511e-01
7.120555882908764511e-01
7.120555882908764511e-01
7.120555882908764511e-01
7.120555882908764511e-01
7.120555882908764511e-01
7.120555882908764511e-01
7.120555882908764511e-01
7.120555882908764511e-01
7.120555882908764511e-01
7.120555882908764511e-01
7.120555882908764511e-01
7.120555882908764511e-01
7.120555882908764511e-01
7.120555882908764511e-01
7.120555882908764511e-01
7.120555882908764511e-01
7.120555882908764511e-01
7.120555882908764511e-01
7.120555882908764511e-01
7.120555882908764511e-01
7.120555882908764511e-01
7.120555882908764511e-01
7.120555882908764511e-01
7.120555882908764511e-01
7.120555882908764511e-01
7.120555882908764511e-01
7.120555882908764511e-01
7.120555882908764511e-01
7.120555882908764511e-01
7.120555882908764511e-01
7.120555882908764511e-01
7.120555882908764511e-01
7.120555882908764511e-01
7.120555882908764511e-01
7.120555882908764511e-01
7.120555882908764511e-01
7.120555882908764511e-01
7.120555882908764511e-01
7.120555882908764511e-01
7.120555882908764511e-01
7.120555882908764511e-01
7.120555882908764511e-01
7.120555882908764511e-01
7.120555882908764511e-01
7.120555882908764511e-01
7.120555882908764511e-01
7.120555882908764511e-01
7.120555882908764511e-01
7.120555882908764511e-01
7.120555882908764511e-01
7.120555882908764511e-01
7.120555882908764511e-01
7.120555882908764511e-01
7.120555882908764511e-01
7.120555882908764511e-01
7.120555882908764511e-01
7.120555882908764511e-01
7.120555882908764511e-01
7.120555882908764511e-01
7.120555882908764511e-01
7.120555882908764511e-01
7.120555882908764511e-01
7.120555882908764511e-01
7.120555882908764511e-01
7.120555882908764511e-01
7.120555882908764511e-01
7.120555882908764511e-01
7.120555882908764511e-01
7.120555882908764511e-01
7.120555882908764511e-01
7.120555882908764511e-01
7.120555882908764511e-01
7.120555882908764511e-01
7.120555882908764511e-01
7.120555882908764511e-01
7.120555882908764511e-01
7.120555882908764511e-01
7.120555882908764511e-01
7.120555882908764511e-01
7.120555882908764511e-01
7.120555882908764511e-01
7.120555882908764511e-01
7.120555882908764511e-01
7.120555882908764511e-01
7.120555882908764511e-01
7.120555882908764511e-01
7.120555882908764511e-01
7.120555882908764511e-01
7.120555882908764511e-01
7.120555882908764511e-01
7.120555882908764511e-01
7.120555882908764511e-01
7.120555882908764511e-01
7.120555882908764511e-01
7.120555882908764511e-01
7.120555882908764511e-01
7.120555882908764511e-01
7.120555882908764511e-01
7.120555882908764511e-01
7.120555882908764511e-01
7.120555882908764511e-01
7.120555882908764511e-01
7.120555882908764511e-01
7.120555882908764511e-01
7.120555882908764511e-01
7.120555882908764511e-01
7.120555882908764511e-01
7.120555882908764511e-01
7.120555882908764511e-01
7.120555882908764511e-01
7.120555882908764511e-01
7.120555882908764511e-01
7.120555882908764511e-01
7.120555882908764511e-01
7.120555882908764511e-01
7.120555882908764511e-01
7.120555882908764511e-01
7.120555882908764511e-01
7.120555882908764511e-01
7.120555882908764511e-01
7.120555882908764511e-01
7.120555882908764511e-01
7.120555882908764511e-01
7.120555882908764511e-01
7.120555882908764511e-01
7.120555882908764511e-01
7.120555882908764511e-01
7.120555882908764511e-01
7.120555882908764511e-01
7.120555882908764511e-01
7.120555882908764511e-01
7.120555882908764511e-01
6.816794681689346547e-01
6.816794681689346547e-01
6.816794681689346547e-01
6.816794681689346547e-01
7.332852122018175267e-01
7.332852122018175267e-01
7.332852122018175267e-01
7.332852122018175267e-01
7.332852122018175267e-01
7.332852122018175267e-01
7.332852122018175267e-01
7.332852122018175267e-01
7.332852122018175267e-01
7.332852122018175267e-01
7.332852122018175267e-01
7.332852122018175267e-01
7.332852122018175267e-01
7.332852122018175267e-01
7.332852122018175267e-01
7.332852122018175267e-01
7.332852122018175267e-01
7.332852122018175267e-01
7.332852122018175267e-01
7.332852122018175267e-01
7.332852122018175267e-01
7.332852122018175267e-01
7.332852122018175267e-01
7.332852122018175267e-01
7.332852122018175267e-01
7.332852122018175267e-01
7.332852122018175267e-01
7.332852122018175267e-01
7.332852122018175267e-01
7.332852122018175267e-01
7.332852122018175267e-01
7.332852122018175267e-01
7.332852122018175267e-01
7.332852122018175267e-01
7.332852122018175267e-01
7.332852122018175267e-01
7.332852122018175267e-01
7.332852122018175267e-01
7.332852122018175267e-01
7.332852122018175267e-01
7.332852122018175267e-01
7.332852122018175267e-01
7.332852122018175267e-01
7.332852122018175267e-01
7.332852122018175267e-01
7.332852122018175267e-01
7.332852122018175267e-01
7.332852122018175267e-01
7.332852122018175267e-01
7.332852122018175267e-01
7.332852122018175267e-01
7.332852122018175267e-01
7.332852122018175267e-01
7.332852122018175267e-01
7.332852122018175267e-01
7.332852122018175267e-01
7.332852122018175267e-01
7.332852122018175267e-01
7.332852122018175267e-01
7.332852122018175267e-01
7.332852122018175267e-01
7.332852122018175267e-01
7.332852122018175267e-01
7.332852122018175267e-01
7.332852122018175267e-01
7.332852122018175267e-01
7.332852122018175267e-01
7.332852122018175267e-01
7.332852122018175267e-01
7.332852122018175267e-01
7.332852122018175267e-01
7.332852122018175267e-01
7.332852122018175267e-01
7.332852122018175267e-01
7.332852122018175267e-01
7.332852122018175267e-01
7.332852122018175267e-01
7.332852122018175267e-01
7.332852122018175267e-01
7.332852122018175267e-01
7.332852122018175267e-01
7.332852122018175267e-01
7.332852122018175267e-01
7.332852122018175267e-01
7.332852122018175267e-01
7.332852122018175267e-01
7.332852122018175267e-01
7.332852122018175267e-01
7.332852122018175267e-01
7.332852122018175267e-01
7.332852122018175267e-01
7.332852122018175267e-01
7.332852122018175267e-01
7.332852122018175267e-01
7.332852122018175267e-01
7.332852122018175267e-01
7.332852122018175267e-01
7.332852122018175267e-01
7.332852122018175267e-01
7.332852122018175267e-01
7.332852122018175267e-01
7.332852122018175267e-01
7.332852122018175267e-01
7.332852122018175267e-01
7.332852122018175267e-01
7.332852122018175267e-01
7.332852122018175267e-01
7.332852122018175267e-01
7.332852122018175267e-01
7.332852122018175267e-01
7.332852122018175267e-01
7.332852122018175267e-01
7.332852122018175267e-01
7.332852122018175267e-01
7.332852122018175267e-01
7.332852122018175267e-01
7.332852122018175267e-01
7.332852122018175267e-01
7.332852122018175267e-01
7.332852122018175267e-01
7.332852122018175267e-01
7.332852122018175267e-01
6.930463828595455622e-01
6.930463828595455622e-01
6.930463828595455622e-01
6.930463828595455622e-01
6.930463828595455622e-01
6.930463828595455622e-01
6.930463828595455622e-01
6.930463828595455622e-01
6.930463828595455622e-01
6.930463828595455622e-01
6.930463828595455622e-01
6.930463828595455622e-01
7.155043947442996100e-01
7.155043947442996100e-01
7.155043947442996100e-01
7.155043947442996100e-01
7.155043947442996100e-01
7.155043947442996100e-01
7.155043947442996100e-01
7.155043947442996100e-01
7.155043947442996100e-01
7.155043947442996100e-01
7.155043947442996100e-01
7.155043947442996100e-01
7.155043947442996100e-01
7.155043947442996100e-01
7.155043947442996100e-01
7.155043947442996100e-01
7.155043947442996100e-01
7.155043947442996100e-01
7.155043947442996100e-01
7.155043947442996100e-01
7.155043947442996100e-01
7.155043947442996100e-01
7.155043947442996100e-01
7.155043947442996100e-01
7.155043947442996100e-01
7.155043947442996100e-01
7.155043947442996100e-01
7.155043947442996100e-01
7.155043947442996100e-01
7.155043947442996100e-01
7.155043947442996100e-01
7.155043947442996100e-01
7.155043947442996100e-01
7.155043947442996100e-01
7.155043947442996100e-01
7.155043947442996100e-01
7.155043947442996100e-01
7.155043947442996100e-01
7.155043947442996100e-01
7.155043947442996100e-01
7.155043947442996100e-01
7.155043947442996100e-01
7.155043947442996100e-01
7.155043947442996100e-01
7.155043947442996100e-01
7.155043947442996100e-01
7.155043947442996100e-01
7.155043947442996100e-01
7.155043947442996100e-01
7.155043947442996100e-01
6.865983069153422935e-01
6.865983069153422935e-01
6.865983069153422935e-01
6.865983069153422935e-01
6.865983069153422935e-01
6.865983069153422935e-01
6.865983069153422935e-01
6.865983069153422935e-01
6.865983069153422935e-01
6.865983069153422935e-01
6.865983069153422935e-01
6.865983069153422935e-01
6.865983069153422935e-01
6.865983069153422935e-01
6.865983069153422935e-01
6.865983069153422935e-01
6.865983069153422935e-01
