# Variable: dg_gbsa_00000422
# Sample shape: (2000,)
# Date: 2014-03-03 06:24:08.974892
-2.308719472721019628e+00
-3.752223620223269496e+00
-3.752223620223269496e+00
-4.475935011475309366e+00
-4.475935011475309366e+00
-4.297128826892626208e+00
-4.297128826892626208e+00
-4.179926265038221622e+00
-4.179926265038221622e+00
-4.179926265038221622e+00
-4.179926265038221622e+00
-4.179926265038221622e+00
-4.073535051218182268e+00
-4.073535051218182268e+00
-4.073535051218182268e+00
-4.107385930777963878e+00
-4.107385930777963878e+00
-4.107385930777963878e+00
-4.107385930777963878e+00
-4.107385930777963878e+00
-4.107385930777963878e+00
-4.107385930777963878e+00
-4.107385930777963878e+00
-4.103401650890109664e+00
-4.103401650890109664e+00
-4.103401650890109664e+00
-4.103401650890109664e+00
-4.103401650890109664e+00
-4.103401650890109664e+00
-4.103401650890109664e+00
-4.055976411808517312e+00
-4.123262419983260152e+00
-4.123262419983260152e+00
-4.170772906243231049e+00
-4.170772906243231049e+00
-4.170772906243231049e+00
-4.170772906243231049e+00
-4.170772906243231049e+00
-4.134189558302694856e+00
-4.498306241591619070e+00
-4.498306241591619070e+00
-4.444718132967246937e+00
-4.444718132967246937e+00
-4.328583668112526261e+00
-4.328583668112526261e+00
-4.331317959962337483e+00
-4.492438774035947269e+00
-4.492438774035947269e+00
-4.492438774035947269e+00
-4.492438774035947269e+00
-4.492438774035947269e+00
-4.520658781150102890e+00
-4.520658781150102890e+00
-4.766187977836419343e+00
-4.766187977836419343e+00
-4.766187977836419343e+00
-4.764210425644941793e+00
-4.764210425644941793e+00
-4.540742013468112681e+00
-4.540742013468112681e+00
-4.358690965699875797e+00
-4.358690965699875797e+00
-4.358690965699875797e+00
-4.358690965699875797e+00
-4.358690965699875797e+00
-4.358690965699875797e+00
-4.358690965699875797e+00
-4.358690965699875797e+00
-4.350025840744689454e+00
-4.350025840744689454e+00
-4.350025840744689454e+00
-4.474721492818391155e+00
-4.474721492818391155e+00
-4.275937837122959273e+00
-4.275937837122959273e+00
-4.275937837122959273e+00
-4.275937837122959273e+00
-4.275937837122959273e+00
-4.275937837122959273e+00
-4.720366935657041019e+00
-4.720366935657041019e+00
-4.720366935657041019e+00
-4.841216435623898029e+00
-4.581608690221724345e+00
-4.581608690221724345e+00
-4.586029690948544513e+00
-4.586029690948544513e+00
-4.586029690948544513e+00
-4.586029690948544513e+00
-4.500704559267820315e+00
-4.500704559267820315e+00
-4.500704559267820315e+00
-4.470408988500416569e+00
-4.692594134328925470e+00
-4.692594134328925470e+00
-4.692594134328925470e+00
-4.685852769228057824e+00
-4.685852769228057824e+00
-4.685852769228057824e+00
-4.685852769228057824e+00
-4.685852769228057824e+00
-4.685852769228057824e+00
-4.667252473120023559e+00
-4.667252473120023559e+00
-4.667252473120023559e+00
-4.667252473120023559e+00
-4.667252473120023559e+00
-4.667252473120023559e+00
-4.667252473120023559e+00
-4.667252473120023559e+00
-4.781831974737047020e+00
-4.781831974737047020e+00
-4.781831974737047020e+00
-4.781831974737047020e+00
-4.781831974737047020e+00
-4.781831974737047020e+00
-4.781831974737047020e+00
-4.781831974737047020e+00
-4.781831974737047020e+00
-4.781813284179220247e+00
-4.781813284179220247e+00
-4.781813284179220247e+00
-4.781831974737047020e+00
-4.781831974737047020e+00
-4.781831974737047020e+00
-4.781831974737047020e+00
-4.781831974737047020e+00
-4.781831974737047020e+00
-4.505890961130991634e+00
-4.505890961130991634e+00
-4.505890961130991634e+00
-4.505890961130991634e+00
-4.505886858325615307e+00
-4.505886858325615307e+00
-4.505886858325615307e+00
-4.505890961130991634e+00
-4.505890961130991634e+00
-4.505890961130991634e+00
-4.875256500098262613e+00
-4.893877766100443338e+00
-4.530558394656353904e+00
-4.530558394656353904e+00
-4.530558394656353904e+00
-4.530558394656353904e+00
-4.530558394656353904e+00
-4.530558394656353904e+00
-4.530558394656353904e+00
-4.530558394656353904e+00
-4.530558394656353904e+00
-4.530558394656353904e+00
-4.530558394656353904e+00
-4.530558394656353904e+00
-4.530558394656353904e+00
-4.530558394656353904e+00
-4.530558394656353904e+00
-4.530554291850977577e+00
-4.530554291850977577e+00
-4.530554291850977577e+00
-4.530549733178337313e+00
-4.530540615833055895e+00
-4.530540615833055895e+00
-4.462496956265451509e+00
-4.462492397592810356e+00
-4.462492397592810356e+00
-4.462506073610732038e+00
-4.462510632283373191e+00
-4.633898944745327597e+00
-4.633898944745327597e+00
-4.633898944745327597e+00
-4.633898944745327597e+00
-4.760151383525782265e+00
-4.760151383525782265e+00
-4.760151383525782265e+00
-4.739375688833669997e+00
-4.739375688833669997e+00
-4.739375688833669997e+00
-4.739375688833669997e+00
-4.739375688833669997e+00
-4.739375688833669997e+00
-4.739375688833669997e+00
-4.739375688833669997e+00
-4.739375688833669997e+00
-4.739375688833669997e+00
-4.608417788153624350e+00
-4.608417788153624350e+00
-4.608417788153624350e+00
-4.608417788153624350e+00
-4.608417788153624350e+00
-4.608417788153624350e+00
-4.608417788153624350e+00
-4.608417788153624350e+00
-4.608417788153624350e+00
-4.608417788153624350e+00
-4.608417788153624350e+00
-4.608417788153624350e+00
-4.674148377223406925e+00
-4.674148377223406925e+00
-4.674148377223406925e+00
-4.674148377223406925e+00
-4.674148377223406925e+00
-4.674148377223406925e+00
-4.673486913823260203e+00
-4.672083754384494192e+00
-4.672083754384494192e+00
-4.672083754384494192e+00
-4.520133622061909939e+00
-4.520133622061909939e+00
-4.588361907871457923e+00
-4.588361907871457923e+00
-4.652697543113227141e+00
-4.715303617955165727e+00
-4.715303617955165727e+00
-4.715303617955165727e+00
-4.715303617955165727e+00
-4.455755591164582974e+00
-4.455755591164582974e+00
-4.562769519667324580e+00
-4.562769519667324580e+00
-4.562769519667324580e+00
-4.562769519667324580e+00
-4.562769519667324580e+00
-4.562769519667324580e+00
-4.562769519667324580e+00
-4.562769519667324580e+00
-4.562769519667324580e+00
-4.562769519667324580e+00
-4.562769519667324580e+00
-4.562769519667324580e+00
-4.562769519667324580e+00
-4.471725533159011334e+00
-4.471725533159011334e+00
-4.405509901320272981e+00
-4.405509901320272981e+00
-4.405509901320272981e+00
-4.405509901320272981e+00
-4.405509901320272981e+00
-4.405509901320272981e+00
-4.405509901320272981e+00
-4.405509901320272981e+00
-4.405509901320272981e+00
-4.405509901320272981e+00
-4.405509901320272981e+00
-4.290532883448992862e+00
-4.290532883448992862e+00
-4.290532883448992862e+00
-4.290532883448992862e+00
-4.246824330171253159e+00
-4.246824330171253159e+00
-4.246824330171253159e+00
-4.246824330171253159e+00
-4.246824330171253159e+00
-4.246824330171253159e+00
-4.246824330171253159e+00
-4.246824330171253159e+00
-4.246824330171253159e+00
-4.246824330171253159e+00
-4.246824330171253159e+00
-4.246824330171253159e+00
-4.246824330171253159e+00
-4.246824330171253159e+00
-4.266179542468565344e+00
-4.266179542468565344e+00
-4.266179542468565344e+00
-4.448403819797143832e+00
-4.448403819797143832e+00
-4.448403819797143832e+00
-4.448403819797143832e+00
-4.448403819797143832e+00
-4.448403819797143832e+00
-4.640746526918721138e+00
-4.640746526918721138e+00
-4.316127550989445893e+00
-4.316127550989445893e+00
-4.316127550989445893e+00
-4.316127550989445893e+00
-4.238261319483215495e+00
-4.137141298837461179e+00
-4.137141298837461179e+00
-4.137141298837461179e+00
-4.137141298837461179e+00
-4.137141298837461179e+00
-4.137141298837461179e+00
-4.137141298837461179e+00
-4.137141298837461179e+00
-4.137141298837461179e+00
-4.412292750342170500e+00
-4.318124705473278091e+00
-4.318124705473278091e+00
-4.318124705473278091e+00
-4.237997372337326318e+00
-4.236773368733334877e+00
-4.236773368733334877e+00
-4.236773368733334877e+00
-4.236773368733334877e+00
-4.236773368733334877e+00
-4.236773368733334877e+00
-4.236773368733334877e+00
-4.236773368733334877e+00
-4.236773368733334877e+00
-4.256663313331385368e+00
-4.256663313331385368e+00
-4.256663313331385368e+00
-4.256663313331385368e+00
-4.349243572519568168e+00
-4.349243572519568168e+00
-4.169008244064068336e+00
-4.169008244064068336e+00
-4.169008244064068336e+00
-4.169008244064068336e+00
-4.204700827370637661e+00
-4.204700827370637661e+00
-4.461936239530661652e+00
-4.461936239530661652e+00
-4.461936239530661652e+00
-4.564030904386968679e+00
-4.564030904386968679e+00
-4.564030904386968679e+00
-4.564030904386968679e+00
-4.564030904386968679e+00
-4.681730817426458913e+00
-4.681730817426458913e+00
-4.681730817426458913e+00
-4.681730817426458913e+00
-4.681730817426458913e+00
-4.327485939740678411e+00
-4.231433339602176602e+00
-4.231433339602176602e+00
-4.231433339602176602e+00
-4.231433339602176602e+00
-4.231433339602176602e+00
-4.231433339602176602e+00
-4.231433339602176602e+00
-4.231433339602176602e+00
-4.231433339602176602e+00
-4.231433339602176602e+00
-4.732678086990151911e+00
-4.732678086990151911e+00
-4.732678086990151911e+00
-4.732678086990151911e+00
-4.913717565299447365e+00
-4.996689054295847754e+00
-4.996689054295847754e+00
-4.924259495780755280e+00
-4.924259495780755280e+00
-4.924259495780755280e+00
-4.924259495780755280e+00
-4.924259495780755280e+00
-4.746001263649468171e+00
-4.746001263649468171e+00
-4.746001263649468171e+00
-4.366226907441994598e+00
-4.366226907441994598e+00
-4.366226907441994598e+00
-4.366226907441994598e+00
-4.366226907441994598e+00
-4.366226907441994598e+00
-4.366226907441994598e+00
-4.366226907441994598e+00
-4.358928016677185546e+00
-4.387432940831375916e+00
-4.387432940831375916e+00
-4.387432940831375916e+00
-4.387432940831375916e+00
-4.387432940831375916e+00
-4.387432940831375916e+00
-4.448062375216365716e+00
-4.448062375216365716e+00
-4.448062375216365716e+00
-4.448062375216365716e+00
-4.448062375216365716e+00
-4.448062375216365716e+00
-4.448013141551847127e+00
-4.448013141551847127e+00
-4.448062375216365716e+00
-4.448062375216365716e+00
-4.448062375216365716e+00
-4.448062375216365716e+00
-4.448025449967976996e+00
-4.448009494613734738e+00
-4.448009494613734738e+00
-4.448009494613734738e+00
-4.448062375216365716e+00
-4.448062375216365716e+00
-4.448062375216365716e+00
-4.448062375216365716e+00
-4.448062375216365716e+00
-4.448062375216365716e+00
-4.279811341265647329e+00
-4.501220145143468798e+00
-4.501220145143468798e+00
-5.056987984914396606e+00
-5.056987984914396606e+00
-5.056987984914396606e+00
-5.056987984914396606e+00
-4.683755779813397524e+00
-4.806203550408036484e+00
-4.806203550408036484e+00
-4.806203550408036484e+00
-4.819906464498311394e+00
-4.916459606892748191e+00
-4.916459606892748191e+00
-4.916459606892748191e+00
-4.916459606892748191e+00
-4.916459606892748191e+00
-4.933948042743748097e+00
-4.933948042743748097e+00
-4.933948042743748097e+00
-4.849806798347779058e+00
-4.849806798347779058e+00
-4.849806798347779058e+00
-4.849806798347779058e+00
-4.849806798347779058e+00
-5.131066871190845369e+00
-5.131066871190845369e+00
-5.131066871190845369e+00
-5.131066871190845369e+00
-5.131066871190845369e+00
-5.043177942017067927e+00
-5.043177942017067927e+00
-4.843220428116690179e+00
-4.843220428116690179e+00
-4.843220428116690179e+00
-4.843220428116690179e+00
-4.843220428116690179e+00
-4.843220428116690179e+00
-4.843220428116690179e+00
-4.843220428116690179e+00
-4.843220428116690179e+00
-4.932704436847402008e+00
-4.932704436847402008e+00
-4.932704436847402008e+00
-4.932704436847402008e+00
-4.932704436847402008e+00
-4.932704436847402008e+00
-4.932704436847402008e+00
-4.932704436847402008e+00
-4.774126906239962942e+00
-4.774126906239962942e+00
-4.774126906239962942e+00
-4.774126906239962942e+00
-4.774126906239962942e+00
-4.859405083592489127e+00
-4.859405083592489127e+00
-4.781706155372167366e+00
-4.781706155372167366e+00
-4.768325995304843801e+00
-4.768325995304843801e+00
-4.768325995304843801e+00
-4.618069409868229336e+00
-4.618069409868229336e+00
-4.618069409868229336e+00
-4.618069409868229336e+00
-4.618069409868229336e+00
-4.715583064588032336e+00
-4.715583064588032336e+00
-4.715583064588032336e+00
-4.715583064588032336e+00
-4.715583064588032336e+00
-4.621831226531223358e+00
-4.558003427421613019e+00
-4.558003427421613019e+00
-4.558003427421613019e+00
-4.558003427421613019e+00
-4.558003427421613019e+00
-4.558003427421613019e+00
-4.558003427421613019e+00
-4.558003427421613019e+00
-4.558003427421613019e+00
-4.498236493900218846e+00
-4.498236493900218846e+00
-4.498236493900218846e+00
-4.498236493900218846e+00
-4.636686117197769796e+00
-4.636686117197769796e+00
-4.636686117197769796e+00
-4.636686117197769796e+00
-4.636686117197769796e+00
-4.636686117197769796e+00
-4.636686117197769796e+00
-4.636686117197769796e+00
-4.636686117197769796e+00
-4.636686117197769796e+00
-4.730401485873453993e+00
-4.730401485873453993e+00
-4.675223768099315613e+00
-4.675223768099315613e+00
-4.675223768099315613e+00
-4.675223768099315613e+00
-4.675210092081393931e+00
-4.688313540719435402e+00
-5.060326300889082418e+00
-4.923933094819690659e+00
-4.923933094819690659e+00
-4.923933094819690659e+00
-4.923933094819690659e+00
-4.923933094819690659e+00
-4.438556631026258970e+00
-4.438556631026258970e+00
-4.438201054560294345e+00
-4.434019384147103615e+00
-4.434019384147103615e+00
-4.645732803052971427e+00
-4.704572046692010900e+00
-4.704572046692010900e+00
-4.705687098019892822e+00
-4.601485870536381029e+00
-4.601485870536381029e+00
-4.601485870536381029e+00
-4.601485870536381029e+00
-4.601485870536381029e+00
-4.601485870536381029e+00
-4.601485870536381029e+00
-4.272076185529136261e+00
-4.272076185529136261e+00
-4.272076185529136261e+00
-4.132494643814932367e+00
-4.302558206007539354e+00
-4.302558206007539354e+00
-4.302558206007539354e+00
-4.302558206007539354e+00
-4.302558206007539354e+00
-4.302558206007539354e+00
-4.302558206007539354e+00
-4.302558206007539354e+00
-4.302558206007539354e+00
-4.302558206007539354e+00
-4.302554103202163027e+00
-4.302554103202163027e+00
-4.302554103202163027e+00
-4.302558206007539354e+00
-4.412947375733355493e+00
-4.493869741377821470e+00
-4.493869741377821470e+00
-4.493873844183197797e+00
-4.493873844183197797e+00
-4.493873844183197797e+00
-4.493865638572444254e+00
-4.468221737367472635e+00
-4.468221737367472635e+00
-4.468221737367472635e+00
-4.468221737367472635e+00
-4.468221737367472635e+00
-4.460698104041483703e+00
-4.493889799537440055e+00
-4.493889799537440055e+00
-4.493889799537440055e+00
-4.493889799537440055e+00
-4.493889799537440055e+00
-4.493889799537440055e+00
-4.493889799537440055e+00
-4.493889799537440055e+00
-4.135948750074689428e+00
-4.135948750074689428e+00
-4.135948750074689428e+00
-4.135948750074689428e+00
-4.135948750074689428e+00
-4.128016203812841844e+00
-4.128016203812841844e+00
-4.128016203812841844e+00
-4.135948750074689428e+00
-4.135948750074689428e+00
-4.586736285207831720e+00
-4.586703006897556278e+00
-4.546481838189849078e+00
-4.546481838189849078e+00
-4.480084315312751642e+00
-4.480084315312751642e+00
-4.508013023245174722e+00
-4.436882230565379004e+00
-4.441406713161139663e+00
-4.441443182542264445e+00
-4.441443182542264445e+00
-4.441443182542264445e+00
-4.441443182542264445e+00
-4.441443182542264445e+00
-4.441443182542264445e+00
-4.441443182542264445e+00
-4.441443182542264445e+00
-4.441443182542264445e+00
-4.441443182542264445e+00
-4.441443182542264445e+00
-4.441443182542264445e+00
-4.330455459098742743e+00
-4.330455459098742743e+00
-4.330455459098742743e+00
-4.330455459098742743e+00
-4.586372047263850504e+00
-4.586372047263850504e+00
-4.652931403019687551e+00
-4.652931403019687551e+00
-4.652931403019687551e+00
-4.652931403019687551e+00
-4.390203246195047093e+00
-4.415151038087804736e+00
-4.523885409645094668e+00
-4.518221714756456286e+00
-4.518221714756456286e+00
-4.518316991014644124e+00
-4.468028905514777271e+00
-4.468028905514777271e+00
-4.478961514241381003e+00
-4.485390610266369649e+00
-4.485390610266369649e+00
-4.485390610266369649e+00
-4.485390610266369649e+00
-4.485410668425988234e+00
-4.485410668425988234e+00
-4.478937809143650028e+00
-4.478643318891069036e+00
-4.478643318891069036e+00
-4.473435491266487318e+00
-4.473435491266487318e+00
-4.473435491266487318e+00
-4.473435491266487318e+00
-4.473435491266487318e+00
-4.473435491266487318e+00
-4.515872174877509693e+00
-4.517351920016636768e+00
-4.491763634617879752e+00
-4.745053059740230061e+00
-4.745053059740230061e+00
-4.745053059740230061e+00
-4.763058904935935089e+00
-4.763058904935935089e+00
-4.763058904935935089e+00
-4.763058904935935089e+00
-4.763058904935935089e+00
-4.763058904935935089e+00
-4.763058904935935089e+00
-4.763058904935935089e+00
-4.753623364304493393e+00
-4.753623364304493393e+00
-4.753623364304493393e+00
-4.763058904935935089e+00
-4.763058904935935089e+00
-4.763058904935935089e+00
-4.763058904935935089e+00
-4.763058904935935089e+00
-4.763058904935935089e+00
-4.763058904935935089e+00
-4.763058904935935089e+00
-4.763058904935935089e+00
-4.763058904935935089e+00
-4.669195835266696903e+00
-4.669195835266696903e+00
-4.541265804954513818e+00
-4.540840936664412908e+00
-4.540840936664412908e+00
-4.540840936664412908e+00
-4.541145000129539255e+00
-4.541148647067651645e+00
-4.541148647067651645e+00
-4.537647586479697459e+00
-4.541261702149137491e+00
-4.541261702149137491e+00
-4.541231159042445675e+00
-4.541231159042445675e+00
-4.541231159042445675e+00
-4.541039238924278187e+00
-4.541039238924278187e+00
-4.542252301713932461e+00
-4.542252301713932461e+00
-4.710263093616492647e+00
-4.710263093616492647e+00
-4.710263093616492647e+00
-4.710263093616492647e+00
-4.710263093616492647e+00
-4.710263093616492647e+00
-4.710263093616492647e+00
-4.710263093616492647e+00
-4.686740798658440177e+00
-4.579714105872305652e+00
-4.584549489942152611e+00
-4.584549489942152611e+00
-4.479175315988222827e+00
-4.479175315988222827e+00
-4.479175315988222827e+00
-4.479175315988222827e+00
-4.479175315988222827e+00
-4.130957459400534049e+00
-4.130957459400534049e+00
-3.924822488204926518e+00
-3.924822488204926518e+00
-3.924822488204926518e+00
-3.924880383347461699e+00
-3.924880383347461699e+00
-3.924880383347461699e+00
-3.924880383347461699e+00
-3.924880383347461699e+00
-4.162527179170976588e+00
-4.162527179170976588e+00
-4.162527179170976588e+00
-4.552438655729275752e+00
-4.552438655729275752e+00
-4.552095387679440996e+00
-4.552379848852211808e+00
-4.552379848852211808e+00
-4.552379848852211808e+00
-4.552379848852211808e+00
-4.552379848852211808e+00
-4.552379848852211808e+00
-4.552379848852211808e+00
-4.552363437630705612e+00
-4.552363437630705612e+00
-4.654660507552254245e+00
-4.657552073608164811e+00
-4.657552073608164811e+00
-4.657636864919279418e+00
-4.652347437054431545e+00
-4.652347437054431545e+00
-4.652347437054431545e+00
-4.652347437054431545e+00
-4.652347437054431545e+00
-4.652347437054431545e+00
-4.652347437054431545e+00
-4.652347437054431545e+00
-4.652347437054431545e+00
-4.652347437054431545e+00
-4.652347437054431545e+00
-4.652347437054431545e+00
-4.374494516142923395e+00
-4.374494516142923395e+00
-4.374494516142923395e+00
-4.374494516142923395e+00
-4.374478104921417199e+00
-4.374478104921417199e+00
-4.374478104921417199e+00
-4.374478104921417199e+00
-4.374478104921417199e+00
-4.374478104921417199e+00
-4.374474002116040872e+00
-4.374416562840769629e+00
-4.374404710291904586e+00
-4.374404710291904586e+00
-4.327574833857169345e+00
-4.327574833857169345e+00
-4.327574833857169345e+00
-4.327452661430402081e+00
-4.327921748845116490e+00
-4.327921748845116490e+00
-4.327921748845116490e+00
-4.327921748845116490e+00
-4.327921748845116490e+00
-4.327921748845116490e+00
-4.137772219130915197e+00
-4.137772219130915197e+00
-4.137772219130915197e+00
-4.122595030308681352e+00
-4.122595030308681352e+00
-4.122595030308681352e+00
-4.122595030308681352e+00
-4.314532471432512395e+00
-4.314532471432512395e+00
-4.314532471432512395e+00
-4.314532471432512395e+00
-4.314532471432512395e+00
-4.314532471432512395e+00
-4.384467524278687911e+00
-4.455803457227308861e+00
-4.518596437647510733e+00
-4.518591878974870468e+00
-4.518600540452887948e+00
-4.518596437647510733e+00
-4.518596437647510733e+00
-4.518596437647510733e+00
-4.518596437647510733e+00
-4.574162098463361303e+00
-4.574162098463361303e+00
-4.574162098463361303e+00
-4.574162098463361303e+00
-4.574144319640062406e+00
-4.574171215808641833e+00
-4.574171215808641833e+00
-4.574171215808641833e+00
-4.574171215808641833e+00
-4.529204924749370420e+00
-4.843534064794360994e+00
-4.843534064794360994e+00
-4.843534064794360994e+00
-4.843534064794360994e+00
-4.849721095302136575e+00
-4.840209880704861689e+00
-4.840209880704861689e+00
-4.880773405727874881e+00
-4.880777964400515145e+00
-4.730573803699266833e+00
-4.730573803699266833e+00
-4.730573803699266833e+00
-4.730573803699266833e+00
-4.730573803699266833e+00
-4.730573803699266833e+00
-4.730573803699266833e+00
-4.730573803699266833e+00
-4.730573803699266833e+00
-4.730573803699266833e+00
-4.730573803699266833e+00
-4.730573803699266833e+00
-4.730573803699266833e+00
-4.730573803699266833e+00
-4.730573803699266833e+00
-4.614867854072760345e+00
-4.614867854072760345e+00
-4.614867854072760345e+00
-4.614867854072760345e+00
-4.700714497903564215e+00
-4.700714497903564215e+00
-4.700714497903564215e+00
-4.700714497903564215e+00
-4.634453279338420550e+00
-4.634453279338420550e+00
-4.634453279338420550e+00
-4.634453279338420550e+00
-4.634453279338420550e+00
-4.605739567977292559e+00
-4.605739567977292559e+00
-4.605739567977292559e+00
-5.010256575808697654e+00
-5.010256575808697654e+00
-5.007062769756718268e+00
-5.007053652411436850e+00
-5.033632993242252773e+00
-5.033632993242252773e+00
-5.038647989014138240e+00
-5.038647989014138240e+00
-5.038647989014138240e+00
-5.038656650492155720e+00
-5.038656650492155720e+00
-5.038656650492155720e+00
-5.038656650492155720e+00
-5.038656650492155720e+00
-5.038656650492155720e+00
-5.038656650492155720e+00
-4.475741723755349177e+00
-4.475741723755349177e+00
-4.475741723755349177e+00
-4.599512421150279806e+00
-4.597498399577678363e+00
-4.592206236509245976e+00
-4.570209273416726781e+00
-4.570209273416726781e+00
-4.570209273416726781e+00
-4.570209273416726781e+00
-4.878379646724313901e+00
-4.927573194923181354e+00
-4.927573194923181354e+00
-4.466835900884740695e+00
-4.466835900884740695e+00
-4.466835900884740695e+00
-4.466835900884740695e+00
-4.466835900884740695e+00
-4.466835900884740695e+00
-4.466734242484856843e+00
-4.466734242484856843e+00
-4.466734242484856843e+00
-4.774957952262337990e+00
-4.610502469152154781e+00
-4.610502469152154781e+00
-4.610502469152154781e+00
-4.610502469152154781e+00
-4.611349926396036025e+00
-4.613593249202458502e+00
-4.613593249202458502e+00
-4.613593249202458502e+00
-4.613530795387282168e+00
-4.613530795387282168e+00
-4.619450687678320122e+00
-4.619450687678320122e+00
-4.656030388680743926e+00
-4.665823329247205997e+00
-4.665823329247205997e+00
-4.585907974389041186e+00
-4.585907974389041186e+00
-4.584363496098418089e+00
-4.584403156550390435e+00
-4.584403156550390435e+00
-4.584403156550390435e+00
-4.591189652510400343e+00
-4.584885919983026525e+00
-4.584885919983026525e+00
-4.614338136311926242e+00
-4.618300534571106120e+00
-4.638208713859718557e+00
-4.638208713859718557e+00
-4.638208713859718557e+00
-4.617505502062591027e+00
-4.617505502062591027e+00
-4.617505502062591027e+00
-4.635474422009907336e+00
-4.610642420402220054e+00
-4.638241080435466124e+00
-4.638241080435466124e+00
-4.636995195202799458e+00
-4.636995195202799458e+00
-4.638026366954095536e+00
-4.587992199520307679e+00
-4.587992199520307679e+00
-4.638241080435466124e+00
-4.638241080435466124e+00
-4.638241080435466124e+00
-4.638241080435466124e+00
-4.620245264319571277e+00
-4.636527931257141688e+00
-4.636527931257141688e+00
-4.636527931257141688e+00
-4.636527931257141688e+00
-4.636527931257141688e+00
-4.636527931257141688e+00
-4.636527931257141688e+00
-4.636527931257141688e+00
-4.636527931257141688e+00
-4.636527931257141688e+00
-4.636527931257141688e+00
-4.636523828451765361e+00
-4.636523828451765361e+00
-4.636523828451765361e+00
-4.636523828451765361e+00
-4.636523828451765361e+00
-4.604397494751910180e+00
-4.604393847813797791e+00
-4.604393847813797791e+00
-4.604393847813797791e+00
-4.604393847813797791e+00
-4.602996614649463858e+00
-4.603263752866201486e+00
-4.604397494751910180e+00
-4.604397494751910180e+00
-4.604397494751910180e+00
-4.604397494751910180e+00
-4.640358128009745009e+00
-4.640358128009745009e+00
-4.640358128009745009e+00
-4.640220000228735486e+00
-4.560618737915505427e+00
-4.560618737915505427e+00
-4.560618737915505427e+00
-4.570547071059392508e+00
-4.570547071059392508e+00
-4.640349922398991467e+00
-4.640337613982862486e+00
-4.640280630574855181e+00
-4.640280630574855181e+00
-4.639106316502645377e+00
-4.639106316502645377e+00
-4.639106316502645377e+00
-4.639106316502645377e+00
-4.607360631968277609e+00
-4.607360631968277609e+00
-4.604327291193245131e+00
-4.741674171579043140e+00
-4.695271442770729386e+00
-4.695271442770729386e+00
-4.695271442770729386e+00
-4.695271442770729386e+00
-4.695271442770729386e+00
-4.695271442770729386e+00
-4.695271442770729386e+00
-4.695271442770729386e+00
-4.695271442770729386e+00
-4.696415669603511311e+00
-4.764519047782708405e+00
-4.765716611085384358e+00
-4.765716611085384358e+00
-4.792516591672003834e+00
-4.792516591672003834e+00
-4.794206035752597295e+00
-4.803313351953918620e+00
-4.802565729640865477e+00
-4.802565729640865477e+00
-4.813405341445601948e+00
-4.813405341445601948e+00
-4.813709860777991345e+00
-4.813668376856962361e+00
-4.813668376856962361e+00
-4.813668376856962361e+00
-4.813668376856962361e+00
-4.813672935529602626e+00
-4.813505632243693988e+00
-4.813505632243693988e+00
-4.813505632243693988e+00
-4.813505632243693988e+00
-4.813505632243693988e+00
-4.813505632243693988e+00
-4.813505632243693988e+00
-4.813505632243693988e+00
-4.813709860777991345e+00
-4.813709860777991345e+00
-4.813709860777991345e+00
-4.813705757972615018e+00
-4.813705757972615018e+00
-4.813705757972615018e+00
-4.813705757972615018e+00
-4.813705757972615018e+00
-4.813705757972615018e+00
-4.813705757972615018e+00
-4.813705757972615018e+00
-4.813705757972615018e+00
-4.813709860777991345e+00
-4.813709860777991345e+00
-4.813709860777991345e+00
-4.813709860777991345e+00
-4.813709860777991345e+00
-4.813709860777991345e+00
-4.677553705685908447e+00
-4.677553705685908447e+00
-4.677085074138458864e+00
-4.818632315495273488e+00
-4.818632315495273488e+00
-4.855665604425433379e+00
-4.855665604425433379e+00
-4.855665604425433379e+00
-4.855665604425433379e+00
-4.855665604425433379e+00
-4.855665604425433379e+00
-4.855665604425433379e+00
-4.943558636404588036e+00
-4.943558636404588036e+00
-4.943558636404588036e+00
-4.943558636404588036e+00
-4.943558636404588036e+00
-4.943558636404588036e+00
-4.943558636404588036e+00
-4.957125246182910061e+00
-4.860722084118348718e+00
-4.860722084118348718e+00
-4.917041749388947558e+00
-4.917041749388947558e+00
-4.917037646583571231e+00
-4.917037646583571231e+00
-4.917037646583571231e+00
-4.917037646583571231e+00
-4.917037646583571231e+00
-4.917037646583571231e+00
-4.917037646583571231e+00
-4.917037646583571231e+00
-4.886531921007437163e+00
-4.942254856029386190e+00
-4.828768979978834253e+00
-4.828768979978834253e+00
-4.825491294350268134e+00
-4.824787891161829378e+00
-4.824787891161829378e+00
-4.824787891161829378e+00
-4.824787891161829378e+00
-4.438953691413251690e+00
-4.438953691413251690e+00
-4.438953691413251690e+00
-4.692835288111611547e+00
-4.693029487566099611e+00
-4.471783884168810452e+00
-4.471783884168810452e+00
-4.471783884168810452e+00
-4.443710210446417896e+00
-4.443710210446417896e+00
-4.443710210446417896e+00
-4.636957358219882863e+00
-4.636957358219882863e+00
-4.636957358219882863e+00
-4.636957358219882863e+00
-4.669530897705778116e+00
-5.004684054372870783e+00
-5.004684054372870783e+00
-5.004684054372870783e+00
-5.004684054372870783e+00
-5.004684054372870783e+00
-5.004684054372870783e+00
-5.004684054372870783e+00
-5.004684054372870783e+00
-4.828773994518739343e+00
-4.827077712429185041e+00
-4.754274798624829934e+00
-4.523279106183899501e+00
-4.832481107110046636e+00
-4.832481107110046636e+00
-4.832481107110046636e+00
-4.832481107110046636e+00
-4.832481107110046636e+00
-4.992918120287572314e+00
-4.992918120287572314e+00
-4.979256234251062452e+00
-4.363398706935787352e+00
-4.252877335703395545e+00
-4.258977295563735943e+00
-4.258977295563735943e+00
-4.258977295563735943e+00
-4.450231847526009865e+00
-4.827136063438984159e+00
-4.831001817838183499e+00
-4.942300442755791501e+00
-4.942300442755791501e+00
-4.905924058553137179e+00
-5.168474427144795769e+00
-5.168474427144795769e+00
-5.168474427144795769e+00
-5.168474427144795769e+00
-5.168474427144795769e+00
-5.168474427144795769e+00
-4.717996881751211902e+00
-4.717996881751211902e+00
-4.703308382636046225e+00
-4.703308382636046225e+00
-4.804245600508913583e+00
-4.804245600508913583e+00
-4.804245600508913583e+00
-4.804241041836273318e+00
-4.804298025244280623e+00
-4.804340876767101420e+00
-4.803972536017743877e+00
-4.803985300301137684e+00
-4.803985300301137684e+00
-4.740690865890473837e+00
-4.740690865890473837e+00
-4.590882853841690370e+00
-4.590882853841690370e+00
-4.590882853841690370e+00
-5.039277997573064383e+00
-5.039256571811653984e+00
-5.039265233289670576e+00
-5.039273894767688056e+00
-5.039273894767688056e+00
-4.886527362334796010e+00
-4.886527362334796010e+00
-4.886527362334796010e+00
-4.886527362334796010e+00
-4.886527362334796010e+00
-4.593086972063403550e+00
-4.593078766452650896e+00
-4.555417292432620613e+00
-4.592596458887278743e+00
-4.592596458887278743e+00
-4.705918678590033544e+00
-4.705918678590033544e+00
-4.705918678590033544e+00
-4.706709608293172309e+00
-4.706709608293172309e+00
-4.706709608293172309e+00
-4.706709608293172309e+00
-4.706709608293172309e+00
-4.706709608293172309e+00
-4.680130267462356386e+00
-4.680130267462356386e+00
-4.680130267462356386e+00
-4.859384569565606604e+00
-4.859384569565606604e+00
-4.859384569565606604e+00
-4.855480522316226732e+00
-4.855480522316226732e+00
-4.963538386853657336e+00
-4.966326015173362585e+00
-4.979379774279621529e+00
-4.979379774279621529e+00
-4.904028106601926673e+00
-4.904028106601926673e+00
-4.902975053221955370e+00
-4.901939778665282965e+00
-4.901939778665282965e+00
-4.901939778665282965e+00
-4.901939778665282965e+00
-4.901939778665282965e+00
-4.901939778665282965e+00
-4.901939778665282965e+00
-4.901939778665282965e+00
-4.901939778665282965e+00
-4.731458186191536797e+00
-4.655271369686089677e+00
-4.664545989173319640e+00
-4.773470913246986136e+00
-4.773470913246986136e+00
-4.336136021076151259e+00
-4.336136021076151259e+00
-4.797917707016544853e+00
-4.797917707016544853e+00
-4.503989994639876038e+00
-4.438170055586338592e+00
-4.642612391630504654e+00
-4.642612391630504654e+00
-4.642612391630504654e+00
-4.642612391630504654e+00
-4.642612391630504654e+00
-4.642612391630504654e+00
-4.642616494435880981e+00
-4.642616494435880981e+00
-4.642616494435880981e+00
-4.642616494435880981e+00
-4.642616494435880981e+00
-4.642616494435880981e+00
-4.790689931544928726e+00
-4.449640131817265143e+00
-4.449640131817265143e+00
-4.449640131817265143e+00
-4.449640131817265143e+00
-4.449640131817265143e+00
-4.449640131817265143e+00
-4.449640131817265143e+00
-4.319462220026019317e+00
-4.319462220026019317e+00
-4.319462220026019317e+00
-4.396781410815382429e+00
-4.433597251060588107e+00
-4.433597251060588107e+00
-4.403476733322580827e+00
-4.403476733322580827e+00
-4.438284478269617139e+00
-4.490697361087251593e+00
-4.497112325227055507e+00
-4.497072208907818336e+00
-4.497072208907818336e+00
-4.497233585919294008e+00
-4.510615569455673324e+00
-4.582014412086734545e+00
-4.582014412086734545e+00
-4.578184671201396050e+00
-4.582014412086734545e+00
-4.582014412086734545e+00
-4.576693529380666980e+00
-4.576693529380666980e+00
-4.574794386358607134e+00
-4.574794386358607134e+00
-4.574794386358607134e+00
-4.534224935061160977e+00
-4.536114960737939406e+00
-4.896402814876053000e+00
-4.916966987157642244e+00
-4.916966987157642244e+00
-4.916962428485001979e+00
-4.621221731999179738e+00
-4.621221731999179738e+00
-4.621221731999179738e+00
-4.819832158134270905e+00
-4.819832158134270905e+00
-4.819832158134270905e+00
-4.810191933101267026e+00
-4.819749190292212049e+00
-4.819749190292212049e+00
-4.819832158134270905e+00
-4.819832158134270905e+00
-4.819832158134270905e+00
-4.776605912421902467e+00
-4.735135211543416212e+00
-4.798875940005592255e+00
-4.857631304068044997e+00
-4.857631304068044997e+00
-4.857631304068044997e+00
-4.857631304068044997e+00
-4.857631304068044997e+00
-4.857631304068044997e+00
-4.839939095550011672e+00
-4.839939095550011672e+00
-4.856065400016011502e+00
-4.856065400016011502e+00
-4.791008126895240693e+00
-4.766404970654109619e+00
-4.766404970654109619e+00
-4.805375239589245950e+00
-4.801256934725759429e+00
-4.805355181429627365e+00
-4.805355181429627365e+00
-4.805197907223528020e+00
-4.805197907223528020e+00
-4.805197907223528020e+00
-4.805197907223528020e+00
-4.805197907223528020e+00
-4.805197907223528020e+00
-4.755055699248158518e+00
-4.548157150385256031e+00
-4.548330835812861572e+00
-4.549422637910277345e+00
-4.521433299631734570e+00
-4.521433299631734570e+00
-4.573433622575398871e+00
-4.495221387815748315e+00
-4.556119328019267556e+00
-4.573394873857953513e+00
-4.571132404626441215e+00
-4.743758852577573570e+00
-4.743758852577573570e+00
-4.783503184127077645e+00
-4.783503184127077645e+00
-4.783503184127077645e+00
-4.927027521808105881e+00
-4.926861130256725119e+00
-4.929674743010482807e+00
-4.929674743010482807e+00
-4.892708466568138626e+00
-4.754822751076225984e+00
-4.754822751076225984e+00
-5.007304379406668282e+00
-5.007304379406668282e+00
-5.007304379406668282e+00
-5.007304379406668282e+00
-5.007304379406668282e+00
-5.007304379406668282e+00
-5.007304379406668282e+00
-5.109313341217332827e+00
-5.096245450225888263e+00
-5.223400506189174841e+00
-5.223400506189174841e+00
-5.208092483462156252e+00
-5.208092483462156252e+00
-5.208092483462156252e+00
-5.208092483462156252e+00
-5.208092483462156252e+00
-5.208092483462156252e+00
-4.854626227063384647e+00
-4.854626227063384647e+00
-4.854626227063384647e+00
-4.854622124258008320e+00
-4.779214384906834034e+00
-4.795365306205092715e+00
-4.795113667475333408e+00
-4.920372315620144654e+00
-4.865007236400479940e+00
-4.865007236400479940e+00
-4.867223207171059052e+00
-4.867066388832223645e+00
-4.867066388832223645e+00
-4.967980357474623965e+00
-4.908723539421708359e+00
-4.908723539421708359e+00
-4.775730191407649983e+00
-4.775730191407649983e+00
-4.773338711740409579e+00
-4.921358812379563297e+00
-4.922697238666833286e+00
-4.870262930087787545e+00
-4.870286635185518520e+00
-4.870286635185518520e+00
-4.870286635185518520e+00
-4.870286635185518520e+00
-4.870286635185518520e+00
-4.872389550874611786e+00
-4.872393197812724175e+00
-4.872357640166127268e+00
-4.872409153166965545e+00
-4.872409153166965545e+00
-4.823615400558675326e+00
-4.826298179407648270e+00
-4.822955760627586130e+00
-4.822955760627586130e+00
-4.822955760627586130e+00
-4.872409153166965545e+00
-4.872409153166965545e+00
-4.978074170435363932e+00
-4.802439910275985824e+00
-5.157898762485948474e+00
-5.157898762485948474e+00
-5.429061831297427254e+00
-5.426667616426602336e+00
-5.426667616426602336e+00
-5.426667616426602336e+00
-5.153190109515509043e+00
-5.154410466181388095e+00
-5.155279805053943676e+00
-5.155279805053943676e+00
-5.155279805053943676e+00
-5.155279805053943676e+00
-5.302025300822795550e+00
-5.402771054444759358e+00
-5.118965418799200862e+00
-5.055484078810273729e+00
-4.941725594135816912e+00
-4.941725594135816912e+00
-4.941725594135816912e+00
-4.941725594135816912e+00
-4.941985438476328873e+00
-4.941985438476328873e+00
-4.941985438476328873e+00
-4.941985438476328873e+00
-4.941985438476328873e+00
-4.941985438476328873e+00
-4.941980879803688609e+00
-5.054997668439525249e+00
-5.054997668439525249e+00
-5.102356350900565829e+00
-5.102356350900565829e+00
-5.102356350900565829e+00
-5.163579780330620927e+00
-5.163579780330620927e+00
-5.163579780330620927e+00
-5.027242645934708598e+00
-5.027242645934708598e+00
-5.126191370801761238e+00
-5.126178150651103493e+00
-5.126178150651103493e+00
-5.160553733431814116e+00
-4.836076532221660784e+00
-4.836076532221660784e+00
-4.836076532221660784e+00
-4.836076532221660784e+00
-4.875308013099100890e+00
-4.875308013099100890e+00
-4.875308013099100890e+00
-4.875308013099100890e+00
-5.383254465135971500e+00
-5.383254465135971500e+00
-5.383208878409566189e+00
-5.290354187128420094e+00
-5.290254352197591992e+00
-5.290345069783139564e+00
-5.290345069783139564e+00
-5.273891908488811175e+00
-5.273927466135408082e+00
-5.273927466135408082e+00
-4.946009834683420259e+00
-5.058388865016842040e+00
-5.466295701823772113e+00
-5.466295701823772113e+00
-5.384450660836855640e+00
-5.210124739725320531e+00
-5.210084167538819422e+00
-5.452454204085223743e+00
-4.789666965404386190e+00
-5.472692887140277129e+00
-5.470150059541370346e+00
-4.579687209703726225e+00
-4.579687209703726225e+00
-4.579687209703726225e+00
-4.582560541069073956e+00
-4.565779155344625195e+00
-4.571218563539347635e+00
-4.567600345064531275e+00
-4.567600345064531275e+00
-4.567600345064531275e+00
-4.567600345064531275e+00
-4.567591683586513795e+00
-4.567591683586513795e+00
-4.568031595496329089e+00
-4.572728851785167414e+00
-4.572728851785167414e+00
-4.481016563867747493e+00
-4.481016563867747493e+00
-4.471116038626967715e+00
-4.471116038626967715e+00
-4.471116038626967715e+00
-4.452725441460399836e+00
-4.421954401136583890e+00
-4.421954401136583890e+00
-4.421954401136583890e+00
-4.416144372856183331e+00
-4.403061438245025272e+00
-4.413777965888466603e+00
-4.457238983241823327e+00
-4.433635088043504702e+00
-4.433635088043504702e+00
-4.433635088043504702e+00
-4.433635088043504702e+00
-4.433635088043504702e+00
-4.661722347339753547e+00
-4.661722347339753547e+00
-4.661722347339753547e+00
-4.661722347339753547e+00
-4.661722347339753547e+00
-4.661722347339753547e+00
-4.666234977386649163e+00
-4.666234977386649163e+00
-4.642813884961217497e+00
-4.615668812855707515e+00
-4.648817656828842182e+00
-4.746239226361305796e+00
-4.746222359272535662e+00
-4.746222359272535662e+00
-4.659601196960099223e+00
-4.738138009211756874e+00
-4.738138009211756874e+00
-4.807696971565086130e+00
-4.807701530237726395e+00
-4.807714294521120202e+00
-4.807714294521120202e+00
-4.807714294521120202e+00
-4.804400139511429302e+00
-4.804400139511429302e+00
-4.806100980273623868e+00
-4.805305036030580901e+00
-4.805305036030580901e+00
-4.805305036030580901e+00
-4.805305036030580901e+00
-4.804690982825897017e+00
-4.804690982825897017e+00
-4.804690982825897017e+00
-4.807717941459232591e+00
-4.807717941459232591e+00
-4.807717941459232591e+00
-4.807717941459232591e+00
-4.807717941459232591e+00
-4.807717941459232591e+00
-4.804665454259110291e+00
-4.804526414743572893e+00
-4.804526414743572893e+00
-4.781621364061052759e+00
-4.781621364061052759e+00
-4.787431848208717255e+00
-4.787431848208717255e+00
-4.787428201270604866e+00
-4.787428201270604866e+00
-4.787431848208717255e+00
-4.787431848208717255e+00
-4.787431848208717255e+00
-4.787431848208717255e+00
-4.787431848208717255e+00
-4.787431848208717255e+00
-4.664685028688857038e+00
-4.664685028688857038e+00
-4.620841994568221089e+00
-4.620841994568221089e+00
-4.620841994568221089e+00
-4.620504196925555362e+00
-4.656103783310257427e+00
-4.656103783310257427e+00
-4.656103783310257427e+00
-4.656103783310257427e+00
-4.621370344727262491e+00
-4.621370344727262491e+00
-4.621370344727262491e+00
-4.621370344727262491e+00
-4.621370344727262491e+00
-4.634923278487662834e+00
-4.634923278487662834e+00
-4.634923278487662834e+00
-4.634923278487662834e+00
-4.634923278487662834e+00
-4.634923278487662834e+00
-4.634915528744174118e+00
-4.634915528744174118e+00
-4.634915528744174118e+00
-4.634911425938797791e+00
-4.634911425938797791e+00
-4.634939233841905093e+00
-4.516569195924251545e+00
-4.516569195924251545e+00
-4.516569195924251545e+00
-4.510012001198062670e+00
-4.510012001198062670e+00
-4.510012001198062670e+00
-4.516569195924251545e+00
-4.809072323100743951e+00
-4.809072323100743951e+00
-4.655130050834232591e+00
-4.654242477271114176e+00
-4.654242477271114176e+00
-4.655121845223479049e+00
-4.655109536807350068e+00
-4.487356765776245204e+00
-4.487356765776245204e+00
-4.487356765776245204e+00
-4.487356765776245204e+00
-4.487356765776245204e+00
-4.695955699534078320e+00
-4.695955699534078320e+00
-4.695821218691182075e+00
-4.695821218691182075e+00
-4.695821218691182075e+00
-4.695821218691182075e+00
-4.740980341603149739e+00
-4.515337442576771387e+00
-4.512772733349189380e+00
-4.512772733349189380e+00
-4.512772733349189380e+00
-4.510141467501054713e+00
-4.515337442576771387e+00
-4.637570499690038872e+00
-4.637570499690038872e+00
-4.637570499690038872e+00
-4.637507134140335552e+00
-4.637503031334959225e+00
-4.443603993373892891e+00
-4.442451560930357424e+00
-4.442451560930357424e+00
-4.590503572277994770e+00
-4.590503572277994770e+00
-4.584020228048583334e+00
-4.584020228048583334e+00
-4.584020228048583334e+00
-4.551182285549535855e+00
-4.556723352144143036e+00
-4.556723352144143036e+00
-4.556723352144143036e+00
-4.556723352144143036e+00
-4.590605686545143449e+00
-4.532873288623233243e+00
-4.532873288623233243e+00
-4.532873288623233243e+00
-4.532873288623233243e+00
-4.637591013716921395e+00
-4.637591013716921395e+00
-4.637591013716921395e+00
-4.637014797495154106e+00
-4.637464282617513867e+00
-4.560476051461855640e+00
-4.761606967699915316e+00
-4.917572834751573474e+00
-4.836882505544513045e+00
-4.836858800446782070e+00
-4.857128026608527271e+00
-4.857128026608527271e+00
-4.857128026608527271e+00
-4.857128026608527271e+00
-4.857128026608527271e+00
-4.857128026608527271e+00
-4.861591878858168236e+00
-5.002785367218075763e+00
-5.002785367218075763e+00
-5.002785367218075763e+00
-5.002952670503984400e+00
-4.760190588110491561e+00
-4.760190588110491561e+00
-4.673883974210253811e+00
-4.673883974210253811e+00
-4.673883974210253811e+00
-4.673883974210253811e+00
-4.673883974210253811e+00
-4.673883974210253811e+00
-4.673883974210253811e+00
-4.673883974210253811e+00
-4.673883974210253811e+00
-4.673883974210253811e+00
-4.673883974210253811e+00
-4.673883974210253811e+00
-4.661459311928393134e+00
-4.661459311928393134e+00
-4.683281677858778913e+00
-4.683281677858778913e+00
-4.683285780664155240e+00
-4.683285780664155240e+00
-4.683285780664155240e+00
-4.683285780664155240e+00
-4.683285780664155240e+00
-4.683285780664155240e+00
-4.683285780664155240e+00
-4.573088986923771415e+00
-4.573088986923771415e+00
-4.570258507081244481e+00
-4.570258507081244481e+00
-4.570258507081244481e+00
-4.570258507081244481e+00
-4.570258507081244481e+00
-4.498811342520193435e+00
-4.498811342520193435e+00
-4.506938088236529971e+00
-4.440308073054763938e+00
-4.537742862737885297e+00
-4.826169168971920165e+00
-4.826169168971920165e+00
-4.826169168971920165e+00
-4.826147287343245829e+00
-4.826147287343245829e+00
-4.535361868017718123e+00
-4.535361868017718123e+00
-4.534967998701572967e+00
-4.534964351763460577e+00
-4.534748726547562114e+00
-4.598564217241042584e+00
-4.598564217241042584e+00
-4.598564217241042584e+00
-4.596772658893300445e+00
-4.600325688349356845e+00
-4.597111368270494047e+00
-4.597111368270494047e+00
-4.589308288311638506e+00
-4.589308288311638506e+00
-4.589591837749882330e+00
-4.589700334158727912e+00
-4.833276139618561729e+00
-4.900341963904764953e+00
-4.897861590121033615e+00
-4.889488676082107688e+00
-4.889488676082107688e+00
-4.889488676082107688e+00
-4.889488676082107688e+00
-4.667848747501409434e+00
-4.667848747501409434e+00
-4.667848747501409434e+00
-4.902231077847015506e+00
-4.926328221425043452e+00
-4.926328221425043452e+00
-4.926328221425043452e+00
-4.926328221425043452e+00
-4.620340084710494288e+00
-4.811957962882222439e+00
-4.809542322249986235e+00
-4.925792577389777271e+00
-4.882151948334382041e+00
-4.882151948334382041e+00
-4.801107866130412738e+00
-4.801107866130412738e+00
-4.717499986433390191e+00
-4.717499986433390191e+00
-4.630186361746851276e+00
-4.809860061733034264e+00
-4.809860061733034264e+00
-4.809592011781768761e+00
-4.809592011781768761e+00
-4.809592011781768761e+00
-4.809592011781768761e+00
-4.809592011781768761e+00
-4.573198395067145761e+00
-4.849249272683837653e+00
-4.848697673294330102e+00
-4.848693570488952886e+00
-4.848693570488952886e+00
-5.056197511078522666e+00
-4.857844649947623772e+00
-4.857844649947623772e+00
-4.879933698227482353e+00
-4.879933698227482353e+00
-4.879933698227482353e+00
-4.879933698227482353e+00
-4.880684055744120009e+00
-4.568606899983568503e+00
-4.568606899983568503e+00
-5.100155423749701100e+00
-5.100577556836217497e+00
-5.100577556836217497e+00
-5.362212543961650368e+00
-5.362212543961650368e+00
-5.362212543961650368e+00
-5.362212543961650368e+00
-5.362212543961650368e+00
-5.371738346311375700e+00
-5.529307498530720899e+00
-5.529307498530720899e+00
-5.529307498530720899e+00
-5.539678022920742961e+00
-5.540160330486115114e+00
-5.539544453812374591e+00
-5.539544453812374591e+00
-5.494945135900668909e+00
-5.494945135900668909e+00
-4.883279308078393832e+00
-4.841208685880409313e+00
-4.841208685880409313e+00
-4.841383283042542729e+00
-4.841383283042542729e+00
-4.841383283042542729e+00
-4.841383283042542729e+00
-4.841383283042542729e+00
-4.841383283042542729e+00
-4.841367327688300470e+00
-4.841367327688300470e+00
-5.267066663811356797e+00
-5.267066663811356797e+00
-5.280394855010577260e+00
-5.280394855010577260e+00
-5.280394855010577260e+00
-5.280394855010577260e+00
-5.280390752205200933e+00
-5.280390752205200933e+00
-5.280394855010577260e+00
-5.263947619990681837e+00
-4.833602084712361524e+00
-4.833602084712361524e+00
-4.732911491029349271e+00
-4.738620316777129027e+00
-4.738620316777129027e+00
-4.738620316777129027e+00
-4.738620316777129027e+00
-4.738589773670437211e+00
-4.932388064966146679e+00
-4.932388064966146679e+00
-4.739039714660060909e+00
-4.739129064643815781e+00
-4.739129064643815781e+00
-4.739129064643815781e+00
-4.739129064643815781e+00
-4.739129064643815781e+00
-4.853559497665492550e+00
-4.853552203789267772e+00
-4.853552203789267772e+00
-4.853552203789267772e+00
-4.853552203789267772e+00
-4.853559497665492550e+00
-4.966931862767293815e+00
-4.966931862767293815e+00
-4.966931862767293815e+00
-4.681326463163240525e+00
-4.681326463163240525e+00
-4.681326463163240525e+00
-4.955051961865980736e+00
-4.955051961865980736e+00
-4.955051961865980736e+00
-4.955051961865980736e+00
-4.578774563441085022e+00
-4.578774563441085022e+00
-4.578774563441085022e+00
-4.578774563441085022e+00
-4.578774563441085022e+00
-4.578774563441085022e+00
-4.578774563441085022e+00
-4.578774563441085022e+00
-4.578774563441085022e+00
-4.578774563441085022e+00
-4.578774563441085022e+00
-4.578774563441085022e+00
-4.578774563441085022e+00
-4.578774563441085022e+00
-4.578774563441085022e+00
-4.578774563441085022e+00
-4.665690671873365503e+00
-4.665690671873365503e+00
-4.665690671873365503e+00
-4.665690671873365503e+00
-4.957722432298823811e+00
-5.045262167148334420e+00
-5.028739258162605807e+00
-5.028739258162605807e+00
-5.028739258162605807e+00
-5.028739258162605807e+00
-5.028739258162605807e+00
-5.010959978997137299e+00
-5.010959978997137299e+00
-5.010959978997137299e+00
-5.010959978997137299e+00
-5.010959978997137299e+00
-5.010959978997137299e+00
-5.130329277957602407e+00
-5.130329277957602407e+00
-5.130329277957602407e+00
-4.850990229765270279e+00
-4.850990229765270279e+00
-4.800095840804207370e+00
-4.800095840804207370e+00
-4.800095840804207370e+00
-4.800095840804207370e+00
-4.800095840804207370e+00
-4.800095840804207370e+00
-4.800095840804207370e+00
-4.800095840804207370e+00
-4.812019960830133947e+00
-4.846535494860909843e+00
-4.846535494860909843e+00
-4.846535494860909843e+00
-4.846535494860909843e+00
-4.850971083340179568e+00
-4.850971083340179568e+00
-4.905041499529923854e+00
-4.905041499529923854e+00
-4.905041499529923854e+00
-5.191050341662667655e+00
-5.061560333572883152e+00
-5.245423453715745588e+00
-5.245423453715745588e+00
-5.245423453715745588e+00
-5.242560151430206261e+00
-5.242560151430206261e+00
-5.252519939415313033e+00
-5.252519939415313033e+00
-5.252519939415313033e+00
-5.252519939415313033e+00
-5.251735847721135997e+00
-5.251735847721135997e+00
-5.251735847721135997e+00
-5.251187439402476009e+00
-5.251187439402476009e+00
-5.246965196802784170e+00
-5.235677467477480640e+00
-5.235677467477480640e+00
-5.235677467477480640e+00
-5.230810172699149163e+00
-5.467458163347115985e+00
-5.467458163347115985e+00
-5.472036438280036386e+00
-5.699117142657248891e+00
-5.471212230266622178e+00
-5.471212230266622178e+00
-5.471212230266622178e+00
-5.471212230266622178e+00
-5.471312065197450281e+00
-5.471312065197450281e+00
-5.471312065197450281e+00
-5.471316168002826608e+00
-5.471316168002826608e+00
-5.471243685107841870e+00
-5.470557604875436297e+00
-5.471316168002826608e+00
-5.471316168002826608e+00
-5.471316168002826608e+00
-5.471316168002826608e+00
-5.471316168002826608e+00
-5.471321182542731698e+00
-5.471321182542731698e+00
-5.471321182542731698e+00
-5.471321182542731698e+00
-5.348433500038278332e+00
-5.330061137562271512e+00
-5.330061137562271512e+00
-5.330061137562271512e+00
-5.330061137562271512e+00
-5.330061137562271512e+00
-5.348316798018679208e+00
-5.348321356691320361e+00
-5.348321356691320361e+00
-5.376697270409782625e+00
-5.376697270409782625e+00
-5.376692711737142361e+00
-5.289928407103791308e+00
-5.289518126566140843e+00
-5.264120849551023440e+00
-5.261087508775991850e+00
-5.271004445238276936e+00
-5.288253094908384355e+00
-5.387273846803157795e+00
-5.386608280597635634e+00
-5.274954990948590883e+00
-5.274954990948590883e+00
-5.274954990948590883e+00
-5.274894360602471188e+00
-5.274894360602471188e+00
-5.274894360602471188e+00
-5.416020836474562117e+00
-5.416068702537288004e+00
-5.416090584165963229e+00
-5.401507390388794683e+00
-5.401507390388794683e+00
-5.401511949061434947e+00
-5.401507390388794683e+00
-5.401507390388794683e+00
-5.401507390388794683e+00
-5.401507390388794683e+00
-5.401511949061434947e+00
-5.296544864574308065e+00
-5.296544864574308065e+00
-5.296355679659724203e+00
-5.296263138605120879e+00
-5.296263138605120879e+00
-5.296263138605120879e+00
-5.271138014346646194e+00
-5.497956595047026163e+00
-5.455702714208890747e+00
-5.600029378274657965e+00
-5.600029378274657965e+00
-5.664123859733741995e+00
-5.664215944921081380e+00
-5.664488097677723211e+00
-5.664488097677723211e+00
-5.664377777799820990e+00
-5.664488097677723211e+00
-5.664492200483099538e+00
-5.664492200483099538e+00
-5.664488097677723211e+00
-5.664488097677723211e+00
-5.664488097677723211e+00
-5.664488097677723211e+00
-5.664488097677723211e+00
-5.672736104086297360e+00
-5.672736104086297360e+00
-5.564283914365458550e+00
-5.277781823853005427e+00
-5.277781823853005427e+00
-5.293656945456509888e+00
-5.293656945456509888e+00
-5.351260788809956814e+00
-5.351260788809956814e+00
-5.351260788809956814e+00
-5.351260788809956814e+00
-5.351260788809956814e+00
-5.351260788809956814e+00
-5.351260788809956814e+00
-5.351260788809956814e+00
-5.099864124567968560e+00
-5.099864124567968560e+00
-5.099864124567968560e+00
-5.099864124567968560e+00
-5.099864124567968560e+00
-5.099864124567968560e+00
-5.069454131117286266e+00
-5.069454131117286266e+00
-5.069454131117286266e+00
-5.069454131117286266e+00
-5.069454131117286266e+00
-5.077136862118431182e+00
-5.077136862118431182e+00
-5.077136862118431182e+00
-5.013042380659347153e+00
-5.013042380659347153e+00
-5.013042380659347153e+00
-4.948629703849952932e+00
-4.948629703849952932e+00
-4.948617395433823063e+00
-4.948617395433823063e+00
-4.948617395433823063e+00
-4.948617395433823063e+00
-4.948617395433823063e+00
-4.948617395433823063e+00
-4.948617395433823063e+00
-4.948617395433823063e+00
-4.948617395433823063e+00
-4.948617395433823063e+00
-4.948617395433823063e+00
-4.903546710771082395e+00
-4.903546710771082395e+00
-4.895351129097874399e+00
-4.895351129097874399e+00
-4.895327424000143424e+00
-4.895359334708627053e+00
-4.895359334708627053e+00
-4.895169238059516204e+00
-4.895169238059516204e+00
-4.895169238059516204e+00
-4.861330666915864462e+00
-4.861330666915864462e+00
-4.861330666915864462e+00
-4.858198858811795695e+00
