# Variable: dg_gbsa_00000399
# Sample shape: (2000,)
# Date: 2014-03-03 06:24:05.076870
-2.061429260793652851e+00
-2.061429260793652851e+00
-2.061429260793652851e+00
-2.550310432113151116e+00
-2.550310432113151116e+00
-2.550310432113151116e+00
-2.550310432113151116e+00
-2.550310432113151116e+00
-2.550310432113151116e+00
-2.550310432113151116e+00
-2.550310432113151116e+00
-2.550310432113151116e+00
-1.974634185119978902e+00
-1.974634185119978902e+00
-1.974634185119978902e+00
-1.974634185119978902e+00
-1.974634185119978902e+00
-1.974634185119978902e+00
-1.974634185119978902e+00
-1.974634185119978902e+00
-1.974634185119978902e+00
-1.974634185119978902e+00
-1.974634185119978902e+00
-1.954450889937508373e+00
-1.954450889937508373e+00
-1.954450889937508373e+00
-1.954450889937508373e+00
-1.954450889937508373e+00
-1.954450889937508373e+00
-1.954450889937508373e+00
-1.954450889937508373e+00
-1.996623626402641571e+00
-1.996623626402641571e+00
-2.155003310617479517e+00
-2.155003310617479517e+00
-2.155003310617479517e+00
-2.155003310617479517e+00
-2.155003310617479517e+00
-2.131588828267376279e+00
-2.368814630672535060e+00
-2.368814630672535060e+00
-2.368814630672535060e+00
-2.368814630672535060e+00
-2.368814630672535060e+00
-2.368814630672535060e+00
-2.383629860887107821e+00
-2.383629860887107821e+00
-2.383629860887107821e+00
-2.383629860887107821e+00
-2.383629860887107821e+00
-2.383629860887107821e+00
-2.487461835886734640e+00
-2.487461835886734640e+00
-2.487461835886734640e+00
-2.487461835886734640e+00
-2.487461835886734640e+00
-2.477019740336255715e+00
-2.477019740336255715e+00
-1.427881234462584858e+00
-1.427881234462584858e+00
-1.427881234462584858e+00
-1.427881234462584858e+00
-1.427881234462584858e+00
-1.427881234462584858e+00
-1.427881234462584858e+00
-1.427881234462584858e+00
-1.427881234462584858e+00
-1.427881234462584858e+00
-1.427881234462584858e+00
-1.427881234462584858e+00
-1.427881234462584858e+00
-1.572692485430044584e+00
-1.572692485430044584e+00
-1.572692485430044584e+00
-1.572692485430044584e+00
-1.572692485430044584e+00
-1.572692485430044584e+00
-1.572692485430044584e+00
-1.572692485430044584e+00
-2.026473586919430581e+00
-2.026473586919430581e+00
-2.026473586919430581e+00
-2.000605626954174987e+00
-1.851173591431422460e+00
-1.851173591431422460e+00
-1.851173591431422460e+00
-1.851173591431422460e+00
-1.851173591431422460e+00
-1.851173591431422460e+00
-1.753188683927400904e+00
-1.753188683927400904e+00
-1.753188683927400904e+00
-1.753188683927400904e+00
-1.878916419486926559e+00
-1.878916419486926559e+00
-1.878916419486926559e+00
-1.878916419486926559e+00
-1.878916419486926559e+00
-1.878916419486926559e+00
-1.878916419486926559e+00
-1.878916419486926559e+00
-1.878916419486926559e+00
-1.878916419486926559e+00
-1.878916419486926559e+00
-1.878916419486926559e+00
-1.878916419486926559e+00
-1.878916419486926559e+00
-1.878916419486926559e+00
-1.878916419486926559e+00
-1.878916419486926559e+00
-1.944391494955205024e+00
-1.944391494955205024e+00
-1.944391494955205024e+00
-1.944391494955205024e+00
-1.944391494955205024e+00
-1.944391494955205024e+00
-1.944391494955205024e+00
-1.944391494955205024e+00
-1.944391494955205024e+00
-1.944391494955205024e+00
-1.944391494955205024e+00
-1.944391494955205024e+00
-1.944391494955205024e+00
-1.944391494955205024e+00
-1.944391494955205024e+00
-1.944391494955205024e+00
-1.944391494955205024e+00
-1.944391494955205024e+00
-1.944391494955205024e+00
-1.944391494955205024e+00
-1.944391494955205024e+00
-1.944391494955205024e+00
-1.944391494955205024e+00
-1.944391494955205024e+00
-1.944391494955205024e+00
-1.944391494955205024e+00
-1.944391494955205024e+00
-1.944391494955205024e+00
-1.944391494955205024e+00
-1.955018672614890596e+00
-1.955018672614890596e+00
-1.955018672614890596e+00
-1.955018672614890596e+00
-1.955018672614890596e+00
-1.955018672614890596e+00
-1.955018672614890596e+00
-1.955018672614890596e+00
-1.955018672614890596e+00
-1.955018672614890596e+00
-1.955018672614890596e+00
-1.955018672614890596e+00
-1.955018672614890596e+00
-1.955018672614890596e+00
-1.955018672614890596e+00
-1.955018672614890596e+00
-1.955018672614890596e+00
-1.955018672614890596e+00
-1.955018672614890596e+00
-1.955018672614890596e+00
-1.955018672614890596e+00
-1.955018672614890596e+00
-1.955018672614890596e+00
-1.955018672614890596e+00
-1.955018672614890596e+00
-1.955018672614890596e+00
-1.955018672614890596e+00
-1.955018672614890596e+00
-1.955018672614890596e+00
-1.955018672614890596e+00
-1.955018672614890596e+00
-1.955018672614890596e+00
-1.955018672614890596e+00
-1.955018672614890596e+00
-1.942998136662616115e+00
-1.942998136662616115e+00
-1.942998136662616115e+00
-1.942998136662616115e+00
-1.942998136662616115e+00
-1.942998136662616115e+00
-1.942998136662616115e+00
-1.942998136662616115e+00
-1.942998136662616115e+00
-1.942998136662616115e+00
-1.867936058664412924e+00
-1.867936058664412924e+00
-1.867936058664412924e+00
-1.867936058664412924e+00
-1.867936058664412924e+00
-1.867936058664412924e+00
-1.867936058664412924e+00
-1.867936058664412924e+00
-1.867936058664412924e+00
-1.867936058664412924e+00
-1.867936058664412924e+00
-1.867936058664412924e+00
-1.905562089004662285e+00
-1.905562089004662285e+00
-1.905562089004662285e+00
-1.905562089004662285e+00
-1.905562089004662285e+00
-1.905562089004662285e+00
-1.902475753660183733e+00
-1.901672287607284018e+00
-1.901672287607284018e+00
-1.901672287607284018e+00
-1.814915960651054760e+00
-1.814915960651054760e+00
-1.853803489677764649e+00
-1.853803489677764649e+00
-1.929317788001911893e+00
-1.965609608827083798e+00
-1.965609608827083798e+00
-1.965609608827083798e+00
-1.965609608827083798e+00
-1.965609608827083798e+00
-1.965609608827083798e+00
-1.965609608827083798e+00
-1.965609608827083798e+00
-1.965609608827083798e+00
-1.965609608827083798e+00
-1.965609608827083798e+00
-1.965609608827083798e+00
-1.965609608827083798e+00
-1.965609608827083798e+00
-1.965609608827083798e+00
-1.965609608827083798e+00
-1.965609608827083798e+00
-1.965609608827083798e+00
-1.965609608827083798e+00
-1.912021728136343413e+00
-1.912021728136343413e+00
-1.607188987002545977e+00
-1.607188987002545977e+00
-1.607188987002545977e+00
-1.607188987002545977e+00
-1.607188987002545977e+00
-1.607188987002545977e+00
-1.607188987002545977e+00
-1.607188987002545977e+00
-1.607188987002545977e+00
-1.607188987002545977e+00
-1.607188987002545977e+00
-1.544852785580928645e+00
-1.544852785580928645e+00
-1.544852785580928645e+00
-1.544852785580928645e+00
-1.521255842358386623e+00
-1.521255842358386623e+00
-1.521255842358386623e+00
-1.521255842358386623e+00
-1.521255842358386623e+00
-1.521255842358386623e+00
-1.521255842358386623e+00
-1.521255842358386623e+00
-1.521255842358386623e+00
-1.521255842358386623e+00
-1.521255842358386623e+00
-1.521255842358386623e+00
-1.521255842358386623e+00
-1.521255842358386623e+00
-1.607217478706549407e+00
-1.607217478706549407e+00
-1.607217478706549407e+00
-1.708379667074228836e+00
-1.708379667074228836e+00
-1.708379667074228836e+00
-1.708379667074228836e+00
-1.708379667074228836e+00
-1.708379667074228836e+00
-1.708379667074228836e+00
-1.708379667074228836e+00
-1.708379667074228836e+00
-1.708379667074228836e+00
-1.708379667074228836e+00
-1.708379667074228836e+00
-1.664399644840743653e+00
-1.664399644840743653e+00
-1.664399644840743653e+00
-1.664399644840743653e+00
-1.664399644840743653e+00
-1.664399644840743653e+00
-1.664399644840743653e+00
-1.664399644840743653e+00
-1.664399644840743653e+00
-1.664399644840743653e+00
-1.664399644840743653e+00
-1.664399644840743653e+00
-1.664399644840743653e+00
-1.664399644840743653e+00
-1.664399644840743653e+00
-1.663709803703410151e+00
-1.663709803703410151e+00
-1.663709803703410151e+00
-1.663709803703410151e+00
-1.663709803703410151e+00
-1.663709803703410151e+00
-1.663709803703410151e+00
-1.663709803703410151e+00
-1.663709803703410151e+00
-1.663709803703410151e+00
-1.663709803703410151e+00
-1.663709803703410151e+00
-1.663709803703410151e+00
-1.715871959525813839e+00
-1.715871959525813839e+00
-1.715871959525813839e+00
-1.715871959525813839e+00
-1.715871959525813839e+00
-1.715871959525813839e+00
-1.736459950871950708e+00
-1.736459950871950708e+00
-1.843369599738038822e+00
-1.843369599738038822e+00
-1.843369599738038822e+00
-1.902585503704005365e+00
-1.902585503704005365e+00
-1.902585503704005365e+00
-1.902585503704005365e+00
-1.902585503704005365e+00
-1.902585503704005365e+00
-1.902585503704005365e+00
-1.902585503704005365e+00
-1.902585503704005365e+00
-1.902585503704005365e+00
-1.700736026690977232e+00
-1.700736026690977232e+00
-1.700736026690977232e+00
-1.700736026690977232e+00
-1.700736026690977232e+00
-1.700736026690977232e+00
-1.700736026690977232e+00
-1.700736026690977232e+00
-1.700736026690977232e+00
-1.700736026690977232e+00
-1.700736026690977232e+00
-1.991594954612833979e+00
-1.991594954612833979e+00
-1.991594954612833979e+00
-1.991594954612833979e+00
-2.210367478102616356e+00
-2.210367478102616356e+00
-2.210367478102616356e+00
-2.166839676195075448e+00
-2.166839676195075448e+00
-2.166839676195075448e+00
-2.166839676195075448e+00
-2.166839676195075448e+00
-1.380839037849615814e+00
-1.380839037849615814e+00
-1.380839037849615814e+00
-1.380839037849615814e+00
-1.380839037849615814e+00
-1.380839037849615814e+00
-1.380839037849615814e+00
-1.380839037849615814e+00
-1.380839037849615814e+00
-1.380839037849615814e+00
-1.380839037849615814e+00
-1.380839037849615814e+00
-1.410181048267429960e+00
-1.410181048267429960e+00
-1.410181048267429960e+00
-1.410181048267429960e+00
-1.410181048267429960e+00
-1.410181048267429960e+00
-1.672569470013532733e+00
-1.672569470013532733e+00
-1.672569470013532733e+00
-1.672569470013532733e+00
-1.672569470013532733e+00
-1.672569470013532733e+00
-1.672569470013532733e+00
-1.672569470013532733e+00
-1.672569470013532733e+00
-1.672569470013532733e+00
-1.672569470013532733e+00
-1.672569470013532733e+00
-1.672569470013532733e+00
-1.672569470013532733e+00
-1.672569470013532733e+00
-1.672569470013532733e+00
-1.672569470013532733e+00
-1.672569470013532733e+00
-1.672569470013532733e+00
-1.672569470013532733e+00
-1.672569470013532733e+00
-1.672569470013532733e+00
-1.579579044254514342e+00
-1.702126421846349658e+00
-1.702126421846349658e+00
-1.702126421846349658e+00
-1.702126421846349658e+00
-1.702126421846349658e+00
-1.702126421846349658e+00
-1.702126421846349658e+00
-1.702126421846349658e+00
-1.702126421846349658e+00
-1.702126421846349658e+00
-1.762321756629141367e+00
-1.869312777801863668e+00
-1.869312777801863668e+00
-1.869312777801863668e+00
-1.869312777801863668e+00
-1.869312777801863668e+00
-1.869312777801863668e+00
-1.869312777801863668e+00
-1.869312777801863668e+00
-1.869312777801863668e+00
-1.869312777801863668e+00
-1.869312777801863668e+00
-1.869312777801863668e+00
-1.869312777801863668e+00
-2.028660154251477721e+00
-2.028660154251477721e+00
-2.028660154251477721e+00
-2.028660154251477721e+00
-2.028660154251477721e+00
-1.978674536681311880e+00
-1.978674536681311880e+00
-1.865603043973787623e+00
-1.865603043973787623e+00
-1.865603043973787623e+00
-1.865603043973787623e+00
-1.865603043973787623e+00
-1.865603043973787623e+00
-1.865603043973787623e+00
-1.865603043973787623e+00
-1.865603043973787623e+00
-1.916088975866255595e+00
-1.916088975866255595e+00
-1.916088975866255595e+00
-1.916088975866255595e+00
-1.916088975866255595e+00
-1.916088975866255595e+00
-1.916088975866255595e+00
-1.916088975866255595e+00
-1.826753123996362582e+00
-1.826753123996362582e+00
-1.826753123996362582e+00
-1.826753123996362582e+00
-1.826753123996362582e+00
-1.874720389254918240e+00
-1.874720389254918240e+00
-1.874720389254918240e+00
-1.874720389254918240e+00
-1.813845014480969908e+00
-1.813845014480969908e+00
-1.813845014480969908e+00
-1.730072794635254763e+00
-1.730072794635254763e+00
-1.730072794635254763e+00
-1.730072794635254763e+00
-1.730072794635254763e+00
-1.784416503249800945e+00
-1.784416503249800945e+00
-1.784416503249800945e+00
-1.784416503249800945e+00
-1.784416503249800945e+00
-1.732165111410458147e+00
-1.456501151134133476e+00
-1.456501151134133476e+00
-1.456501151134133476e+00
-1.456501151134133476e+00
-1.456501151134133476e+00
-1.456501151134133476e+00
-1.456501151134133476e+00
-1.456501151134133476e+00
-1.456501151134133476e+00
-1.456501151134133476e+00
-1.456501151134133476e+00
-1.456501151134133476e+00
-1.456501151134133476e+00
-1.528470055778897274e+00
-1.528470055778897274e+00
-1.528470055778897274e+00
-1.528470055778897274e+00
-1.528470055778897274e+00
-1.528470055778897274e+00
-1.528470055778897274e+00
-1.528470055778897274e+00
-1.528470055778897274e+00
-1.528470055778897274e+00
-1.577501999032656865e+00
-1.577501999032656865e+00
-1.577501999032656865e+00
-1.577501999032656865e+00
-1.577501999032656865e+00
-1.577501999032656865e+00
-1.577501999032656865e+00
-1.633655842585955531e+00
-1.834212138137671477e+00
-1.834212138137671477e+00
-1.834212138137671477e+00
-1.834212138137671477e+00
-1.834212138137671477e+00
-1.834212138137671477e+00
-1.569578798049722446e+00
-1.569578798049722446e+00
-1.569578798049722446e+00
-1.569543924204022112e+00
-1.569543924204022112e+00
-1.569543924204022112e+00
-1.825041114486198213e+00
-1.825041114486198213e+00
-1.824836771985084871e+00
-1.766249053108988276e+00
-1.766249053108988276e+00
-1.766249053108988276e+00
-1.766258626321533631e+00
-1.766102719717226321e+00
-1.766225120077625332e+00
-1.766225120077625332e+00
-1.563922397037309064e+00
-1.582253731459549950e+00
-1.582253731459549950e+00
-1.582253731459549950e+00
-1.582256010795870305e+00
-1.582256010795870305e+00
-1.582256010795870305e+00
-1.582256010795870305e+00
-1.582256010795870305e+00
-1.582256010795870305e+00
-1.582256010795870305e+00
-1.582208486633592370e+00
-1.582208486633592370e+00
-1.582208486633592370e+00
-1.569210571267180887e+00
-1.571885942273112624e+00
-1.571885942273112624e+00
-1.571885942273112624e+00
-1.608066303552222687e+00
-1.608076674532479933e+00
-1.608076674532479933e+00
-1.622686080677331333e+00
-1.622686080677331333e+00
-1.622686080677331333e+00
-1.622686080677331333e+00
-1.622686080677331333e+00
-1.622686080677331333e+00
-1.622686080677331333e+00
-1.622686080677331333e+00
-1.622686080677331333e+00
-1.622686080677331333e+00
-1.624274550158936403e+00
-1.624274550158936403e+00
-1.624274550158936403e+00
-1.624274550158936403e+00
-1.624274550158936403e+00
-1.624274550158936403e+00
-1.624274550158936403e+00
-1.624274550158936403e+00
-1.489894567894433974e+00
-1.489894567894433974e+00
-1.489894567894433974e+00
-1.489894567894433974e+00
-1.489894567894433974e+00
-1.489276867751637479e+00
-1.489276867751637479e+00
-1.489276867751637479e+00
-1.489276867751637479e+00
-1.489276867751637479e+00
-1.548768343478726051e+00
-1.548768343478726051e+00
-1.548768343478726051e+00
-1.548768343478726051e+00
-1.548768343478726051e+00
-1.548768343478726051e+00
-1.650228669037098639e+00
-1.654253293177821549e+00
-1.654253293177821549e+00
-1.654253293177821549e+00
-1.654253293177821549e+00
-1.654253293177821549e+00
-1.654253293177821549e+00
-1.654253293177821549e+00
-1.654253293177821549e+00
-1.654253293177821549e+00
-1.654253293177821549e+00
-1.654253293177821549e+00
-1.654253293177821549e+00
-1.654253293177821549e+00
-1.654253293177821549e+00
-1.654894014617453113e+00
-1.646236297505307533e+00
-1.646236297505307533e+00
-1.646236297505307533e+00
-1.763739845720805333e+00
-1.763739845720805333e+00
-1.740136178456118454e+00
-1.740136178456118454e+00
-1.740136178456118454e+00
-1.740136178456118454e+00
-1.720329201700126598e+00
-1.732233263566434589e+00
-1.776964669017901066e+00
-1.776964669017901066e+00
-1.776964669017901066e+00
-1.776964669017901066e+00
-1.530677934905539050e+00
-1.530677934905539050e+00
-1.530677934905539050e+00
-1.530677934905539050e+00
-1.530677934905539050e+00
-1.530677934905539050e+00
-1.530677934905539050e+00
-1.530677934905539050e+00
-1.530677934905539050e+00
-1.530677934905539050e+00
-1.528331016263359876e+00
-1.528331016263359876e+00
-1.512758932423637015e+00
-1.512758932423637015e+00
-1.512758932423637015e+00
-1.512758932423637015e+00
-1.512758932423637015e+00
-1.512758932423637015e+00
-1.544482621362514685e+00
-1.544482621362514685e+00
-1.544482621362514685e+00
-1.544482621362514685e+00
-1.544482621362514685e+00
-1.544482621362514685e+00
-1.620781353281287362e+00
-1.620781353281287362e+00
-1.620781353281287362e+00
-1.620781353281287362e+00
-1.620781353281287362e+00
-1.620781353281287362e+00
-1.620781353281287362e+00
-1.620781353281287362e+00
-1.620781353281287362e+00
-1.620781353281287362e+00
-1.620781353281287362e+00
-1.620781353281287362e+00
-1.620781353281287362e+00
-1.565053745619881420e+00
-1.565053745619881420e+00
-1.565053745619881420e+00
-1.565053745619881420e+00
-1.565053745619881420e+00
-1.565053745619881420e+00
-1.567437931410897045e+00
-1.567437931410897045e+00
-1.494080683013449207e+00
-1.494080683013449207e+00
-1.466094193905306931e+00
-1.465917203440036953e+00
-1.465917203440036953e+00
-1.465917203440036953e+00
-1.465917203440036953e+00
-1.466539804155922111e+00
-1.466539804155922111e+00
-1.466539804155922111e+00
-1.466539804155922111e+00
-1.466539804155922111e+00
-1.466539804155922111e+00
-1.466539804155922111e+00
-1.466539804155922111e+00
-1.466539804155922111e+00
-1.466539804155922111e+00
-1.466981995402057093e+00
-1.466981995402057093e+00
-1.491883972634776789e+00
-1.491883972634776789e+00
-1.491883972634776789e+00
-1.491883972634776789e+00
-1.491883972634776789e+00
-1.491883972634776789e+00
-1.491883972634776789e+00
-1.491883972634776789e+00
-1.491883972634776789e+00
-1.480658127290568782e+00
-1.480658127290568782e+00
-1.480658127290568782e+00
-1.435777767210571820e+00
-1.435777767210571820e+00
-1.435777767210571820e+00
-1.435777767210571820e+00
-1.435777767210571820e+00
-1.435777767210571820e+00
-1.435777767210571820e+00
-1.338670176256227196e+00
-1.338670176256227196e+00
-1.338670176256227196e+00
-1.338670176256227196e+00
-1.338670176256227196e+00
-1.338670176256227196e+00
-1.338670176256227196e+00
-1.338670176256227196e+00
-1.338670176256227196e+00
-1.338670176256227196e+00
-1.338670176256227196e+00
-1.455670902879470541e+00
-1.455670902879470541e+00
-1.455670902879470541e+00
-1.452780134591272088e+00
-1.452780134591272088e+00
-1.452780134591272088e+00
-1.452780134591272088e+00
-1.452780134591272088e+00
-1.452780134591272088e+00
-1.452780134591272088e+00
-1.452780134591272088e+00
-1.452780134591272088e+00
-1.452780134591272088e+00
-1.464862896425090266e+00
-1.464862896425090266e+00
-1.464862896425090266e+00
-1.466002222684783529e+00
-1.466002222684783529e+00
-1.466002222684783529e+00
-1.466002222684783529e+00
-1.466002222684783529e+00
-1.466002222684783529e+00
-1.466002222684783529e+00
-1.466002222684783529e+00
-1.466002222684783529e+00
-1.466002222684783529e+00
-1.466002222684783529e+00
-1.466002222684783529e+00
-1.466002222684783529e+00
-1.466002222684783529e+00
-1.466002222684783529e+00
-1.466002222684783529e+00
-1.466002222684783529e+00
-1.466002222684783529e+00
-1.466002222684783529e+00
-1.466002222684783529e+00
-1.466002222684783529e+00
-1.466002222684783529e+00
-1.466002222684783529e+00
-1.466002222684783529e+00
-1.450757451540653387e+00
-1.450757451540653387e+00
-1.258972042149385073e+00
-1.258972042149385073e+00
-1.258972042149385073e+00
-1.240916051554634247e+00
-1.256390123932584979e+00
-1.256390123932584979e+00
-1.256390123932584979e+00
-1.256390123932584979e+00
-1.256390123932584979e+00
-1.256390123932584979e+00
-1.256390123932584979e+00
-1.256390123932584979e+00
-1.256390123932584979e+00
-1.250928948076003744e+00
-1.250928948076003744e+00
-1.250928948076003744e+00
-1.250928948076003744e+00
-1.070248123336704493e+00
-1.070248123336704493e+00
-1.070248123336704493e+00
-1.070248123336704493e+00
-1.070248123336704493e+00
-1.070248123336704493e+00
-1.070248123336704493e+00
-1.071755106544859171e+00
-1.046505986390560583e+00
-1.028750184389190858e+00
-1.116973492201154050e+00
-1.116973492201154050e+00
-1.116973492201154050e+00
-1.116973492201154050e+00
-1.116973492201154050e+00
-1.116973492201154050e+00
-1.116973492201154050e+00
-1.116973492201154050e+00
-1.116973492201154050e+00
-1.116973492201154050e+00
-1.116973492201154050e+00
-1.116973492201154050e+00
-1.116973492201154050e+00
-1.116973492201154050e+00
-1.116973492201154050e+00
-1.116973492201154050e+00
-1.116973492201154050e+00
-1.116973492201154050e+00
-1.116973492201154050e+00
-1.091192374949701449e+00
-1.091305999865267440e+00
-1.091305999865267440e+00
-1.237720080133149825e+00
-1.240228261819988909e+00
-1.240228261819988909e+00
-1.240228261819988909e+00
-1.240228261819988909e+00
-1.240228261819988909e+00
-1.240228261819988909e+00
-1.240228261819988909e+00
-1.240228261819988909e+00
-1.254519814514976961e+00
-1.254519814514976961e+00
-1.254519814514976961e+00
-1.254519814514976961e+00
-1.254519814514976961e+00
-1.254519814514976961e+00
-1.254519814514976961e+00
-1.254519814514976961e+00
-1.430971786579255944e+00
-1.430971786579255944e+00
-1.430971786579255944e+00
-1.430971786579255944e+00
-1.315078247573589820e+00
-1.315078247573589820e+00
-1.315078247573589820e+00
-1.315078247573589820e+00
-1.411625007826329048e+00
-1.411625007826329048e+00
-1.411625007826329048e+00
-1.411625007826329048e+00
-1.411625007826329048e+00
-1.296475216261971264e+00
-1.296475216261971264e+00
-1.296475216261971264e+00
-1.351128458748811934e+00
-1.337914006431973446e+00
-1.304656324149545688e+00
-1.301261252700484761e+00
-1.255589165149637587e+00
-1.255589165149637587e+00
-1.255589165149637587e+00
-1.255589165149637587e+00
-1.255589165149637587e+00
-1.255589165149637587e+00
-1.255589165149637587e+00
-1.255589165149637587e+00
-1.255589165149637587e+00
-1.255589165149637587e+00
-1.255589165149637587e+00
-1.268820712488878177e+00
-1.392352421470627322e+00
-1.392872679985731832e+00
-1.392872679985731832e+00
-1.519575743556706326e+00
-1.517501775438881095e+00
-1.514944018187076136e+00
-1.423092120920038894e+00
-1.425045854046969263e+00
-1.425045854046969263e+00
-1.425045854046969263e+00
-1.537861605219357664e+00
-1.534865075725898143e+00
-1.534865075725898143e+00
-1.373845806085356669e+00
-1.373845806085356669e+00
-1.373845806085356669e+00
-1.372684142329724688e+00
-1.372684142329724688e+00
-1.372684142329724688e+00
-1.372684142329724688e+00
-1.372684142329724688e+00
-1.372684142329724688e+00
-1.498194429204295242e+00
-1.498194429204295242e+00
-1.498194429204295242e+00
-1.498194429204295242e+00
-1.498194429204295242e+00
-1.504620790025700039e+00
-1.513969829843787362e+00
-1.513969829843787362e+00
-1.513969829843787362e+00
-1.513540060980598012e+00
-1.513540060980598012e+00
-1.513540060980598012e+00
-1.513540060980598012e+00
-1.525025180831238059e+00
-1.526573761927238149e+00
-1.526573761927238149e+00
-1.526573761927238149e+00
-1.526573761927238149e+00
-1.518006078599743791e+00
-1.518280168792257800e+00
-1.518280168792257800e+00
-1.518280168792257800e+00
-1.518280168792257800e+00
-1.488166489063211806e+00
-1.488166489063211806e+00
-1.493781862021860141e+00
-1.509807761722951280e+00
-1.509807761722951280e+00
-1.509807761722951280e+00
-1.509807761722951280e+00
-1.514409741753601768e+00
-1.514409741753601768e+00
-1.514409741753601768e+00
-1.514409741753601768e+00
-1.514409741753601768e+00
-1.514409741753601768e+00
-1.514409741753601768e+00
-1.514409741753601768e+00
-1.514409741753601768e+00
-1.514409741753601768e+00
-1.514409741753601768e+00
-1.514409741753601768e+00
-1.511197587044243562e+00
-1.511197587044243562e+00
-1.511197587044243562e+00
-1.511197587044243562e+00
-1.511197587044243562e+00
-1.511197587044243562e+00
-1.511197587044243562e+00
-1.511197587044243562e+00
-1.507904287961883139e+00
-1.507904287961883139e+00
-1.498925868229473934e+00
-1.498925868229473934e+00
-1.498925868229473934e+00
-1.498925868229473934e+00
-1.498925868229473934e+00
-1.498925868229473934e+00
-1.504810202873915426e+00
-1.504810202873915426e+00
-1.504810202873915426e+00
-1.499736628158598428e+00
-1.499736628158598428e+00
-1.504628539769188977e+00
-1.504628539769188977e+00
-1.504628539769188977e+00
-1.501879432233296230e+00
-1.501879432233296230e+00
-1.501879432233296230e+00
-1.501879432233296230e+00
-1.501879432233296230e+00
-1.501879432233296230e+00
-1.501879432233296230e+00
-1.501879432233296230e+00
-1.495318134701730584e+00
-1.495318134701730584e+00
-1.495318134701730584e+00
-1.495318134701730584e+00
-1.495318134701730584e+00
-1.495318134701730584e+00
-1.495318134701730584e+00
-1.506050275798965332e+00
-1.506050275798965332e+00
-1.506050275798965332e+00
-1.506050275798965332e+00
-1.506050275798965332e+00
-1.506050275798965332e+00
-1.506050275798965332e+00
-1.506050275798965332e+00
-1.506050275798965332e+00
-1.506050275798965332e+00
-1.373361333150480590e+00
-1.373361333150480590e+00
-1.373361333150480590e+00
-1.373361333150480590e+00
-1.377171813643913056e+00
-1.377171813643913056e+00
-1.377171813643913056e+00
-1.377171813643913056e+00
-1.377171813643913056e+00
-1.377171813643913056e+00
-1.377171813643913056e+00
-1.377171813643913056e+00
-1.377171813643913056e+00
-1.377171813643913056e+00
-1.361030009690935572e+00
-1.373527040900965224e+00
-1.373527040900965224e+00
-1.373527040900965224e+00
-1.373527040900965224e+00
-1.373527040900965224e+00
-1.373527040900965224e+00
-1.359617049105992459e+00
-1.359617049105992459e+00
-1.359617049105992459e+00
-1.359617049105992459e+00
-1.359617049105992459e+00
-1.359617049105992459e+00
-1.359617049105992459e+00
-1.359617049105992459e+00
-1.359617049105992459e+00
-1.379774245887595896e+00
-1.379774245887595896e+00
-1.379774245887595896e+00
-1.379774245887595896e+00
-1.379774245887595896e+00
-1.379774245887595896e+00
-1.379774245887595896e+00
-1.379774245887595896e+00
-1.379774245887595896e+00
-1.379774245887595896e+00
-1.379774245887595896e+00
-1.379774245887595896e+00
-1.316783419074793349e+00
-1.316783419074793349e+00
-1.303138742027501351e+00
-1.303138742027501351e+00
-1.303138742027501351e+00
-1.303138742027501351e+00
-1.316537364719018832e+00
-1.316537364719018832e+00
-1.316537364719018832e+00
-1.359513567237051523e+00
-1.392654319566248855e+00
-1.378227260327020032e+00
-1.378227260327020032e+00
-1.378227260327020032e+00
-1.378227260327020032e+00
-1.379887300969081743e+00
-1.379887300969081743e+00
-1.379485112075367947e+00
-1.376018925333114096e+00
-1.376018925333114096e+00
-1.376018925333114096e+00
-1.376018925333114096e+00
-1.376018925333114096e+00
-1.376018925333114096e+00
-1.356729585855458442e+00
-1.356729585855458442e+00
-1.356729585855458442e+00
-1.356729585855458442e+00
-1.356729585855458442e+00
-1.356729585855458442e+00
-1.356729585855458442e+00
-1.356729585855458442e+00
-1.356729585855458442e+00
-1.356729585855458442e+00
-1.349843254964620431e+00
-1.359585936165220499e+00
-1.359585936165220499e+00
-1.442043890688660790e+00
-1.442043890688660790e+00
-1.442043890688660790e+00
-1.442043890688660790e+00
-1.442043890688660790e+00
-1.442043890688660790e+00
-1.442043890688660790e+00
-1.442043890688660790e+00
-1.442043890688660790e+00
-1.442043890688660790e+00
-1.442043890688660790e+00
-1.454883506147628847e+00
-1.454883506147628847e+00
-1.454883506147628847e+00
-1.454883506147628847e+00
-1.437083826922093799e+00
-1.437083826922093799e+00
-1.437083826922093799e+00
-1.437083826922093799e+00
-1.353350241827007361e+00
-1.353422268854728383e+00
-1.353422268854728383e+00
-1.353422268854728383e+00
-1.353422268854728383e+00
-1.353422268854728383e+00
-1.353422268854728383e+00
-1.353422268854728383e+00
-1.339601968943958665e+00
-1.339601968943958665e+00
-1.339601968943958665e+00
-1.420473505388482272e+00
-1.420473505388482272e+00
-1.420473505388482272e+00
-1.420473505388482272e+00
-1.430022329035042228e+00
-1.242150768039331332e+00
-1.242150768039331332e+00
-1.242150768039331332e+00
-1.265498465835250386e+00
-1.265498465835250386e+00
-1.265498465835250386e+00
-1.265498465835250386e+00
-1.265498465835250386e+00
-1.327090919815559378e+00
-1.327090919815559378e+00
-1.327090919815559378e+00
-1.391485361934391873e+00
-1.392988242337170224e+00
-1.397669657238582719e+00
-1.397669657238582719e+00
-1.397669657238582719e+00
-1.389114054393585818e+00
-1.375483509231479884e+00
-1.375483509231479884e+00
-1.375483509231479884e+00
-1.375483509231479884e+00
-1.337500990690738245e+00
-1.337500990690738245e+00
-1.337500990690738245e+00
-1.337500990690738245e+00
-1.385183680809706441e+00
-1.385183680809706441e+00
-1.385183680809706441e+00
-1.428866021719762847e+00
-1.428866021719762847e+00
-1.405892818881266271e+00
-1.173495220636546321e+00
-1.173495220636546321e+00
-1.173495220636546321e+00
-1.173495220636546321e+00
-1.173495220636546321e+00
-1.173495220636546321e+00
-1.173495220636546321e+00
-1.173495220636546321e+00
-1.202591176698586173e+00
-1.202591176698586173e+00
-1.046787940293379515e+00
-1.046787940293379515e+00
-1.046787940293379515e+00
-1.034173637229671483e+00
-1.098941320670950184e+00
-1.098941320670950184e+00
-1.098941320670950184e+00
-1.094358828965837915e+00
-1.094358828965837915e+00
-1.094358828965837915e+00
-1.094358828965837915e+00
-1.327642747138699786e+00
-1.327642747138699786e+00
-1.327642747138699786e+00
-1.327642747138699786e+00
-1.327642747138699786e+00
-1.327642747138699786e+00
-1.425227175251247758e+00
-1.425227175251247758e+00
-1.425227175251247758e+00
-1.425227175251247758e+00
-1.425227175251247758e+00
-1.418945210385732736e+00
-1.418945210385732736e+00
-1.418945210385732736e+00
-1.418945210385732736e+00
-1.418945210385732736e+00
-1.418945210385732736e+00
-1.418945210385732736e+00
-1.324789701866601943e+00
-1.324789701866601943e+00
-1.324789701866601943e+00
-1.324789701866601943e+00
-1.324789701866601943e+00
-1.324789701866601943e+00
-1.324789701866601943e+00
-1.324789701866601943e+00
-1.324789701866601943e+00
-1.348920807555802126e+00
-1.348920807555802126e+00
-1.335342801095878551e+00
-1.335342801095878551e+00
-1.335342801095878551e+00
-1.335342801095878551e+00
-1.335342801095878551e+00
-1.335342801095878551e+00
-1.335342801095878551e+00
-1.335342801095878551e+00
-1.335342801095878551e+00
-1.335342801095878551e+00
-1.335342801095878551e+00
-1.335342801095878551e+00
-1.335342801095878551e+00
-1.335342801095878551e+00
-1.335342801095878551e+00
-1.335342801095878551e+00
-1.335342801095878551e+00
-1.335342801095878551e+00
-1.335342801095878551e+00
-1.335342801095878551e+00
-1.335342801095878551e+00
-1.335342801095878551e+00
-1.335342801095878551e+00
-1.369290780382903971e+00
-1.369290780382903971e+00
-1.302821914278982085e+00
-1.302821914278982085e+00
-1.302821914278982085e+00
-1.302821914278982085e+00
-1.380621247264212759e+00
-1.380621247264212759e+00
-1.380621247264212759e+00
-1.336497512875733706e+00
-1.346601468883098507e+00
-1.346601468883098507e+00
-1.346601468883098507e+00
-1.346601468883098507e+00
-1.346601468883098507e+00
-1.342278707551682659e+00
-1.342278707551682659e+00
-1.342278707551682659e+00
-1.342278707551682659e+00
-1.342278707551682659e+00
-1.342278707551682659e+00
-1.342278707551682659e+00
-1.342278707551682659e+00
-1.342278707551682659e+00
-1.342278707551682659e+00
-1.342278707551682659e+00
-1.342278707551682659e+00
-1.342278707551682659e+00
-1.342278707551682659e+00
-1.342278707551682659e+00
-1.339943185591105035e+00
-1.339943185591105035e+00
-1.339943185591105035e+00
-1.339943185591105035e+00
-1.339943185591105035e+00
-1.339943185591105035e+00
-1.339943185591105035e+00
-1.339943185591105035e+00
-1.344259450814008217e+00
-1.401395118487268610e+00
-1.401395118487268610e+00
-1.401395118487268610e+00
-1.401395118487268610e+00
-1.401395118487268610e+00
-1.414471215089466050e+00
-1.441677487375175426e+00
-1.441677487375175426e+00
-1.446808045498499506e+00
-1.446808045498499506e+00
-1.446808045498499506e+00
-1.424762190641910120e+00
-1.424762190641910120e+00
-1.424762190641910120e+00
-1.424762190641910120e+00
-1.424762190641910120e+00
-1.261734369835935565e+00
-1.261734369835935565e+00
-1.159558446639810336e+00
-1.139322156887893067e+00
-1.139322156887893067e+00
-1.139322156887893067e+00
-1.278530685213282281e+00
-1.278530685213282281e+00
-1.278530685213282281e+00
-1.271470326994390776e+00
-1.268649078463961022e+00
-1.268649078463961022e+00
-1.272848983567713699e+00
-1.272848983567713699e+00
-1.272848983567713699e+00
-1.272848983567713699e+00
-1.272848983567713699e+00
-1.268469124861474562e+00
-1.244475007285123613e+00
-1.246075443282409934e+00
-1.246075443282409934e+00
-1.476361236426388057e+00
-1.476361236426388057e+00
-1.476361236426388057e+00
-1.476361236426388057e+00
-1.476361236426388057e+00
-1.476361236426388057e+00
-1.494499169161852992e+00
-1.494499169161852992e+00
-1.495502191109593371e+00
-1.495502191109593371e+00
-1.557883865290800252e+00
-1.456200164773040262e+00
-1.456200164773040262e+00
-1.456200164773040262e+00
-1.456200164773040262e+00
-1.456200164773040262e+00
-1.456200164773040262e+00
-1.465177330870473194e+00
-1.465177330870473194e+00
-1.465177330870473194e+00
-1.465177330870473194e+00
-1.465177330870473194e+00
-1.465177330870473194e+00
-1.443031982983503436e+00
-1.443031982983503436e+00
-1.443031982983503436e+00
-1.443031982983503436e+00
-1.328865155207267446e+00
-1.328865155207267446e+00
-1.328865155207267446e+00
-1.328865155207267446e+00
-1.328865155207267446e+00
-1.328865155207267446e+00
-1.328865155207267446e+00
-1.286000298268480391e+00
-1.286000298268480391e+00
-1.286000298268480391e+00
-1.286000298268480391e+00
-1.286000298268480391e+00
-1.286000298268480391e+00
-1.281382134949955676e+00
-1.281382134949955676e+00
-1.281382134949955676e+00
-1.281382134949955676e+00
-1.336300920118109303e+00
-1.336300920118109303e+00
-1.126364015940270358e+00
-1.126364015940270358e+00
-1.126364015940270358e+00
-1.126364015940270358e+00
-1.126364015940270358e+00
-1.126364015940270358e+00
-1.126364015940270358e+00
-1.126364015940270358e+00
-1.126364015940270358e+00
-1.117543782148488818e+00
-1.117543782148488818e+00
-1.065768999533716954e+00
-1.065768999533716954e+00
-1.065768999533716954e+00
-1.065768999533716954e+00
-1.065768999533716954e+00
-1.065768999533716954e+00
-1.319108911955561680e+00
-1.320746501134868689e+00
-1.320746501134868689e+00
-1.320746501134868689e+00
-1.320746501134868689e+00
-1.320746501134868689e+00
-1.320465800867025807e+00
-1.373432334476857530e+00
-1.373432334476857530e+00
-1.373432334476857530e+00
-1.375040520217632789e+00
-1.374788425620609544e+00
-1.374788425620609544e+00
-1.374788425620609544e+00
-1.347011293553485478e+00
-1.347011293553485478e+00
-1.346110157939261587e+00
-1.346110157939261587e+00
-1.346110157939261587e+00
-1.375087588512646786e+00
-1.374639243058447091e+00
-1.370878793997244882e+00
-1.371512221560651446e+00
-1.371512221560651446e+00
-1.371512221560651446e+00
-1.371512221560651446e+00
-1.371512221560651446e+00
-1.371512221560651446e+00
-1.371512221560651446e+00
-1.371512221560651446e+00
-1.370610516112347632e+00
-1.370610516112347632e+00
-1.371357568591320186e+00
-1.375579469290563628e+00
-1.370383608181663382e+00
-1.370383608181663382e+00
-1.370383608181663382e+00
-1.366863173234986961e+00
-1.368474322112978703e+00
-1.411683928670208310e+00
-1.354843435050424594e+00
-1.066734868299436867e+00
-1.066734868299436867e+00
-1.136308646338847428e+00
-1.136308646338847428e+00
-1.136308646338847428e+00
-1.136308646338847428e+00
-1.059001991899245931e+00
-1.059001991899245931e+00
-1.059001991899245931e+00
-1.059001991899245931e+00
-1.059001991899245931e+00
-1.059001991899245931e+00
-1.247155050930511822e+00
-1.247155050930511822e+00
-1.593566191583928759e+00
-1.555714279014339230e+00
-1.555714279014339230e+00
-1.555714279014339230e+00
-1.555714279014339230e+00
-1.555714279014339230e+00
-1.555714279014339230e+00
-1.570588202139159506e+00
-1.570588202139159506e+00
-1.570588202139159506e+00
-1.561246114296849230e+00
-1.561963193503210112e+00
-1.561963193503210112e+00
-1.484562858340845004e+00
-1.484562858340845004e+00
-1.484562858340845004e+00
-1.484562858340845004e+00
-1.484562858340845004e+00
-1.396553922109804446e+00
-1.396553922109804446e+00
-1.396553922109804446e+00
-1.505576629711610659e+00
-1.505576629711610659e+00
-1.332834733375855674e+00
-1.332834733375855674e+00
-1.332834733375855674e+00
-1.332834733375855674e+00
-1.266169844348389528e+00
-1.270394708184849453e+00
-1.270394708184849453e+00
-1.270394708184849453e+00
-1.422924703667314272e+00
-1.422924703667314272e+00
-1.422924703667314272e+00
-1.422924703667314272e+00
-1.445370923948561481e+00
-1.257689231668329910e+00
-1.257689231668329910e+00
-1.282470290109258615e+00
-1.282470290109258615e+00
-1.282470290109258615e+00
-1.282470290109258615e+00
-1.223610190542888443e+00
-1.223610190542888443e+00
-1.223610190542888443e+00
-1.238837068896904370e+00
-1.238837068896904370e+00
-1.238837068896904370e+00
-1.238837068896904370e+00
-9.659300798667775911e-01
-9.659300798667775911e-01
-9.659300798667775911e-01
-9.659300798667775911e-01
-9.659300798667775911e-01
-9.659300798667775911e-01
-9.659300798667775911e-01
-9.725691027668648125e-01
-9.725691027668648125e-01
-9.725691027668648125e-01
-9.725691027668648125e-01
-9.649122422329553528e-01
-9.649122422329553528e-01
-9.127917982652127282e-01
-9.127917982652127282e-01
-9.127917982652127282e-01
-9.127917982652127282e-01
-9.113148453130776039e-01
-9.113148453130776039e-01
-9.298724608485146037e-01
-9.996086416007455844e-01
-9.996086416007455844e-01
-9.815796611413900585e-01
-9.815796611413900585e-01
-9.815796611413900585e-01
-9.815796611413900585e-01
-9.815796611413900585e-01
-9.815796611413900585e-01
-9.666403210641776322e-01
-9.666403210641776322e-01
-9.666403210641776322e-01
-9.817704415913977023e-01
-9.817704415913977023e-01
-9.831986737296868339e-01
-9.831986737296868339e-01
-9.831986737296868339e-01
-9.831986737296868339e-01
-9.831986737296868339e-01
-9.831986737296868339e-01
-9.831986737296868339e-01
-1.049723155639823435e+00
-1.049723155639823435e+00
-1.049723155639823435e+00
-1.049723155639823435e+00
-1.049723155639823435e+00
-1.049723155639823435e+00
-1.049723155639823435e+00
-1.049723155639823435e+00
-1.102189944761432949e+00
-1.043144421185407733e+00
-1.164126692492920778e+00
-1.164126692492920778e+00
-1.164126692492920778e+00
-1.164126692492920778e+00
-8.639268733803218137e-01
-1.134304425912423087e+00
-1.134304425912423087e+00
-1.134304425912423087e+00
-1.134304425912423087e+00
-1.134304425912423087e+00
-1.134304425912423087e+00
-1.134304425912423087e+00
-1.134304425912423087e+00
-1.134304425912423087e+00
-1.242290605322580621e+00
-1.242290605322580621e+00
-1.242290605322580621e+00
-1.242290605322580621e+00
-1.242290605322580621e+00
-1.210771258884816515e+00
-1.210771258884816515e+00
-1.210771258884816515e+00
-1.210771258884816515e+00
-1.210771258884816515e+00
-1.210771258884816515e+00
-1.210771258884816515e+00
-1.210771258884816515e+00
-1.210771258884816515e+00
-1.210771258884816515e+00
-1.193168628284169808e+00
-1.193168628284169808e+00
-1.119515066165085226e+00
-1.119515066165085226e+00
-1.119515066165085226e+00
-1.119515066165085226e+00
-1.119515066165085226e+00
-1.149112362250771069e+00
-1.149112362250771069e+00
-1.149112362250771069e+00
-1.133986344528927548e+00
-1.133986344528927548e+00
-1.164739492062628834e+00
-1.164739492062628834e+00
-1.164739492062628834e+00
-1.164739492062628834e+00
-1.254945024705525825e+00
-1.254945024705525825e+00
-1.254945024705525825e+00
-1.252694635956510760e+00
-1.252694635956510760e+00
-1.252694635956510760e+00
-1.252694635956510760e+00
-1.252694635956510760e+00
-1.254139621216753930e+00
-1.254139621216753930e+00
-1.254139621216753930e+00
-1.254139621216753930e+00
-1.254139621216753930e+00
-1.228185502338591695e+00
-1.228185502338591695e+00
-1.224843425458977286e+00
-1.224843425458977286e+00
-1.224843425458977286e+00
-1.224843425458977286e+00
-1.224843425458977286e+00
-1.225232850069297497e+00
-1.225232850069297497e+00
-1.225232850069297497e+00
-1.225232850069297497e+00
-1.225232850069297497e+00
-1.228619487973973579e+00
-1.228619487973973579e+00
-1.228619487973973579e+00
-1.227312060660659343e+00
-1.227312060660659343e+00
-1.227312060660659343e+00
-1.227312060660659343e+00
-1.196382264562136255e+00
-1.196382264562136255e+00
-1.196382264562136255e+00
-1.196382264562136255e+00
-1.196382264562136255e+00
-1.196382264562136255e+00
-1.196382264562136255e+00
-1.265955244833834925e+00
-1.265955244833834925e+00
-1.265955244833834925e+00
-1.265955244833834925e+00
-1.265955244833834925e+00
-1.153928599895528206e+00
-1.153928599895528206e+00
-1.153928599895528206e+00
-1.153928599895528206e+00
-1.153928599895528206e+00
-1.153928599895528206e+00
-1.153928599895528206e+00
-1.274909503601249217e+00
-1.274909503601249217e+00
-1.274909503601249217e+00
-1.274909503601249217e+00
-1.274909503601249217e+00
-1.274909503601249217e+00
-1.278311527026086969e+00
-1.281715487886797122e+00
-1.281715487886797122e+00
-1.281715487886797122e+00
-1.276781294587465254e+00
-1.276781294587465254e+00
-1.276781294587465254e+00
-1.276781294587465254e+00
-1.276781294587465254e+00
-1.276781294587465254e+00
-1.276781294587465254e+00
-1.276781294587465254e+00
-1.276781294587465254e+00
-1.276781294587465254e+00
-1.276781294587465254e+00
-1.276781294587465254e+00
-1.276781294587465254e+00
-1.276781294587465254e+00
-1.276781294587465254e+00
-1.217174712376202450e+00
-1.217174712376202450e+00
-1.217174712376202450e+00
-1.217174712376202450e+00
-1.217174712376202450e+00
-1.217174712376202450e+00
-1.217174712376202450e+00
-1.217174712376202450e+00
-1.217174712376202450e+00
-1.202518351903153038e+00
-1.291916087754142017e+00
-1.283127536737212138e+00
-1.283127536737212138e+00
-1.283127536737212138e+00
-9.893357867720478094e-01
-9.893357867720478094e-01
-9.893357867720478094e-01
-9.893357867720478094e-01
-9.893357867720478094e-01
-9.893357867720478094e-01
-9.893357867720478094e-01
-9.893357867720478094e-01
-9.893357867720478094e-01
-9.893357867720478094e-01
-9.893357867720478094e-01
-9.996592428670557640e-01
-9.996592428670557640e-01
-9.996592428670557640e-01
-9.996592428670557640e-01
-9.996592428670557640e-01
-9.996592428670557640e-01
-9.996592428670557640e-01
-9.996592428670557640e-01
-9.996592428670557640e-01
-9.996592428670557640e-01
-9.996592428670557640e-01
-9.996592428670557640e-01
-9.996592428670557640e-01
-1.003138649759967249e+00
-1.024846137139810764e+00
-9.801627117178863813e-01
-9.787773311024186018e-01
-9.787773311024186018e-01
-9.787773311024186018e-01
-9.787773311024186018e-01
-9.787773311024186018e-01
-9.787773311024186018e-01
-9.784438641987611707e-01
-9.784438641987611707e-01
-9.784438641987611707e-01
-9.814107623200570840e-01
-1.057260692917366018e+00
-1.027514214269517723e+00
-1.027514214269517723e+00
-1.027514214269517723e+00
-1.027514214269517723e+00
-1.030440540204312416e+00
-1.126836864259913140e+00
-1.126836864259913140e+00
-1.118192253331609098e+00
-1.173261474696901452e+00
-1.080119473072584491e+00
-1.080119473072584491e+00
-1.080119473072584491e+00
-1.080119473072584491e+00
-1.080119473072584491e+00
-1.080119473072584491e+00
-1.191958870532179748e+00
-1.191958870532179748e+00
-1.191958870532179748e+00
-1.191301054070146304e+00
-1.191301054070146304e+00
-1.199931647080080488e+00
-1.199931647080080488e+00
-1.199931647080080488e+00
-1.199931647080080488e+00
-1.199931647080080488e+00
-1.199787251124190490e+00
-1.199787251124190490e+00
-1.171859796826743683e+00
-1.171859796826743683e+00
-1.171859796826743683e+00
-1.171859796826743683e+00
-1.260524953984393681e+00
-1.260524953984393681e+00
-1.260524953984393681e+00
-1.261575614061227979e+00
-1.269430207020921797e+00
-1.269430207020921797e+00
-1.269430207020921797e+00
-1.269430207020921797e+00
-1.269430207020921797e+00
-1.269430207020921797e+00
-1.149377904932084027e+00
-1.112985907275635622e+00
-1.112985907275635622e+00
-1.112985907275635622e+00
-1.112985907275635622e+00
-1.112985907275635622e+00
-1.112985907275635622e+00
-1.106745312364333822e+00
-1.106745312364333822e+00
-1.106745312364333822e+00
-1.106745312364333822e+00
-1.239160164820304555e+00
-1.239160164820304555e+00
-1.239160164820304555e+00
-1.239160164820304555e+00
-1.239160164820304555e+00
-1.239160164820304555e+00
-1.239160164820304555e+00
-1.239160164820304555e+00
-1.239160164820304555e+00
-1.239160164820304555e+00
-1.239160164820304555e+00
-1.239160164820304555e+00
-1.261473499794079300e+00
-1.316481748912804006e+00
-1.316481748912804006e+00
-1.314699079976710872e+00
-1.314699079976710872e+00
-1.314699079976710872e+00
-1.314640615000095547e+00
-1.314640615000095547e+00
-1.302234301375613246e+00
-1.302234301375613246e+00
-1.302234301375613246e+00
-1.302234301375613246e+00
-1.302234301375613246e+00
-1.300953656264062452e+00
-1.300953656264062452e+00
-1.300953656264062452e+00
-1.300953656264062452e+00
-1.300953656264062452e+00
-1.353363689911297074e+00
-1.353363689911297074e+00
-1.353363689911297074e+00
-1.353363689911297074e+00
-1.352104926428421061e+00
-1.354503586005070481e+00
-1.354503586005070481e+00
-1.354503586005070481e+00
-1.354503586005070481e+00
-1.392818545748125247e+00
-1.473457817821612004e+00
-1.473457817821612004e+00
-1.473457817821612004e+00
-1.500743524978083387e+00
-1.500743524978083387e+00
-1.500743524978083387e+00
-1.333393398707956923e+00
-1.333393398707956923e+00
-1.333393398707956923e+00
-1.333393398707956923e+00
-1.333393398707956923e+00
-1.333393398707956923e+00
-1.333393398707956923e+00
-1.333393398707956923e+00
-1.309747563721344932e+00
-1.309747563721344932e+00
-1.309747563721344932e+00
-1.311167134381616917e+00
-1.302758320795646352e+00
-1.302758320795646352e+00
-1.302758320795646352e+00
-1.302758320795646352e+00
-1.307954637771810535e+00
-1.307954637771810535e+00
-1.307954637771810535e+00
-1.307954637771810535e+00
-1.307954637771810535e+00
-1.307954637771810535e+00
-1.345991062616526790e+00
-1.345991062616526790e+00
-1.345991062616526790e+00
-1.345991062616526790e+00
-1.345991062616526790e+00
-1.345991062616526790e+00
-1.335469646162102286e+00
-1.335718663655093286e+00
-1.263519204141532848e+00
-1.263519204141532848e+00
-1.263519204141532848e+00
-1.263519204141532848e+00
-1.263519204141532848e+00
-1.263519204141532848e+00
-1.229101453638897334e+00
-1.229101453638897334e+00
-1.229101453638897334e+00
-1.229101453638897334e+00
-1.229101453638897334e+00
-1.229101453638897334e+00
-1.043457601995814610e+00
-1.127840570008549426e+00
-1.132383287294872698e+00
-1.217141775966374295e+00
-1.217141775966374295e+00
-1.217141775966374295e+00
-9.188534652753723719e-01
-9.188534652753723719e-01
-9.188534652753723719e-01
-9.188534652753723719e-01
-1.217130151351140999e+00
-1.217130151351140999e+00
-1.217130151351140999e+00
-1.217130151351140999e+00
-1.216865178503907963e+00
-1.216865178503907963e+00
-1.212254195094792264e+00
-1.212254195094792264e+00
-1.212254195094792264e+00
-1.217578154904892518e+00
-1.217578154904892518e+00
-1.217578154904892518e+00
-1.217578154904892518e+00
-1.217578154904892518e+00
-1.217578154904892518e+00
-1.217578154904892518e+00
-1.277070656333325172e+00
-1.277070656333325172e+00
-1.277070656333325172e+00
-1.277070656333325172e+00
-1.380614181321619949e+00
-1.380614181321619949e+00
-1.383525349669884941e+00
-1.383525349669884941e+00
-1.383525349669884941e+00
-1.383525349669884941e+00
-1.372254487433351322e+00
-1.304162961803020382e+00
-1.302566742577926595e+00
-1.302566742577926595e+00
-1.302566742577926595e+00
-1.302566742577926595e+00
-1.302566742577926595e+00
-1.241660140896390541e+00
-1.241660140896390541e+00
-1.241660140896390541e+00
-1.341781812233860949e+00
-1.341781812233860949e+00
-1.341781812233860949e+00
-1.341781812233860949e+00
-1.341781812233860949e+00
-1.341781812233860949e+00
-1.341781812233860949e+00
-1.341781812233860949e+00
-1.341781812233860949e+00
-1.341781812233860949e+00
-1.341781812233860949e+00
-1.425202444452172701e+00
-1.425202444452172701e+00
-1.425202444452172701e+00
-1.425202444452172701e+00
-1.425202444452172701e+00
-1.425202444452172701e+00
-1.445413775471382722e+00
-1.445413775471382722e+00
-1.445413775471382722e+00
-1.243238695265002303e+00
-1.413291088709639709e+00
-1.120841639903489728e+00
-1.120841639903489728e+00
-1.120841639903489728e+00
-1.120841639903489728e+00
-1.120841639903489728e+00
-1.120841639903489728e+00
-1.120841639903489728e+00
-1.120841639903489728e+00
-1.120841639903489728e+00
-1.120841639903489728e+00
-1.120841639903489728e+00
-1.120841639903489728e+00
-1.120841639903489728e+00
-1.120841639903489728e+00
-1.120841639903489728e+00
-1.082630503929823851e+00
-1.082630503929823851e+00
-1.082630503929823851e+00
-1.082630503929823851e+00
-1.082630503929823851e+00
-1.082630503929823851e+00
-1.082630503929823851e+00
-1.082630503929823851e+00
-1.082630503929823851e+00
-1.082630503929823851e+00
-1.082630503929823851e+00
-1.082630503929823851e+00
-1.082630503929823851e+00
-1.082630503929823851e+00
-1.088608291363396985e+00
-1.088608291363396985e+00
-1.088608291363396985e+00
-1.088608291363396985e+00
-1.088608291363396985e+00
-1.088608291363396985e+00
-1.088608291363396985e+00
-1.088608291363396985e+00
-1.088608291363396985e+00
-1.088608291363396985e+00
-1.088608291363396985e+00
-1.088608291363396985e+00
-1.088608291363396985e+00
-1.088608291363396985e+00
-1.088608291363396985e+00
-1.088608291363396985e+00
-1.088608291363396985e+00
-1.088608291363396985e+00
-1.088608291363396985e+00
-1.088608291363396985e+00
-1.088608291363396985e+00
-1.106827710372312090e+00
-1.106827710372312090e+00
-1.106827710372312090e+00
-1.106827710372312090e+00
-1.106827710372312090e+00
-1.106827710372312090e+00
-1.106827710372312090e+00
-1.000391821560394634e+00
-9.741465174673163974e-01
-1.048935872874797726e+00
-1.048935872874797726e+00
-1.022263990989378701e+00
-1.022263990989378701e+00
-1.184180749306031455e+00
-1.184180749306031455e+00
-1.184180749306031455e+00
-1.184180749306031455e+00
-1.184180749306031455e+00
-1.184180749306031455e+00
-1.184180749306031455e+00
-1.184180749306031455e+00
-1.184180749306031455e+00
-1.184180749306031455e+00
-1.184180749306031455e+00
-1.276501392087334485e+00
-1.276501392087334485e+00
-1.276501392087334485e+00
-1.276501392087334485e+00
-1.276501392087334485e+00
-1.276031620871724392e+00
-1.382518110949952028e+00
-1.382518110949952028e+00
-1.393228370418511997e+00
-1.357799506324198990e+00
-1.357799506324198990e+00
-1.357799506324198990e+00
-1.374616905562508373e+00
-1.374616905562508373e+00
-1.298860883621595130e+00
-1.683085530027604637e+00
-1.683085530027604637e+00
-1.598157914601137985e+00
-1.598157914601137985e+00
-1.598157914601137985e+00
-1.598157914601137985e+00
-1.598157914601137985e+00
-1.598157914601137985e+00
-1.598157914601137985e+00
-1.598157914601137985e+00
-1.598157914601137985e+00
-1.598157914601137985e+00
-1.573572765116937777e+00
-1.573572765116937777e+00
-1.573572765116937777e+00
-1.559869509126214471e+00
-1.559869509126214471e+00
-1.689756121735727756e+00
-1.689756121735727756e+00
-1.689756121735727756e+00
-1.689756121735727756e+00
-1.689756121735727756e+00
-1.689756121735727756e+00
-1.689756121735727756e+00
-1.689756121735727756e+00
-1.689756121735727756e+00
-1.689756121735727756e+00
-1.689756121735727756e+00
-1.689756121735727756e+00
-1.689756121735727756e+00
-1.627502318322088692e+00
-1.627502318322088692e+00
-1.627502318322088692e+00
-1.627502318322088692e+00
-1.627502318322088692e+00
-1.627502318322088692e+00
-1.502495308907036531e+00
-1.502495308907036531e+00
-1.502495308907036531e+00
-1.502495308907036531e+00
-1.502495308907036531e+00
-1.506184984575493990e+00
-1.506184984575493990e+00
-1.506184984575493990e+00
-1.473406988621669633e+00
-1.473406988621669633e+00
-1.473406988621669633e+00
-1.470404304920145400e+00
-1.470404304920145400e+00
-1.470404304920145400e+00
-1.470404304920145400e+00
-1.470404304920145400e+00
-1.470404304920145400e+00
-1.470404304920145400e+00
-1.470404304920145400e+00
-1.470404304920145400e+00
-1.470404304920145400e+00
-1.470404304920145400e+00
-1.486338575301161091e+00
-1.486338575301161091e+00
-1.486338575301161091e+00
-1.486338575301161091e+00
-1.486338575301161091e+00
-1.486338575301161091e+00
-1.417799501984342792e+00
-1.417799501984342792e+00
-1.417799501984342792e+00
-1.433294430289624000e+00
-1.433294430289624000e+00
-1.433294430289624000e+00
-1.433294430289624000e+00
-1.433294430289624000e+00
-1.433294430289624000e+00
-1.410863823462170652e+00
