# Variable: dg_gbsa_00000427
# Sample shape: (2000,)
# Date: 2014-03-03 06:24:09.015537
-1.799836469881848922e-01
-1.799836469881848922e-01
-1.799836469881848922e-01
-1.799836469881848922e-01
-1.799836469881848922e-01
-1.607685711370143433e-01
-1.607685711370143433e-01
-1.607685711370143433e-01
-1.556249923049605743e-01
-1.556249923049605743e-01
-1.556249923049605743e-01
-1.556249923049605743e-01
-1.911227635854060858e-01
-1.415735961830182910e-01
-1.415735961830182910e-01
-1.415735961830182910e-01
-8.721807063423651918e-02
-2.116925238024435982e-02
-5.015522298575815219e-01
-5.015522298575815219e-01
-8.721807063423651918e-02
-8.721807063423651918e-02
-8.721807063423651918e-02
-8.816999271084655088e-02
-8.816999271084655088e-02
-8.816999271084655088e-02
-8.816999271084655088e-02
-8.816999271084655088e-02
-1.801799334599912469e-02
-1.801799334599912469e-02
-1.788147890772919663e-02
-1.788147890772919663e-02
-3.516308279497901146e-02
-4.108068862677076438e-02
-4.108068862677076438e-02
-4.108068862677076438e-02
-4.108068862677076438e-02
-7.368784903568245115e-01
-9.035329631820007146e-01
-9.035329631820007146e-01
-9.035329631820007146e-01
-6.775651447631660940e-01
-6.775651447631660940e-01
-6.775651447631660940e-01
-5.475673860163351309e-02
-5.425950850628985522e-02
-5.425950850628985522e-02
-4.737108347520773560e-02
-4.669719769211617272e-02
-4.669719769211617272e-02
-4.578224003998772329e-02
-4.669719769211617272e-02
-4.669719769211617272e-02
-4.669719769211617272e-02
-4.078399739005597602e-02
-4.078399739005597602e-02
-4.107943499179460278e-02
-4.107943499179460278e-02
-8.260795622209289590e-02
-8.260795622209289590e-02
-8.260795622209289590e-02
-8.260795622209289590e-02
-8.260795622209289590e-02
-8.260795622209289590e-02
-8.260795622209289590e-02
-8.260795622209289590e-02
-8.260795622209289590e-02
-8.260795622209289590e-02
-8.260795622209289590e-02
-8.260795622209289590e-02
-8.260795622209289590e-02
-8.260795622209289590e-02
-8.260795622209289590e-02
-8.260795622209289590e-02
-8.260795622209289590e-02
-8.260795622209289590e-02
-8.260795622209289590e-02
-8.260795622209289590e-02
-8.260795622209289590e-02
-1.022866989412909433e-01
-9.989464765923885062e-03
-9.989464765923885062e-03
-9.989464765923885062e-03
-9.989464765923885062e-03
-9.989464765923885062e-03
-9.989464765923885062e-03
-9.989464765923885062e-03
-9.989464765923885062e-03
-9.989464765923885062e-03
-9.448304024469783222e-03
-9.448304024469783222e-03
-9.448304024469783222e-03
-9.552967408761011900e-03
-9.552967408761011900e-03
-9.552967408761011900e-03
-9.552967408761011900e-03
-9.552967408761011900e-03
-9.552967408761011900e-03
-9.552967408761011900e-03
-9.552967408761011900e-03
-9.552967408761011900e-03
-9.552967408761011900e-03
-1.444119735697487264e-02
-1.444119735697487264e-02
-2.627027707163735737e-02
-2.627027707163735737e-02
-2.627027707163735737e-02
-2.627027707163735737e-02
-2.627027707163735737e-02
-2.627027707163735737e-02
-2.627027707163735737e-02
-2.627027707163735737e-02
-2.627027707163735737e-02
-2.627027707163735737e-02
-2.627027707163735737e-02
-2.627027707163735737e-02
-2.627027707163735737e-02
-2.627027707163735737e-02
-2.627027707163735737e-02
-2.627027707163735737e-02
-2.627027707163735737e-02
-2.627027707163735737e-02
-2.627027707163735737e-02
-2.627027707163735737e-02
-2.627027707163735737e-02
-2.627027707163735737e-02
-2.627027707163735737e-02
-2.627027707163735737e-02
-2.627027707163735737e-02
-2.627027707163735737e-02
-2.627027707163735737e-02
-2.627027707163735737e-02
-2.627027707163735737e-02
-2.627027707163735737e-02
-2.627027707163735737e-02
-2.627027707163735737e-02
-2.627027707163735737e-02
-2.627027707163735737e-02
-2.627027707163735737e-02
-2.627027707163735737e-02
-2.627027707163735737e-02
-2.627027707163735737e-02
-2.627027707163735737e-02
-2.627027707163735737e-02
-2.627027707163735737e-02
-2.627027707163735737e-02
-2.627027707163735737e-02
-2.627027707163735737e-02
-2.627027707163735737e-02
-2.627027707163735737e-02
-2.627027707163735737e-02
-2.627027707163735737e-02
-2.627027707163735737e-02
-2.627027707163735737e-02
-2.627027707163735737e-02
-2.627027707163735737e-02
-2.627027707163735737e-02
-2.627027707163735737e-02
-2.627027707163735737e-02
-2.627027707163735737e-02
-2.627027707163735737e-02
-2.627027707163735737e-02
-2.627027707163735737e-02
-2.627027707163735737e-02
-2.627027707163735737e-02
-2.627027707163735737e-02
-2.627027707163735737e-02
-2.627027707163735737e-02
-2.627027707163735737e-02
-2.627027707163735737e-02
-2.627027707163735737e-02
-2.627027707163735737e-02
-2.627027707163735737e-02
-2.627027707163735737e-02
-2.627027707163735737e-02
-2.627027707163735737e-02
-2.627027707163735737e-02
-2.627027707163735737e-02
-3.273749143512025284e-02
-3.273749143512025284e-02
-3.273749143512025284e-02
-3.273749143512025284e-02
-3.273749143512025284e-02
-3.273749143512025284e-02
-3.273749143512025284e-02
-4.166096135489571334e-02
-4.166096135489571334e-02
-4.166096135489571334e-02
-4.166096135489571334e-02
-4.166096135489571334e-02
-4.166096135489571334e-02
-4.166096135489571334e-02
-4.166096135489571334e-02
-4.166096135489571334e-02
-4.166096135489571334e-02
-4.166096135489571334e-02
-5.061939059548350300e-02
-5.061939059548350300e-02
-5.061939059548350300e-02
-5.061939059548350300e-02
-5.061939059548350300e-02
-5.073137367660639219e-02
-5.073137367660639219e-02
-5.073137367660639219e-02
-5.073137367660639219e-02
-5.073137367660639219e-02
-5.073137367660639219e-02
-5.073137367660639219e-02
-5.073137367660639219e-02
-1.409003176293682942e-02
-1.409003176293682942e-02
-1.409003176293682942e-02
-1.409003176293682942e-02
-1.409003176293682942e-02
-1.409003176293682942e-02
-1.409003176293682942e-02
-1.409003176293682942e-02
-1.968069796238528998e-02
-1.968069796238528998e-02
-1.968069796238528998e-02
-1.968069796238528998e-02
-1.968069796238528998e-02
-1.968069796238528998e-02
-1.968069796238528998e-02
-1.968069796238528998e-02
-1.968069796238528998e-02
-1.968069796238528998e-02
-1.968069796238528998e-02
-1.968069796238528998e-02
-1.968069796238528998e-02
-1.968069796238528998e-02
-4.174451327688607355e-02
-4.174451327688607355e-02
-4.174451327688607355e-02
-4.174451327688607355e-02
-4.174451327688607355e-02
-4.174451327688607355e-02
-4.174451327688607355e-02
-4.174451327688607355e-02
-4.174451327688607355e-02
-4.174451327688607355e-02
-4.174451327688607355e-02
-4.174451327688607355e-02
-4.174451327688607355e-02
-4.174451327688607355e-02
-4.174451327688607355e-02
-4.174451327688607355e-02
-4.174451327688607355e-02
-4.174451327688607355e-02
-4.174451327688607355e-02
-4.174451327688607355e-02
-4.174451327688607355e-02
-4.174451327688607355e-02
-4.174451327688607355e-02
-4.174451327688607355e-02
-4.174451327688607355e-02
-4.174451327688607355e-02
-4.174451327688607355e-02
-4.174451327688607355e-02
-4.174451327688607355e-02
-1.102174858404163064e-02
-1.102174858404163064e-02
-1.102174858404163064e-02
-1.102174858404163064e-02
-1.102174858404163064e-02
-1.102174858404163064e-02
-1.102174858404163064e-02
-1.102174858404163064e-02
-1.102174858404163064e-02
-1.102174858404163064e-02
-1.102174858404163064e-02
-1.102174858404163064e-02
-1.102174858404163064e-02
-1.102174858404163064e-02
-1.102174858404163064e-02
-1.102174858404163064e-02
-1.102174858404163064e-02
-1.102174858404163064e-02
-1.102174858404163064e-02
-1.102174858404163064e-02
-1.102174858404163064e-02
-1.102174858404163064e-02
-1.102174858404163064e-02
-1.102174858404163064e-02
-1.102174858404163064e-02
-1.102174858404163064e-02
-1.102174858404163064e-02
-1.102174858404163064e-02
-1.102174858404163064e-02
-1.102174858404163064e-02
-1.102174858404163064e-02
-1.102174858404163064e-02
-1.102174858404163064e-02
-1.102174858404163064e-02
-1.102174858404163064e-02
-1.102174858404163064e-02
-1.102174858404163064e-02
-1.102174858404163064e-02
-1.102174858404163064e-02
-1.102174858404163064e-02
-5.124395723894494686e-02
-3.243755570561206170e-02
-3.243755570561206170e-02
-3.243755570561206170e-02
-3.243755570561206170e-02
-3.243755570561206170e-02
-3.243755570561206170e-02
-3.243755570561206170e-02
-3.243755570561206170e-02
-3.243755570561206170e-02
-5.416275067949385957e-02
-5.783231832785086513e-02
-5.783231832785086513e-02
-7.444424251981264506e-02
-7.444424251981264506e-02
-7.444424251981264506e-02
-7.444424251981264506e-02
-7.444424251981264506e-02
-7.444424251981264506e-02
-7.444424251981264506e-02
-7.444424251981264506e-02
-7.444424251981264506e-02
-7.444424251981264506e-02
-7.444424251981264506e-02
-7.444424251981264506e-02
-7.444424251981264506e-02
-7.444424251981264506e-02
-7.444424251981264506e-02
-7.444424251981264506e-02
-7.444424251981264506e-02
-7.444424251981264506e-02
-7.444424251981264506e-02
-7.444424251981264506e-02
-7.444424251981264506e-02
-7.444424251981264506e-02
-7.444424251981264506e-02
-7.444424251981264506e-02
-7.444424251981264506e-02
-7.444424251981264506e-02
-8.280630834243948857e-02
-8.280630834243948857e-02
-1.377039134901294690e-02
-1.377039134901294690e-02
-1.377039134901294690e-02
-1.377039134901294690e-02
-1.377039134901294690e-02
-1.377039134901294690e-02
-2.694461516052997288e-02
-2.694461516052997288e-02
-2.694461516052997288e-02
-2.694461516052997288e-02
-1.861457223247159690e-02
-1.861457223247159690e-02
-1.861457223247159690e-02
-1.861457223247159690e-02
-1.861457223247159690e-02
-1.861457223247159690e-02
-1.861457223247159690e-02
-1.861457223247159690e-02
-1.881672621457116182e-02
-1.881672621457116182e-02
-1.881672621457116182e-02
-1.881672621457116182e-02
-1.881672621457116182e-02
-1.881672621457116182e-02
-1.844249302467925941e-02
-1.844249302467925941e-02
-1.844249302467925941e-02
-1.844249302467925941e-02
-1.844249302467925941e-02
-1.844249302467925941e-02
-1.844249302467925941e-02
-1.844249302467925941e-02
-1.844249302467925941e-02
-1.844249302467925941e-02
-1.660009835406881309e-02
-1.660009835406881309e-02
-1.660009835406881309e-02
-1.660009835406881309e-02
-1.660009835406881309e-02
-1.660009835406881309e-02
-1.660009835406881309e-02
-2.581395750177977594e-02
-2.581395750177977594e-02
-2.581395750177977594e-02
-2.581395750177977594e-02
-2.581395750177977594e-02
-2.581395750177977594e-02
-2.581395750177977594e-02
-2.581395750177977594e-02
-2.089332447282214733e-02
-5.057725136526227544e-02
-5.057725136526227544e-02
-5.057725136526227544e-02
-5.057725136526227544e-02
-5.057725136526227544e-02
-5.057725136526227544e-02
-5.057725136526227544e-02
-4.833469427338521474e-02
-5.185598753264483718e-02
-5.185598753264483718e-02
-5.185598753264483718e-02
-5.185598753264483718e-02
-5.185598753264483718e-02
-5.185598753264483718e-02
-5.185598753264483718e-02
-5.185598753264483718e-02
-5.185598753264483718e-02
-2.431460116664036636e-02
-2.093315409428758711e-02
-2.093315409428758711e-02
-2.093315409428758711e-02
-2.093315409428758711e-02
-2.093315409428758711e-02
-2.093315409428758711e-02
-2.093315409428758711e-02
-2.093315409428758711e-02
-2.093315409428758711e-02
-2.093315409428758711e-02
-2.093315409428758711e-02
-2.093315409428758711e-02
-2.093315409428758711e-02
-2.093315409428758711e-02
-2.093315409428758711e-02
-2.574751484804353729e-02
-2.574751484804353729e-02
-2.574751484804353729e-02
-2.574751484804353729e-02
-2.574751484804353729e-02
-2.574751484804353729e-02
-2.574751484804353729e-02
-2.574751484804353729e-02
-2.574751484804353729e-02
-2.574751484804353729e-02
-2.574751484804353729e-02
-2.574751484804353729e-02
-2.574751484804353729e-02
-2.574751484804353729e-02
-2.574751484804353729e-02
-2.574751484804353729e-02
-2.574751484804353729e-02
-2.574751484804353729e-02
-2.574751484804353729e-02
-2.574751484804353729e-02
-2.574751484804353729e-02
-2.711520745751962516e-02
-2.711520745751962516e-02
-2.711520745751962516e-02
-2.711520745751962516e-02
-2.711520745751962516e-02
-2.711520745751962516e-02
-2.711520745751962516e-02
-2.711520745751962516e-02
-2.711520745751962516e-02
-2.711520745751962516e-02
-2.711520745751962516e-02
-2.711520745751962516e-02
-2.711520745751962516e-02
-2.711520745751962516e-02
-3.465096934575651738e-02
-3.465096934575651738e-02
-3.465096934575651738e-02
-3.465096934575651738e-02
-3.465096934575651738e-02
-3.465096934575651738e-02
-3.465096934575651738e-02
-3.465096934575651738e-02
-3.465096934575651738e-02
-3.465096934575651738e-02
-3.465096934575651738e-02
-3.465096934575651738e-02
-3.465096934575651738e-02
-3.465096934575651738e-02
-3.465096934575651738e-02
-3.465096934575651738e-02
-3.465096934575651738e-02
-3.465096934575651738e-02
-3.465096934575651738e-02
-3.465096934575651738e-02
-3.465096934575651738e-02
-3.465096934575651738e-02
-3.465096934575651738e-02
-3.465096934575651738e-02
-3.465096934575651738e-02
-3.465096934575651738e-02
-3.465096934575651738e-02
-3.465096934575651738e-02
-3.465096934575651738e-02
-3.465096934575651738e-02
-2.010839049264532066e-02
-4.090000848583235510e-02
-4.090000848583235510e-02
-4.090000848583235510e-02
-4.090000848583235510e-02
-4.090000848583235510e-02
-4.090000848583235510e-02
-4.090000848583235510e-02
-4.090000848583235510e-02
-4.090000848583235510e-02
-4.090000848583235510e-02
-4.090000848583235510e-02
-4.090000848583235510e-02
-3.304997419877900300e-02
-3.304997419877900300e-02
-3.304997419877900300e-02
-3.304997419877900300e-02
-3.304997419877900300e-02
-3.304997419877900300e-02
-3.304997419877900300e-02
-5.641658692469331965e-02
-5.644388197712870564e-02
-5.644388197712870564e-02
-5.279328624217505261e-02
-3.304997419877900300e-02
-3.304997419877900300e-02
-3.304997419877900300e-02
-3.304997419877900300e-02
-3.304997419877900300e-02
-3.304997419877900300e-02
-3.304997419877900300e-02
-3.304997419877900300e-02
-3.304997419877900300e-02
-3.304997419877900300e-02
-3.304997419877900300e-02
-3.304997419877900300e-02
-3.304997419877900300e-02
-3.301472996092662954e-02
-3.303481661224912103e-02
-3.303481661224912103e-02
-3.303481661224912103e-02
-3.303481661224912103e-02
-3.303481661224912103e-02
-3.303481661224912103e-02
-3.304458926672233093e-02
-3.304458926672233093e-02
-3.304458926672233093e-02
-3.304458926672233093e-02
-3.304458926672233093e-02
-3.304458926672233093e-02
-3.304458926672233093e-02
-3.304458926672233093e-02
-3.304458926672233093e-02
-3.304458926672233093e-02
-3.304518759250640869e-02
-3.304518759250640869e-02
-3.304518759250640869e-02
-3.304518759250640869e-02
-3.304518759250640869e-02
-3.304518759250640869e-02
-3.304518759250640869e-02
-3.304518759250640869e-02
-3.304518759250640869e-02
-3.304518759250640869e-02
-3.304518759250640869e-02
-3.304518759250640869e-02
-3.304518759250640869e-02
-3.303208140866478043e-02
-3.303208140866478043e-02
-3.303208140866478043e-02
-3.303208140866478043e-02
-3.303208140866478043e-02
-3.303208140866478043e-02
-3.303208140866478043e-02
-3.303208140866478043e-02
-3.303208140866478043e-02
-1.901399208870262203e-02
-1.901399208870262203e-02
-1.901399208870262203e-02
-1.901399208870262203e-02
-1.901399208870262203e-02
-1.901399208870262203e-02
-1.901399208870262203e-02
-1.901399208870262203e-02
-1.901399208870262203e-02
-1.882460595145963797e-02
-1.882460595145963797e-02
-1.882460595145963797e-02
-1.882460595145963797e-02
-1.882460595145963797e-02
-1.882460595145963797e-02
-1.882460595145963797e-02
-1.882460595145963797e-02
-1.882463444316364448e-02
-1.882383667545154543e-02
-1.882383667545154543e-02
-1.882383667545154543e-02
-1.882383667545154543e-02
-1.845925148882783876e-02
-2.655566422478874283e-02
-2.655566422478874283e-02
-2.655566422478874283e-02
-2.655566422478874283e-02
-2.656706090639015735e-02
-2.656706090639015735e-02
-2.656706090639015735e-02
-2.656706090639015735e-02
-2.656706090639015735e-02
-2.656706090639015735e-02
-3.337288492610303997e-02
-1.894998547565868510e-02
-1.894998547565868510e-02
-1.894998547565868510e-02
-1.894998547565868510e-02
-1.894998547565868510e-02
-1.894998547565868510e-02
-1.894998547565868510e-02
-2.960680697262856736e-02
-3.470422034053911864e-02
-3.470422034053911864e-02
-3.470422034053911864e-02
-3.470422034053911864e-02
-3.470422034053911864e-02
-3.470422034053911864e-02
-3.225033671860484674e-02
-3.225033671860484674e-02
-3.225033671860484674e-02
-3.225033671860484674e-02
-3.225033671860484674e-02
-3.225033671860484674e-02
-3.225033671860484674e-02
-2.181720002830370153e-02
-2.181720002830370153e-02
-2.052837779770389642e-02
-2.052837779770389642e-02
-2.052837779770389642e-02
-2.052837779770389642e-02
-2.052837779770389642e-02
-2.052837779770389642e-02
-2.052837779770389642e-02
-2.052837779770389642e-02
-2.052837779770389642e-02
-2.052837779770389642e-02
-2.052837779770389642e-02
-2.052837779770389642e-02
-2.052837779770389642e-02
-2.052008671183886898e-02
-2.052008671183886898e-02
-2.052008671183886898e-02
-2.052008671183886898e-02
-2.052008671183886898e-02
-2.052008671183886898e-02
-2.052276493201520002e-02
-2.052276493201520002e-02
-1.894903634576906859e-02
-1.894903634576906859e-02
-1.894903634576906859e-02
-1.894892237895305295e-02
-1.894892237895305295e-02
-1.894892237895305295e-02
-1.894892237895305295e-02
-1.894943522962511812e-02
-1.894943522962511812e-02
-1.894943522962511812e-02
-1.894943522962511812e-02
-1.894943522962511812e-02
-1.894943522962511812e-02
-1.894943522962511812e-02
-1.894943522962511812e-02
-1.894943522962511812e-02
-1.894943522962511812e-02
-1.894943522962511812e-02
-1.894943522962511812e-02
-1.914531925611240651e-02
-1.914531925611240651e-02
-1.914531925611240651e-02
-1.914531925611240651e-02
-1.914531925611240651e-02
-1.914531925611240651e-02
-1.914531925611240651e-02
-1.747433779971321530e-02
-1.747433779971321530e-02
-1.747433779971321530e-02
-1.747433779971321530e-02
-1.747433779971321530e-02
-1.747430930800920879e-02
-1.747430930800920879e-02
-1.747430930800920879e-02
-1.747430930800920879e-02
-1.747430930800920879e-02
-1.747430930800920879e-02
-1.747430930800920879e-02
-1.747430930800920879e-02
-1.747430930800920879e-02
-1.747430930800920879e-02
-1.747430930800920879e-02
-1.747430930800920879e-02
-1.747430930800920879e-02
-1.747430930800920879e-02
-1.747430930800920879e-02
-1.747430930800920879e-02
-1.747430930800920879e-02
-1.747430930800920879e-02
-1.747430930800920879e-02
-1.747430930800920879e-02
-1.747430930800920879e-02
-1.747430930800920879e-02
-1.747430930800920879e-02
-1.747430930800920879e-02
-1.747430930800920879e-02
-1.747430930800920879e-02
-1.747430930800920879e-02
-1.747430930800920879e-02
-1.747430930800920879e-02
-1.747430930800920879e-02
-1.747430930800920879e-02
-1.747430930800920879e-02
-1.747430930800920879e-02
-1.747430930800920879e-02
-1.747430930800920879e-02
-1.747430930800920879e-02
-1.747430930800920879e-02
-1.747430930800920879e-02
-1.747430930800920879e-02
-1.747430930800920879e-02
-1.747430930800920879e-02
-1.747430930800920879e-02
-1.747430930800920879e-02
-1.747430930800920879e-02
-1.747430930800920879e-02
-1.747430930800920879e-02
-1.747430930800920879e-02
-1.747430930800920879e-02
-1.747430930800920879e-02
-1.747430930800920879e-02
-1.747430930800920879e-02
-1.747430930800920879e-02
-1.747430930800920879e-02
-1.747430930800920879e-02
-1.747430930800920879e-02
-1.747430930800920879e-02
-2.654379386860827167e-02
-2.654379386860827167e-02
-2.653196981144680805e-02
-2.653196981144680805e-02
-3.200945716856998247e-02
-3.200945716856998247e-02
-3.200945716856998247e-02
-3.200623760601758322e-02
-3.202096781698741262e-02
-3.202096781698741262e-02
-3.202096781698741262e-02
-3.202096781698741262e-02
-3.202096781698741262e-02
-3.202096781698741262e-02
-3.202096781698741262e-02
-3.202096781698741262e-02
-3.507204467776172535e-02
-3.507204467776172535e-02
-3.507204467776172535e-02
-3.507204467776172535e-02
-1.996676357423825959e-02
-1.996676357423825959e-02
-1.996676357423825959e-02
-1.996676357423825959e-02
-1.996676357423825959e-02
-1.996676357423825959e-02
-1.996676357423825959e-02
-1.996676357423825959e-02
-1.996676357423825959e-02
-1.996673508253425655e-02
-1.996673508253425655e-02
-1.996682055764626568e-02
-1.996682055764626568e-02
-1.996682055764626568e-02
-1.996682055764626568e-02
-1.996682055764626568e-02
-1.996682055764626568e-02
-1.996682055764626568e-02
-1.996682055764626568e-02
-1.996682055764626568e-02
-1.996682055764626568e-02
-1.996682055764626568e-02
-1.996682055764626568e-02
-1.996682055764626568e-02
-1.996682055764626568e-02
-1.996682055764626568e-02
-1.996682055764626568e-02
-1.996682055764626568e-02
-1.996682055764626568e-02
-1.996682055764626568e-02
-1.996673508253425655e-02
-1.996673508253425655e-02
-1.996673508253425655e-02
-1.787050782095633839e-02
-1.787050782095633839e-02
-1.787050782095633839e-02
-1.787050782095633839e-02
-1.787050782095633839e-02
-1.787050782095633839e-02
-1.787050782095633839e-02
-1.787050782095633839e-02
-1.787050782095633839e-02
-1.787053631266034143e-02
-1.787053631266034143e-02
-1.787053631266034143e-02
-1.787053631266034143e-02
-1.787053631266034143e-02
-1.787053631266034143e-02
-1.787053631266034143e-02
-1.781406931678834044e-02
-1.781406931678834044e-02
-1.781406931678834044e-02
-2.464962799109190680e-02
-2.464962799109190680e-02
-2.464962799109190680e-02
-2.464962799109190680e-02
-2.464962799109190680e-02
-2.464962799109190680e-02
-2.464962799109190680e-02
-2.464962799109190680e-02
-2.464962799109190680e-02
-2.464962799109190680e-02
-2.464962799109190680e-02
-2.757454714800158108e-02
-2.279405590737982809e-02
-2.279405590737982809e-02
-2.279405590737982809e-02
-2.279405590737982809e-02
-2.279405590737982809e-02
-2.279405590737982809e-02
-2.279405590737982809e-02
-2.279405590737982809e-02
-2.279405590737982809e-02
-2.279405590737982809e-02
-2.279405590737982809e-02
-2.279405590737982809e-02
-2.279405590737982809e-02
-2.279405590737982809e-02
-2.279405590737982809e-02
-2.279405590737982809e-02
-3.864624346989290610e-02
-3.867903742120096938e-02
-3.867903742120096938e-02
-3.869952295637951040e-02
-3.869952295637951040e-02
-4.279448599136126408e-02
-4.272711735724490922e-02
-4.272711735724490922e-02
-4.615224043110360136e-02
-4.623786156309721979e-02
-4.623786156309721979e-02
-4.623786156309721979e-02
-4.623786156309721979e-02
-4.623786156309721979e-02
-4.623786156309721979e-02
-4.623786156309721979e-02
-4.623786156309721979e-02
-4.623786156309721979e-02
-4.601513835143860448e-02
-4.601513835143860448e-02
-4.601513835143860448e-02
-4.601513835143860448e-02
-4.601513835143860448e-02
-4.601513835143860448e-02
-4.601513835143860448e-02
-4.115978872001056776e-02
-4.115978872001056776e-02
-4.115978872001056776e-02
-4.115978872001056776e-02
-4.115978872001056776e-02
-4.115978872001056776e-02
-4.115978872001056776e-02
-4.115978872001056776e-02
-4.115978872001056776e-02
-4.115978872001056776e-02
-4.115978872001056776e-02
-4.115978872001056776e-02
-4.115978872001056776e-02
-4.115978872001056776e-02
-4.115978872001056776e-02
-2.925530838179998469e-02
-2.925530838179998469e-02
-2.924980948292730393e-02
-2.925029384189536258e-02
-2.925029384189536258e-02
-2.925029384189536258e-02
-2.925029384189536258e-02
-2.922405298250810995e-02
-2.922405298250810995e-02
-2.923881168518193893e-02
-2.924772958853504370e-02
-2.924772958853504370e-02
-2.544596577579614702e-02
-2.544596577579614702e-02
-2.544699147714027734e-02
-2.544699147714027734e-02
-2.544699147714027734e-02
-2.544699147714027734e-02
-2.544699147714027734e-02
-2.544699147714027734e-02
-2.544699147714027734e-02
-2.544699147714027734e-02
-2.544699147714027734e-02
-2.544699147714027734e-02
-2.544699147714027734e-02
-2.544699147714027734e-02
-2.544622220113218133e-02
-2.544622220113218133e-02
-2.544622220113218133e-02
-2.544622220113218133e-02
-2.544622220113218133e-02
-2.368386250779915686e-02
-2.368386250779915686e-02
-2.368386250779915686e-02
-2.368386250779915686e-02
-2.368386250779915686e-02
-2.368386250779915686e-02
-2.368386250779915686e-02
-2.368386250779915686e-02
-2.368386250779915686e-02
-2.368386250779915686e-02
-2.368386250779915686e-02
-2.368386250779915686e-02
-3.027305163685267697e-02
-2.116557873115940472e-02
-2.710961239914592980e-02
-2.710961239914592980e-02
-2.710961239914592980e-02
-2.710961239914592980e-02
-2.710961239914592980e-02
-2.710961239914592980e-02
-2.710961239914592980e-02
-2.710961239914592980e-02
-2.710961239914592980e-02
-2.710961239914592980e-02
-2.710961239914592980e-02
-2.710961239914592980e-02
-2.710961239914592980e-02
-2.710961239914592980e-02
-2.710961239914592980e-02
-2.710961239914592980e-02
-2.710961239914592980e-02
-2.710961239914592980e-02
-2.710961239914592980e-02
-2.710961239914592980e-02
-2.710961239914592980e-02
-2.710961239914592980e-02
-2.710961239914592980e-02
-2.710961239914592980e-02
-2.710961239914592980e-02
-2.710961239914592980e-02
-2.710961239914592980e-02
-2.710961239914592980e-02
-2.710961239914592980e-02
-2.887906118458133040e-02
-2.815395622134892264e-02
-2.815395622134892264e-02
-2.815395622134892264e-02
-2.815395622134892264e-02
-2.815395622134892264e-02
-2.815395622134892264e-02
-2.815395622134892264e-02
-2.815395622134892264e-02
-2.815395622134892264e-02
-2.815395622134892264e-02
-2.815395622134892264e-02
-2.815395622134892264e-02
-2.815395622134892264e-02
-2.815395622134892264e-02
-2.815395622134892264e-02
-2.815395622134892264e-02
-2.815395622134892264e-02
-2.815395622134892264e-02
-3.663341142593332794e-02
-3.663341142593332794e-02
-3.663341142593332794e-02
-2.220971420777687402e-02
-2.220971420777687402e-02
-2.220971420777687402e-02
-2.220971420777687402e-02
-2.220971420777687402e-02
-2.220971420777687402e-02
-2.220971420777687402e-02
-2.220971420777687402e-02
-2.220971420777687402e-02
-2.220982817459288619e-02
-2.220982817459288619e-02
-2.220982817459288619e-02
-2.220982817459288619e-02
-2.220982817459288619e-02
-2.220982817459288619e-02
-2.220982817459288619e-02
-2.387943668700540784e-02
-2.387943668700540784e-02
-2.387943668700540784e-02
-2.387943668700540784e-02
-2.387943668700540784e-02
-2.789790483893217488e-02
-2.789790483893217488e-02
-2.789790483893217488e-02
-2.789790483893217488e-02
-2.789790483893217488e-02
-2.789790483893217488e-02
-2.789790483893217488e-02
-2.789790483893217488e-02
-2.789790483893217488e-02
-2.789790483893217488e-02
-2.789790483893217488e-02
-2.789790483893217488e-02
-2.789790483893217488e-02
-2.789790483893217488e-02
-2.789790483893217488e-02
-2.789790483893217488e-02
-2.267064943368302457e-02
-2.266315611553009618e-02
-2.266315611553009618e-02
-2.266315611553009618e-02
-2.266315611553009618e-02
-2.266315611553009618e-02
-2.266315611553009618e-02
-2.266315611553009618e-02
-2.266281421508205274e-02
-2.266281421508205274e-02
-2.266281421508205274e-02
-2.266281421508205274e-02
-2.266281421508205274e-02
-2.266281421508205274e-02
-2.266281421508205274e-02
-2.266281421508205274e-02
-2.266281421508205274e-02
-2.266281421508205274e-02
-2.266281421508205274e-02
-2.266298516530607446e-02
-4.128548343368515505e-02
-4.260864529053522143e-02
-4.260864529053522143e-02
-3.597668833304089320e-02
-3.597668833304089320e-02
-3.597668833304089320e-02
-2.778401815583555340e-02
-2.778401815583555340e-02
-2.778401815583555340e-02
-2.778401815583555340e-02
-2.778401815583555340e-02
-2.778401815583555340e-02
-2.778401815583555340e-02
-2.778401815583555340e-02
-2.615735732574535691e-02
-2.615735732574535691e-02
-2.615522044794509060e-02
-2.615522044794509060e-02
-2.615522044794509060e-02
-2.615522044794509060e-02
-2.615522044794509060e-02
-2.615556234839313404e-02
-2.615556234839313404e-02
-2.615556234839313404e-02
-2.615556234839313404e-02
-2.615556234839313404e-02
-2.615556234839313404e-02
-2.615556234839313404e-02
-2.615556234839313404e-02
-2.615556234839313404e-02
-2.615556234839313404e-02
-2.615556234839313404e-02
-2.615556234839313404e-02
-2.615556234839313404e-02
-2.615556234839313404e-02
-2.615556234839313404e-02
-2.615556234839313404e-02
-2.615556234839313404e-02
-2.615556234839313404e-02
-2.615792715982542815e-02
-2.615792715982542815e-02
-2.615792715982542815e-02
-2.615792715982542815e-02
-2.615792715982542815e-02
-2.615792715982542815e-02
-2.615792715982542815e-02
-2.615792715982542815e-02
-2.615792715982542815e-02
-2.615792715982542815e-02
-2.615792715982542815e-02
-2.615792715982542815e-02
-2.615792715982542815e-02
-2.615305507844082472e-02
-2.615305507844082472e-02
-2.615305507844082472e-02
-2.615305507844082472e-02
-2.615305507844082472e-02
-2.615305507844082472e-02
-2.476130478639675461e-02
-2.476130478639675461e-02
-2.476130478639675461e-02
-2.476130478639675461e-02
-2.476130478639675461e-02
-2.476130478639675461e-02
-2.476130478639675461e-02
-2.476130478639675461e-02
-2.474256436808842941e-02
-2.474256436808842941e-02
-2.474256436808842941e-02
-2.171305394651329088e-02
-2.171305394651329088e-02
-2.171305394651329088e-02
-2.171305394651329088e-02
-2.171305394651329088e-02
-2.171305394651329088e-02
-2.171305394651329088e-02
-2.171305394651329088e-02
-2.171305394651329088e-02
-2.171305394651329088e-02
-2.171305394651329088e-02
-2.171311092992129696e-02
-2.171311092992129696e-02
-2.171311092992129696e-02
-2.171311092992129696e-02
-2.171328188014531868e-02
-2.171328188014531868e-02
-2.171328188014531868e-02
-2.171328188014531868e-02
-2.171328188014531868e-02
-2.171328188014531868e-02
-2.171328188014531868e-02
-7.085819117881599072e-02
-7.085819117881599072e-02
-7.085819117881599072e-02
-7.085819117881599072e-02
-7.085819117881599072e-02
-7.085819117881599072e-02
-7.085819117881599072e-02
-7.085819117881599072e-02
-7.085819117881599072e-02
-7.085819117881599072e-02
-7.085819117881599072e-02
-7.085819117881599072e-02
-4.985913221170523713e-02
-3.767041685362390591e-02
-3.767041685362390591e-02
-3.767041685362390591e-02
-2.294606627116467512e-02
-2.294606627116467512e-02
-2.294606627116467512e-02
-2.294606627116467512e-02
-2.294606627116467512e-02
-2.294606627116467512e-02
-2.294606627116467512e-02
-2.294606627116467512e-02
-2.157334309520046733e-02
-2.157334309520046733e-02
-2.157340007860847342e-02
-2.157340007860847342e-02
-2.157340007860847342e-02
-2.157340007860847342e-02
-2.157340007860847342e-02
-2.157340007860847342e-02
-2.157340007860847342e-02
-2.157340007860847342e-02
-2.157340007860847342e-02
-2.157340007860847342e-02
-2.157340007860847342e-02
-2.157340007860847342e-02
-2.157340007860847342e-02
-2.157340007860847342e-02
-2.157340007860847342e-02
-2.157340007860847342e-02
-2.157340007860847342e-02
-2.157340007860847342e-02
-2.157340007860847342e-02
-2.157340007860847342e-02
-2.157340007860847342e-02
-2.157340007860847342e-02
-2.157340007860847342e-02
-2.157340007860847342e-02
-2.157340007860847342e-02
-2.157320063668044866e-02
-2.157320063668044866e-02
-2.157320063668044866e-02
-2.157320063668044866e-02
-2.157320063668044866e-02
-2.157320063668044866e-02
-2.157320063668044866e-02
-2.157320063668044866e-02
-2.157320063668044866e-02
-2.157320063668044866e-02
-2.157320063668044866e-02
-2.157320063668044866e-02
-2.157320063668044866e-02
-2.157340007860847342e-02
-2.157340007860847342e-02
-2.157340007860847342e-02
-2.157340007860847342e-02
-2.157340007860847342e-02
-2.157340007860847342e-02
-2.157340007860847342e-02
-2.157340007860847342e-02
-2.157340007860847342e-02
-2.157340007860847342e-02
-2.157340007860847342e-02
-2.157340007860847342e-02
-2.157340007860847342e-02
-2.157340007860847342e-02
-2.157340007860847342e-02
-2.157340007860847342e-02
-2.157340007860847342e-02
-2.157340007860847342e-02
-2.157340007860847342e-02
-2.157340007860847342e-02
-2.157340007860847342e-02
-2.157340007860847342e-02
-2.157340007860847342e-02
-2.157340007860847342e-02
-2.157340007860847342e-02
-2.157340007860847342e-02
-2.157340007860847342e-02
-2.157340007860847342e-02
-2.157340007860847342e-02
-2.172773607773260951e-02
-2.172773607773260951e-02
-2.172773607773260951e-02
-2.172776456943661255e-02
-2.172776456943661255e-02
-2.172776456943661255e-02
-2.192155979787414194e-02
-2.192155979787414194e-02
-2.192155979787414194e-02
-2.192155979787414194e-02
-2.206588274377253855e-02
-2.364883373845831638e-02
-2.364883373845831638e-02
-2.364883373845831638e-02
-2.433008996922928630e-02
-2.433008996922928630e-02
-2.433008996922928630e-02
-2.433008996922928630e-02
-2.433008996922928630e-02
-2.433008996922928630e-02
-2.433008818849778654e-02
-2.433008818849778654e-02
-2.433008818849778654e-02
-2.433014517190579262e-02
-2.433014517190579262e-02
-2.433014517190579262e-02
-2.433014517190579262e-02
-2.433014517190579262e-02
-2.433008818849778654e-02
-2.389988482682244356e-02
-2.389988482682244356e-02
-2.389988482682244356e-02
-2.172847686203670248e-02
-2.172847686203670248e-02
-2.581993897888901907e-02
-2.581993897888901907e-02
-2.581993897888901907e-02
-2.581993897888901907e-02
-2.581993897888901907e-02
-2.581993897888901907e-02
-2.582213284009729146e-02
-2.582213284009729146e-02
-2.451556027790328246e-02
-2.666254194870049804e-02
-3.301019977999006955e-02
-3.301019977999006955e-02
-3.301019977999006955e-02
-3.301019977999006955e-02
-2.350543321147703299e-02
-2.350546170318103603e-02
-2.350546170318103603e-02
-2.350546170318103603e-02
-2.350546170318103603e-02
-2.350546170318103603e-02
-2.350546170318103603e-02
-2.350546170318103603e-02
-2.350546170318103603e-02
-2.350546170318103603e-02
-2.350546170318103603e-02
-2.392823407230595945e-02
-2.392823407230595945e-02
-2.392823407230595945e-02
-2.392823407230595945e-02
-2.392823407230595945e-02
-2.392823407230595945e-02
-2.392823407230595945e-02
-2.392823407230595945e-02
-2.392823407230595945e-02
-2.392823407230595945e-02
-2.392823407230595945e-02
-2.392823407230595945e-02
-4.605600257790567337e-02
-4.605600257790567337e-02
-4.605600257790567337e-02
-4.605600257790567337e-02
-4.605600257790567337e-02
-4.605600257790567337e-02
-4.605600257790567337e-02
-4.605600257790567337e-02
-4.605600257790567337e-02
-2.429411028926732607e-02
-2.429411028926732607e-02
-2.429411028926732607e-02
-2.429411028926732607e-02
-2.429411028926732607e-02
-2.429411028926732607e-02
-2.429411028926732607e-02
-2.429411028926732607e-02
-2.429411028926732607e-02
-2.456215667906956265e-02
-2.456215667906956265e-02
-2.456215667906956265e-02
-2.456215667906956265e-02
-2.456215667906956265e-02
-2.456215667906956265e-02
-2.456215667906956265e-02
-2.456215667906956265e-02
-2.456215667906956265e-02
-2.456215667906956265e-02
-2.473355742816031252e-02
-2.473355742816031252e-02
-2.473355742816031252e-02
-2.531398329919428217e-02
-2.531398329919428217e-02
-2.531398329919428217e-02
-2.531398329919428217e-02
-2.531398329919428217e-02
-2.531398329919428217e-02
-2.531398329919428217e-02
-2.531398329919428217e-02
-2.531398329919428217e-02
-2.531421123282631344e-02
-2.531421123282631344e-02
-2.531421123282631344e-02
-2.531421123282631344e-02
-2.531421123282631344e-02
-2.531421123282631344e-02
-2.531398329919428217e-02
-2.531398329919428217e-02
-2.599120617311725598e-02
-2.599120617311725598e-02
-2.599120617311725598e-02
-2.599120617311725598e-02
-2.599120617311725598e-02
-2.599120617311725598e-02
-2.599137712334127770e-02
-2.599137712334127770e-02
-2.581270564753512103e-02
-2.581350341524722009e-02
-2.581239223879108410e-02
-2.581239223879108410e-02
-2.581239223879108410e-02
-2.581239223879108410e-02
-2.581287659775914275e-02
-2.581287659775914275e-02
-2.581287659775914275e-02
-2.581287659775914275e-02
-2.581287659775914275e-02
-2.581381682399126049e-02
-2.581381682399126049e-02
-2.581381682399126049e-02
-2.581381682399126049e-02
-2.581239223879108410e-02
-2.581239223879108410e-02
-2.581239223879108410e-02
-2.581239223879108410e-02
-2.581239223879108410e-02
-2.581239223879108410e-02
-2.244538867963659368e-02
-2.244538867963659368e-02
-2.244538867963659368e-02
-2.156659946500913069e-02
-2.156659946500913069e-02
-2.156659946500913069e-02
-2.156659946500913069e-02
-2.156659946500913069e-02
-2.156659946500913069e-02
-2.156674192352914937e-02
-2.156674192352914937e-02
-2.156674192352914937e-02
-2.156668494012113982e-02
-2.156662795671313373e-02
-2.156662795671313373e-02
-2.156662795671313373e-02
-2.156662795671313373e-02
-6.706200639786728812e-02
-6.706200639786728812e-02
-6.706200639786728812e-02
-6.706200639786728812e-02
-6.706200639786728812e-02
-2.197797159106963660e-02
-2.197797159106963660e-02
-2.197797159106963660e-02
-2.197797159106963660e-02
-2.197797159106963660e-02
-2.197797159106963660e-02
-2.197797159106963660e-02
-2.197802857447764616e-02
-2.197785762425362444e-02
-2.197785762425362444e-02
-2.197785762425362444e-02
-2.138029399326153018e-02
-2.138029399326153018e-02
-2.138029399326153018e-02
-2.138029399326153018e-02
-2.138046494348555190e-02
-2.138337109729391075e-02
-2.138337109729391075e-02
-2.090944009289914460e-02
-2.090944009289914460e-02
-2.090944009289914460e-02
-2.090944009289914460e-02
-2.099424564986566294e-02
-2.099424564986566294e-02
-2.099424564986566294e-02
-2.099373279919359778e-02
-2.099373279919359778e-02
-2.099373279919359778e-02
-2.099373279919359778e-02
-2.262348319843667660e-02
-2.262348319843667660e-02
-2.262348319843667660e-02
-2.262348319843667660e-02
-2.262348319843667660e-02
-2.262348319843667660e-02
-2.262348319843667660e-02
-2.262348319843667660e-02
-2.262348319843667660e-02
-2.262348319843667660e-02
-2.262348319843667660e-02
-2.262373962377271092e-02
-2.262373962377271092e-02
-2.262373962377271092e-02
-2.262373962377271092e-02
-2.262373962377271092e-02
-2.262373962377271092e-02
-2.262371113206870440e-02
-2.262371113206870440e-02
-2.262359716525269224e-02
-2.262359716525269224e-02
-2.262359716525269224e-02
-2.281432775477833935e-02
-2.281432775477833935e-02
-2.281432775477833935e-02
-2.281432775477833935e-02
-2.281432775477833935e-02
-2.281432775477833935e-02
-2.281432775477833935e-02
-2.281432775477833935e-02
-2.281432775477833935e-02
-2.281432775477833935e-02
-2.281432775477833935e-02
-2.296331799793881537e-02
-2.296331799793881537e-02
-2.296331799793881537e-02
-2.296331799793881537e-02
-2.296331799793881537e-02
-2.296331799793881537e-02
-2.296331799793881537e-02
-2.191657018821052336e-02
-2.191657018821052336e-02
-2.191657018821052336e-02
-2.191657018821052336e-02
-2.191657018821052336e-02
-2.191657018821052336e-02
-2.191657018821052336e-02
-2.191657018821052336e-02
-2.191657018821052336e-02
-2.751423021062610053e-02
-2.827906863582293692e-02
-2.827906863582293692e-02
-2.827906863582293692e-02
-2.827906863582293692e-02
-2.710770167424619501e-02
-2.805933171089019032e-02
-2.805933171089019032e-02
-2.805933171089019032e-02
-2.805933171089019032e-02
-2.805933171089019032e-02
-2.805933171089019032e-02
-2.805933171089019032e-02
-2.805933171089019032e-02
-2.805933171089019032e-02
-2.805933171089019032e-02
-2.805933171089019032e-02
-2.805933171089019032e-02
-2.805933171089019032e-02
-2.805933171089019032e-02
-2.805933171089019032e-02
-2.805933171089019032e-02
-2.805933171089019032e-02
-2.805933171089019032e-02
-2.805933171089019032e-02
-2.805933171089019032e-02
-2.805933171089019032e-02
-2.805933171089019032e-02
-2.805933171089019032e-02
-2.805933171089019032e-02
-2.805990154497026157e-02
-2.805990154497026157e-02
-2.760882801011232957e-02
-2.760882801011232957e-02
-2.760882801011232957e-02
-2.760882801011232957e-02
-2.760882801011232957e-02
-2.760820119262425223e-02
-2.760820119262425223e-02
-2.760820119262425223e-02
-2.760828666773626483e-02
-2.760828666773626483e-02
-2.760820119262425223e-02
-2.760820119262425223e-02
-2.760820119262425223e-02
-2.760820119262425223e-02
-2.760820119262425223e-02
-2.760820119262425223e-02
-2.760820119262425223e-02
-2.760820119262425223e-02
-2.760820119262425223e-02
-2.760820119262425223e-02
-2.760820119262425223e-02
-3.281814076476525371e-02
-3.281816925646925676e-02
-3.281816925646925676e-02
-3.281816925646925676e-02
-3.281816925646925676e-02
-3.281816925646925676e-02
-3.281816925646925676e-02
-3.281816925646925676e-02
-3.281816925646925676e-02
-3.281816925646925676e-02
-3.281816925646925676e-02
-3.281816925646925676e-02
-3.845936638333373458e-02
-3.845936638333373458e-02
-3.845936638333373458e-02
-3.845936638333373458e-02
-3.845936638333373458e-02
-3.845936638333373458e-02
-3.845925241651771548e-02
-3.845925241651771548e-02
-3.845925241651771548e-02
-3.845936638333373458e-02
-3.845936638333373458e-02
-3.845936638333373458e-02
-2.193176338937040740e-02
-2.193176338937040740e-02
-2.193176338937040740e-02
-2.193176338937040740e-02
-2.193176338937040740e-02
-2.193176338937040740e-02
-2.193176338937040740e-02
-2.193176338937040740e-02
-2.193173489766640435e-02
-2.193173489766640435e-02
-2.193173489766640435e-02
-2.193173489766640435e-02
-2.193173489766640435e-02
-2.193173489766640435e-02
-2.193173489766640435e-02
-2.193173489766640435e-02
-2.193173489766640435e-02
-2.193173489766640435e-02
-2.193173489766640435e-02
-2.193173489766640435e-02
-2.193136450551435787e-02
-2.193136450551435787e-02
-2.193136450551435787e-02
-2.193136450551435787e-02
-2.193136450551435787e-02
-2.193136450551435787e-02
-2.193136450551435787e-02
-2.193144998062637047e-02
-2.193144998062637047e-02
-2.193144998062637047e-02
-2.193139299721836091e-02
-2.193139299721836091e-02
-2.193139299721836091e-02
-2.193139299721836091e-02
-3.040510000052005016e-02
-3.040510000052005016e-02
-3.040510000052005016e-02
-3.040510000052005016e-02
-2.403694951112593861e-02
-2.190002541184197377e-02
-2.190002541184197377e-02
-2.190002541184197377e-02
-2.190002541184197377e-02
-2.190002541184197377e-02
-2.190002541184197377e-02
-2.142007197351346315e-02
-2.142007197351346315e-02
-2.142007197351346315e-02
-2.142007197351346315e-02
-2.142007197351346315e-02
-2.142007197351346315e-02
-2.142007197351346315e-02
-2.142007197351346315e-02
-2.142007197351346315e-02
-2.142032839884949399e-02
-2.142007197351346315e-02
-2.142021443203347836e-02
-2.142021443203347836e-02
-2.142021443203347836e-02
-2.142021443203347836e-02
-2.142021443203347836e-02
-2.142021443203347836e-02
-2.142021443203347836e-02
-2.142021443203347836e-02
-2.142021443203347836e-02
-2.142021443203347836e-02
-2.142021443203347836e-02
-2.142021443203347836e-02
-2.142021443203347836e-02
-2.142021443203347836e-02
-2.142021443203347836e-02
-2.142021443203347836e-02
-2.142021443203347836e-02
-2.142021443203347836e-02
-2.142021443203347836e-02
-2.142021443203347836e-02
-2.142021443203347836e-02
-2.142021443203347836e-02
-2.142021443203347836e-02
-2.142021443203347836e-02
-2.142021443203347836e-02
-2.142021443203347836e-02
-2.142021443203347836e-02
-3.364097049199828160e-02
-3.364097049199828160e-02
-3.364097049199828160e-02
-3.354827985594878437e-02
-3.354827985594878437e-02
-3.354827985594878437e-02
-5.367454533139332656e-02
-5.367454533139332656e-02
-5.367454533139332656e-02
-5.367454533139332656e-02
-5.367454533139332656e-02
-5.367454533139332656e-02
-5.367454533139332656e-02
-5.367454533139332656e-02
-2.720562053798033370e-02
-2.720562053798033370e-02
-2.720562053798033370e-02
-2.720562053798033370e-02
-2.720567752138834325e-02
-2.720567752138834325e-02
-2.720567752138834325e-02
-2.720567752138834325e-02
-2.135051303965183542e-02
-2.135051303965183542e-02
-2.135051303965183542e-02
-2.135051303965183542e-02
-2.135051303965183542e-02
-2.135051303965183542e-02
-2.135051303965183542e-02
-2.100799289704736658e-02
-2.100799289704736658e-02
-2.100799289704736658e-02
-2.100796440534336354e-02
-2.100796440534336354e-02
-2.100796440534336354e-02
-2.100796440534336354e-02
-2.163772366185945026e-02
-2.163772366185945026e-02
-2.163772366185945026e-02
-2.163772366185945026e-02
-2.163772366185945026e-02
-2.180588882181429961e-02
-2.180588882181429961e-02
-2.180588882181429961e-02
-2.180588882181429961e-02
-2.180588882181429961e-02
-2.180588882181429961e-02
-2.180588882181429961e-02
-2.180588882181429961e-02
-2.180588882181429961e-02
-2.180588882181429961e-02
-2.180588882181429961e-02
-2.180588882181429961e-02
-2.180588882181429961e-02
-2.180588882181429961e-02
-2.180600278863031524e-02
-2.180600278863031524e-02
-2.180600278863031524e-02
-2.180600278863031524e-02
-2.180600278863031524e-02
-2.180600278863031524e-02
-2.506912915645092416e-02
-2.506915764815492720e-02
-2.506915764815492720e-02
-2.506915764815492720e-02
-2.506915764815492720e-02
-2.506915764815492720e-02
-2.506915764815492720e-02
-2.506915764815492720e-02
-2.506915764815492720e-02
-2.506915764815492720e-02
-2.506915764815492720e-02
-2.506915764815492720e-02
-2.506915764815492720e-02
-2.506915764815492720e-02
-2.506915764815492720e-02
-2.506915764815492720e-02
-2.506915764815492720e-02
-2.506915764815492720e-02
-2.544864577670398129e-02
-2.544864577670398129e-02
-2.544884521863200605e-02
-2.544884521863200605e-02
-2.544884521863200605e-02
-2.544884521863200605e-02
-2.544884521863200605e-02
-2.544864577670398129e-02
-2.544864577670398129e-02
-2.544864577670398129e-02
-2.544864577670398129e-02
-2.544864577670398129e-02
-2.544890220204001213e-02
-2.544890220204001213e-02
-2.544890220204001213e-02
-2.544890220204001213e-02
-3.633796313980568876e-02
-3.633796313980568876e-02
-2.927494806951591935e-02
-3.396745692817475931e-02
-3.396745692817475931e-02
-3.396745692817475931e-02
-3.394598130628209698e-02
-3.394598130628209698e-02
-3.394598130628209698e-02
-3.394598130628209698e-02
-3.431970342623343745e-02
-3.433733979101162570e-02
-3.433733979101162570e-02
-3.433733979101162570e-02
-3.433733979101162570e-02
-3.433733979101162570e-02
-3.433733979101162570e-02
-3.295184164726483456e-02
-3.295184164726483456e-02
-3.295184164726483456e-02
-3.295184164726483456e-02
-3.295184164726483456e-02
-3.295184164726483456e-02
-3.295184164726483456e-02
-3.295184164726483456e-02
-3.295184164726483456e-02
-3.295184164726483456e-02
-3.295184164726483456e-02
-3.295184164726483456e-02
-3.295184164726483456e-02
-3.295184164726483456e-02
-3.295184164726483456e-02
-3.295184164726483456e-02
-3.295184164726483456e-02
-3.295184164726483456e-02
-3.295184164726483456e-02
-3.295184164726483456e-02
-3.295184164726483456e-02
-3.295184164726483456e-02
-3.295184164726483456e-02
-3.295184164726483456e-02
-3.295184164726483456e-02
-3.295184164726483456e-02
-3.295184164726483456e-02
-3.295184164726483456e-02
-3.295184164726483456e-02
-3.295184164726483456e-02
-3.295184164726483456e-02
-3.295184164726483456e-02
-3.295184164726483456e-02
-3.295184164726483456e-02
-3.295184164726483456e-02
-3.295184164726483456e-02
-3.295226902282488712e-02
-3.295226902282488712e-02
-3.295226902282488712e-02
-3.295226902282488712e-02
-3.295226902282488712e-02
-3.295226902282488712e-02
-3.295226902282488712e-02
-3.295226902282488712e-02
-3.295215505600886802e-02
-3.295192712237684368e-02
-3.295192712237684368e-02
-3.295192712237684368e-02
-3.295192712237684368e-02
-3.295192712237684368e-02
-3.295192712237684368e-02
-3.295192712237684368e-02
-3.295192712237684368e-02
-3.295192712237684368e-02
-3.295192712237684368e-02
-3.295192712237684368e-02
-3.011733735154737204e-02
-3.011733735154737204e-02
-3.011787869392343678e-02
-3.011787869392343678e-02
-3.011787869392343678e-02
-3.011725187643535945e-02
-3.011725187643535945e-02
-3.229987666894099108e-02
-3.229987666894099108e-02
-3.229987666894099108e-02
-3.229987666894099108e-02
-3.229987666894099108e-02
-3.240639646582119809e-02
-3.240639646582119809e-02
-3.240639646582119809e-02
-3.240639646582119809e-02
-3.240639646582119809e-02
-2.542902033484004815e-02
-2.542902033484004815e-02
-2.542902033484004815e-02
-2.542902033484004815e-02
-2.542902033484004815e-02
-2.542902033484004815e-02
-2.605728377689594741e-02
-2.605759718563998781e-02
-2.605759718563998781e-02
-2.605759718563998781e-02
-2.605759718563998781e-02
-2.605759718563998781e-02
-2.605759718563998781e-02
-2.605759718563998781e-02
-2.605759718563998781e-02
-2.546189976126012403e-02
-2.546189976126012403e-02
-2.546189976126012403e-02
-2.546189976126012403e-02
-2.546189976126012403e-02
-2.546189976126012403e-02
-2.546189976126012403e-02
-2.546189976126012403e-02
-2.546189976126012403e-02
-2.546189976126012403e-02
-2.546189976126012403e-02
-2.546189976126012403e-02
-2.546189976126012403e-02
-2.546189976126012403e-02
-2.546189976126012403e-02
-2.546189976126012403e-02
-2.546189976126012403e-02
-2.546189976126012403e-02
-2.546189976126012403e-02
-2.546189976126012403e-02
-2.545942098301181775e-02
-2.545942098301181775e-02
-2.545942098301181775e-02
-3.411555324412212514e-02
-3.411555324412212514e-02
-3.411555324412212514e-02
-3.411555324412212514e-02
-3.411555324412212514e-02
-3.411555324412212514e-02
-3.411555324412212514e-02
-3.411555324412212514e-02
-3.411555324412212514e-02
-4.515432562130586996e-02
-4.515432562130586996e-02
-4.515432562130586996e-02
-4.515432562130586996e-02
-4.515432562130586996e-02
-4.454828214690972205e-02
-4.454828214690972205e-02
-4.454828214690972205e-02
-4.454828214690972205e-02
-4.454828214690972205e-02
-4.454828214690972205e-02
-4.454828214690972205e-02
-4.454828214690972205e-02
-5.264283579918439815e-02
-5.264283579918439815e-02
-5.264283579918439815e-02
-2.634670784835833543e-02
-2.634670784835833543e-02
-2.672551751820580537e-02
-2.672762768503356839e-02
-2.672762768503356839e-02
-2.672762768503356839e-02
-2.672762768503356839e-02
-2.672762768503356839e-02
-2.672762768503356839e-02
-2.672762768503356839e-02
-2.672762768503356839e-02
-2.672762768503356839e-02
-2.672762768503356839e-02
-2.672762768503356839e-02
-2.672762768503356839e-02
-2.672762768503356839e-02
-2.672762768503356839e-02
-2.672762768503356839e-02
-2.672762768503356839e-02
-2.672762768503356839e-02
-2.672762768503356839e-02
-2.672762768503356839e-02
-2.672762768503356839e-02
-2.672762768503356839e-02
-2.673147406507404497e-02
-2.673147406507404497e-02
-2.673147406507404497e-02
-2.673147406507404497e-02
-2.673147406507404497e-02
-2.673147406507404497e-02
-2.673147406507404497e-02
-2.672135772942128840e-02
-2.670206884581089943e-02
-2.673084724758596764e-02
-2.673084724758596764e-02
-2.673084724758596764e-02
-2.673084724758596764e-02
-2.670135655321080950e-02
-2.670135655321080950e-02
-2.670135655321080950e-02
-2.670135655321080950e-02
-2.670135655321080950e-02
-2.611032998755602463e-02
-2.611032998755602463e-02
-2.611032998755602463e-02
-2.611032998755602463e-02
-2.611032998755602463e-02
-2.611032998755602463e-02
-2.612281113464107185e-02
-2.612281113464107185e-02
-2.612281113464107185e-02
-2.612281113464107185e-02
-2.612281113464107185e-02
-2.612286811804908140e-02
-2.612286811804908140e-02
-2.612286811804908140e-02
-2.612494801244133816e-02
-2.803555004170474318e-02
-2.803555004170474318e-02
-2.803555004170474318e-02
-2.803555004170474318e-02
-2.803555004170474318e-02
-2.803919697981719500e-02
-2.853867435831412488e-02
-2.853867435831412488e-02
-2.853867435831412488e-02
-2.853867435831412488e-02
-2.853867435831412488e-02
-2.853867435831412488e-02
-2.853867435831412488e-02
-2.853867435831412488e-02
-2.853867435831412488e-02
-2.853867435831412488e-02
-2.853867435831412488e-02
-2.853867435831412488e-02
-2.854796265381927614e-02
-2.430782370255052394e-02
-2.430782370255052394e-02
-2.430782370255052394e-02
-2.430782370255052394e-02
-2.430782370255052394e-02
-2.430782370255052394e-02
-2.430782370255052394e-02
-2.430782370255052394e-02
-2.430782370255052394e-02
-2.430782370255052394e-02
-2.430782370255052394e-02
-2.430782370255052394e-02
-2.430782370255052394e-02
-2.430782370255052394e-02
-2.601679884623842726e-02
-2.601679884623842726e-02
-2.601679884623842726e-02
-2.601679884623842726e-02
-2.601679884623842726e-02
-2.601679884623842726e-02
-2.601679884623842726e-02
-2.601679884623842726e-02
-2.601679884623842726e-02
-2.876846885476011875e-02
-2.876846885476011875e-02
-2.876846885476011875e-02
-2.876846885476011875e-02
-2.876846885476011875e-02
-2.891451376801922740e-02
-2.891451376801922740e-02
-2.891451376801922740e-02
-2.765188787851917060e-02
-2.765188787851917060e-02
-2.765188787851917060e-02
-2.765188787851917060e-02
-2.765188787851917060e-02
-2.765188787851917060e-02
-2.765188787851917060e-02
-2.765188787851917060e-02
-2.765188787851917060e-02
-2.765188787851917060e-02
-2.765188787851917060e-02
-2.765188787851917060e-02
-2.765188787851917060e-02
-2.765188787851917060e-02
-3.338106916807805080e-02
-3.338106916807805080e-02
-3.338106916807805080e-02
-3.338106916807805080e-02
-3.338106916807805080e-02
-3.338106916807805080e-02
-3.338106916807805080e-02
-3.338106916807805080e-02
-3.338106916807805080e-02
-3.338106916807805080e-02
-3.338106916807805080e-02
-3.338106916807805080e-02
-3.338106916807805080e-02
-3.338106916807805080e-02
-3.338106916807805080e-02
-3.338377587995838836e-02
