# Variable: dg_gbsa_00000424
# Sample shape: (2000,)
# Date: 2014-03-03 06:24:09.025921
-7.451181771878302440e-01
-7.451181771878302440e-01
-7.451181771878302440e-01
-7.451181771878302440e-01
-7.451181771878302440e-01
-7.451181771878302440e-01
-7.451181771878302440e-01
-7.451181771878302440e-01
-7.451181771878302440e-01
-7.451181771878302440e-01
-6.202428564286823764e-01
-3.206319608378364605e-01
-3.240889732514011246e-01
-3.240889732514011246e-01
-3.240889732514011246e-01
-3.240889732514011246e-01
-1.501970605686107518e+00
-1.475127431676219070e+00
-1.458159482273955199e+00
-1.642387752095326281e+00
-1.658708825849894097e+00
-1.790270750654815002e+00
-1.879292737913405231e+00
-1.487294528953887696e+00
-1.487294528953887696e+00
-1.973107713586285561e+00
-1.449840930406267603e+00
-1.449840930406267603e+00
-2.050260740757900102e+00
-1.912071189734493526e+00
-1.055468678702359941e+00
-1.171846804609718129e+00
-1.060444469889536778e+00
-1.036149707852540347e+00
-1.036149707852540347e+00
-1.036149707852540347e+00
-1.496358423798307635e+00
-1.496358423798307635e+00
-1.629244301104864512e+00
-1.109145339542775499e+00
-1.109145339542775499e+00
-1.582263190705279321e+00
-1.627570926345329072e+00
-1.627570926345329072e+00
-1.469653833436692425e+00
-1.469285264753702691e+00
-1.469285264753702691e+00
-1.469285264753702691e+00
-4.956935947301510659e-01
-4.956935947301510659e-01
-5.882637678551172478e-01
-4.956959310498793569e-01
-7.315643886763096848e-01
-7.915498535674114766e-01
-7.915498535674114766e-01
-7.915498535674114766e-01
-7.917059311219428741e-01
-8.446349696493057335e-01
-8.635899304887759698e-01
-8.635899304887759698e-01
-8.635899304887759698e-01
-8.635899304887759698e-01
-8.635899304887759698e-01
-8.635899304887759698e-01
-8.635899304887759698e-01
-1.390618872232236569e+00
-1.390618872232236569e+00
-6.174889053031089592e-01
-6.174889053031089592e-01
-6.174889053031089592e-01
-1.865718378391594046e+00
-1.613836215513386074e+00
-1.613836215513386074e+00
-1.613836215513386074e+00
-2.167649296456039654e+00
-2.167629922097317419e+00
-2.167629922097317419e+00
-1.794904071559869418e+00
-1.794904071559869418e+00
-1.692549562363049986e+00
-1.692549562363049986e+00
-1.813318715724616670e+00
-1.813318715724616670e+00
-2.089376203416638322e+00
-2.254730200904277115e+00
-2.254730200904277115e+00
-2.254730200904277115e+00
-2.254730200904277115e+00
-2.254730200904277115e+00
-2.295017926232536531e+00
-2.295017926232536531e+00
-2.295017926232536531e+00
-1.877754299864030418e+00
-1.877754299864030418e+00
-1.877754299864030418e+00
-1.877754299864030418e+00
-1.877754299864030418e+00
-2.033864334937947049e+00
-2.033864334937947049e+00
-2.198360846101895749e+00
-2.196670034419510031e+00
-2.613156976936879872e+00
-2.613156976936879872e+00
-2.657838123022484123e+00
-2.655693495478730348e+00
-2.655693495478730348e+00
-2.655693495478730348e+00
-2.655693495478730348e+00
-2.652637361340495215e+00
-9.549987817585581240e-01
-9.549987817585581240e-01
-9.549987817585581240e-01
-9.549987817585581240e-01
-9.549987817585581240e-01
-9.549987817585581240e-01
-9.549987817585581240e-01
-1.602027201971633952e+00
-1.220548244097036772e+00
-1.220548244097036772e+00
-1.220548244097036772e+00
-1.029935439275737830e+00
-1.924802194817800016e+00
-1.924802194817800016e+00
-1.924802194817800016e+00
-1.924802194817800016e+00
-2.591061318581692419e+00
-2.320535552205364560e+00
-2.168365235994240248e+00
-2.168365235994240248e+00
-2.168365235994240248e+00
-2.412554638791494455e+00
-2.811031633307783384e+00
-2.859611584169230891e+00
-2.873917382716220548e+00
-2.873862450710901850e+00
-2.873883876472312693e+00
-2.579473172729375374e+00
-2.579473172729375374e+00
-2.579473172729375374e+00
-2.579473172729375374e+00
-2.579473172729375374e+00
-2.579473172729375374e+00
-2.579473172729375374e+00
-2.879921610451109171e+00
-2.408320771576569541e+00
-2.847242993560849200e+00
-2.847242993560849200e+00
-2.472017052980499230e+00
-2.409434455302659650e+00
-2.409434455302659650e+00
-2.409434455302659650e+00
-2.210702996408961951e+00
-2.210702996408961951e+00
-2.210702996408961951e+00
-2.210702996408961951e+00
-2.210702996408961951e+00
-2.210702996408961951e+00
-2.210702996408961951e+00
-2.210702996408961951e+00
-2.210702996408961951e+00
-2.210702996408961951e+00
-2.210702996408961951e+00
-2.210702996408961951e+00
-2.210702996408961951e+00
-2.807770130967090605e+00
-2.807770130967090605e+00
-2.807770130967090605e+00
-3.031662955566756246e+00
-3.270268440246582031e+00
-2.405956643945172502e+00
-2.331508961052101370e+00
-2.331508961052101370e+00
-2.045305463597605566e+00
-2.045305463597605566e+00
-2.045305463597605566e+00
-3.057080746608755728e+00
-3.057080746608755728e+00
-3.057080746608755728e+00
-3.057080746608755728e+00
-3.057080746608755728e+00
-3.057080746608755728e+00
-2.819949308727256909e+00
-2.819949308727256909e+00
-2.819949308727256909e+00
-2.819949308727256909e+00
-2.743477347248143072e+00
-2.743477347248143072e+00
-2.743477347248143072e+00
-2.741112763749481651e+00
-2.741112763749481651e+00
-2.741112763749481651e+00
-2.741112763749481651e+00
-2.741112763749481651e+00
-2.741112763749481651e+00
-2.741112763749481651e+00
-2.741112763749481651e+00
-2.741112763749481651e+00
-2.741112763749481651e+00
-3.081747268399590123e+00
-2.369345032234264625e+00
-2.369345032234264625e+00
-2.369444411297829234e+00
-2.369444411297829234e+00
-2.369444411297829234e+00
-1.977031363128020081e+00
-3.384340105731446169e+00
-3.384340105731446169e+00
-3.384340105731446169e+00
-3.384340105731446169e+00
-2.704522121932720680e+00
-2.704522121932720680e+00
-2.815727521994829452e+00
-2.815727521994829452e+00
-2.815727521994829452e+00
-3.224991247713223874e+00
-3.225003556129353299e+00
-3.399375975701822483e+00
-3.430557524496920863e+00
-2.125644091210447062e+00
-2.125644091210447062e+00
-2.125670531511762551e+00
-2.125670531511762551e+00
-2.125670531511762551e+00
-2.125670531511762551e+00
-1.734804696836161453e+00
-2.141297661323620094e+00
-2.141297661323620094e+00
-2.139995704417474887e+00
-2.139995704417474887e+00
-2.139995704417474887e+00
-2.139995704417474887e+00
-2.149522190568096125e+00
-1.936550805947064857e+00
-1.936550805947064857e+00
-1.936550805947064857e+00
-1.936550805947064857e+00
-1.775243314228823532e+00
-1.775243314228823532e+00
-1.775243314228823532e+00
-1.775243314228823532e+00
-1.775243314228823532e+00
-1.775243314228823532e+00
-1.775243314228823532e+00
-1.775243314228823532e+00
-1.775243314228823532e+00
-1.775243314228823532e+00
-1.775243314228823532e+00
-1.775243314228823532e+00
-2.568345452813755703e+00
-2.768301143245076812e+00
-2.768301143245076812e+00
-2.768301143245076812e+00
-2.768301143245076812e+00
-2.768301143245076812e+00
-2.768301143245076812e+00
-2.768301143245076812e+00
-2.768301143245076812e+00
-2.768301143245076812e+00
-2.768301143245076812e+00
-2.768301143245076812e+00
-2.764965334540343100e+00
-2.992410732728801204e+00
-2.992410732728801204e+00
-2.992410732728801204e+00
-2.992410732728801204e+00
-2.992410732728801204e+00
-3.665131319093430484e+00
-3.665131319093430484e+00
-2.392138395437090725e+00
-3.663923726710944795e+00
-1.848182076477867586e+00
-1.961322861009528351e+00
-2.301144326394192419e+00
-2.753274846487245853e+00
-2.737172247118976998e+00
-3.213550119053564913e+00
-3.236646633986989041e+00
-3.236648913323309174e+00
-3.236648913323309174e+00
-2.438987646230547757e+00
-1.878539645193183727e+00
-1.878539645193183727e+00
-1.878539645193183727e+00
-1.878539645193183727e+00
-2.064208911436237415e+00
-2.064208911436237415e+00
-2.064208911436237415e+00
-2.064208911436237415e+00
-2.064208911436237415e+00
-2.064208911436237415e+00
-2.064208911436237415e+00
-2.064208911436237415e+00
-2.064208911436237415e+00
-2.064208911436237415e+00
-2.240388616777059028e+00
-2.240388616777059028e+00
-2.240388616777059028e+00
-1.790168066553586179e+00
-1.939995566927907866e+00
-1.939995566927907866e+00
-1.939995566927907866e+00
-1.939995566927907866e+00
-1.939995566927907866e+00
-2.198253261427578487e+00
-1.982271557328349809e+00
-1.982271557328349809e+00
-1.982271557328349809e+00
-2.737742537066311765e+00
-2.737742537066311765e+00
-2.737742537066311765e+00
-2.737742537066311765e+00
-2.709191798252083672e+00
-2.709191798252083672e+00
-2.709191798252083672e+00
-2.999529327990675842e+00
-2.369499115369515962e+00
-2.369499115369515962e+00
-2.369499115369515962e+00
-2.369499115369515962e+00
-2.367958284017004811e+00
-1.733419430187509658e+00
-1.733419430187509658e+00
-1.374548525472899740e+00
-1.613931947638838071e+00
-2.394290088923437754e+00
-2.394290088923437754e+00
-1.080127108849257445e+00
-1.080127108849257445e+00
-1.080127108849257445e+00
-1.080127108849257445e+00
-1.080127108849257445e+00
-1.080127108849257445e+00
-1.080127108849257445e+00
-1.080127108849257445e+00
-1.080127108849257445e+00
-2.473818184540786724e+00
-2.473818184540786724e+00
-2.566241397456502593e+00
-2.566241397456502593e+00
-2.620934984196212181e+00
-2.712148781260386166e+00
-2.385494130063467111e+00
-2.385494130063467111e+00
-2.960861754918873157e+00
-2.639427467696297214e+00
-2.007448194587663437e+00
-2.007448194587663437e+00
-2.030869742880359929e+00
-2.158055114016705911e+00
-2.158055114016705911e+00
-2.760531797463761539e+00
-2.317288181749857845e+00
-2.568112732575454693e+00
-2.495269246584598477e+00
-2.259607296828785916e+00
-2.259607296828785916e+00
-2.195709522094142940e+00
-2.912572875305525777e+00
-2.912572875305525777e+00
-2.891581327463883078e+00
-2.891581327463883078e+00
-2.891581327463883078e+00
-1.467132431599195597e+00
-1.467132431599195597e+00
-2.073648554873055883e+00
-2.065203841740041124e+00
-2.065203841740041124e+00
-2.065203841740041124e+00
-2.065203841740041124e+00
-1.831329461493409916e+00
-1.831329461493409916e+00
-1.831329461493409916e+00
-1.504700908697357953e+00
-1.491756557734472910e+00
-2.876234556019420019e+00
-2.169584908859223837e+00
-2.169584908859223837e+00
-2.169584908859223837e+00
-2.172492658203008187e+00
-2.172492658203008187e+00
-2.172316237571818132e+00
-1.342150836784114620e+00
-1.342150836784114620e+00
-1.615264219718043126e+00
-2.034821200325201751e+00
-1.545685769039175872e+00
-1.545685769039175872e+00
-1.545685769039175872e+00
-1.545685769039175872e+00
-1.246837995248360587e+00
-1.959322971322112306e+00
-9.648684789756059033e-01
-9.648684789756059033e-01
-1.576722579977936300e+00
-1.576722579977936300e+00
-1.576722579977936300e+00
-1.576722579977936300e+00
-1.576722579977936300e+00
-8.811095362639563833e-01
-8.327029859130742340e-01
-1.410847640174296647e+00
-2.116040107624936439e+00
-2.116040107624936439e+00
-7.016136245107559288e-01
-7.016136245107559288e-01
-1.793619551576574267e+00
-1.793619551576574267e+00
-1.793619551576574267e+00
-1.793619551576574267e+00
-1.768223984063697296e+00
-1.768223984063697296e+00
-1.773203992023066666e+00
-2.341185883399861112e+00
-2.215940911272971547e+00
-1.729735338893036989e+00
-1.433538889109974290e+00
-1.433538889109974290e+00
-2.189880347388652115e+00
-2.189880347388652115e+00
-2.189908839092655768e+00
-7.043635298143609003e-01
-7.043635298143609003e-01
-5.809971866826482145e-01
-5.809971866826482145e-01
-7.947754563610593959e-01
-7.947754563610593959e-01
-7.947754563610593959e-01
-1.346824615908854161e+00
-1.450837342278679110e+00
-1.353626041521761580e+00
-1.478239409554300998e+00
-1.456494882959252779e+00
-1.438117278009710009e+00
-1.075856316385943812e+00
-1.075856316385943812e+00
-1.075856316385943812e+00
-1.007156891758993478e+00
-1.090854805240667469e+00
-1.090854805240667469e+00
-1.263548493613248613e+00
-1.263548493613248613e+00
-1.483689416662912652e+00
-7.748316054590345114e-01
-7.748316054590345114e-01
-7.748316054590345114e-01
-7.758760543443959934e-01
-8.636536949223359017e-01
-8.636536949223359017e-01
-8.636536949223359017e-01
-8.636536949223359017e-01
-8.636536949223359017e-01
-8.636536949223359017e-01
-8.636536949223359017e-01
-8.636536949223359017e-01
-7.699571877547021215e-01
-1.298571521875735213e+00
-1.298571521875735213e+00
-5.579518998330227353e-01
-4.925528402310256348e-01
-4.959968604275646897e-01
-4.959968604275646897e-01
-4.682001830514940233e-01
-4.682001830514940233e-01
-4.682001830514940233e-01
-1.474335248338104698e+00
-5.714423227948394191e-01
-9.700638842172421006e-01
-1.277333577777869822e+00
-1.289357988601888660e+00
-2.098927762266782349e+00
-2.098927762266782349e+00
-1.675276751727948321e+00
-1.675276751727948321e+00
-1.250088898675163485e+00
-1.250088898675163485e+00
-1.250088898675163485e+00
-1.250088898675163485e+00
-1.250088898675163485e+00
-1.762764289775724302e+00
-2.264741501890222608e+00
-1.824537039258967708e+00
-1.274276417938290606e+00
-2.371186735981053229e+00
-2.371186735981053229e+00
-2.332450326952378195e+00
-2.332450326952378195e+00
-2.116870697780047550e+00
-2.116870697780047550e+00
-1.874482654476712806e+00
-1.420972566075808130e+00
-1.010190916334921640e+00
-1.010190916334921640e+00
-2.232630895610976829e+00
-2.232630895610976829e+00
-2.281193751450022678e+00
-1.724404256156935877e-01
-3.407896419784078867e-01
-1.365279433376246632e-01
-1.179402918478271056e+00
-1.139593625843638769e+00
-1.305117661820770936e+00
-1.306518541923216592e+00
-1.600396251359359756e-01
-4.256451733937454684e-01
-4.129775908435507903e-01
-4.679093183682479784e-02
-1.274167380187069265e-01
-1.274167380187069265e-01
-2.362143041754771744e-01
-2.498100467211429587e-01
-2.172162923712575300e-01
-2.172162923712575300e-01
-4.193603878495342219e-01
-8.908427724646791890e-02
-3.702403268782176321e-02
-3.800522286736942451e-02
-4.136793700048617684e-01
-4.209886887333361138e-01
-3.160597546378695472e-02
-3.160597546378695472e-02
-8.885191315446711036e-02
-2.457631135761851604e-01
-1.197191770856284726e-01
-4.401440317270632341e-01
-4.401440317270632341e-01
-1.554976771256207924e-01
-2.039650002811424501e-01
-8.476282510885088106e-01
-8.588217298569688074e-01
-2.257938908117451127e-01
-2.216230045085199329e-01
-8.272136744987895751e-02
-8.272136744987895751e-02
-5.323158480925040126e-02
-2.693214505398022762e-01
-2.693214505398022762e-01
-1.120800740062392609e-01
-1.120800740062392609e-01
-1.120800740062392609e-01
-2.251368293798676201e-01
-4.353535790744292311e-01
-9.811586677230338394e-01
-9.811586677230338394e-01
-9.286181990548710852e-01
-8.785651701130328117e-01
-8.717473902620275217e-01
-1.061273692442855632e+00
-1.061273692442855632e+00
-1.061342528399728202e+00
-1.061342528399728202e+00
-8.628260679044412740e-01
-3.414960439186934954e-02
-3.414960439186934954e-02
-3.319381812790383468e-01
-3.319381812790383468e-01
-4.317551267192650671e-02
-2.488551757531685671e-01
-1.305125895923227863e-01
-1.830774898966685271e-01
-1.018154888946285197e-01
-3.633665537059193040e-01
-5.765050136792272406e-01
-6.292016738687372657e-02
-3.308513296151936040e-02
-8.232547949650547148e-01
-7.049553594899222730e-01
-1.939561923192974213e-01
-1.096181201091459972e-01
-1.672266147332711062e-01
-1.413954233120321979e-01
-8.737622808316013179e-02
-2.889747216756211393e-02
-4.116701065468286735e-01
-4.434968214873829528e-01
-3.636470260401300503e-01
-3.198549635779561195e-01
-3.310504367656962876e-01
-2.368098805101150062e-01
-2.511555959344137778e-01
-1.477302687801776704e-01
-1.477302687801776704e-01
-3.142736382055920652e-01
-9.145700937247412676e-02
-2.715528923056549360e-01
-2.715528923056549360e-01
-2.715528923056549360e-01
-2.715528923056549360e-01
-3.147302177622486874e-01
1.099465386390002103e-02
-9.388781471416553226e-02
-7.987657764901622270e-01
-2.603196676101101059e-01
-1.644845588941191150e-01
-6.499916144128511375e-01
-6.499916144128511375e-01
-6.738707394718439492e-01
-6.738707394718439492e-01
-1.163783082542638292e+00
-1.154485783659021436e+00
-1.154485783659021436e+00
-1.154485783659021436e+00
-1.154485783659021436e+00
-1.154485783659021436e+00
-1.154485783659021436e+00
-3.151331474402666588e-01
1.495088776484502224e-01
1.495088776484502224e-01
-6.822307752605605291e-01
-1.470381055689678584e+00
-1.470381055689678584e+00
-1.049387751300293825e+00
-1.200830503357983803e+00
-8.380646687392749872e-01
-4.100864236714962807e-01
-4.088303953922045597e-01
-4.088303953922045597e-01
-5.388920895228194174e-01
-4.202023461945426086e-01
-8.600552496900977228e-01
3.097072443132418695e-01
3.097072443132418695e-01
1.866346399654165988e-02
1.386399416477342812e-03
-2.292116843947488991e-01
-2.292116843947488991e-01
-3.915683546212161414e-01
-3.915683546212161414e-01
-3.915683546212161414e-01
-3.971387961626508534e-01
-3.971387961626508534e-01
-5.646311743879409151e-02
-3.034763935647092903e-01
-1.113224226133773254e-01
-1.308671261110907480e-01
-3.084619574063594549e-01
-5.728967103174037456e-01
-5.728967103174037456e-01
-5.728967103174037456e-01
-5.501220376724038630e-01
-5.501220376724038630e-01
-5.470680689036732103e-01
-5.470680689036732103e-01
-1.203623260184410126e+00
-3.436267034045596414e-01
-1.650147467680688484e-01
-1.650147467680688484e-01
-1.650147467680688484e-01
-2.054351294701687314e-01
-5.771237395233679290e-01
-2.718445618795390928e-01
-2.343117421489372687e-01
-2.343117421489372687e-01
-1.375904160749388039e+00
-1.431133277557548045e+00
-1.255055344583427379e+00
-5.397002851985835958e-01
-3.555898285732670416e-01
-6.135592155201257114e-01
-3.266504059330226778e-02
-2.818256901509447188e-01
-2.974872379412386580e-01
-3.427189577150070998e-01
-3.399824435122837940e-01
-4.487460475578818331e-01
-4.487460475578818331e-01
-4.487460475578818331e-01
-2.864756787028412965e-01
-3.093351141672517346e-01
-3.009391503397866874e-01
-3.346987139882366402e-01
-2.933920968331068524e-01
-1.701264754365096679e-02
-1.701264754365096679e-02
-5.990890055951834936e-02
-1.300743843355780527e+00
-1.482458689016776132e+00
-1.170946922630470510e+00
-1.292039969683149270e+00
-1.210983123195786604e+00
-1.290632707439006710e+00
-3.239244621524847156e-01
-2.661715786953957052e-01
-2.661715786953957052e-01
-5.955902955728096249e-01
-1.217911507841733798e-01
-3.230939289807817083e-01
-1.332492604994181262e-01
-1.332492604994181262e-01
-1.332492604994181262e-01
-3.498639647864930646e-01
-4.043275949831902083e-01
-2.810647622121223432e-01
-2.810647622121223432e-01
-1.349166662469648559e-01
-6.599605197432392156e-01
-6.599605197432392156e-01
-6.599605197432392156e-01
-9.256242338147718796e-02
-9.256242338147718796e-02
-3.091689291807251175e-02
-4.102713918138872207e-01
-1.477752144432432357e-01
-2.330344839886999003e-02
-2.250216516664333422e-01
-6.353674923028818089e-02
-6.707232039471656970e-02
-7.727142729677159982e-01
-6.852788747382665413e-01
-6.852788747382665413e-01
-5.800580431352837518e-01
-3.562794417769685196e-01
-5.519577439154994825e-02
-7.153621823108446964e-01
-9.044832184939265440e-01
-1.528986282717885274e-02
-2.932768193987085881e-01
-5.476277029537105490e-01
-5.476277029537105490e-01
-3.571593510717096520e-01
6.077830923674895081e-01
-1.602788728236240301e+00
-1.425984028876397636e+00
-2.525494955693786125e-01
-7.755347237304337504e-01
-7.755347237304337504e-01
-7.755347237304337504e-01
-7.662924138355436954e-01
-7.020905186523670460e-01
-3.573689075546556126e-01
-5.429698791832130444e-01
-5.429698791832130444e-01
-8.233576785082113991e-02
-8.228835053243326036e-02
-8.228835053243326036e-02
-2.616599209278992755e-02
-2.616599209278992755e-02
-9.911933319062621317e-02
-2.552153788378772048e-01
-2.512228078641581264e-01
-5.696144090327888154e-01
-5.680512971677469380e-01
-5.680512971677469380e-01
-5.680512971677469380e-01
-1.051855588734263852e-01
-7.271981490045842378e-01
-7.271981490045842378e-01
-7.271981490045842378e-01
-4.532175070924922555e-01
-4.532175070924922555e-01
-4.532175070924922555e-01
-4.532175070924922555e-01
3.256641611471116585e-03
-5.567074391855564297e-01
-2.070404233029877750e-01
-1.845128592068104867e-01
-1.845128592068104867e-01
-1.006800659983837359e-01
4.491134480810073798e-02
4.526110896644811032e-02
4.526110896644811032e-02
-2.898520026106679026e-01
-3.087388682775698001e-01
-4.248250112022997627e-01
-8.011921300031030757e-01
-8.011921300031030757e-01
-4.784921843052821755e-01
-1.850433604895042883e-01
-3.348041261701237281e-02
-3.348041261701237281e-02
-2.682798508248411262e-01
-2.682798508248411262e-01
-2.216656280977092330e-01
-5.411005527293932804e-02
-3.560778843399215604e-02
-8.044759413480302712e-02
-4.350468801266832441e-02
-5.224431877382398198e-02
-4.463433991426719039e-01
-4.463433991426719039e-01
-5.154500272032407349e-01
-7.799651837029830670e-01
-1.348642272657463725e-01
-4.411931461289553269e-02
-4.357607041558617111e-02
-3.712642831054745879e-02
-3.772407314289595859e-01
-3.057261554962362182e-01
-6.493555086292682743e-01
-6.851276407734157026e-01
-7.845995303093816764e-01
-6.768925126150506788e-01
-6.768925126150506788e-01
-6.768925126150506788e-01
-1.372984729806961957e-01
-1.625444732934065439e-01
-1.592559821860967811e-02
-9.116806075632229167e-02
-7.584594175874844746e-01
-3.296926931031119445e-01
-7.060979907872799721e-01
-6.811366368434168539e-02
-2.266914222254123867e-01
-7.878200615797169570e-01
-7.875753178423267054e-01
-9.574558493284148764e-01
-9.574558493284148764e-01
-6.436683935599391004e-01
-8.811836146943655690e-01
-7.677454337563158759e-01
-7.677454337563158759e-01
-6.959467955346773094e-01
-9.057450020974269767e-02
-9.057450020974269767e-02
-8.946842376862154667e-02
-2.125925304328962206e-01
-6.779307503089393450e-01
-6.779307503089393450e-01
-6.779307503089393450e-01
-6.779307503089393450e-01
-8.713720405534849389e-01
-8.713720405534849389e-01
-9.836394973740294478e-01
-1.044218216525892862e+00
-1.044218216525892862e+00
-1.044218216525892862e+00
-3.503178376312693354e-01
-3.503178376312693354e-01
-3.503178376312693354e-01
-4.116438941791453754e-01
-4.679475756037987377e-01
-4.679475756037987377e-01
-3.503178376312693354e-01
-3.512292872423423695e-01
-6.038681612871800164e-01
-6.038681612871800164e-01
-4.946964990568434306e-01
-4.816697500859801750e-01
-4.816697500859801750e-01
-1.130468986686283372e+00
-8.609262410814857436e-01
-1.124801302959084648e+00
-1.018738199602349459e+00
-1.011052163563540551e+00
-9.090749415111358811e-01
-7.511425200657452228e-01
-5.806139162803927167e-01
-2.530925189559819488e-01
-2.957229995761729083e-02
-5.688071250915527344e-01
-2.967585056279403166e-01
-2.967585056279403166e-01
-2.967718397454139345e-01
-4.518048884079970962e-01
-3.362703733644795134e-01
-2.196674194208294573e-01
-3.663489228224890981e-01
-9.351624585474426210e-01
-9.448160746813275557e-01
-8.775243111823758380e-01
-8.775243111823758380e-01
-8.638160406517481071e-01
-1.644222047999073788e-01
-2.477324993330023636e-02
-2.477319294989223028e-02
-2.477347786693226417e-02
-4.464084457029119934e-01
-1.455664948113333801e-01
-1.841503877484775564e-01
-1.841503877484775564e-01
-1.610318487278590005e-01
-6.444284240100853212e-02
-2.512154285128211928e-01
-1.503682273295823713e+00
-1.543224313746902610e+00
-1.543218501439285850e+00
-1.868739638684128623e+00
-1.868739638684128623e+00
-1.603809187106830736e+00
-3.364469079624854420e-01
-4.065800351348934916e-01
-4.071255372997451549e-01
-4.071255372997451549e-01
-4.071255372997451549e-01
-1.733841812576436200e-02
-7.496542843988246441e-01
-7.144960345091372345e-01
-7.144960345091372345e-01
-7.136509705683924398e-01
-8.355106723923984013e-01
-3.025938345414958541e-01
-5.326549705994060302e-01
-3.415810560405140306e-01
-3.727763378369420288e-01
-3.592708712554114614e-01
-3.243355974412556741e-01
-1.955503708260920848e-02
-4.817810956652259780e-01
-3.184735718010488492e-01
-3.184735718010488492e-01
-3.184735718010488492e-01
-3.184713779398405387e-01
-3.779278943461167883e-01
-2.042884381049905607e-01
-9.375763326940298459e-01
-1.223453999021541089e-01
-1.223453999021541089e-01
-1.746493731812354955e-01
-1.746493731812354955e-01
-2.318807302423918359e-01
-1.642029184000441955e-01
-5.941641077142828520e-02
-5.935685242567190212e-01
-8.210751368712283782e-02
-9.711203566016931576e-01
-7.740999385002237387e-01
-1.081336752634431297e+00
-1.081335840899903200e+00
-9.752182614051132514e-01
-8.763289132492035893e-01
-8.281836888074418646e-01
-5.851786291622066427e-01
-5.672881753677163630e-01
-9.530455044988920266e-01
-9.530455044988920266e-01
-9.530455044988920266e-01
-2.907345046504733466e-01
-2.907345046504733466e-01
-3.594351259289917944e-01
-4.266536657486545425e-01
2.197690208373060394e-01
-1.370327593491592610e-01
5.954338048885702422e-02
5.954338048885702422e-02
-3.494776386489831244e-02
-2.697488545915592284e-01
-4.157889812443953392e-01
-4.399995930336173672e-02
-6.023404361185106248e-01
-5.131281242771768003e-01
-5.131281242771768003e-01
-5.131281242771768003e-01
-2.502122071231528411e-01
1.543053705423329536e-01
-2.764479095119818930e-01
-2.764479095119818930e-01
-3.454592613143628865e-01
-4.103083455539797697e-01
-7.340304026412234339e-01
-7.340304026412234339e-01
-7.340304026412234339e-01
-5.598465981492576349e-01
-5.366026671393195890e-01
-7.214017397586974800e-01
-2.017900718101807711e-01
-2.718353875508499606e-01
-4.083293117938944228e-01
-1.264791529675514559e+00
-1.873652064321601751e-01
-1.417038317620184229e-01
-1.417038317620184229e-01
-1.328197423632240692e+00
-8.065043512311537155e-01
-2.490311690087983754e-01
-2.490311690087983754e-01
-2.881578858906178597e-01
-7.438564933052937977e-02
-1.183817551309246374e-01
-1.183817551309246374e-01
-3.076741617906617599e-01
-3.076741617906617599e-01
-3.076741617906617599e-01
-3.401220243701971180e-01
-1.294048463865174192e-01
-1.294048463865174192e-01
-7.869023437937632259e-01
-9.588704909238941754e-02
-2.952936830187846695e-02
-2.952936830187846695e-02
-2.675756213769857617e-01
-7.363366351300854040e-01
-1.489544347868822616e+00
-1.489544347868822616e+00
-8.353903234346874429e-01
-8.353903234346874429e-01
-8.353903234346874429e-01
-8.353903234346874429e-01
-9.118408021689828891e-01
-9.004416702810253970e-01
-4.155526995430940396e-01
-4.421560018969767358e-01
-1.039444602470324996e+00
-1.037911862761750958e+00
-6.244543291642605798e-01
-6.245517138085446840e-01
-9.858700558970580063e-01
-3.335683056318964890e-01
-3.335849732787385391e-01
-3.395555238194948866e-01
-2.594816981036621728e-01
-3.719656348912255273e-01
-3.714330964516954769e-01
-3.713276201634744256e-01
-3.390865503715967400e-01
-3.392769604294523234e-01
-3.765630562492355837e-01
-3.476416403659214893e-01
-5.145365261894794262e-01
-2.626311140808046951e-01
-1.719389431335273943e-01
-1.668101514958514608e-01
-4.449541222866816581e-02
-3.260524505411005469e-01
-3.625708373965086384e-01
-3.237982439037490612e-01
-3.237982439037490612e-01
-3.278600212264927150e-01
-3.278600212264927150e-01
-3.830098456224109715e-01
-9.303844852611621585e-02
-9.303844852611621585e-02
-9.303844852611621585e-02
-2.488150309422275941e-01
-2.488150309422275941e-01
-4.109157886833351148e-01
-7.052945817177883603e-01
-7.052945817177883603e-01
-4.619444875370703474e-01
-9.958061387844340251e-01
1.029474642946888729e-01
1.029474642946888729e-01
1.029474642946888729e-01
-6.636345249744947106e-01
-3.916781616484457662e-02
6.264279352547333368e-02
6.264279352547333368e-02
6.264279352547333368e-02
6.264279352547333368e-02
-4.138873736899395528e-02
-4.138873736899395528e-02
2.866903352008038919e-01
6.238432390967928454e-01
6.238432390967928454e-01
6.238432390967928454e-01
6.238432390967928454e-01
-4.325537278137061015e-01
-8.722538018089862621e-01
-5.338168979033001277e-02
-5.458856631875266263e-01
-2.622935443717708259e-01
-2.622935443717708259e-01
-2.622935443717708259e-01
-2.622935443717708259e-01
-1.383236329824473199e-01
-3.648845916952275226e-01
-2.591187422863611700e-01
-2.591187422863611700e-01
-3.034639426900597181e-01
-1.239981751596950371e-01
-1.239981751596950371e-01
-2.313446730774173510e-01
-9.990707894584188731e-02
-9.990707894584188731e-02
-9.986548105799672448e-02
-9.986548105799672448e-02
-1.086783639901454657e-01
3.732825784336768482e-01
3.732825784336768482e-01
3.732825784336768482e-01
4.188875608986695337e-02
4.188875608986695337e-02
4.188875608986695337e-02
4.188875608986695337e-02
4.188875608986695337e-02
4.188875608986695337e-02
1.449726707164917527e-01
-1.222201361255025737e-01
1.449726707164917527e-01
1.094736600469220777e-01
1.094736600469220777e-01
-6.853668713660814038e-02
-6.853668713660814038e-02
-6.853668713660814038e-02
-4.466294273591633890e-01
-7.098582688982582600e-02
-8.085369351489138379e-02
-8.085369351489138379e-02
-9.118465005097835252e-02
-7.184191712001997132e-02
-3.831103643541354242e-01
-5.588333761714839865e-01
-5.588333761714839865e-01
-5.588333761714839865e-01
-4.913068980149511433e-01
-4.632792668862278918e-01
-4.422023009159824491e-01
-4.422023009159824491e-01
-3.056843011830550627e-01
-1.333666805099574804e+00
-1.333666805099574804e+00
-1.333666805099574804e+00
-1.482262894026863842e+00
-1.516199932499551872e+00
-2.846918131151801035e-01
-2.847958363264969650e-01
-3.483331055303832136e-01
-3.483331055303832136e-01
-4.029025824074535245e-01
-4.089237627062241032e-01
-4.707765168943094936e-01
-3.258210124294798615e-01
-2.221001693213190964e-01
-2.221001693213190964e-01
-1.418012306521544974e-01
-1.164678975683325346e+00
-1.958687406880905701e-01
-4.806199447602660380e-01
-2.426479446272548912e-01
-2.566023834804731507e-01
-2.566023834804731507e-01
-2.566023834804731507e-01
-2.566023834804731507e-01
-2.566023834804731507e-01
-8.446426909010906758e-02
-1.336685729072381035e-01
-4.058699933794214787e-01
-4.058699933794214787e-01
-4.058699933794214787e-01
-4.373517877513090069e-01
-2.849639658718218227e-01
-6.083990260246378845e-02
-8.185580194737213794e-03
-7.118873340905738090e-01
-7.118873340905738090e-01
-5.889997655529364273e-01
6.240129784233938715e-02
2.289145729054000433e-01
2.289145729054000433e-01
2.289145729054000433e-01
-2.217512171765358489e-02
-2.217512171765358489e-02
-4.068498230801029791e-01
-8.761738613960163846e-01
-8.761738613960163846e-01
-8.761738613960163846e-01
-5.443726967215309909e-01
-5.577585551296547761e-01
-5.577585551296547761e-01
-3.118791099260231348e-01
-2.248651467363419476e-01
-1.650793801986008558e-01
-5.584294920213819097e-02
-1.128257916488793366e+00
-2.886192520535470554e-02
-4.129563930157721385e-01
-3.579504232333677316e-01
-4.149526072733716320e-01
-3.582847448881451569e-01
-3.582847448881451569e-01
-3.582847448881451569e-01
-2.705941179742320513e-01
-8.462568883914107776e-01
-8.306904459090806991e-01
-6.851214153360909997e-02
-4.305260017314786469e-01
-2.374192040919345659e-01
-2.120922588481501669e-01
-1.816741310159745160e-01
-1.012191432839825711e-01
-4.654819035393329973e-01
-2.621776116281804847e-01
-2.621776116281804847e-01
-3.744936183123470097e-01
-3.223400669845522537e-01
-3.554655762521076179e-01
-3.691943323179138758e-01
-3.929118809235027654e-01
-2.573025101229519662e-01
-3.313983204715794106e-01
-1.300874078934780576e-01
-1.202552997815221403e+00
-1.814312848260708044e+00
-1.854412642309360093e+00
-1.854412642309360093e+00
-1.854412642309360093e+00
-1.005788492199111817e+00
-1.005788492199111817e+00
-1.220508811578695729e+00
-1.220508811578695729e+00
-1.220508811578695729e+00
-1.220508811578695729e+00
-1.220508811578695729e+00
-4.271928427552173502e-01
-4.271928427552173502e-01
-4.017593812760157923e-01
-3.314932833210231800e-01
-3.229577386356448643e-01
-3.229577386356448643e-01
-2.978079405615023934e-01
-6.153838384903639186e-02
-1.165969421941053241e+00
-7.808966344902665835e-01
-2.767358466726416166e-01
-4.360033323842298358e-01
-4.387637226349080932e-01
-4.387637226349080932e-01
-1.850493010097890023e-01
-2.265225376499314380e-01
-1.924941191595781406e-02
-1.924941191595781406e-02
-6.927570353046657026e-01
-3.171911602038498396e-02
-3.171911602038498396e-02
-3.171911602038498396e-02
-3.176545207860592690e-01
1.350044491869997476e-01
1.350044491869997476e-01
-5.434689398705389030e-01
-5.519856230478669135e-01
-7.730429532651007518e-01
-7.726310771920256171e-01
-7.726310771920256171e-01
-7.693131612774062322e-01
-5.367931769181391588e-02
-3.176378745079951743e-02
-3.176378745079951743e-02
-3.719242934287164126e-01
-3.027245331106860268e-02
-1.591858997171741175e-01
-9.530170127948885128e-02
-9.530170127948885128e-02
-2.127861885450082202e-01
-2.127861885450082202e-01
-4.152961459943942807e-02
-7.207839826324929922e-02
-5.052495484256379343e-02
-1.072669419572184618e-01
-2.035871860402035938e-02
-2.038225275152727792e-02
-4.359050360054176343e-01
-1.847061754184744775e-01
-5.728199038063362669e-02
-2.886034961412330957e-01
-2.993096812961206221e-01
-2.993096812961206221e-01
-1.564541721207233782e-01
-1.564541721207233782e-01
-1.564541721207233782e-01
-1.564541721207233782e-01
-1.564541721207233782e-01
-1.598673215559746064e-01
-1.691643782601073842e-01
-3.384804463523295448e-01
-3.742190152691609595e-01
-3.406031067922967726e-01
-3.369787341094153676e-01
-3.531791170058241058e-01
-3.578080786801660640e-01
-3.710747277987390680e-01
-3.607460007384903355e-01
-1.028720780950659330e+00
-1.028720780950659330e+00
-1.028720780950659330e+00
-1.028720780950659330e+00
-8.289452150720483248e-01
-8.289452150720483248e-01
-1.027976007808006909e+00
-1.031445955455189134e+00
-1.031445955455189134e+00
-1.031445955455189134e+00
-1.447922754925933919e+00
-1.248736454469523860e+00
-1.295948461638353866e+00
-8.080423334132644797e-01
-9.929568544172647782e-01
-7.578847399177331967e-01
-7.578847399177331967e-01
-7.511366507747204713e-01
-7.511366507747204713e-01
-7.511366507747204713e-01
-7.511366507747204713e-01
-6.002596299917246636e-01
-9.136433013310623075e-01
-9.136433013310623075e-01
-3.021342348642148679e-01
-4.466869521095465090e-01
-4.466869521095465090e-01
-5.762785046323991578e-01
-5.762785046323991578e-01
-4.510268939384766695e-01
-4.510268939384766695e-01
-4.510268939384766695e-01
-3.904367211216038247e-01
-3.283753791685086187e-01
-3.291144539703602101e-01
-3.688324306936610064e-01
-7.456448748280395389e-01
-7.469089947512682626e-01
-5.527368922990321121e-01
-4.029883139448001694e-01
-4.029883139448001694e-01
-2.851113819483361289e-01
-2.390336010241827513e-01
-3.307776785603444569e-02
-1.909150590632203437e-01
-3.550851550202524520e-01
3.940976486607217777e-01
3.940976486607217777e-01
-5.662884655805663914e-02
-1.506722509063224691e-01
-1.363368494788729512e-01
-3.406855902753869736e-01
-2.121618498351788007e-01
-3.407459926878744771e-01
-3.407499530347309902e-01
-1.248294719090653038e+00
-1.248914926503402079e+00
-1.069059677379309070e+00
-1.276491590941157384e+00
-5.507942139532551878e-02
-3.527345609482569755e-02
-3.527345609482569755e-02
-9.744358792131762037e-01
-9.744358792131762037e-01
-3.551248724556333586e-02
-8.210192788855295021e-01
-8.666319327418252616e-01
-6.705450595678835723e-02
-5.709599012626516146e-01
-1.098882969661151066e+00
-1.098854477957147413e+00
-1.266904474444416673e+00
-1.266904474444416673e+00
-1.266774894174608646e+00
-3.243363097338557988e-01
-1.120973841410066063e+00
1.020649836236614538e-01
1.020649836236614538e-01
8.277480364073758201e-02
-2.956956226100885265e-01
4.769144063356045571e-02
-5.869302421409358095e-01
-8.965582510253439219e-01
-3.996238995692469875e-01
-6.410479545593261719e-01
-6.366684947369430914e-01
-7.689947949768707325e-01
-3.356180273096146527e-01
-3.297452033135904181e-01
-3.297452033135904181e-01
-7.762775594372138543e-02
-2.459747570764493976e-02
-5.251176042720874237e-01
-5.251176042720874237e-01
-5.251176042720874237e-01
-1.055474718943608670e+00
-1.049503883485812139e+00
-4.051389247463948462e-01
-4.051389247463948462e-01
-3.834598435954427176e-01
-3.834598435954427176e-01
-2.837669439115214076e-01
-2.837669439115214076e-01
-2.763795579140774228e-01
-2.763017755621478000e-01
-8.324733997622137949e-01
-8.768129873002236119e-01
4.896919312486228693e-01
4.896919312486228693e-01
4.896919312486228693e-01
4.896919312486228693e-01
4.975172347366011993e-01
-7.022544029337953742e-01
-6.487575247456420779e-01
-4.033483636082928203e-02
-2.451291161786985640e-01
-8.705003653612009007e-01
-4.471693166583263213e-01
-9.974306645174554897e-02
-1.051925322179812494e-01
-1.608215229689049230e-01
-1.723151361965084449e+00
-1.723151361965084449e+00
-1.630039447580195144e+00
-4.319379366150777333e-01
-4.465880858966542744e-01
-2.753823767656577992e-01
-2.747656453407972821e-01
-2.686119501267063003e-01
-2.655729110108734359e-01
-8.730451446418324712e-02
-8.730451446418324712e-02
-1.159720122814178467e-01
2.516174749480150630e-01
4.289528607866275878e-01
6.213437758713789005e-01
5.874257698569652630e-01
5.874257698569652630e-01
-5.001016032399456801e-01
-4.686016026691998126e-01
-1.846364704646298316e-01
-5.645010029152747189e-01
-5.645010029152747189e-01
-5.645010029152747189e-01
-5.645010029152747189e-01
-3.302887680425698469e-01
-3.302887680425698469e-01
-3.373256775890663972e-01
-3.380441243972194809e-01
-3.380441243972194809e-01
-3.380441243972194809e-01
-3.821869482273809182e-01
-3.821869482273809182e-01
-4.215939095097791522e-01
-3.373256775890663972e-01
-3.373256775890663972e-01
-8.294911731041639813e-01
-9.610591523961856120e-02
-9.925504629972103920e-02
-7.883822598831147221e-01
-7.747658466061944083e-01
-7.587728833149313123e-01
-6.286304152034664083e-01
-6.286304152034664083e-01
-2.677355453115576323e-01
-2.677355453115576323e-01
-2.677355453115576323e-01
-4.494665172770191952e-01
-7.150218204148184320e-02
-7.161553628585989872e-02
-1.085321374422733465e+00
-1.081939751057962029e+00
-1.068267608008010905e+00
-1.625588758497803210e-01
-7.560158550853254278e-01
-4.677608694674635914e-01
-4.677608694674635914e-01
-4.677608694674635914e-01
-4.677171062101141419e-01
-4.677171062101141419e-01
-4.645559801426261681e-01
-4.067236333230713208e-01
-1.318989959091347031e-01
-3.005587575996355176e-01
-2.782004627169432087e-01
-2.476049597814935499e-01
-2.358869487423285727e-01
-2.492473355670731805e-01
-2.492473355670731805e-01
-2.492473355670731805e-01
-2.492473355670731805e-01
-3.139955021911095545e-01
-3.139955021911095545e-01
-4.846653108615036065e-01
-4.846653108615036065e-01
-7.912832851847544091e-02
-4.787720654366348777e-02
-3.243218074565179521e-01
-3.236597742222918628e-02
-3.236597742222918628e-02
-5.407568715498506373e-01
-5.812912780513727062e-01
-5.743612978700013416e-01
-2.780754981031837159e-01
-4.203436650464001390e-01
-4.757320219882359424e-01
-3.085873209039750042e-01
-3.241018230099066977e-01
-3.316655726551325789e-01
-1.117573342291392491e-01
-4.973092452973754130e-01
-4.973092452973754130e-01
-4.973092452973754130e-01
-4.973092452973754130e-01
-4.308390685750694837e-01
-1.039179202247531991e-01
-1.039179202247531991e-01
-5.104534940555491840e-01
-5.104534940555491840e-01
2.398999482678181583e-01
-2.563757782741440602e-02
-4.586942964028673519e-01
-5.975450544010840748e-01
-5.860953212468162921e-01
-6.744897502330247097e-01
2.091493899177182883e-02
2.091493899177182883e-02
2.023917275621603742e-02
1.883167011332101404e-02
-7.840811522467414085e-02
-4.987176472096780389e-01
-4.987176472096780389e-01
-4.334966607577029896e-01
-6.398063573281122240e-02
-2.516037419466853886e-01
-2.583567886461947127e-01
-2.011693444238337944e-02
-3.178345313719536103e-01
-2.501471890546167615e-02
-4.026931683830275444e-01
-4.026931683830275444e-01
-1.227726757412430786e-01
-1.227726757412430786e-01
-7.415728974752626712e-01
-1.249128842217060553e+00
-6.782046695512293777e-01
-6.782046695512293777e-01
-6.782046695512293777e-01
-7.431680340156043840e-01
-3.089628629315195607e-02
2.943954891729992918e-01
2.943954891729992918e-01
2.943954891729992918e-01
2.943954891729992918e-01
2.943954891729992918e-01
-9.257828756226635925e-01
-9.668609608199809635e-01
-7.200155613755176987e-01
-7.200155613755176987e-01
-7.200155613755176987e-01
-7.200155613755176987e-01
-7.200155613755176987e-01
-7.200155613755176987e-01
-3.143757239810367476e-01
-3.143757239810367476e-01
-3.143757239810367476e-01
-4.289417205303622249e-01
-2.320270778800059830e-01
-2.320270778800059830e-01
-2.677962860630301450e-02
-9.939850630313442625e-01
-9.939850630313442625e-01
-4.170893995985245906e-01
-4.170893995985245906e-01
-4.170893995985245906e-01
-4.170893995985245906e-01
-4.070451622027511651e-01
-4.094782112661328743e-01
-4.094782112661328743e-01
-3.200110696241914576e-01
-3.018981526048415964e-01
-3.338290047235288327e-01
-4.552907344260133660e-01
-1.202367003971486353e-01
-5.990169928133145388e-02
-5.740156935004385730e-01
-6.890610914613274351e-01
-6.890610914613274351e-01
-4.741149753275154533e-01
-4.741149753275154533e-01
-1.912211988612752891e-02
-4.289584166689082712e-01
-4.289584166689082712e-01
-4.278144177697584261e-01
-1.045213531467700241e-01
-4.404518845888213963e-01
-4.695027382834235374e-01
-4.446739562382889255e-01
-1.685641150401609445e-01
-3.740340328809180215e-02
-1.061347101318220743e-01
-6.504403587509067775e-01
-6.504403587509067775e-01
-6.504403587509067775e-01
-6.922102795048379331e-01
-1.896860551651759486e-01
-8.595239363938398380e-01
-5.469219776913950698e-02
-1.143116511076859715e-01
-1.922344671380679382e-01
-2.861630392348105123e-01
-6.462332737377450842e-01
-5.068015983866004381e-01
-4.733776955030160050e-01
-6.542837756541672878e-01
-6.542837756541672878e-01
-6.903932495737166164e-01
-6.828230038199779584e-01
-6.979661165642236931e-01
-3.459906315940287636e-01
-3.459906315940287636e-01
-4.415316916788513124e-01
-4.415316916788513124e-01
-4.415316916788513124e-01
-4.415316916788513124e-01
-5.249532641233950470e-01
-5.249532641233950470e-01
-1.513113910563817222e-01
-1.747586958494970477e-01
-2.511482165830768998e-01
-3.391834791486167400e-01
-3.391834791486167400e-01
-8.369155413334045113e-01
-6.976141300529640210e-01
-6.976108819987075771e-01
-6.976108819987075771e-01
-1.128867866888100924e+00
-7.239748255472565619e-01
-2.511387715831997144e-02
-2.572582055232264797e-01
-1.800477497607298402e-02
-1.518559045591044265e+00
-1.518559045591044265e+00
-1.596355757339506631e+00
-1.596355757339506631e+00
-1.596355757339506631e+00
-1.813401569599859098e+00
-1.813401569599859098e+00
-1.010579771111161929e+00
-1.586613532006170724e+00
-1.586613532006170724e+00
-1.219443791683043843e+00
-9.673756349611007943e-01
-4.230178963841716988e-01
-5.866754693237362650e-01
-2.213206078080784400e-01
-5.857451012212049335e-01
-1.181709834768029044e+00
-1.181709834768029044e+00
-1.550108393793124262e-01
-3.026944957317403428e-01
-3.026944957317403428e-01
-3.026944957317403428e-01
-2.995590976729675670e-01
-2.962995042764433595e-01
-4.864370389832592956e-01
-4.864370389832592956e-01
-1.060199783135554519e+00
-7.938818995401006884e-01
-7.938818995401006884e-01
-7.940401424641362338e-01
-3.086489769514386139e-01
-3.260152403756719774e-01
-1.762490826400698318e-01
-1.634787874969423904e-01
-1.750822191484571466e-01
-1.750822191484571466e-01
-1.111152024501596280e-01
-1.314325724687448460e-01
-8.572598858727550897e-02
-6.452232998142278797e-01
-5.420808810348948237e-01
-5.420808810348948237e-01
-1.685416065939981667e-01
-3.034126576228533545e-01
-6.490474563255820284e-01
-5.472498459752157540e-01
-2.254243391649672912e-01
-3.415052111244566424e-01
-3.415052111244566424e-01
-3.173229343348661358e-01
-1.124697479189695759e-01
-8.219046870791433257e-01
-9.589558805607928393e-01
-9.560134283215320217e-01
-9.560134283215320217e-01
-9.560134283215320217e-01
-9.569556489729288407e-01
-9.566547765786515001e-01
-6.657070115237117003e-01
-6.657070115237117003e-01
-6.493715779503261842e-01
-8.536365246453658795e-01
-4.864634223011665703e-01
-9.085626036897443969e-01
-9.085626036897443969e-01
-9.085626036897443969e-01
-9.021220539997457655e-01
-9.021220539997457655e-01
1.307606526132295555e-01
5.120941817076666430e-02
5.219648832572805486e-02
5.219648832572805486e-02
9.837641200873409320e-02
9.837641200873409320e-02
9.452000288844791820e-02
-2.970764730446197044e-01
8.241544490106703091e-02
7.626841674571283036e-02
-3.921884765588530275e-01
-5.385315626232847069e-02
-5.385315626232847069e-02
-5.385315626232847069e-02
-1.010798359464277096e+00
-9.866229206836474308e-01
-9.736097337638898175e-01
-9.543732179054565945e-01
-9.366522897497873146e-01
-5.685155979761885581e-01
-4.357753417687935671e-01
-4.357753417687935671e-01
-4.357753417687935671e-01
-6.327046149091556382e-01
-7.998466805107962152e-02
-5.004184309884649462e-01
-4.595623531487429969e-01
-4.901391940180703233e-01
-4.901391940180703233e-01
-1.319655382838349489e+00
-3.926513670279464102e-02
-5.691623596570687393e-01
-5.691623596570687393e-01
-5.691623596570687393e-01
-5.691623596570687393e-01
-5.691623596570687393e-01
-4.768512900883107308e-01
-4.768512900883107308e-01
-5.138210425185427699e-01
-5.138210425185427699e-01
-5.138210425185427699e-01
-5.138210425185427699e-01
-5.138210425185427699e-01
-7.120099623846050108e-01
-4.033401010141317994e-02
-1.018866982104445373e+00
-1.023875253834186427e+00
-9.936564967007754934e-01
-7.458385899235595029e-02
-3.981721902668589608e-01
-2.933094423997926192e-01
-2.890817293929324183e-01
-2.880440615331237297e-01
-2.550068195645713298e-01
-2.550068195645713298e-01
-8.039075033614557775e-01
-1.554785591922344112e-01
-1.554785591922344112e-01
-1.554785591922344112e-01
-1.593170327848503764e-01
-2.068130452591875890e-01
-1.593170327848503764e-01
-1.593170327848503764e-01
-1.593170327848503764e-01
-1.251899831381628081e+00
-1.616457024906151063e-01
-1.059752349415882922e+00
-3.872206915405010386e-01
-3.872206915405010386e-01
-2.742092344147753144e-02
-4.571235701299306009e-02
-4.571235701299306009e-02
-3.591257060235134579e-01
-3.591257060235134579e-01
-3.653647196452430856e-02
-3.719003603973534272e-02
-1.698874977077170501e-01
-1.698874977077170501e-01
-5.468678292079363068e-01
-3.810381057385504588e-01
-2.238561130390568366e-01
-2.166032791137695312e-01
-6.043842030300921042e-01
-4.994679477429070369e-01
-4.994679477429070369e-01
-4.994679477429070369e-01
-4.994679477429070369e-01
-4.994679477429070369e-01
-4.994679477429070369e-01
-4.994679477429070369e-01
-4.994679477429070369e-01
-4.145480250765214841e-02
-4.145480250765214841e-02
-3.284432748991490403e-01
-3.913875177759057467e-01
-2.697191377442835769e-01
-2.697191377442835769e-01
-1.481761354561289545e-01
-1.481761354561289545e-01
-2.169998693876467044e-01
-4.345630553780732014e-02
-4.345630553780732014e-02
-2.596715098357337270e-01
-2.677681968043456595e-01
-2.677681968043456595e-01
-2.395231169906674451e-01
-1.029903414600437994e+00
-1.029903414600437994e+00
-5.206220122641860293e-01
-1.514857317931793401e-01
-2.503017209342059402e-02
-2.503017209342059402e-02
-2.503017209342059402e-02
1.005560059962263414e-01
1.005560059962263414e-01
-2.438784158480554742e-01
-2.438784158480554742e-01
-1.482359395428323734e-01
-1.482359395428323734e-01
-1.185650921232613703e-01
-2.962180785478642914e-02
-7.493124409341903047e-02
-9.640731045666433019e-01
-1.033439121100460323e+00
-1.025616894716514294e+00
-9.990025660731823853e-01
-8.461551017788582207e-02
-2.152741411220047141e-01
-4.387764299348936858e-01
-3.096693503469171715e-01
-6.963248519551001881e-02
-6.963248519551001881e-02
-2.492991904683596049e-01
-1.509048001943993078e-01
-3.537743656858658992e-01
-2.383040282056162751e-01
-2.939163584326238976e-02
-2.796679564233491844e-01
-2.784545517332467357e-01
-3.607989953079369094e-01
-3.104570319957988267e-01
-3.171199309438409997e-01
-3.237517454428153196e-01
-3.421947958364541242e-01
-3.534392462633763610e-01
-1.065660845025319547e+00
-1.065660845025319547e+00
-3.189388983108345510e-01
-1.694874599376554325e-01
-7.797757708547675692e-02
-9.434046526484005657e-01
-8.400195415343654215e-01
-8.400195415343654215e-01
-8.338987257466944358e-01
-8.338987257466944358e-01
-1.883262430048809444e+00
-1.883262430048809444e+00
-1.334416136914867712e+00
-1.210596889656314845e+00
-1.219087645382999519e+00
-1.219087645382999519e+00
-1.219087645382999519e+00
-8.140368739687917632e-01
-8.140368739687917632e-01
-3.447024931643250523e-01
-2.765654377909964601e-01
-2.528600836347211223e-01
-3.412965378843347275e-01
-3.412965378843347275e-01
-3.412965378843347275e-01
-3.412965378843347275e-01
-2.390232585356294737e-01
-3.828202048405634494e-01
-5.945301192668382001e-02
-2.923462518542491728e-01
-3.481583374180255430e-01
-3.609804304790314444e-01
-3.426319155592763011e-01
-2.992472844643528918e-01
-2.992472844643528918e-01
-2.939877159053007061e-01
-2.939877159053007061e-01
-3.537378393213334027e-01
-6.913880231731479864e-02
-6.878365322691076811e-02
-8.732448002576371771e-01
-8.375073140255578918e-01
-2.483685374487882291e-01
-2.985384963438569850e-01
-1.860294868567705373e-01
-3.910170116570437643e-02
-2.996908433122799087e-01
-3.087324576441690116e-01
-1.873357317643685183e-01
-1.873357317643685183e-01
-3.029886155921687751e-02
-7.915414200230264097e-01
-6.067771642659407494e-01
-6.067771642659407494e-01
-6.067771642659407494e-01
-1.079547530606417421e-01
-3.941049140452426713e-01
-6.520134996957578366e-01
-6.534714201896185681e-01
-6.511768692993981089e-01
-6.511768692993981089e-01
-6.511768692993981089e-01
-7.172089005975376130e-01
-7.172089005975376130e-01
-4.243601975431861573e-01
-4.243601975431861573e-01
-1.907997531371180278e-01
-3.755021676506640205e-01
-3.857243927213475088e-01
-3.128377417989260389e-01
-3.128377417989260389e-01
-3.128377417989260389e-01
-3.128377417989260389e-01
-3.953749602429041526e-02
-3.953749602429041526e-02
-3.375140077525297100e-01
-9.697067407075578294e-02
-3.321058549570991558e-01
-3.635159357100098410e-01
-3.559262301224367375e-01
-2.371154112979969031e-01
-1.252413251887771750e+00
-1.252413251887771750e+00
-1.207403995338862890e+00
-3.927328390555445137e-01
-2.465383443504172989e-01
-6.664795355860635429e-01
-9.825713861284930684e-02
-2.493037990014821889e-02
-7.459381114456439255e-01
-7.459381114456439255e-01
-7.459381114456439255e-01
-7.471373272671525401e-01
-7.471373272671525401e-01
-7.471373272671525401e-01
-9.051790998725087745e-01
-9.240044804421710944e-01
-6.128585475352708034e-01
-5.513153842028878371e-01
-5.379054218131770759e-02
-2.237628169542972556e-01
-8.064675969329891947e-01
-1.255082012818374615e+00
-1.382251428600479004e+00
-1.548721958984608404e+00
-1.008120481188393036e+00
-1.008120481188393036e+00
-1.008120481188393036e+00
-1.008120481188393036e+00
-1.008120481188393036e+00
-8.137390786785467789e-01
-6.482948764560326760e-01
-6.347354465871194451e-01
-6.246790717254404601e-01
-6.246790717254404601e-01
-1.076999973384645592e+00
-1.076999973384645592e+00
-1.076999973384645592e+00
-9.177809235698634049e-01
-9.177809235698634049e-01
-1.254112269180910566e+00
-2.674858155259666748e-01
-2.674858155259666748e-01
-2.674858155259666748e-01
-2.674858155259666748e-01
-2.674858155259666748e-01
-2.850639147694662354e-02
-1.474201650738032332e-01
-2.430126099467961320e-01
-3.213380707381560120e-01
-2.543973677700837530e-02
-2.885120520172337888e-02
-2.680289564408490019e-02
-7.254330879415653577e-01
-7.495365281861780804e-02
-3.976383412089448122e-01
-2.656918923667921928e-01
-3.157703074168976554e-01
-3.157703074168976554e-01
-3.346555775483753270e-01
-1.779833014335048813e-01
-3.000778176360558436e-01
-9.878168370482114380e-01
-9.614822969381940920e-01
-8.448439135606156114e-02
-1.744024925660448699e-01
-6.933561588564520761e-01
-6.514637237753055921e-01
-1.530796146985449746e-01
-4.624814421907209594e-01
1.521850321762420466e-01
1.521850321762420466e-01
1.521850321762420466e-01
-3.270584783636133058e-02
1.552262509074311403e-01
1.552262509074311403e-01
1.552262509074311403e-01
1.338254767211855545e-01
-6.967578546266937900e-02
1.720678823399953983e-01
1.695820951325031634e-01
1.695820951325031634e-01
-4.770157299579671356e-02
-4.770157299579671356e-02
-4.770157299579671356e-02
1.695820951325031634e-01
-4.204238691931700411e-01
-4.204238691931700411e-01
-7.091086521659252517e-02
-3.746357349319165975e-01
-1.027219154182857030e+00
-9.181873292357697336e-01
-5.725441539720640405e-01
-4.919905849442199330e-01
-4.919905849442199330e-01
-3.114830752403740521e-01
-5.131582685000125599e-01
-5.523561291667288264e-01
-6.519244916124508071e-01
-6.519244916124508071e-01
-6.519244916124508071e-01
-6.519244916124508071e-01
-6.519244916124508071e-01
-6.519244916124508071e-01
-6.519244916124508071e-01
-3.376778920339580381e-01
-2.131616379745147893e-01
