# Variable: dg_gbsa_00000109
# Sample shape: (2000,)
# Date: 2014-03-03 06:24:05.891588
-4.265510956142418153e-01
-4.265510956142418153e-01
-4.265510956142418153e-01
-4.265510956142418153e-01
-4.265510956142418153e-01
-4.265510956142418153e-01
-4.608396932226294096e-01
-4.225929426189590221e-01
-1.756357987113937869e-01
-1.756357987113937869e-01
-1.756357987113937869e-01
-2.364757298055615853e-01
-2.302057172098761484e-01
-1.715227078297398011e-01
-1.715227078297398011e-01
-2.302668746525197152e-01
-2.388393873238426612e-01
-2.352250579666225194e-01
-2.344269910916315647e-01
-2.388392591111746510e-01
-8.794200351999548193e-01
-4.228798540782746085e-01
-4.228798540782746085e-01
-4.562876947637269781e-02
-4.562876947637269781e-02
-4.562876947637269781e-02
-4.562876947637269781e-02
-4.562876947637269781e-02
-4.562876947637269781e-02
-4.562876947637269781e-02
-4.562876947637269781e-02
-2.842194776462095285e-01
-3.783441296499044371e-01
-4.317959624540281260e-01
-4.147999487233207105e-01
-4.763263589337496384e-01
-4.763099477122436087e-01
-4.648500430196466637e-01
-4.311499985408600577e-01
-4.311499985408600577e-01
-5.025638562999309444e-01
-5.025732585622521009e-01
-5.076954401245992177e-01
-5.146694114969520006e-01
-5.698639963598597369e-01
-4.028339458925090377e-01
-2.461811438573250077e-01
-2.461811438573250077e-01
-2.461811438573250077e-01
-2.461811438573250077e-01
-1.311593512732029676e-01
-1.311593512732029676e-01
-3.735292596069393900e-01
-3.735292596069393900e-01
-3.690600224252412742e-01
-3.690600224252412742e-01
-3.689244019141844078e-01
-3.689244019141844078e-01
-5.054281273034061384e-01
-2.562467785228050854e-01
-2.562467785228050854e-01
-7.400768550814451618e-02
-1.646575890125325514e-01
-1.646575890125325514e-01
-1.646575890125325514e-01
-1.646575890125325514e-01
-3.264213896162422857e-01
-4.396569375554188475e-01
-4.396569375554188475e-01
-4.396569375554188475e-01
-4.396569375554188475e-01
-4.396569375554188475e-01
-4.581438936649271376e-01
-4.581438936649271376e-01
-4.581438936649271376e-01
-3.721467851452799902e-01
-3.721467851452799902e-01
-3.721467851452799902e-01
-3.721467851452799902e-01
-4.827293565578715806e-01
-4.827293565578715806e-01
-6.898164635178691828e-01
-6.441639782593765462e-01
-6.441639782593765462e-01
-6.454825743206600297e-01
-6.454825743206600297e-01
-6.454825743206600297e-01
-6.454825743206600297e-01
-6.454825743206600297e-01
-9.566966451376847369e-02
-2.309213575851848665e-01
-8.315461942388267802e-02
-8.315461942388267802e-02
-8.315461942388267802e-02
-8.315461942388267802e-02
-8.315461942388267802e-02
-8.315461942388267802e-02
-8.315461942388267802e-02
-2.058301099627697084e-01
-2.058301099627697084e-01
-2.058301099627697084e-01
-2.058301099627697084e-01
-2.058301099627697084e-01
-3.506034099804967163e-01
-3.506034099804967163e-01
-3.506034099804967163e-01
-9.224793195268619905e-02
-1.489202675354412142e-01
-1.749894216685176362e-01
-1.749894216685176362e-01
-4.386803274172897393e-01
-4.386803274172897393e-01
-4.386803274172897393e-01
-1.792024614478160416e-01
-2.225917081987880408e-01
-2.225917081987880408e-01
-2.225917081987880408e-01
-2.225917081987880408e-01
-5.533798930749838085e-01
-5.533798930749838085e-01
-5.533798930749838085e-01
-5.533798930749838085e-01
-5.533798930749838085e-01
-5.533798930749838085e-01
-5.533798930749838085e-01
-5.533798930749838085e-01
-5.533798930749838085e-01
-5.009379487192653357e-01
-5.009379487192653357e-01
-5.009379487192653357e-01
-5.009379487192653357e-01
-6.679299342700673048e-01
-5.014809436141646204e-01
-5.080333517340811511e-01
-5.080333517340811511e-01
-5.080333517340811511e-01
-5.785950511181103817e-01
-4.598696361764211260e-01
-4.598696361764211260e-01
-4.598696361764211260e-01
-4.598696361764211260e-01
-1.131333268281378562e-01
-1.131333268281378562e-01
-1.131333268281378562e-01
-6.253771754569350527e-01
-3.859263989027325592e-01
-4.492856804317087449e-01
-7.596215941937885241e-02
-7.667079795842872414e-02
-7.667079795842872414e-02
-7.667079795842872414e-02
-3.327570898355078910e-01
-3.327570898355078910e-01
-3.327570898355078910e-01
-3.327570898355078910e-01
-3.285974435095121438e-01
-3.285974435095121438e-01
-3.285974435095121438e-01
-3.285974435095121438e-01
-3.285974435095121438e-01
-3.285974435095121438e-01
-9.346496933504909455e-02
-9.346496933504909455e-02
-9.346496933504909455e-02
-9.346496933504909455e-02
-9.346496933504909455e-02
-5.562672993421098333e-01
-2.622965644923951900e-01
-2.622965644923951900e-01
-2.622965644923951900e-01
-3.836221608331508715e-01
-3.836221608331508715e-01
-3.836221608331508715e-01
-3.836221608331508715e-01
-6.645506472250243268e-01
-5.132247111537487916e-01
-5.132247111537487916e-01
-5.132247111537487916e-01
-5.132247111537487916e-01
-5.132247111537487916e-01
-5.132247111537487916e-01
-5.132247111537487916e-01
-6.259170932478019811e-01
-6.259170932478019811e-01
-6.259170932478019811e-01
-6.256851137938052032e-01
-6.256851137938052032e-01
-1.053954145192644021e-01
-1.053954145192644021e-01
-1.053954145192644021e-01
-1.053954145192644021e-01
-6.417350604930753821e-01
-6.417350604930753821e-01
-6.417350604930753821e-01
-4.916145514347812773e-01
-4.916145514347812773e-01
-4.916145514347812773e-01
-4.916145514347812773e-01
-4.916145514347812773e-01
-4.916145514347812773e-01
-4.916145514347812773e-01
-4.915616708321507433e-01
-4.915616708321507433e-01
-4.915616708321507433e-01
-4.915616708321507433e-01
-4.915616708321507433e-01
-4.915616708321507433e-01
-4.915616708321507433e-01
-4.915616708321507433e-01
-5.112022560367620594e-01
-4.884351621850270830e-01
-4.884351621850270830e-01
-4.684913397747061392e-01
-4.684913397747061392e-01
-2.811922056041301632e-01
-2.811922056041301632e-01
-2.811922056041301632e-01
-2.811922056041301632e-01
-2.811922056041301632e-01
-2.811922056041301632e-01
-2.811922056041301632e-01
-2.811922056041301632e-01
-2.125666314739569907e-01
-5.853434251781630682e-01
-5.232339037535979065e-01
-5.232339037535979065e-01
-5.232339037535979065e-01
-5.232339037535979065e-01
-5.232339037535979065e-01
-5.232339037535979065e-01
-5.232339037535979065e-01
-5.584776857387039328e-01
-4.798071904118612618e-01
-4.798071904118612618e-01
-4.798071904118612618e-01
-4.798071904118612618e-01
-4.798071904118612618e-01
-4.421625264971935088e-01
-4.421625264971935088e-01
-4.421625264971935088e-01
-4.421625264971935088e-01
-4.421625264971935088e-01
-4.421625264971935088e-01
-2.860978787077544383e-01
-2.860978787077544383e-01
-1.916705593324300183e-01
-1.916705593324300183e-01
-9.729340245117420460e-01
-9.729340245117420460e-01
-6.395285489682257518e-01
-6.395285489682257518e-01
-7.610818652532296003e-02
-7.610818652532296003e-02
-5.435042126000952933e-01
-5.435522496130452685e-01
-9.379025627048703795e-01
-9.549361427473064545e-02
-5.214667912878907519e-01
-3.522178638961528940e-01
-5.935029933375108868e-01
-5.953030991964540775e-01
-5.953030991964540775e-01
-2.215402503542416857e-01
-2.215402503542416857e-01
-9.988452776212308759e-02
-3.146907852439078113e-01
-3.146907852439078113e-01
-3.146907852439078113e-01
-3.146907852439078113e-01
-8.934988403411485425e-02
-4.757031314003763445e-01
-4.757031314003763445e-01
-4.757031314003763445e-01
-1.974685356220369226e-01
-7.666416651432189644e-02
-7.666416651432189644e-02
-7.666416651432189644e-02
-7.666416651432189644e-02
-7.666416651432189644e-02
-7.666416651432189644e-02
-8.932342948694757534e-02
-8.932342948694757534e-02
-8.932342948694757534e-02
-8.932342948694757534e-02
-8.932342948694757534e-02
-8.932342948694757534e-02
-8.932342948694757534e-02
-8.932342948694757534e-02
-8.932342948694757534e-02
-8.932342948694757534e-02
-4.398760102675020045e-01
-3.744609953112629230e-01
-3.744609953112629230e-01
-3.744609953112629230e-01
-5.831464298824506898e-01
-2.665419423557376377e-01
-6.068523253811021201e-01
-7.986929089571731533e-02
-7.986929089571731533e-02
-7.986929089571731533e-02
-7.716433837810392216e-02
-7.716433837810392216e-02
-7.716433837810392216e-02
-3.250391715799189063e-01
-3.250391715799189063e-01
-3.250391715799189063e-01
-3.250391715799189063e-01
-3.250391715799189063e-01
-7.592387369212411086e-02
-7.592387369212411086e-02
-7.592387369212411086e-02
-4.046353623698363822e-01
-4.213653490602627949e-01
-6.151885421052717406e-01
-6.455723231882711799e-01
-3.324686113324721304e-01
-5.675173056513127534e-01
-5.675173056513127534e-01
-2.357531232086239881e-01
-2.408603751180732611e-01
-2.408603751180732611e-01
-2.774657756375081274e-01
-2.774657756375081274e-01
-2.774657756375081274e-01
-1.880281229092103656e-01
-1.880281229092103656e-01
-1.880281229092103656e-01
-1.880281229092103656e-01
-1.880281229092103656e-01
-3.769179774060075760e-01
-8.348459609379958735e-02
-8.120978995445353454e-02
-5.287559378899305829e-01
-5.287559378899305829e-01
-3.474643649836114956e-01
-5.186997909618836777e-01
-5.186997909618836777e-01
-5.192803949060676993e-01
-5.192803949060676993e-01
-1.981052397314038704e-01
-1.981052397314038704e-01
-1.981052397314038704e-01
-1.981052397314038704e-01
-3.636060549697729960e-01
-6.697501552720370732e-01
-4.962622891420615523e-01
-4.962622891420615523e-01
-4.821696655244261942e-01
-4.821696655244261942e-01
-4.821696655244261942e-01
-3.580224787527926389e-01
-3.580224787527926389e-01
-3.580224787527926389e-01
-3.580224787527926389e-01
-3.453983175594993460e-01
-3.453983175594993460e-01
-9.426592099507041800e-02
-1.540779070234207515e-01
-4.013097821868400472e-01
-6.356688917936831329e-01
-6.268754402036648132e-01
-6.268754402036648132e-01
-4.247160874178942946e-01
-4.247160874178942946e-01
-4.247160874178942946e-01
-4.997284758843153485e-01
-4.997284758843153485e-01
-4.997284758843153485e-01
-4.997284758843153485e-01
-5.883713525294345104e-01
-5.883713525294345104e-01
-5.883713525294345104e-01
-5.883713525294345104e-01
-5.883713525294345104e-01
-4.113182055106809898e-01
-6.729054975236122838e-01
-6.729054975236122838e-01
-6.729054975236122838e-01
-6.729054975236122838e-01
-6.729054975236122838e-01
-6.729054975236122838e-01
-6.729054975236122838e-01
-6.727255439211259347e-01
-6.727255439211259347e-01
-6.727255439211259347e-01
-6.727255439211259347e-01
-4.966173527573535806e-01
-3.984536313190059076e-01
-3.984536313190059076e-01
-3.984536313190059076e-01
-3.984536313190059076e-01
-2.232668048792997573e-01
-2.232668048792997573e-01
-2.232668048792997573e-01
-2.232668048792997573e-01
-2.232668048792997573e-01
-3.967409380079455206e-01
-3.967409380079455206e-01
-3.977294576783481084e-01
-7.025726552675147785e-01
-7.025726552675147785e-01
-7.025726552675147785e-01
-6.888291120073307683e-01
-5.920728237633494651e-01
-5.920728237633494651e-01
-6.205928485206618772e-01
-6.205928485206618772e-01
-5.326530901469418433e-01
-5.326530901469418433e-01
-5.326530901469418433e-01
-5.326530901469418433e-01
-6.607805109844608893e-01
-6.607805109844608893e-01
-6.607805109844608893e-01
-6.607805109844608893e-01
-6.607805109844608893e-01
-6.607805109844608893e-01
-6.607805109844608893e-01
-6.607805109844608893e-01
-6.607805109844608893e-01
-6.607662081490510708e-01
-6.607662081490510708e-01
-6.383761165246908398e-01
-3.949812903686873433e-01
-3.949812903686873433e-01
-4.930513880676794525e-01
-6.923005982065291164e-01
-6.869199968888699548e-01
-1.163347544109388232e-01
-1.078658874358547348e-01
-1.078658874358547348e-01
-5.514985288762225268e-01
-5.514985288762225268e-01
-5.706950423822347851e-01
-5.706958401499468980e-01
-2.829833935597202421e-01
-2.829833935597202421e-01
-2.829833935597202421e-01
-3.227954213979367104e-01
-7.382111043364777414e-01
-7.382111043364777414e-01
-7.382111043364777414e-01
-5.001725475829144063e-01
-5.001725475829144063e-01
-6.175784832204960217e-01
-6.163898093294686298e-01
-7.277221114412092406e-01
-6.891582481719795705e-01
-6.891582481719795705e-01
-7.674554451929679333e-01
-7.619239518109059972e-01
-7.681079621980567707e-01
-2.623340595748638870e-01
-2.623340595748638870e-01
-2.623340595748638870e-01
-2.623340595748638870e-01
-1.347209282404605857e-01
-1.347209282404605857e-01
-1.347209282404605857e-01
-1.327304123236617839e-01
-1.327304123236617839e-01
-9.250962825395864231e-01
-1.106656247297618800e-01
-5.524620613222139820e-01
-5.524620613222139820e-01
-5.022373413720504498e-01
-6.590474745967419556e-01
-6.717245733760738302e-01
-6.717245733760738302e-01
-6.717245733760738302e-01
-6.717245733760738302e-01
-6.717245733760738302e-01
-6.717245733760738302e-01
-5.337355469654440077e-01
-5.337355469654440077e-01
-5.337355469654440077e-01
-5.337355469654440077e-01
-5.337355469654440077e-01
-1.056851609031283362e-01
-1.056851609031283362e-01
-1.056851609031283362e-01
-1.098863338877092560e-01
-1.098863338877092560e-01
-4.899171296770667983e-01
-7.418508625395211498e-01
-7.436277761514054063e-01
-7.436277761514054063e-01
-7.436277761514054063e-01
-7.436277761514054063e-01
-5.777902174634185206e-01
-5.777750598768887080e-01
-5.595497715769488511e-01
-3.214571375691867572e-01
-3.214571375691867572e-01
-3.214571375691867572e-01
-3.214571375691867572e-01
-3.214571375691867572e-01
-3.214571375691867572e-01
-2.852098207856683110e-01
-2.852098207856683110e-01
-2.426452664070785636e-01
-2.426452664070785636e-01
-2.461086894540440162e-01
-3.094955224607915945e-01
-3.094955224607915945e-01
-4.543698255692111831e-01
-1.122653270656702312e-01
-2.187769397039030506e-01
-3.621865697846129994e-01
-4.647453075157296776e-01
-4.669140105493665427e-01
-1.606782524353231600e-01
-4.505198270823257967e-01
-4.571794494844075296e-01
-3.844576230696464814e-01
-3.844576230696464814e-01
-1.503034970272567328e-01
-4.260068755760703096e-01
-4.260068755760703096e-01
-1.764298055185642422e-01
-1.764298055185642422e-01
-1.764298055185642422e-01
-1.764298055185642422e-01
-1.935505559293991262e-01
-1.935505559293991262e-01
-1.935505559293991262e-01
-1.374851506253273459e-01
-1.402231748883628337e-01
-1.402231748883628337e-01
-1.402231748883628337e-01
6.058344877472798817e-02
-1.315722388017701860e-01
-1.315722388017701860e-01
-1.355641829580011559e-01
-1.355641829580011559e-01
-1.355641829580011559e-01
-3.142444911923964468e-01
-3.142444911923964468e-01
-2.847267154525844335e-01
-2.847267154525844335e-01
-2.847267154525844335e-01
-1.692083267135328362e-01
-1.692083267135328362e-01
-1.666450990545590150e-01
-1.666450990545590150e-01
-1.666450990545590150e-01
-1.666450990545590150e-01
-1.460343713286273992e-01
-1.460343713286273992e-01
-1.460343713286273992e-01
-1.460343713286273992e-01
-1.460343713286273992e-01
-1.698861301059248763e-01
-1.633220118956629496e-01
-2.804533017525025484e-01
-2.804533017525025484e-01
-2.812605287103306373e-01
-2.812605287103306373e-01
-1.251045935012642385e-01
-1.321227839982304364e-01
-1.120567891611423811e-01
-1.120567891611423811e-01
-1.120567891611423811e-01
-1.074667400315432314e-01
-1.074667400315432314e-01
-1.074667400315432314e-01
-1.074667400315432314e-01
-1.074667400315432314e-01
-1.074667400315432314e-01
-1.074667400315432314e-01
-1.074667400315432314e-01
-1.409996450517191080e-01
-1.409996450517191080e-01
-7.876618756390894038e-01
-7.876618756390894038e-01
-1.118669560602928437e-01
-1.118669560602928437e-01
-1.665912782256963320e-01
-1.712199834747022698e-01
-1.277331383916661400e-01
-1.277331383916661400e-01
-1.277331383916661400e-01
-1.810197478042733787e-01
-2.149758614727917405e-01
-2.149758614727917405e-01
-2.149758614727917405e-01
-2.149758614727917405e-01
-1.089800697667648866e-01
-2.927166440062951014e-01
-2.927166440062951014e-01
-2.927166440062951014e-01
-2.927166440062951014e-01
-2.765083404161733927e-01
-1.417303860301497298e-01
-3.285718864510209780e-01
-3.293990860933555531e-01
-3.293990860933555531e-01
-2.176162161745031076e-01
-2.603001792845716644e-01
-2.603001792845716644e-01
-2.603001792845716644e-01
-3.079470268399036037e-01
2.910167042942393353e-02
-1.643591669047995696e-01
-1.643591669047995696e-01
-2.157609788683130803e-01
-1.467720072994268543e-01
-1.467720072994268543e-01
-3.052961302077109029e-01
-3.052961302077109029e-01
-2.950521089834647337e-01
-2.299174239029163902e-01
-2.940857558587768872e-01
-2.387599097155247985e-01
-2.387599097155247985e-01
-2.387599097155247985e-01
-2.387599097155247985e-01
-2.387599097155247985e-01
-2.387599097155247985e-01
-2.387599097155247985e-01
-1.430233538036820573e-01
-3.034888159476548108e-01
-3.039588720803050870e-01
-2.731776032347523961e-02
-2.731776032347523961e-02
-2.731776032347523961e-02
-2.731776032347523961e-02
-2.774618437823556105e-01
-2.774618437823556105e-01
-1.381058851346003147e-01
-3.081030759027309496e-01
-3.081030759027309496e-01
-3.081030759027309496e-01
-3.081030759027309496e-01
-2.386474956973788641e-01
-3.142212419619295760e-01
-3.142212419619295760e-01
-3.142212419619295760e-01
-3.033064690420321785e-01
-1.105573633774744602e-01
-1.105573633774744602e-01
-1.194285545818664362e-01
-1.194285545818664362e-01
-9.730914126846575141e-02
-9.730914126846575141e-02
-9.730914126846575141e-02
-1.135233426413162217e-01
-9.933131146841249481e-02
-3.217824558454991379e-01
-3.596041672088448049e-01
-3.574135540548291634e-01
-3.574135540548291634e-01
-1.024795165481348497e-01
-1.024795165481348497e-01
-1.024795165481348497e-01
-1.024795165481348497e-01
-9.877325870794730067e-02
-1.035854790224399885e-01
-1.035854790224399885e-01
-1.035854790224399885e-01
-9.330263785148897038e-02
-9.330263785148897038e-02
-9.330263785148897038e-02
-3.542894387108417864e-01
-1.107111188581295230e-01
-1.107111188581295230e-01
-1.296408716624826984e-01
-1.296408716624826984e-01
-1.296408716624826984e-01
-1.296408716624826984e-01
-1.296408716624826984e-01
-2.091408744596842118e-01
-2.091408744596842118e-01
-2.091408744596842118e-01
-1.303590193077437398e-01
-2.616372094783454560e-01
-2.616372094783454560e-01
-1.027740424153453652e-01
-1.027740424153453652e-01
-1.027740424153453652e-01
-1.264196423453992912e-01
-1.264196423453992912e-01
-1.264196423453992912e-01
-1.264196423453992912e-01
-2.106492110237792592e-01
-2.106492110237792592e-01
-2.106492110237792592e-01
-2.106492110237792592e-01
-2.106492110237792592e-01
-2.106492110237792592e-01
-2.106492110237792592e-01
-2.106492110237792592e-01
-1.066211561172003830e-01
-1.066211561172003830e-01
-9.690913199010815771e-02
-9.689943056489495887e-02
-1.115619310001570164e-01
-1.115619310001570164e-01
-1.115619310001570164e-01
-1.115619310001570164e-01
-3.314572128237547322e-01
-3.314572128237547322e-01
-9.881242767802615734e-02
-9.881242767802615734e-02
-9.886949656114522866e-02
-1.048589940850638974e-01
-1.047648147574802152e-01
-1.047648147574802152e-01
-1.047648147574802152e-01
-1.047648147574802152e-01
-1.047648147574802152e-01
-2.706758606730181871e-01
-2.680403210692833826e-01
-2.680403210692833826e-01
-2.680403210692833826e-01
1.585389528402178852e-02
-1.690547706748057877e-01
-2.463252833878788739e-01
-2.178812744968479931e-01
-2.178812744968479931e-01
-1.778210126875007513e-01
-1.778210126875007513e-01
-1.778210126875007513e-01
-1.778210126875007513e-01
-1.778210126875007513e-01
-1.778210126875007513e-01
-1.778210126875007513e-01
-1.778210126875007513e-01
-1.778210126875007513e-01
-3.304006549641917423e-01
-1.614014003746368220e-01
-2.534553892981709633e-01
-2.913521478098619610e-01
-2.913521478098619610e-01
-2.905317576847842309e-01
-2.905317576847842309e-01
-3.401863301461330868e-01
-3.563593610066984607e-01
-1.021749829698930939e-01
-1.021749829698930939e-01
-1.021749829698930939e-01
-1.021749829698930939e-01
-1.021749829698930939e-01
-1.899286477789140226e-01
-3.253824966131614871e-01
-3.253824966131614871e-01
-3.253824966131614871e-01
-3.253824966131614871e-01
-3.253824966131614871e-01
-3.253824966131614871e-01
-2.138764520904073985e-01
-2.138764520904073985e-01
-2.536197294468633401e-01
-2.536197294468633401e-01
-2.536197294468633401e-01
-2.536197294468633401e-01
-9.847802767106268729e-02
-1.462938880145435716e-01
-9.930883151395369923e-02
-9.517560412049520802e-02
-9.517560412049520802e-02
-2.928012643671856208e-01
-2.928012643671856208e-01
-1.838488030616001467e-01
2.000238532716867856e-02
2.000238532716867856e-02
2.000238532716867856e-02
-3.294007386121877157e-01
-3.294007386121877157e-01
-3.294007386121877157e-01
-3.294007386121877157e-01
-9.589368765942224426e-02
-1.633999936895206284e-01
-1.633999936895206284e-01
-1.633999936895206284e-01
-1.633999936895206284e-01
-1.633999936895206284e-01
-1.633999936895206284e-01
-2.479591116622574531e-01
-2.479591116622574531e-01
-2.778632064166534077e-01
-3.304388623392604529e-01
-3.304388623392604529e-01
-2.919332930964220196e-01
-2.901356660157271006e-01
-2.858606282885169936e-01
-2.858606282885169936e-01
-2.858606282885169936e-01
-1.080791051027651661e-01
-2.376530212608395642e-01
-2.376530212608395642e-01
-2.376530212608395642e-01
-1.922445959388411896e-01
-1.434855319801753570e-01
-1.434855319801753570e-01
-1.434855319801753570e-01
-2.472710655022761495e-01
-1.073864789013652815e-01
-1.073864789013652815e-01
-1.028871829719433945e-01
-1.028871829719433945e-01
-1.028871829719433945e-01
-1.028871829719433945e-01
-1.028871829719433945e-01
-1.873133087933177288e-01
-1.380176890648573684e-01
-1.380176890648573684e-01
-1.380176890648573684e-01
-2.286501414005432664e-01
-2.286501414005432664e-01
-2.286501414005432664e-01
-2.286501414005432664e-01
-2.286501414005432664e-01
-2.278227565621326611e-01
-2.278227565621326611e-01
-2.278227565621326611e-01
-2.414015180522123549e-01
-2.424902145538913589e-01
-2.636672718803012017e-01
-1.389951112165505598e-01
-1.389951112165505598e-01
-1.389951112165505598e-01
-1.389951112165505598e-01
-9.724152333193937514e-02
-1.026731034309868590e-01
-1.026731034309868590e-01
-1.026731034309868590e-01
-1.402320215624559274e-01
-1.240385479042680483e-01
-1.240385479042680483e-01
-1.077525046997726693e-01
-1.257966427456580494e-01
-1.257966427456580494e-01
-1.306026946062339711e-01
-1.306026946062339711e-01
-1.271544861292064066e-01
-1.662913318117991424e-01
-1.662913318117991424e-01
-1.659528931057931700e-01
-1.170834736545956489e-01
-1.068503006466487992e-01
-2.909953177089216747e-01
-2.909953177089216747e-01
-2.909953177089216747e-01
-1.077923930853776219e-01
-1.077923930853776219e-01
-1.077923930853776219e-01
-1.133281246084100191e-01
-1.710061817278597518e-01
-1.710061817278597518e-01
-1.710061817278597518e-01
-1.710061817278597518e-01
-1.710061817278597518e-01
-1.710061817278597518e-01
-1.710061817278597518e-01
-3.692229379887334573e-01
-3.692229379887334573e-01
-3.692229379887334573e-01
-3.692229379887334573e-01
-3.546249000337793889e-01
-3.273320984430112546e-01
-3.273320984430112546e-01
-1.479096525485839309e-01
-1.470125770021806777e-01
-1.406043511503740906e-01
-1.406043511503740906e-01
-1.406043511503740906e-01
-1.406043511503740906e-01
-3.440718577879108842e-01
-3.440718577879108842e-01
-1.604409450326777231e-01
-1.604409450326777231e-01
-1.441198427864059939e-01
-1.445378445758418451e-01
-1.445378445758418451e-01
-1.445378445758418451e-01
-1.445378445758418451e-01
-2.921074628829956055e-01
-2.921074628829956055e-01
-1.819169658091966124e-01
-1.643150759928540816e-01
-1.288132019070320766e-01
-1.288132019070320766e-01
-1.288132019070320766e-01
-1.336832176430959307e-01
-1.608228905706970691e-01
-1.176887941520027153e-01
-1.089405517733119805e-01
-1.089405517733119805e-01
-3.630251661085489578e-01
-3.630251661085489578e-01
-3.630251661085489578e-01
-3.630251661085489578e-01
-1.626609545022989975e-02
-1.626609545022989975e-02
-1.626609545022989975e-02
-1.517098831515011244e-02
-1.517098831515011244e-02
-4.268749893053539468e-01
-4.268749893053539468e-01
-4.268749893053539468e-01
-4.268749893053539468e-01
-1.075849378656018873e-01
-1.308184765265047178e-01
-1.798920176681095273e-01
-1.798920176681095273e-01
-1.101047227988963262e-01
-1.101047227988963262e-01
-1.101047227988963262e-01
-1.101047227988963262e-01
-3.437309545495085827e-01
-2.037651594692616586e-01
-2.049991636613586743e-01
-1.710444175946324863e-01
-1.710444175946324863e-01
-1.730828850492692472e-01
-1.730828850492692472e-01
-1.730828850492692472e-01
-1.730828850492692472e-01
-1.285668341425135197e-01
-1.252827378805463077e-01
-1.252827378805463077e-01
-1.252827378805463077e-01
-1.252827378805463077e-01
-1.252827378805463077e-01
-1.252827378805463077e-01
-1.252827378805463077e-01
-1.252827378805463077e-01
-1.138137443343722327e-01
-1.138137443343722327e-01
-1.138137443343722327e-01
-1.138137443343722327e-01
-3.147481105523629030e-01
-3.147481105523629030e-01
-2.396683107142694447e-01
-2.396683107142694447e-01
-2.396683107142694447e-01
-2.396683107142694447e-01
-2.396683107142694447e-01
-2.396683107142694447e-01
-1.360333985853833250e-01
-1.549025139206909873e-01
-1.549025139206909873e-01
-1.549025139206909873e-01
-1.549025139206909873e-01
-1.537785304436036227e-01
-1.415758470276345660e-01
-3.258013246620134473e-01
-4.591235239236806098e-01
-4.591235239236806098e-01
-4.591235239236806098e-01
-3.704370834631399712e-01
-3.704370834631399712e-01
-3.612875425564854859e-01
-3.612875425564854859e-01
-3.612875425564854859e-01
-3.612875425564854859e-01
-3.612875425564854859e-01
-3.612875425564854859e-01
-1.115907361129045844e-01
-6.337320827389310018e-01
-3.481149160611241578e-01
-3.481149160611241578e-01
-3.481149160611241578e-01
-3.481149160611241578e-01
-3.481149160611241578e-01
-3.654558218687943283e-01
-3.518286672194646525e-01
-3.118496495040835037e-01
-3.118496495040835037e-01
-3.118496495040835037e-01
-3.118496495040835037e-01
-3.118496495040835037e-01
-2.484138677498578529e-01
-2.484138677498578529e-01
-2.508268586536210321e-01
-3.144119084451212354e-01
-1.074310826639828104e-01
-1.074310826639828104e-01
-1.074310826639828104e-01
-1.074310826639828104e-01
9.059267791689695759e-02
9.059267791689695759e-02
-3.297636944294887185e-01
-3.297636944294887185e-01
-2.102470363759173788e-01
-2.102470363759173788e-01
-2.102470363759173788e-01
-2.102470363759173788e-01
-3.568011533689772197e-01
-3.568011533689772197e-01
-3.568011533689772197e-01
-3.568011533689772197e-01
-3.468329603311892106e-01
-1.990514349755092005e-01
-1.990514349755092005e-01
-3.079938956929894056e-01
-1.829913024920578335e-01
-2.235897868358837914e-01
-2.235897868358837914e-01
-2.235897868358837914e-01
-2.235897868358837914e-01
-2.235897868358837914e-01
-2.235897868358837914e-01
-2.233388461528726943e-01
-2.233388461528726943e-01
-2.233388461528726943e-01
-2.233388461528726943e-01
-2.233388461528726943e-01
-1.251252214949627739e-01
-2.239380694256229987e-01
-2.658867756221763856e-01
-2.658867756221763856e-01
-2.658867756221763856e-01
-2.658867756221763856e-01
-1.167372852051007243e-01
-1.309831015922371389e-01
-1.096537133703724132e-01
-1.096537133703724132e-01
-3.038699494721100458e-01
-3.038699494721100458e-01
-9.365602045624479288e-01
-3.082966770314349292e-01
-3.310591552271213711e-01
-1.195531131888438736e-01
-1.149264308508222004e-01
-1.065279739992568420e-01
-1.065279739992568420e-01
-1.065279739992568420e-01
-1.065279739992568420e-01
-1.065279739992568420e-01
-1.065279739992568420e-01
-1.065279739992568420e-01
-1.065279739992568420e-01
-1.209059847700436202e-01
-1.063691683640671515e-01
-1.063691683640671515e-01
-1.063691683640671515e-01
-1.063691683640671515e-01
-1.094979919621411057e-01
-1.234023708914251671e-01
-1.234023708914251671e-01
-1.234023708914251671e-01
-1.234023708914251671e-01
-1.221846354623141728e-01
-1.221846354623141728e-01
-1.221846354623141728e-01
-1.221846354623141728e-01
-1.221846354623141728e-01
-1.221846354623141728e-01
-1.613989785797965149e-01
-1.613989785797965149e-01
-1.613989785797965149e-01
-2.799672902656102913e-01
-2.799672902656102913e-01
-2.799672902656102913e-01
-2.783192731226379335e-01
-1.666578348462485759e-01
-1.666578348462485759e-01
-1.666578348462485759e-01
-1.666578348462485759e-01
-1.666578348462485759e-01
-1.603260522362834894e-01
-1.603260522362834894e-01
-1.603260522362834894e-01
-1.603260522362834894e-01
-1.335156579318511616e-01
-1.335156579318511616e-01
-1.335156579318511616e-01
-1.335156579318511616e-01
-1.335156579318511616e-01
-1.135919221728527301e-01
-1.135919221728527301e-01
-1.135919221728527301e-01
-1.421436154591649570e-01
-1.741718522221362697e-01
-1.741718522221362697e-01
-3.800725503815747253e-01
-3.800725503815747253e-01
-3.800725503815747253e-01
-3.791497610723083000e-01
-3.791497610723083000e-01
-1.067822482116363575e-01
-1.067822482116363575e-01
-1.067822482116363575e-01
-1.368861552862090658e-01
-1.368861552862090658e-01
-1.368861552862090658e-01
-1.368861552862090658e-01
-1.367188804920043410e-01
-1.062731228298712388e-01
-1.182007630058274028e+00
-1.068772751674141458e-01
-1.068772751674141458e-01
-1.068772751674141458e-01
-1.068772751674141458e-01
-1.068772751674141458e-01
-3.174903800792949204e-01
-3.174903800792949204e-01
-3.174903800792949204e-01
-3.172707090414276787e-01
-3.172707090414276787e-01
-3.172707090414276787e-01
-3.789123966862548709e-01
-3.789123966862548709e-01
-1.100641221206912906e-01
-1.100641221206912906e-01
-1.065120827513488660e-01
-1.065120827513488660e-01
-1.065120827513488660e-01
-1.065120827513488660e-01
-1.065120827513488660e-01
-1.065120827513488660e-01
-1.061930682645473162e-01
-1.061930682645473162e-01
-1.062576589575233155e-01
-1.096522816622462343e-01
-2.439269657116774903e-01
-2.439269657116774903e-01
-3.643548454426898120e-01
-2.794381708305606615e-01
3.658017823846572425e-02
3.777466443710983390e-02
-1.574611829070242386e-01
-1.329367634899073780e-01
-1.329367634899073780e-01
-3.161438906397919801e-01
-3.161438906397919801e-01
-3.161438906397919801e-01
-3.260719958500469806e-01
-3.260719958500469806e-01
-3.260718533915269446e-01
-3.103531797347059418e-01
-1.546965616383014497e-01
-1.546965616383014497e-01
-1.546965616383014497e-01
-1.546965616383014497e-01
-2.912837392285494431e-01
-2.499325325566541522e-01
-2.499325325566541522e-01
-2.703817693042937509e-01
-2.703817693042937509e-01
-2.703817693042937509e-01
-2.703817693042937509e-01
-2.703817693042937509e-01
-2.703817693042937509e-01
-2.703817693042937509e-01
-3.202313104961387880e-01
-3.202313104961387880e-01
-3.202313104961387880e-01
-3.202313104961387880e-01
-7.923659129534806889e-01
-1.366217522730562850e-01
-1.293312380692243080e-01
-1.293312380692243080e-01
-1.764464304278502982e-01
-7.693379490598892811e-01
-1.087284310370056767e-01
-3.873176488092250902e-01
-3.873176488092250902e-01
-3.873176488092250902e-01
-3.873176488092250902e-01
-3.873176488092250902e-01
-3.873176488092250902e-01
-3.873176488092250902e-01
-3.824864245281620612e-01
-1.063362818147210731e-01
-1.063362818147210731e-01
-2.677385369404780002e-01
-1.085745900812385978e-01
-1.085745900812385978e-01
-2.871883986784896647e-01
-1.084919712625543597e-01
-3.571444214188118083e-01
-2.718072377472944834e-01
-2.661415769310799817e-01
-2.661415769310799817e-01
-2.661415769310799817e-01
-2.654368631242565724e-01
-1.095818430470234944e-01
-1.095818430470234944e-01
-1.095818430470234944e-01
-1.095818430470234944e-01
-1.095818430470234944e-01
-3.919843904830757619e-01
-3.919843904830757619e-01
-2.542811928470093408e-01
-3.464826833221698044e-01
-3.464826833221698044e-01
-3.464826833221698044e-01
-3.464826833221698044e-01
-3.464826833221698044e-01
-3.464826833221698044e-01
-3.464826833221698044e-01
-3.464826833221698044e-01
-3.464826833221698044e-01
-3.371351820560987700e-01
-3.371351820560987700e-01
-3.554789388612852874e-01
-3.554789388612852874e-01
-1.749499606584727640e-01
-1.749499606584727640e-01
-1.091876745679866284e-01
-1.066878195816426539e-01
-1.077393557783750400e-01
-1.077393557783750400e-01
-3.859287637141648464e-01
-3.912480793765124587e-01
-3.912480793765124587e-01
-3.912480793765124587e-01
-2.271606948362025757e-01
-3.758116730312544007e-01
-3.758116730312544007e-01
-3.758922475701764188e-01
-1.200392243967001449e-01
-2.344981491223803727e-01
-1.558170833733523997e-01
-1.558170833733523997e-01
-1.573750382399695669e-01
-1.573750382399695669e-01
-1.573750382399695669e-01
-3.273531253205658187e-01
-3.273531253205658187e-01
-3.273531253205658187e-01
-3.273531253205658187e-01
-3.273531253205658187e-01
-3.009890108217928573e-01
-3.362475230178686991e-01
-1.705044998037655579e-01
-2.873312560823633732e-01
-2.757229665953160325e-01
-1.163671209866868339e-01
-1.113102281640638014e-01
-1.113102281640638014e-01
-6.224491970033080301e-01
-6.419317102341076664e-01
-3.875173471625858457e-01
-3.875173471625858457e-01
-3.875173471625858457e-01
-3.174459330210493979e-01
-3.893091049522560132e-01
-1.180480816624132623e-01
-1.180480816624132623e-01
-4.596391667827365302e-01
-3.944834833163375909e-01
-3.944834833163375909e-01
-3.944834833163375909e-01
-1.806213198154879573e-01
-3.608351797720213971e-01
-3.942528429724290184e-01
-3.898234656846317758e-01
-3.898234656846317758e-01
-1.087740248863373338e-01
-1.087740248863373338e-01
-2.710363092203668667e-01
-2.919108701253712024e-01
-2.934294209653515173e-01
-3.620648532251098950e-01
-3.620648532251098950e-01
-3.620648532251098950e-01
-3.620648532251098950e-01
-3.620648532251098950e-01
-1.393719852312572949e-01
-1.393719852312572949e-01
-1.393719852312572949e-01
-1.393719852312572949e-01
-3.575141867533696560e-01
-3.575141867533696560e-01
-2.305777903724582634e-01
9.775941703561158436e-02
-1.121980296608138944e-01
-1.121980296608138944e-01
-1.121980296608138944e-01
-2.780383449211630831e-01
-2.780383449211630831e-01
-1.993666671886042685e-01
-1.993666671886042685e-01
-1.993666671886042685e-01
1.153260341223977387e-01
1.153260341223977387e-01
1.153260341223977387e-01
-1.171375509087943662e-01
-1.171375509087943662e-01
-1.700642744852069455e-01
-1.700642744852069455e-01
-1.108013093471527100e-01
-1.108013093471527100e-01
-3.634455327094170962e-01
-3.634455327094170962e-01
-3.634455327094170962e-01
-3.224110398192250315e-01
-3.224110398192250315e-01
-2.105933957756363217e-01
-3.531482035069802849e-01
-3.531482035069802849e-01
-2.937103776585303638e-01
-2.932621746628507609e-01
-2.932621746628507609e-01
-2.932621746628507609e-01
-2.932621746628507609e-01
-1.506538452655361848e-01
-1.506538452655361848e-01
-1.506538452655361848e-01
-1.433092395616535064e-01
-1.433092395616535064e-01
-1.433092395616535064e-01
-1.433092395616535064e-01
-2.687993685556415158e-01
-2.702237828055941704e-01
-3.084440646162452393e-01
-3.084440646162452393e-01
-3.084440646162452393e-01
-3.084440646162452393e-01
-3.095129024002337692e-01
-1.134464364092846872e-01
-1.134464364092846872e-01
-3.505779668888215905e-01
-3.505779668888215905e-01
-3.573639499981590140e-01
-1.520969073357591184e-01
-2.138125736900314822e-01
-2.138125736900314822e-01
6.615649018415301064e-02
6.615649018415301064e-02
-3.403863703999419066e-01
-3.403863703999419066e-01
-3.403863703999419066e-01
1.599624553556423801e-01
1.599624553556423801e-01
-1.143490749608946089e-01
-3.327488557330509078e-01
-3.327488557330509078e-01
-3.369976526008737205e-01
-3.369976526008737205e-01
-3.876735386839332276e-01
-3.753722454804079289e-01
-3.898812468603509718e-01
-3.898812468603509718e-01
-3.932288226388380159e-01
-3.932288226388380159e-01
-3.911785881104478113e-01
-2.336565611695240186e-01
7.886395043556366016e-03
-3.848355655232533201e-01
-1.233584651755557232e-01
-1.152530170079626853e-01
-2.188727857961709211e-01
-3.684090439721685040e-01
-3.684090439721685040e-01
-3.871452170165957107e-01
-2.902943363153227541e-01
-2.902943363153227541e-01
-2.902943363153227541e-01
-2.060771615281843383e-01
-1.751087876624404516e-01
-3.932446640262640125e-01
-1.632123900645093550e-01
-1.632123900645093550e-01
-1.339566952639738295e-01
-3.279950719034694373e-01
-3.279950719034694373e-01
-3.811348350736424306e-01
-3.811348350736424306e-01
-3.811348350736424306e-01
-1.273286844074839885e-01
-1.316005595555496954e-01
-1.110291931186989656e-01
-1.191700992119243824e-01
-1.183516892602749088e-01
-1.183516892602749088e-01
-1.183516892602749088e-01
-1.183516892602749088e-01
-3.611798439153521278e-01
-2.857076848214260556e-01
-3.306139153686581400e-01
-1.130914226544746659e-01
-1.086249491680648521e-01
-1.086249491680648521e-01
-1.086249491680648521e-01
-1.086249491680648521e-01
-1.089284926595924796e-01
-1.089284926595924796e-01
-1.089284926595924796e-01
-1.089284926595924796e-01
-2.691775104511764383e-01
-2.694741090898531977e-01
-2.694741090898531977e-01
-2.694741090898531977e-01
-2.707551245935560513e-01
-2.246142915284428387e-01
-2.246142915284428387e-01
-2.246142915284428387e-01
-2.239493806321123937e-01
-2.034615661172520240e-01
-2.034615661172520240e-01
-2.178158432986038728e-01
-3.777477840392584607e-02
-3.777477840392584607e-02
-3.069744625237429969e-01
-3.065674585320525281e-01
-3.065674585320525281e-01
6.039146455022618293e-02
5.936131850027445006e-02
5.936131850027445006e-02
5.936131850027445006e-02
5.936131850027445006e-02
6.210018326857805193e-02
6.210018326857805193e-02
6.210018326857805193e-02
-3.958645047010928564e-01
-3.958645047010928564e-01
-3.958645047010928564e-01
-3.958645047010928564e-01
-2.645513409638268199e-01
-2.645513409638268199e-01
-1.022934799668437783e-01
-1.022934799668437783e-01
-1.059687673247795003e-01
-1.059687673247795003e-01
-3.044467355279575904e-01
-2.985023973548845411e-01
-2.985023973548845411e-01
-2.985023973548845411e-01
-3.271148491999842922e-01
-3.271148207082802961e-01
-3.019794964197716758e-01
-3.019794964197716758e-01
-3.019794964197716758e-01
-3.020920386505855926e-01
-1.789960105606064333e-01
-1.789960105606064333e-01
-1.789960105606064333e-01
-1.789960105606064333e-01
-1.789960105606064333e-01
-1.789960105606064333e-01
-3.412952842493585659e-01
-3.412952842493585659e-01
-1.013632187082024322e-01
-1.013632187082024322e-01
-1.043894579260116751e-01
-1.043894579260116751e-01
-1.043894579260116751e-01
-3.551015947334624778e-01
-2.624054312933927213e-01
-2.624054312933927213e-01
-3.874931292141828298e-01
-4.142898047631374814e-01
5.726928664211105441e-02
5.726928664211105441e-02
-3.543899289508622430e-01
-3.543899289508622430e-01
-1.105528973028719053e-01
-3.434399972682244950e-01
-1.053116702782720265e-01
-1.053116702782720265e-01
-1.053116702782720265e-01
-1.058459395888202703e-01
-1.100558595265302697e-01
-1.100558595265302697e-01
-2.565709856226612851e-01
-4.192923496603737643e-01
-2.291896603075541661e-01
-2.291896603075541661e-01
-2.291896603075541661e-01
-2.291896603075541661e-01
-2.291896603075541661e-01
-2.291895748324421500e-01
-2.291895748324421500e-01
-2.291895748324421500e-01
-1.048728054385796027e-01
-1.048728054385796027e-01
-1.066627540050455458e-01
-1.291888222867626501e-01
-1.291888222867626501e-01
-1.059361585695474534e-01
-1.059361585695474534e-01
-4.085835432687179303e-01
-3.867197504007109377e-01
-3.867197504007109377e-01
-3.867197504007109377e-01
-1.241258892228908756e-01
-1.241258892228908756e-01
-7.844942249713846572e-01
-7.844942249713846572e-01
-7.844942249713846572e-01
-8.209081042565077313e-01
-1.268739995491436345e-01
-1.262708871587968351e-01
-1.262708871587968351e-01
-1.262708586670928390e-01
-5.514217722256370413e-01
-5.514217722256370413e-01
-3.178459850369629858e-01
-3.178459850369629858e-01
-3.178459850369629858e-01
-3.418657736386213064e-01
-3.418657736386213064e-01
-1.201096843807008818e-01
-1.602120711744173531e-01
-1.602120711744173531e-01
-1.602120711744173531e-01
-6.760061446071582818e-03
-3.558118074391585228e-01
-4.096953180506398007e-01
-4.124433144100765336e-01
-1.003143678545723866e-01
-1.049995436609133248e-01
-3.990569431512807075e-01
-3.990569431512807075e-01
-4.067895061427274639e-01
-4.067895061427274639e-01
-4.067895061427274639e-01
-1.175633380563491509e-01
-1.175633380563491509e-01
-3.688343396378292449e-01
-3.688343396378292449e-01
-3.688343396378292449e-01
-2.088451875555355497e-01
-2.088451875555355497e-01
-1.665878592212159115e-01
-1.280610494130428045e-01
-1.274016659072890467e-01
-1.274016659072890467e-01
-1.274016659072890467e-01
-1.274016659072890467e-01
-3.112011213375550644e-01
-2.956682990659491028e-01
-1.991351863394275890e-01
-1.991351863394275890e-01
-4.100679325555979804e-01
-1.381206580831261521e-01
-4.046071555828728572e-01
-3.631144591088960594e-01
-3.631144591088960594e-01
-3.631144591088960594e-01
-3.631144591088960594e-01
3.338976269926213075e-02
3.338976269926213075e-02
3.338976269926213075e-02
3.338976269926213075e-02
3.266687118528449618e-02
-2.050128111875763603e-01
-2.050128111875763603e-01
-2.050128111875763603e-01
-8.061624507831113284e-01
-8.061624507831113284e-01
-8.061624507831113284e-01
-8.061624507831113284e-01
-1.007493649454463264e-01
-1.007493649454463264e-01
-1.007493649454463264e-01
-1.007493649454463264e-01
-3.493392045821560044e-01
-3.493392045821560044e-01
-3.493392045821560044e-01
-3.493392045821560044e-01
-3.493392045821560044e-01
-1.844995108434848430e-01
-1.844995108434848430e-01
-1.741017911219915892e-01
-1.741017911219915892e-01
-1.741017911219915892e-01
-1.650783687431087443e-01
-1.650783687431087443e-01
-1.650783687431087443e-01
-1.650783687431087443e-01
-3.252067882745717231e-01
-9.973044462687198630e-02
-9.973044462687198630e-02
-9.973044462687198630e-02
-9.973044462687198630e-02
-9.973044462687198630e-02
-3.970503009300158648e-01
-3.970503009300158648e-01
-1.034994127075713061e-01
-1.034994127075713061e-01
-3.901609499185536567e-01
-3.680303037508495523e-01
-3.622022117301109123e-01
-3.622022117301109123e-01
-3.728211552873396117e-01
-3.279396270474785879e-01
-3.279396270474785879e-01
-3.279396270474785879e-01
-1.000360537669398725e-01
-1.000360537669398725e-01
-9.408419378400988131e-02
-9.912114241383043756e-02
-3.450606053919454408e-01
-3.450606053919454408e-01
-3.450606053919454408e-01
-3.450606053919454408e-01
-3.450606053919454408e-01
-1.749491343990566550e-01
-1.749491343990566550e-01
-1.749491343990566550e-01
-1.749491343990566550e-01
-1.749491343990566550e-01
-1.749491343990566550e-01
-1.749491343990566550e-01
-1.749491343990566550e-01
-1.749491343990566550e-01
-1.749491343990566550e-01
-1.749491343990566550e-01
-9.696114359576660235e-02
-9.696114359576660235e-02
-9.696114359576660235e-02
-9.696114359576660235e-02
-9.696114359576660235e-02
-9.696114359576660235e-02
-1.036017620312779997e+00
-1.235518583148204952e+00
-1.235518583148204952e+00
-1.235518583148204952e+00
-1.235518583148204952e+00
-1.228927084410395665e+00
-1.014508663126433008e-01
-1.014508663126433008e-01
-8.468433616266195507e-01
-8.468433616266195507e-01
-8.468433616266195507e-01
-8.468433616266195507e-01
-2.820764456378798135e-01
-2.820764456378798135e-01
-2.825189787844626932e-01
-2.825189787844626932e-01
-9.632483837025571094e-02
-9.618273599653809347e-02
-9.618273599653809347e-02
-9.999689904271302776e-02
-9.999689904271302776e-02
-9.999689904271302776e-02
-9.999695602612103384e-02
-9.915561025274870210e-02
-9.915561025274870210e-02
-9.915561025274870210e-02
-4.396458685284134610e-02
-2.259655390825143773e-01
-2.259655390825143773e-01
-2.259655390825143773e-01
-1.597224982245246394e-01
-2.410248007418776539e-01
-3.915394925250605951e-01
-3.915394925250605951e-01
-3.915394925250605951e-01
-8.371381719470251392e-03
-8.371381719470251392e-03
-8.011303564273604405e-03
-3.550563214158008463e-01
-1.228621254459621726e-01
-1.228621254459621726e-01
-2.186989579100453718e-01
-2.186989579100453718e-01
-2.186989579100453718e-01
-2.186989579100453718e-01
-2.186989579100453718e-01
-4.081397279954548929e-01
-4.081397279954548929e-01
-4.081397279954548929e-01
-4.081397279954548929e-01
-1.428523608421048419e-01
-1.428523608421048419e-01
-3.932825864842927066e-01
-3.932825864842927066e-01
-3.932825864842927066e-01
-1.804161653008105326e-01
-1.804161653008105326e-01
-9.623595137669069266e-02
-9.623595137669069266e-02
-9.623595137669069266e-02
-9.612348037513673837e-02
-9.612348037513673837e-02
-9.612348037513673837e-02
-1.221319970391676474e-01
-9.583829266391337420e-02
-9.583829266391337420e-02
-2.136179326141313672e-01
-1.044421604554922056e-01
-2.348058880173225227e-01
-2.348058880173225227e-01
-2.348058880173225227e-01
-2.348058880173225227e-01
-2.348058880173225227e-01
-2.348058880173225227e-01
-2.348058880173225227e-01
-1.999280249867338988e-01
-1.999280249867338988e-01
-1.445252797343762885e-01
-3.665474245242816842e-01
-1.340113565981046195e-01
-1.340113565981046195e-01
-3.535106464736091914e-01
-3.535106464736091914e-01
-5.702551518411982240e-02
-3.152022255766231962e-02
-1.798664178720623674e-01
-7.699289239843306598e-01
-7.699289239843306598e-01
-7.699289239843306598e-01
1.399003923737068278e-01
1.399003923737068278e-01
1.398783967782160909e-01
1.398783967782160909e-01
1.398783967782160909e-01
1.398783967782160909e-01
-1.182711831014425341e+00
-1.186614396695197193e+00
7.597134087099399746e-02
7.597134087099399746e-02
7.597134087099399746e-02
7.597134087099399746e-02
7.597134087099399746e-02
7.597134087099399746e-02
-4.315764623663849164e-01
-4.315764623663849164e-01
-4.322665029456465025e-01
-4.363939251544142750e-01
-4.363939251544142750e-01
-4.431477411299316604e-01
-4.431477411299316604e-01
-1.547059923923266300e-01
-1.102009677750202671e-01
-1.102009677750202671e-01
-1.102009677750202671e-01
-1.073368890905471301e-01
-1.073368890905471301e-01
-1.073367466320271219e-01
-4.448903792218997788e-01
-3.902437753020919220e-01
-3.902437753020919220e-01
-3.902437753020919220e-01
-3.902437753020919220e-01
-3.902437753020919220e-01
-1.046217792804564756e-01
-1.046217792804564756e-01
-1.409820086869409406e-01
-1.409820086869409406e-01
-1.409820086869409406e-01
-1.404566216651157995e-01
-1.404566216651157995e-01
-1.404566216651157995e-01
-1.404566216651157995e-01
-1.404566216651157995e-01
-1.365892005012322441e-01
-1.365892005012322441e-01
-2.048798546508438789e-01
-2.048798546508438789e-01
-2.048798546508438789e-01
-1.169241551687339037e-01
-1.169241551687339037e-01
-1.169241551687339037e-01
-1.045815276256254894e-01
-1.048710175841533893e-01
-1.048710175841533893e-01
-1.048710175841533893e-01
-1.454105169777660522e-01
-1.454885272633276994e-01
-1.454885272633276994e-01
-2.445858933501671995e-01
-2.445858933501671995e-01
-2.445858933501671995e-01
-2.445858933501671995e-01
-1.048632108572564170e-01
-1.285124007420147818e-01
-1.285128566092788305e-01
-1.285128566092788305e-01
-1.285128566092788305e-01
-1.285128566092788305e-01
-1.285128566092788305e-01
-1.285128566092788305e-01
-1.285128566092788305e-01
-1.976560537719361799e-01
-1.846332081645214174e-01
-1.726604670457128621e-01
-1.726604670457128621e-01
-1.726604670457128621e-01
-1.726604670457128621e-01
-1.726604670457128621e-01
-1.726604670457128621e-01
-1.726604670457128621e-01
-1.323467287916982038e-01
-1.323467287916982038e-01
-1.323467287916982038e-01
-1.330590356376385175e-01
-4.284805823010650605e-01
-4.403355814530789947e-01
-4.403355814530789947e-01
-4.403355814530789947e-01
-1.189667325516731711e-01
-1.401146499878133944e-01
-1.188531574965890902e-01
-2.032807435177935995e-01
-2.032807435177935995e-01
-5.384228881412892465e-01
-5.384228881412892465e-01
-9.091612143908586186e-01
-9.091612143908586186e-01
-9.091615562913066828e-01
-9.091615562913066828e-01
-9.091612143908586186e-01
-9.091642914948909748e-01
-9.091612143908586186e-01
-9.091612143908586186e-01
-9.091612143908586186e-01
-9.091612143908586186e-01
-4.660784343460549484e-01
-4.539090292403620275e-01
-4.571209560160882646e-01
-4.571209560160882646e-01
-4.571209560160882646e-01
-4.571209560160882646e-01
-4.571209560160882646e-01
-4.571209560160882646e-01
-4.600090175924063662e-01
-4.600090175924063662e-01
-4.606487988058057259e-01
-2.615351806863088213e-01
-2.615351806863088213e-01
-4.175718211307124506e-01
-4.175718211307124506e-01
-4.175717641473044028e-01
-1.891489865447093521e-01
-1.891489865447093521e-01
-2.419690727959627197e-01
-2.419690727959627197e-01
-2.419690727959627197e-01
-2.743465038832013092e-01
-2.743465038832013092e-01
-2.743465893583133530e-01
-2.743465893583133530e-01
-2.743465893583133530e-01
-2.743465038832013092e-01
-2.743465038832013092e-01
-2.743465038832013092e-01
-2.743465038832013092e-01
-2.171502201096733309e-01
-2.171502201096733309e-01
-2.171502201096733309e-01
-2.171502201096733309e-01
-2.171502201096733309e-01
-2.171502201096733309e-01
-2.171502201096733309e-01
-2.292101315968806952e-01
-1.906261246929205067e-01
-1.906263526265525310e-01
-1.906263526265525310e-01
-4.192834887404286448e-01
-3.195346883332523813e-01
-2.602817736437854079e-01
-2.229093337150194198e-01
-2.229093337150194198e-01
-3.281973914935985004e-01
-3.278401910005062092e-01
-3.278401910005062092e-01
-3.278401910005062092e-01
-4.481285183653092585e-01
-1.432707472695447237e-01
-1.432707472695447237e-01
-1.432707472695447237e-01
-1.432701489437606390e-01
-1.432701489437606390e-01
-1.432701489437606390e-01
-1.432701489437606390e-01
-1.432699779935366347e-01
-3.306725228037934450e-01
-3.306725228037934450e-01
-3.259311043737495028e-01
-2.379814023953322755e-01
-3.674475344371613272e-01
-3.674475344371613272e-01
-3.674475344371613272e-01
-3.674475344371613272e-01
-3.674475344371613272e-01
1.076828994668920375e-01
1.076828994668920375e-01
1.076828994668920375e-01
1.076828994668920375e-01
1.076828994668920375e-01
1.076828994668920375e-01
-4.454210941923735789e-01
-4.454210941923735789e-01
-4.454210941923735789e-01
-4.454210941923735789e-01
-4.454210941923735789e-01
-4.454210941923735789e-01
-4.454210941923735789e-01
-4.454210941923735789e-01
-4.339712470712898673e-01
-3.827733359874775920e-01
-2.779989693862301992e-01
-2.779989693862301992e-01
-2.779989693862301992e-01
-2.779989693862301992e-01
1.819846478520570077e-01
2.125384104411414954e-01
-3.121626878559703444e-01
-4.439830893996112859e-01
-4.439830893996112859e-01
-2.084501928170825746e-01
-4.403551837454334206e-01
-4.851716084416464181e-01
-4.851716084416464181e-01
-4.851716084416464181e-01
-4.851716084416464181e-01
-4.851716084416464181e-01
-4.851716084416464181e-01
-4.714433937182161971e-01
-4.714433937182161971e-01
-4.714463283637285174e-01
-2.870332043667824240e-01
-2.870332043667824240e-01
-2.822505869327494032e-01
-2.822505869327494032e-01
-2.822505869327494032e-01
-2.822505869327494032e-01
-2.822505869327494032e-01
-2.831002665295427323e-01
-2.913348533455317746e-01
-1.400512274547015268e-01
-1.308384919485671982e-01
-1.308384919485671982e-01
-1.308384919485671982e-01
-1.308384919485671982e-01
-1.308384919485671982e-01
-1.308384919485671982e-01
-2.102038429526480179e-01
-2.081380377080198907e-01
-2.081384365918759194e-01
-2.081384650835799432e-01
-2.081384650835799432e-01
-4.087444359212258904e-01
-4.087444359212258904e-01
-4.087439800539618417e-01
-4.087439800539618417e-01
-4.087439800539618417e-01
-4.821563314069525208e-01
-2.895287927204518441e-01
-2.895287927204518441e-01
-3.282233189442417265e-01
-3.282233189442417265e-01
-3.282233189442417265e-01
-4.379713398548658598e-01
-4.379713398548658598e-01
-4.379713398548658598e-01
-4.379658979394011609e-01
-4.961178362027636735e-01
-2.711347765494031004e-01
-2.711347765494031004e-01
-2.711347765494031004e-01
-2.711347765494031004e-01
-3.256021249134727347e-02
-3.256021249134727347e-02
-4.342415621130233522e-02
-2.064827124429706173e-01
-2.064827124429706173e-01
-2.064827124429706173e-01
-4.859833370887070569e-01
-2.753612074295831436e-01
-2.753613783798071757e-01
-2.753613783798071757e-01
-2.753613783798071757e-01
-2.753613783798071757e-01
-2.836160803388226848e-01
-2.836160803388226848e-01
-2.836160803388226848e-01
-2.836160803388226848e-01
-2.836160803388226848e-01
-2.912929705406466230e-01
-4.490648412339773854e-01
-4.490648412339773854e-01
-4.025917379167749943e-01
-4.025917379167749943e-01
-4.025917379167749943e-01
-4.025898859560147480e-01
-4.025898859560147480e-01
-4.025897150057907159e-01
-4.025904557900948366e-01
-4.025917379167749943e-01
-2.910438390808396947e-01
-3.736491242056822482e-01
-3.736491242056822482e-01
-2.176291514081207246e-01
-2.176291514081207246e-01
-1.802859012301063768e-01
-1.518281593377457939e-01
-4.540297200985209947e-01
-4.540297200985209947e-01
-4.540297200985209947e-01
-4.540297200985209947e-01
-4.540297200985209947e-01
-4.540297200985209947e-01
-1.859501801986767067e-01
-1.937118474657631151e-01
-1.937118474657631151e-01
-1.937118474657631151e-01
-1.937118474657631151e-01
-3.058444530512589021e-01
-3.058444530512589021e-01
-3.250173184429482331e-01
-3.238819240384074316e-01
