# Variable: dg_gbsa_00000128
# Sample shape: (2000,)
# Date: 2014-03-03 06:24:08.348949
-9.847171675862590456e-01
-9.847171675862590456e-01
-9.847171675862590456e-01
-1.306632850639678711e+00
-1.306632850639678711e+00
-1.306632850639678711e+00
-1.306632850639678711e+00
-1.306632850639678711e+00
-1.306632850639678711e+00
-1.306632850639678711e+00
-1.306632850639678711e+00
-1.306632850639678711e+00
-1.077123969280469051e+00
-1.077123969280469051e+00
-1.077123969280469051e+00
-1.077123969280469051e+00
-1.077123969280469051e+00
-1.077123969280469051e+00
-1.077123969280469051e+00
-1.077123969280469051e+00
-1.077123969280469051e+00
-1.077123969280469051e+00
-1.077123969280469051e+00
-1.068926564138204638e+00
-1.068926564138204638e+00
-1.068926564138204638e+00
-1.068926564138204638e+00
-1.068926564138204638e+00
-1.068926564138204638e+00
-1.068926564138204638e+00
-1.068926564138204638e+00
-1.098167372023398203e+00
-1.098167372023398203e+00
-1.137940879077801837e+00
-1.137940879077801837e+00
-1.137940879077801837e+00
-1.137940879077801837e+00
-1.137940879077801837e+00
-1.121308789882331736e+00
-1.283194549225028513e+00
-1.283194549225028513e+00
-1.283194549225028513e+00
-1.283194549225028513e+00
-1.283194549225028513e+00
-1.283194549225028513e+00
-1.289180656236170730e+00
-1.289180656236170730e+00
-1.289180656236170730e+00
-1.289180656236170730e+00
-1.289180656236170730e+00
-1.289180656236170730e+00
-1.364310886390350364e+00
-1.364310886390350364e+00
-1.364310886390350364e+00
-1.364310886390350364e+00
-1.364310886390350364e+00
-1.360061975555711511e+00
-1.360061975555711511e+00
-9.164696213848048112e-01
-9.164696213848048112e-01
-9.164696213848048112e-01
-9.164696213848048112e-01
-9.164696213848048112e-01
-9.164696213848048112e-01
-9.164696213848048112e-01
-9.164696213848048112e-01
-9.164696213848048112e-01
-9.164696213848048112e-01
-9.164696213848048112e-01
-9.164696213848048112e-01
-9.164696213848048112e-01
-1.025594101353311638e+00
-1.025594101353311638e+00
-1.025594101353311638e+00
-1.025594101353311638e+00
-1.025594101353311638e+00
-1.025594101353311638e+00
-1.025594101353311638e+00
-1.025594101353311638e+00
-1.232018092394330910e+00
-1.232018092394330910e+00
-1.232018092394330910e+00
-1.212424233584285416e+00
-1.099933287837537188e+00
-1.099933287837537188e+00
-1.099933287837537188e+00
-1.099933287837537188e+00
-1.099933287837537188e+00
-1.099933287837537188e+00
-1.056061989946529334e+00
-1.056061989946529334e+00
-1.056061989946529334e+00
-1.056061989946529334e+00
-1.151439792567411580e+00
-1.151439792567411580e+00
-1.151439792567411580e+00
-1.151439792567411580e+00
-1.151439792567411580e+00
-1.151439792567411580e+00
-1.151439792567411580e+00
-1.151439792567411580e+00
-1.151439792567411580e+00
-1.151439792567411580e+00
-1.151439792567411580e+00
-1.151439792567411580e+00
-1.151439792567411580e+00
-1.151439792567411580e+00
-1.151439792567411580e+00
-1.151439792567411580e+00
-1.151439792567411580e+00
-1.201451508538444957e+00
-1.201451508538444957e+00
-1.201451508538444957e+00
-1.201451508538444957e+00
-1.201451508538444957e+00
-1.201451508538444957e+00
-1.201451508538444957e+00
-1.201451508538444957e+00
-1.201451508538444957e+00
-1.201449685069388540e+00
-1.201449685069388540e+00
-1.201449685069388540e+00
-1.201449685069388540e+00
-1.201449685069388540e+00
-1.201449685069388540e+00
-1.201449685069388540e+00
-1.201443644828139812e+00
-1.201443644828139812e+00
-1.201451508538444957e+00
-1.201451508538444957e+00
-1.201451508538444957e+00
-1.201451508538444957e+00
-1.201451508538444957e+00
-1.201451508538444957e+00
-1.201451508538444957e+00
-1.201451508538444957e+00
-1.201431108478378418e+00
-1.201431108478378418e+00
-1.201431108478378418e+00
-1.209216751514383681e+00
-1.209216751514383681e+00
-1.209216751514383681e+00
-1.209237265541266204e+00
-1.209237265541266204e+00
-1.209239089010322399e+00
-1.209239089010322399e+00
-1.209239089010322399e+00
-1.209239089010322399e+00
-1.209239089010322399e+00
-1.209239089010322399e+00
-1.209239089010322399e+00
-1.209239089010322399e+00
-1.209239089010322399e+00
-1.209239089010322399e+00
-1.209239089010322399e+00
-1.209239089010322399e+00
-1.209239089010322399e+00
-1.209239089010322399e+00
-1.209239089010322399e+00
-1.209239089010322399e+00
-1.209239089010322399e+00
-1.209239089010322399e+00
-1.209239089010322399e+00
-1.209239089010322399e+00
-1.209239089010322399e+00
-1.209239089010322399e+00
-1.209239089010322399e+00
-1.209239089010322399e+00
-1.209239089010322399e+00
-1.209239089010322399e+00
-1.209237265541266204e+00
-1.209239089010322399e+00
-1.209239089010322399e+00
-1.200430707767406346e+00
-1.200430707767406346e+00
-1.200430707767406346e+00
-1.200430707767406346e+00
-1.200430707767406346e+00
-1.200430707767406346e+00
-1.200430707767406346e+00
-1.200430707767406346e+00
-1.200430707767406346e+00
-1.200430707767406346e+00
-1.143119759131115964e+00
-1.143119759131115964e+00
-1.143119759131115964e+00
-1.143119759131115964e+00
-1.143119759131115964e+00
-1.143119759131115964e+00
-1.143119759131115964e+00
-1.143119759131115964e+00
-1.143119759131115964e+00
-1.143119759131115964e+00
-1.143119759131115964e+00
-1.143119759131115964e+00
-1.171810449195409554e+00
-1.171810449195409554e+00
-1.171810449195409554e+00
-1.171810449195409554e+00
-1.171810449195409554e+00
-1.171810449195409554e+00
-1.170471567040875627e+00
-1.169857969703455458e+00
-1.169857969703455458e+00
-1.169857969703455458e+00
-1.103808615449281660e+00
-1.103808615449281660e+00
-1.133363515879410421e+00
-1.133363515879410421e+00
-1.167403922254223181e+00
-1.194885652334238824e+00
-1.194885652334238824e+00
-1.194885652334238824e+00
-1.194885652334238824e+00
-1.194885652334238824e+00
-1.194885652334238824e+00
-1.194885652334238824e+00
-1.194885652334238824e+00
-1.194885652334238824e+00
-1.194885652334238824e+00
-1.194885652334238824e+00
-1.194885652334238824e+00
-1.194885652334238824e+00
-1.194885652334238824e+00
-1.194885652334238824e+00
-1.194885652334238824e+00
-1.194885652334238824e+00
-1.194885652334238824e+00
-1.194885652334238824e+00
-1.154331244656506161e+00
-1.154331244656506161e+00
-1.021443999748157028e+00
-1.021443999748157028e+00
-1.021443999748157028e+00
-1.021443999748157028e+00
-1.021443999748157028e+00
-1.021443999748157028e+00
-1.021443999748157028e+00
-1.021443999748157028e+00
-1.021443999748157028e+00
-1.021443999748157028e+00
-1.021443999748157028e+00
-9.733060121992122005e-01
-9.733060121992122005e-01
-9.733060121992122005e-01
-9.733060121992122005e-01
-9.551457989512164293e-01
-9.551457989512164293e-01
-9.551457989512164293e-01
-9.551457989512164293e-01
-9.551457989512164293e-01
-9.551457989512164293e-01
-9.551457989512164293e-01
-9.551457989512164293e-01
-9.551457989512164293e-01
-9.551457989512164293e-01
-9.551457989512164293e-01
-9.551457989512164293e-01
-9.551457989512164293e-01
-9.551457989512164293e-01
-9.927806617197069139e-01
-9.927806617197069139e-01
-9.927806617197069139e-01
-1.070262597122338288e+00
-1.070262597122338288e+00
-1.070262597122338288e+00
-1.070262597122338288e+00
-1.070262597122338288e+00
-1.070262597122338288e+00
-1.070262597122338288e+00
-1.070262597122338288e+00
-1.070262597122338288e+00
-1.070262597122338288e+00
-1.070262597122338288e+00
-1.070262597122338288e+00
-1.036503460849448333e+00
-1.036503460849448333e+00
-1.036503460849448333e+00
-1.036503460849448333e+00
-1.036503460849448333e+00
-1.036503460849448333e+00
-1.036503460849448333e+00
-1.036503460849448333e+00
-1.036503460849448333e+00
-1.036503460849448333e+00
-1.036503460849448333e+00
-1.036503460849448333e+00
-1.036501637380392138e+00
-1.036501637380392138e+00
-1.036501637380392138e+00
-1.035972945320902561e+00
-1.035972945320902561e+00
-1.035972945320902561e+00
-1.035972945320902561e+00
-1.035972945320902561e+00
-1.035972945320902561e+00
-1.035972945320902561e+00
-1.035972945320902561e+00
-1.035974654823142771e+00
-1.035974654823142771e+00
-1.035974654823142771e+00
-1.035974654823142771e+00
-1.035974654823142771e+00
-1.076024987273644706e+00
-1.076024987273644706e+00
-1.076024987273644706e+00
-1.076024987273644706e+00
-1.076024987273644706e+00
-1.076024987273644706e+00
-1.091874694277177982e+00
-1.091874694277177982e+00
-1.140891138043959696e+00
-1.140891138043959696e+00
-1.140891138043959696e+00
-1.186162290336069125e+00
-1.186162290336069125e+00
-1.186162290336069125e+00
-1.186162290336069125e+00
-1.186160352900196724e+00
-1.186160352900196724e+00
-1.186162290336069125e+00
-1.186162290336069125e+00
-1.186162290336069125e+00
-1.186162290336069125e+00
-1.032636794715720896e+00
-1.032636794715720896e+00
-1.032636794715720896e+00
-1.032636794715720896e+00
-1.032636794715720896e+00
-1.032636794715720896e+00
-1.032636794715720896e+00
-1.032636794715720896e+00
-1.032636794715720896e+00
-1.032636794715720896e+00
-1.032636794715720896e+00
-1.244999026705156497e+00
-1.244999026705156497e+00
-1.244999026705156497e+00
-1.244999026705156497e+00
-1.344863133038435077e+00
-1.344863133038435077e+00
-1.344863133038435077e+00
-1.313432224849897745e+00
-1.313432224849897745e+00
-1.313432224849897745e+00
-1.313432224849897745e+00
-1.313432224849897745e+00
-9.616497141909188251e-01
-9.616497141909188251e-01
-9.616497141909188251e-01
-9.616497141909188251e-01
-9.616497141909188251e-01
-9.616497141909188251e-01
-9.616497141909188251e-01
-9.616497141909188251e-01
-9.616497141909188251e-01
-9.616497141909188251e-01
-9.616497141909188251e-01
-9.616497141909188251e-01
-9.759799016365356961e-01
-9.759799016365356961e-01
-9.759799016365356961e-01
-9.759799016365356961e-01
-9.759799016365356961e-01
-9.759799016365356961e-01
-1.096400772408363089e+00
-1.096400772408363089e+00
-1.096400772408363089e+00
-1.096400772408363089e+00
-1.096400772408363089e+00
-1.096400772408363089e+00
-1.096388577959049648e+00
-1.096388577959049648e+00
-1.096388577959049648e+00
-1.096383335485513033e+00
-1.096383335485513033e+00
-1.096383335485513033e+00
-1.096383335485513033e+00
-1.096383335485513033e+00
-1.096383335485513033e+00
-1.096383335485513033e+00
-1.096383335485513033e+00
-1.096383335485513033e+00
-1.096383335485513033e+00
-1.096383335485513033e+00
-1.096383335485513033e+00
-1.096383335485513033e+00
-1.023912976850287038e+00
-1.117903005552565388e+00
-1.117903005552565388e+00
-1.117903005552565388e+00
-1.117903005552565388e+00
-1.117903005552565388e+00
-1.117903005552565388e+00
-1.117903005552565388e+00
-1.117903005552565388e+00
-1.117903005552565388e+00
-1.117903005552565388e+00
-1.145025854128952414e+00
-1.195469846233127242e+00
-1.195469846233127242e+00
-1.195469846233127242e+00
-1.195469846233127242e+00
-1.195469846233127242e+00
-1.195469846233127242e+00
-1.195469846233127242e+00
-1.195469846233127242e+00
-1.195469846233127242e+00
-1.195469846233127242e+00
-1.195469846233127242e+00
-1.195469846233127242e+00
-1.195469846233127242e+00
-1.318974431112664991e+00
-1.318974431112664991e+00
-1.318974431112664991e+00
-1.318974431112664991e+00
-1.318974431112664991e+00
-1.280106618345125513e+00
-1.280106618345125513e+00
-1.192608823283908492e+00
-1.192608823283908492e+00
-1.192608823283908492e+00
-1.192608823283908492e+00
-1.192608823283908492e+00
-1.192608823283908492e+00
-1.192608823283908492e+00
-1.192608823283908492e+00
-1.192608823283908492e+00
-1.231601999549063242e+00
-1.231601999549063242e+00
-1.231601999549063242e+00
-1.231601999549063242e+00
-1.231601999549063242e+00
-1.231601999549063242e+00
-1.231601999549063242e+00
-1.231601999549063242e+00
-1.162687633507110352e+00
-1.162687633507110352e+00
-1.162687633507110352e+00
-1.162687633507110352e+00
-1.162687633507110352e+00
-1.199641259632876489e+00
-1.199641259632876489e+00
-1.199641259632876489e+00
-1.199641259632876489e+00
-1.172429744873630275e+00
-1.172429744873630275e+00
-1.172429744873630275e+00
-1.110322160884937404e+00
-1.110322160884937404e+00
-1.110322160884937404e+00
-1.110322160884937404e+00
-1.110322160884937404e+00
-1.152322351590625127e+00
-1.152322351590625127e+00
-1.152322351590625127e+00
-1.152322351590625127e+00
-1.152322351590625127e+00
-1.111936500833777597e+00
-9.867450931104144729e-01
-9.867450931104144729e-01
-9.867450931104144729e-01
-9.867450931104144729e-01
-9.867450931104144729e-01
-9.867450931104144729e-01
-9.867450931104144729e-01
-9.867450931104144729e-01
-9.867450931104144729e-01
-9.867450931104144729e-01
-9.867450931104144729e-01
-9.867450931104144729e-01
-9.867450931104144729e-01
-1.043876885911930508e+00
-1.043876885911930508e+00
-1.043876885911930508e+00
-1.043876885911930508e+00
-1.043876885911930508e+00
-1.043876885911930508e+00
-1.043876885911930508e+00
-1.043876885911930508e+00
-1.043876885911930508e+00
-1.043876885911930508e+00
-1.082957018857704234e+00
-1.082957018857704234e+00
-1.082957018857704234e+00
-1.082957018857704234e+00
-1.082957018857704234e+00
-1.082957018857704234e+00
-1.082957018857704234e+00
-1.108985102199459671e+00
-1.262720638661721795e+00
-1.262720638661721795e+00
-1.262720638661721795e+00
-1.262720638661721795e+00
-1.262720638661721795e+00
-1.262720638661721795e+00
-1.060164909289854185e+00
-1.060164909289854185e+00
-1.060164909289854185e+00
-1.059146843722399867e+00
-1.059146843722399867e+00
-1.059146843722399867e+00
-1.175741050712920899e+00
-1.175741050712920899e+00
-1.173312075963211631e+00
-1.130494287319438573e+00
-1.130494287319438573e+00
-1.130494287319438573e+00
-1.130862172201532179e+00
-1.105679722634601791e+00
-1.118382577914352805e+00
-1.118382577914352805e+00
-8.181736984398806367e-01
-9.896587687286317880e-01
-9.896587687286317880e-01
-9.896587687286317880e-01
-9.900195876681325835e-01
-9.900195876681325835e-01
-9.900195876681325835e-01
-9.900195876681325835e-01
-9.900195876681325835e-01
-9.900195876681325835e-01
-9.900195876681325835e-01
-9.891732700924116273e-01
-9.891732700924116273e-01
-9.891732700924116273e-01
-9.626985507986969282e-01
-9.660995485221905987e-01
-9.660995485221905987e-01
-9.660995485221905987e-01
-9.708011355500375528e-01
-9.424541124194346642e-01
-9.424541124194346642e-01
-9.577731329441981911e-01
-9.577731329441981911e-01
-9.577731329441981911e-01
-9.577731329441981911e-01
-9.577731329441981911e-01
-9.577731329441981911e-01
-9.577731329441981911e-01
-9.577731329441981911e-01
-9.577731329441981911e-01
-9.577731329441981911e-01
-9.595400744596812581e-01
-9.595400744596812581e-01
-9.595400744596812581e-01
-9.595400744596812581e-01
-9.595400744596812581e-01
-9.595400744596812581e-01
-9.595400744596812581e-01
-9.595400744596812581e-01
-9.174383963043328816e-01
-9.174383963043328816e-01
-9.174383963043328816e-01
-9.174383963043328816e-01
-9.174383963043328816e-01
-9.161725098954559554e-01
-9.161725098954559554e-01
-9.161725098954559554e-01
-9.161725098954559554e-01
-9.161725098954559554e-01
-8.540970645488790147e-01
-8.540970645488790147e-01
-8.540970645488790147e-01
-8.540970645488790147e-01
-8.540970645488790147e-01
-8.540970645488790147e-01
-9.771309664782784621e-01
-1.007460613323671206e+00
-1.007460613323671206e+00
-1.007460613323671206e+00
-1.007460613323671206e+00
-1.007460613323671206e+00
-1.007460613323671206e+00
-1.007460613323671206e+00
-1.007460613323671206e+00
-1.007460613323671206e+00
-1.007460613323671206e+00
-1.007460613323671206e+00
-1.007460613323671206e+00
-1.007460613323671206e+00
-1.007460613323671206e+00
-1.008165156180270472e+00
-9.998121863341468130e-01
-9.998121863341468130e-01
-9.998121863341468130e-01
-1.066457131168810246e+00
-1.066457131168810246e+00
-1.021866360768305393e+00
-1.021866360768305393e+00
-1.021866360768305393e+00
-1.021866360768305393e+00
-1.077528665444135170e+00
-1.083338579757719522e+00
-1.096649789901354088e+00
-1.096649789901354088e+00
-1.096649789901354088e+00
-1.096649789901354088e+00
-1.002313643978840929e+00
-1.002313643978840929e+00
-1.002313643978840929e+00
-1.002313643978840929e+00
-1.002313643978840929e+00
-1.002313643978840929e+00
-1.002313643978840929e+00
-1.002313643978840929e+00
-1.002313643978840929e+00
-1.002313643978840929e+00
-9.999335609932018532e-01
-9.999335609932018532e-01
-9.753772451134530286e-01
-9.753772451134530286e-01
-9.753772451134530286e-01
-9.753772451134530286e-01
-9.753772451134530286e-01
-9.753772451134530286e-01
-1.012767592078185119e+00
-1.012767592078185119e+00
-1.012767592078185119e+00
-1.012767592078185119e+00
-1.012767592078185119e+00
-1.012767592078185119e+00
-1.047228649970906034e+00
-1.047228649970906034e+00
-1.047228649970906034e+00
-1.047228649970906034e+00
-1.047228649970906034e+00
-1.047228649970906034e+00
-1.047228649970906034e+00
-1.047228649970906034e+00
-1.047228649970906034e+00
-1.047228649970906034e+00
-1.047228649970906034e+00
-1.047228649970906034e+00
-1.047228649970906034e+00
-9.684555845096507465e-01
-9.684555845096507465e-01
-9.684555845096507465e-01
-9.684555845096507465e-01
-9.684555845096507465e-01
-9.684555845096507465e-01
-9.700486126638963036e-01
-9.700486126638963036e-01
-9.577928492033686014e-01
-9.577928492033686014e-01
-9.627416302551502492e-01
-9.625388832894611335e-01
-9.625388832894611335e-01
-9.625388832894611335e-01
-9.625388832894611335e-01
-9.632712340491679237e-01
-9.632712340491679237e-01
-9.632712340491679237e-01
-9.632712340491679237e-01
-9.632712340491679237e-01
-9.632712340491679237e-01
-9.632712340491679237e-01
-9.632712340491679237e-01
-9.632712340491679237e-01
-9.632712340491679237e-01
-9.634448055099574804e-01
-9.634448055099574804e-01
-9.416522419019592860e-01
-9.416522419019592860e-01
-9.416522419019592860e-01
-9.416522419019592860e-01
-9.416522419019592860e-01
-9.416522419019592860e-01
-9.416522419019592860e-01
-9.416522419019592860e-01
-9.416522419019592860e-01
-9.673300482346951501e-01
-9.673300482346951501e-01
-9.673300482346951501e-01
-9.401336910619789711e-01
-9.401336910619789711e-01
-9.401336910619789711e-01
-9.401336910619789711e-01
-9.401336910619789711e-01
-9.401336910619789711e-01
-9.401336910619789711e-01
-8.801698228825117765e-01
-8.801698228825117765e-01
-8.801698228825117765e-01
-8.801698228825117765e-01
-8.801698228825117765e-01
-8.801698228825117765e-01
-8.801698228825117765e-01
-8.801698228825117765e-01
-8.801698228825117765e-01
-8.801698228825117765e-01
-8.801698228825117765e-01
-9.090372184950351597e-01
-9.090372184950351597e-01
-9.090372184950351597e-01
-9.060674142199309777e-01
-9.060674142199309777e-01
-9.060674142199309777e-01
-9.060674142199309777e-01
-9.060674142199309777e-01
-9.060674142199309777e-01
-9.060674142199309777e-01
-9.060674142199309777e-01
-9.060674142199309777e-01
-9.060674142199309777e-01
-9.214902585140832825e-01
-9.214902585140832825e-01
-9.214902585140832825e-01
-9.242561761553382826e-01
-9.242561761553382826e-01
-9.242561761553382826e-01
-9.242561761553382826e-01
-9.242561761553382826e-01
-9.242561761553382826e-01
-9.242561761553382826e-01
-9.242561761553382826e-01
-9.242561761553382826e-01
-9.242561761553382826e-01
-9.242561761553382826e-01
-9.242561761553382826e-01
-9.242561761553382826e-01
-9.242561761553382826e-01
-9.242561761553382826e-01
-9.242561761553382826e-01
-9.242561761553382826e-01
-9.242561761553382826e-01
-9.242561761553382826e-01
-9.242561761553382826e-01
-9.242561761553382826e-01
-9.242561761553382826e-01
-9.242561761553382826e-01
-9.242561761553382826e-01
-9.097406786668824630e-01
-9.097406786668824630e-01
-8.236324240099175409e-01
-8.236324240099175409e-01
-8.236324240099175409e-01
-7.971823215484619141e-01
-8.128215318428170244e-01
-8.128215318428170244e-01
-8.128215318428170244e-01
-8.128215318428170244e-01
-8.128215318428170244e-01
-8.128215318428170244e-01
-8.128215318428170244e-01
-8.128215318428170244e-01
-8.128215318428170244e-01
-8.100764131454846195e-01
-8.100764131454846195e-01
-8.100764131454846195e-01
-8.100764131454846195e-01
-6.048789899618174370e-01
-6.048789899618174370e-01
-6.048789899618174370e-01
-6.048789899618174370e-01
-6.048789899618174370e-01
-6.048789899618174370e-01
-6.048789899618174370e-01
-5.974619725922096780e-01
-5.697887782612903740e-01
-5.537152974145134188e-01
-6.336100812623879364e-01
-6.336100812623879364e-01
-6.336100812623879364e-01
-6.336100812623879364e-01
-6.336100812623879364e-01
-6.336100812623879364e-01
-6.336100812623879364e-01
-6.336100812623879364e-01
-6.336100812623879364e-01
-6.336100812623879364e-01
-6.336100812623879364e-01
-6.336100812623879364e-01
-6.336100812623879364e-01
-6.336100812623879364e-01
-6.336100812623879364e-01
-6.336100812623879364e-01
-6.336100812623879364e-01
-6.336100812623879364e-01
-6.336100812623879364e-01
-6.171728753223018060e-01
-6.172190888661954755e-01
-6.172190888661954755e-01
-6.785258850221651539e-01
-6.794580765937527911e-01
-6.794580765937527911e-01
-6.794580765937527911e-01
-6.794580765937527911e-01
-6.794580765937527911e-01
-6.794580765937527911e-01
-6.794580765937527911e-01
-6.794580765937527911e-01
-6.876201520230528219e-01
-6.876201520230528219e-01
-6.876201520230528219e-01
-6.876201520230528219e-01
-6.876201520230528219e-01
-6.876201520230528219e-01
-6.876201520230528219e-01
-6.876201520230528219e-01
-8.695353513466012041e-01
-8.695353513466012041e-01
-8.695353513466012041e-01
-8.695353513466012041e-01
-7.439925269460586632e-01
-7.439925269460586632e-01
-7.439925269460586632e-01
-7.439925269460586632e-01
-8.458771509604516847e-01
-8.458771509604516847e-01
-8.458771509604516847e-01
-8.458771509604516847e-01
-8.458771509604516847e-01
-7.953391932164732836e-01
-7.953391932164732836e-01
-7.953391932164732836e-01
-7.942365642715366603e-01
-7.860092998234764483e-01
-7.522759770344137342e-01
-7.511547145150587745e-01
-7.080664826168839854e-01
-7.080664826168839854e-01
-7.080664826168839854e-01
-7.080664826168839854e-01
-7.080664826168839854e-01
-7.080664826168839854e-01
-7.080664826168839854e-01
-7.080664826168839854e-01
-7.080664826168839854e-01
-7.080664826168839854e-01
-7.080664826168839854e-01
-7.143852587639715201e-01
-9.638112088234428443e-01
-9.647352517676854866e-01
-9.647352517676854866e-01
-1.021474086987584684e+00
-1.020573977074705097e+00
-1.018889205633568107e+00
-9.763428859455407505e-01
-9.803766274315448559e-01
-9.803766274315448559e-01
-9.803766274315448559e-01
-1.017583943689758463e+00
-9.949673430185700385e-01
-9.949673430185700385e-01
-9.425791340166022048e-01
-9.425791340166022048e-01
-9.425791340166022048e-01
-9.399185217133443349e-01
-9.399185217133443349e-01
-9.399185217133443349e-01
-9.399185217133443349e-01
-9.399185217133443349e-01
-9.399185217133443349e-01
-1.003187085656773281e+00
-1.003187085656773281e+00
-1.003187085656773281e+00
-1.003187085656773281e+00
-1.003187085656773281e+00
-1.010388192893442172e+00
-1.027270895117327498e+00
-1.027270895117327498e+00
-1.027270895117327498e+00
-1.026736390750221162e+00
-1.026736390750221162e+00
-1.026736390750221162e+00
-1.026736390750221162e+00
-1.022790061812099971e+00
-1.020262847666986605e+00
-1.020262847666986605e+00
-1.020262847666986605e+00
-1.020262847666986605e+00
-1.011484781597130178e+00
-1.011695392273124217e+00
-1.011695392273124217e+00
-1.011695392273124217e+00
-1.011695392273124217e+00
-9.677520673543954510e-01
-9.677520673543954510e-01
-9.636541625509753572e-01
-9.860508072672564683e-01
-9.860508072672564683e-01
-9.860508072672564683e-01
-9.860508072672564683e-01
-9.905878262127789657e-01
-9.905878262127789657e-01
-9.905878262127789657e-01
-9.905878262127789657e-01
-9.905878262127789657e-01
-9.905878262127789657e-01
-9.905878262127789657e-01
-9.905878262127789657e-01
-9.905878262127789657e-01
-9.905878262127789657e-01
-9.905878262127789657e-01
-9.905878262127789657e-01
-9.873966413975673317e-01
-9.873966413975673317e-01
-9.873966413975673317e-01
-9.873966413975673317e-01
-9.873966413975673317e-01
-9.873966413975673317e-01
-9.873966413975673317e-01
-9.873966413975673317e-01
-9.842676824638993960e-01
-9.842676824638993960e-01
-9.714969029618037988e-01
-9.714969029618037988e-01
-9.714969029618037988e-01
-9.714969029618037988e-01
-9.714969029618037988e-01
-9.714969029618037988e-01
-9.770734132361913460e-01
-9.770734132361913460e-01
-9.770734132361913460e-01
-9.722218458784697148e-01
-9.722218458784697148e-01
-9.884397796645446599e-01
-9.884397796645446599e-01
-9.884397796645446599e-01
-9.859701187615184104e-01
-9.859701187615184104e-01
-9.859701187615184104e-01
-9.859701187615184104e-01
-9.859701187615184104e-01
-9.859701187615184104e-01
-9.859701187615184104e-01
-9.859701187615184104e-01
-9.671037101380911549e-01
-9.671037101380911549e-01
-9.671037101380911549e-01
-9.671037101380911549e-01
-9.671037101380911549e-01
-9.671037101380911549e-01
-9.671037101380911549e-01
-9.820918280125575661e-01
-9.820918280125575661e-01
-9.820918280125575661e-01
-9.820918280125575661e-01
-9.820918280125575661e-01
-9.820918280125575661e-01
-9.820918280125575661e-01
-9.820918280125575661e-01
-9.820918280125575661e-01
-9.820918280125575661e-01
-9.213860928442464404e-01
-9.213860928442464404e-01
-9.213860928442464404e-01
-9.213860928442464404e-01
-9.404457891876336628e-01
-9.404457891876336628e-01
-9.404457891876336628e-01
-9.404457891876336628e-01
-9.404457891876336628e-01
-9.404457891876336628e-01
-9.404457891876336628e-01
-9.404457891876336628e-01
-9.404457891876336628e-01
-9.404457891876336628e-01
-8.958382086817666679e-01
-9.068672333347181924e-01
-9.068672333347181924e-01
-9.068672333347181924e-01
-9.068672333347181924e-01
-9.068672333347181924e-01
-9.068672333347181924e-01
-8.951107015117404364e-01
-8.951107015117404364e-01
-8.951107015117404364e-01
-8.951107015117404364e-01
-8.951107015117404364e-01
-8.951107015117404364e-01
-8.951107015117404364e-01
-8.951107015117404364e-01
-8.951107015117404364e-01
-9.130975712325786198e-01
-9.130975712325786198e-01
-9.130975712325786198e-01
-9.130975712325786198e-01
-9.130975712325786198e-01
-9.130975712325786198e-01
-9.130975712325786198e-01
-9.130975712325786198e-01
-9.130975712325786198e-01
-9.130975712325786198e-01
-9.130975712325786198e-01
-9.130975712325786198e-01
-8.277243455554968987e-01
-8.277243455554968987e-01
-8.155489856836671825e-01
-8.155489856836671825e-01
-8.155489856836671825e-01
-8.155489856836671825e-01
-8.274988052266049054e-01
-8.274988052266049054e-01
-8.274988052266049054e-01
-8.947812234466435699e-01
-9.266474848723548208e-01
-9.114296098968038828e-01
-9.114296098968038828e-01
-9.114296098968038828e-01
-9.114296098968038828e-01
-9.581146914917925139e-01
-9.581146914917925139e-01
-9.579962799699538456e-01
-9.076080746222180418e-01
-9.076080746222180418e-01
-9.076080746222180418e-01
-9.076080746222180418e-01
-9.076080746222180418e-01
-9.076080746222180418e-01
-8.906567073916841215e-01
-8.906567073916841215e-01
-8.906567073916841215e-01
-8.906567073916841215e-01
-8.906567073916841215e-01
-8.906567073916841215e-01
-8.906567073916841215e-01
-8.906567073916841215e-01
-8.906567073916841215e-01
-8.906567073916841215e-01
-8.796293352575648150e-01
-8.869525579375928670e-01
-8.869525579375928670e-01
-9.244849075550786166e-01
-9.244849075550786166e-01
-9.244849075550786166e-01
-9.244849075550786166e-01
-9.244849075550786166e-01
-9.244849075550786166e-01
-9.244849075550786166e-01
-9.244849075550786166e-01
-9.244849075550786166e-01
-9.244849075550786166e-01
-9.244849075550786166e-01
-9.477989281568653945e-01
-9.477989281568653945e-01
-9.477989281568653945e-01
-9.477989281568653945e-01
-9.239147315745599442e-01
-9.239147315745599442e-01
-9.239147315745599442e-01
-9.239147315745599442e-01
-9.382181938018214762e-01
-9.383399673447325728e-01
-9.383399673447325728e-01
-9.383399673447325728e-01
-9.383399673447325728e-01
-9.383399673447325728e-01
-9.383399673447325728e-01
-9.383399673447325728e-01
-9.279569635883571088e-01
-9.279569635883571088e-01
-9.279569635883571088e-01
-9.732722780216719327e-01
-9.732722780216719327e-01
-9.732722780216719327e-01
-9.732722780216719327e-01
-9.745017520328324023e-01
-7.004379998201621937e-01
-7.004379998201621937e-01
-7.004379998201621937e-01
-7.188239243472739348e-01
-7.188239243472739348e-01
-7.188239243472739348e-01
-7.188239243472739348e-01
-7.188239243472739348e-01
-7.845380452121420989e-01
-7.845380452121420989e-01
-7.845380452121420989e-01
-9.356312610451167355e-01
-9.350432492578918398e-01
-9.443376419877002048e-01
-9.443376419877002048e-01
-9.443376419877002048e-01
-9.340060942487552476e-01
-8.664451981137860637e-01
-8.664451981137860637e-01
-8.664451981137860637e-01
-8.664451981137860637e-01
-8.513657358362842764e-01
-8.513657358362842764e-01
-8.513657358362842764e-01
-8.513657358362842764e-01
-9.206704952064936887e-01
-9.206704952064936887e-01
-9.206704952064936887e-01
-9.457936820290967495e-01
-9.457936820290967495e-01
-9.448780726292392851e-01
-6.492345898374772828e-01
-6.492345898374772828e-01
-6.492345898374772828e-01
-6.492345898374772828e-01
-6.492345898374772828e-01
-6.492345898374772828e-01
-6.492345898374772828e-01
-6.492345898374772828e-01
-6.768184911680494853e-01
-6.768184911680494853e-01
-5.293073093458069422e-01
-5.293073093458069422e-01
-5.293073093458069422e-01
-5.242826263945599141e-01
-5.818614540318913786e-01
-5.818614540318913786e-01
-5.818614540318913786e-01
-5.786133427920806538e-01
-5.786133427920806538e-01
-5.786133427920806538e-01
-5.786133427920806538e-01
-8.179337413087629516e-01
-8.179337413087629516e-01
-8.179337413087629516e-01
-8.179337413087629516e-01
-8.179337413087629516e-01
-8.179337413087629516e-01
-9.383758668917769885e-01
-9.383758668917769885e-01
-9.383758668917769885e-01
-9.383758668917769885e-01
-9.383758668917769885e-01
-9.333290173948152191e-01
-9.333290173948152191e-01
-9.333290173948152191e-01
-9.333290173948152191e-01
-9.333290173948152191e-01
-9.333290173948152191e-01
-9.333290173948152191e-01
-8.146307550470414105e-01
-8.146307550470414105e-01
-8.146307550470414105e-01
-8.146307550470414105e-01
-8.146307550470414105e-01
-8.146307550470414105e-01
-8.146307550470414105e-01
-8.146307550470414105e-01
-8.146307550470414105e-01
-8.335171078632711561e-01
-8.335171078632711561e-01
-8.218777339271559068e-01
-8.218777339271559068e-01
-8.218777339271559068e-01
-8.218777339271559068e-01
-8.218777339271559068e-01
-8.218777339271559068e-01
-8.218777339271559068e-01
-8.218777339271559068e-01
-8.218777339271559068e-01
-8.218777339271559068e-01
-8.218777339271559068e-01
-8.218777339271559068e-01
-8.218777339271559068e-01
-8.218777339271559068e-01
-8.218777339271559068e-01
-8.218777339271559068e-01
-8.218777339271559068e-01
-8.218777339271559068e-01
-8.218777339271559068e-01
-8.218777339271559068e-01
-8.218777339271559068e-01
-8.218777339271559068e-01
-8.218777339271559068e-01
-9.325999716727728650e-01
-9.325999716727728650e-01
-8.219442335643002417e-01
-8.219442335643002417e-01
-8.219442335643002417e-01
-8.219442335643002417e-01
-8.439123060689600608e-01
-8.439123060689600608e-01
-8.439123060689600608e-01
-8.334558506996635474e-01
-8.922642093315634737e-01
-8.922642093315634737e-01
-8.922642093315634737e-01
-8.922642093315634737e-01
-8.922642093315634737e-01
-8.870534755531733762e-01
-8.870534755531733762e-01
-8.870534755531733762e-01
-8.870534755531733762e-01
-8.870534755531733762e-01
-8.870534755531733762e-01
-8.870534755531733762e-01
-8.870534755531733762e-01
-8.870534755531733762e-01
-8.870534755531733762e-01
-8.870534755531733762e-01
-8.870534755531733762e-01
-8.870534755531733762e-01
-8.870534755531733762e-01
-8.870534755531733762e-01
-8.902871699907582981e-01
-8.902871699907582981e-01
-8.902871699907582981e-01
-8.902871699907582981e-01
-8.902871699907582981e-01
-8.902871699907582981e-01
-8.902871699907582981e-01
-8.902871699907582981e-01
-8.711996657442635517e-01
-9.754107513573611055e-01
-9.754107513573611055e-01
-9.754107513573611055e-01
-9.754107513573611055e-01
-9.754107513573611055e-01
-9.807014328571851403e-01
-9.928417479330904349e-01
-9.928417479330904349e-01
-9.995490369559701938e-01
-9.995490369559701938e-01
-9.995490369559701938e-01
-9.891788544663963068e-01
-9.891788544663963068e-01
-9.891788544663963068e-01
-9.891788544663963068e-01
-9.891788544663963068e-01
-9.114749686895774472e-01
-9.114749686895774472e-01
-7.036561377873611356e-01
-6.826135328121439860e-01
-6.826135328121439860e-01
-6.826135328121439860e-01
-9.097394820153142936e-01
-9.097394820153142936e-01
-9.097394820153142936e-01
-9.014743805843374869e-01
-8.966008746145331942e-01
-8.966008746145331942e-01
-9.013720953669648317e-01
-9.013720953669648317e-01
-9.013720953669648317e-01
-9.013720953669648317e-01
-9.013720953669648317e-01
-8.963935119927954887e-01
-8.902579375024507469e-01
-8.892403847856684695e-01
-8.892403847856684695e-01
-9.974180854301378796e-01
-9.974180854301378796e-01
-9.974180854301378796e-01
-9.974180854301378796e-01
-9.974180854301378796e-01
-9.974180854301378796e-01
-1.008826961480864481e+00
-1.008826961480864481e+00
-1.009958879897516981e+00
-1.009958879897516981e+00
-1.037989474163456549e+00
-9.910890522696091942e-01
-9.910890522696091942e-01
-9.910890522696091942e-01
-9.910890522696091942e-01
-9.910890522696091942e-01
-9.910890522696091942e-01
-1.006170053099127104e+00
-1.006170053099127104e+00
-1.006170053099127104e+00
-1.006170053099127104e+00
-1.006170053099127104e+00
-1.006170053099127104e+00
-9.915830984170304063e-01
-9.915830984170304063e-01
-9.915830984170304063e-01
-9.915830984170304063e-01
-9.378890576371726739e-01
-9.378890576371726739e-01
-9.378890576371726739e-01
-9.378890576371726739e-01
-9.378890576371726739e-01
-9.378890576371726739e-01
-9.378890576371726739e-01
-8.269910260778540190e-01
-8.269910260778540190e-01
-8.269910260778540190e-01
-8.269910260778540190e-01
-8.269910260778540190e-01
-8.269910260778540190e-01
-8.213653391223564304e-01
-8.213653391223564304e-01
-8.213653391223564304e-01
-8.213653391223564304e-01
-9.213956660567915735e-01
-9.213956660567915735e-01
-6.519009574649438088e-01
-6.519009574649438088e-01
-6.519009574649438088e-01
-6.519009574649438088e-01
-6.519009574649438088e-01
-6.519009574649438088e-01
-6.519009574649438088e-01
-6.519009574649438088e-01
-6.519009574649438088e-01
-6.296314427319265050e-01
-6.296314427319265050e-01
-6.076178404842690339e-01
-6.076178404842690339e-01
-6.076178404842690339e-01
-6.076178404842690339e-01
-6.076178404842690339e-01
-6.076178404842690339e-01
-9.436751528862100669e-01
-9.456288290297323318e-01
-9.456288290297323318e-01
-9.456288290297323318e-01
-9.456288290297323318e-01
-9.456288290297323318e-01
-9.453015163341397242e-01
-9.584647975505878881e-01
-9.584647975505878881e-01
-9.584647975505878881e-01
-9.612267833366904268e-01
-9.609450573675034635e-01
-9.609450573675034635e-01
-9.609450573675034635e-01
-9.613843994432379469e-01
-9.613843994432379469e-01
-9.601443265181881515e-01
-9.601443265181881515e-01
-9.601443265181881515e-01
-9.433682402506841091e-01
-9.429696413116746001e-01
-9.606095390611578688e-01
-9.613098651455647126e-01
-9.613098651455647126e-01
-9.613098651455647126e-01
-9.613098651455647126e-01
-9.613098651455647126e-01
-9.613098651455647126e-01
-9.613098651455647126e-01
-9.613098651455647126e-01
-9.603381840722282625e-01
-9.603381840722282625e-01
-9.611288858417342817e-01
-9.659784017967675274e-01
-9.601193677854811259e-01
-9.601193677854811259e-01
-9.601193677854811259e-01
-9.541322920564027088e-01
-9.558620803898651985e-01
-9.826842275221989720e-01
-9.472141644238969427e-01
-5.836407609469119739e-01
-5.836407609469119739e-01
-6.328940847407791281e-01
-6.328940847407791281e-01
-6.328940847407791281e-01
-6.328940847407791281e-01
-5.808313649653475963e-01
-5.808313649653475963e-01
-5.808313649653475963e-01
-5.808313649653475963e-01
-5.808313649653475963e-01
-5.808313649653475963e-01
-6.456412161285516316e-01
-6.456412161285516316e-01
-1.008546945013917728e+00
-1.013564220122123993e+00
-1.013564220122123993e+00
-1.013564220122123993e+00
-1.013564220122123993e+00
-1.013564220122123993e+00
-1.013564220122123993e+00
-1.029350219675505329e+00
-1.029350219675505329e+00
-1.029350219675505329e+00
-1.021175152029179634e+00
-1.021611758901329825e+00
-1.021611758901329825e+00
-9.075175849703027708e-01
-9.075175849703027708e-01
-9.075175849703027708e-01
-9.075175849703027708e-01
-9.075175849703027708e-01
-8.104509081029070972e-01
-8.104509081029070972e-01
-8.104509081029070972e-01
-9.337721203754781873e-01
-9.337721203754781873e-01
-7.479423888554763700e-01
-7.479423888554763700e-01
-7.479423888554763700e-01
-7.479423888554763700e-01
-7.501265628843872824e-01
-7.521187598117222706e-01
-7.521187598117222706e-01
-7.521187598117222706e-01
-8.176381683714302184e-01
-8.176381683714302184e-01
-8.176381683714302184e-01
-8.176381683714302184e-01
-7.705467380939432509e-01
-6.095861613636490706e-01
-6.095861613636490706e-01
-6.651278891481359201e-01
-6.651278891481359201e-01
-6.651278891481359201e-01
-6.651278891481359201e-01
-6.413051776630700473e-01
-6.413051776630700473e-01
-6.413051776630700473e-01
-6.478760484071808268e-01
-6.478760484071808268e-01
-6.478760484071808268e-01
-6.478760484071808268e-01
-5.349771584425100368e-01
-5.349771584425100368e-01
-5.349771584425100368e-01
-5.349771584425100368e-01
-5.349771584425100368e-01
-5.349771584425100368e-01
-5.349771584425100368e-01
-5.778499930584179989e-01
-5.778499930584179989e-01
-5.778499930584179989e-01
-5.778499930584179989e-01
-5.740698277380452685e-01
-5.740698277380452685e-01
-5.223493503111041880e-01
-5.223493503111041880e-01
-5.223493503111041880e-01
-5.223493503111041880e-01
-5.219481301353264824e-01
-5.219481301353264824e-01
-5.319318511517964199e-01
-6.031564955045798371e-01
-6.031564955045798371e-01
-5.951638887306928138e-01
-5.951638887306928138e-01
-5.951638887306928138e-01
-5.951638887306928138e-01
-5.951638887306928138e-01
-5.951638887306928138e-01
-5.785366431249031605e-01
-5.785366431249031605e-01
-5.785366431249031605e-01
-5.946114915734722617e-01
-5.946114915734722617e-01
-5.897046503099838688e-01
-5.897046503099838688e-01
-5.897046503099838688e-01
-5.897046503099838688e-01
-5.897046503099838688e-01
-5.897046503099838688e-01
-5.897046503099838688e-01
-5.913697624753583293e-01
-5.913697624753583293e-01
-5.913697624753583293e-01
-5.913697624753583293e-01
-5.913697624753583293e-01
-5.913697624753583293e-01
-5.913697624753583293e-01
-5.913697624753583293e-01
-6.454032534167141177e-01
-5.833899769682728831e-01
-6.345553790178171116e-01
-6.345553790178171116e-01
-6.345553790178171116e-01
-6.345553790178171116e-01
-5.059773333897781278e-01
-6.220137297993180159e-01
-6.220137297993180159e-01
-6.220137297993180159e-01
-6.220137297993180159e-01
-6.220137297993180159e-01
-6.220137297993180159e-01
-6.220137297993180159e-01
-6.220137297993180159e-01
-6.220137297993180159e-01
-7.370237980472426065e-01
-7.370237980472426065e-01
-7.370237980472426065e-01
-7.370237980472426065e-01
-7.370237980472426065e-01
-7.021949692392439601e-01
-7.021949692392439601e-01
-7.021949692392439601e-01
-7.021949692392439601e-01
-7.021949692392439601e-01
-7.021949692392439601e-01
-7.021949692392439601e-01
-7.021949692392439601e-01
-7.021949692392439601e-01
-7.021949692392439601e-01
-6.904263569337687478e-01
-6.904263569337687478e-01
-6.587324133338708920e-01
-6.587324133338708920e-01
-6.587324133338708920e-01
-6.587324133338708920e-01
-6.587324133338708920e-01
-6.800871734181507255e-01
-6.800871734181507255e-01
-6.800871734181507255e-01
-6.692223179636676011e-01
-6.692223179636676011e-01
-7.025864452522525561e-01
-7.025864452522525561e-01
-7.025864452522525561e-01
-7.025864452522525561e-01
-8.351333282645755363e-01
-8.351333282645755363e-01
-8.351333282645755363e-01
-8.330149700719129413e-01
-8.330149700719129413e-01
-8.330149700719129413e-01
-8.330149700719129413e-01
-8.330149700719129413e-01
-8.490928386411065176e-01
-8.490928386411065176e-01
-8.490928386411065176e-01
-8.490928386411065176e-01
-8.490928386411065176e-01
-8.104852121145273980e-01
-8.104852121145273980e-01
-8.056771230971151443e-01
-8.056771230971151443e-01
-8.056771230971151443e-01
-8.056771230971151443e-01
-8.056771230971151443e-01
-8.059489909367169025e-01
-8.059489909367169025e-01
-8.059489909367169025e-01
-8.059489909367169025e-01
-8.059489909367169025e-01
-8.472696545019203773e-01
-8.472696545019203773e-01
-8.472696545019203773e-01
-8.449398878655515199e-01
-8.449398878655515199e-01
-8.449398878655515199e-01
-8.449398878655515199e-01
-7.407666962187786641e-01
-7.407666962187786641e-01
-7.407666962187786641e-01
-7.407666962187786641e-01
-7.407666962187786641e-01
-7.407666962187786641e-01
-7.407666962187786641e-01
-8.633894058759991053e-01
-8.633894058759991053e-01
-8.633894058759991053e-01
-8.633894058759991053e-01
-8.633894058759991053e-01
-6.896153690710121742e-01
-6.896153690710121742e-01
-6.896153690710121742e-01
-6.896153690710121742e-01
-6.896153690710121742e-01
-6.896153690710121742e-01
-6.896153690710121742e-01
-8.787941864298132177e-01
-8.787941864298132177e-01
-8.787941864298132177e-01
-8.787941864298132177e-01
-8.787941864298132177e-01
-8.787941864298132177e-01
-8.677673271463659521e-01
-8.717290416046492574e-01
-8.717290416046492574e-01
-8.717290416046492574e-01
-8.660312136546147732e-01
-8.660312136546147732e-01
-8.660312136546147732e-01
-8.660312136546147732e-01
-8.660312136546147732e-01
-8.660312136546147732e-01
-8.660312136546147732e-01
-8.660312136546147732e-01
-8.660312136546147732e-01
-8.660312136546147732e-01
-8.660312136546147732e-01
-8.660312136546147732e-01
-8.660312136546147732e-01
-8.660312136546147732e-01
-8.660312136546147732e-01
-8.322564069445228530e-01
-8.322564069445228530e-01
-8.322564069445228530e-01
-8.322564069445228530e-01
-8.322564069445228530e-01
-8.322564069445228530e-01
-8.322564069445228530e-01
-8.322564069445228530e-01
-8.322564069445228530e-01
-8.412241707796348500e-01
-9.010628464117104164e-01
-8.911039131777236388e-01
-8.911039131777236388e-01
-8.911039131777236388e-01
-5.281867306273480001e-01
-5.281867306273480001e-01
-5.281867306273480001e-01
-5.281867306273480001e-01
-5.281867306273480001e-01
-5.281867306273480001e-01
-5.281867306273480001e-01
-5.281867306273480001e-01
-5.281867306273480001e-01
-5.281867306273480001e-01
-5.281867306273480001e-01
-5.645607215268662049e-01
-5.645607215268662049e-01
-5.645607215268662049e-01
-5.645607215268662049e-01
-5.645607215268662049e-01
-5.645607215268662049e-01
-5.645607215268662049e-01
-5.645607215268662049e-01
-5.645607215268662049e-01
-5.645607215268662049e-01
-5.645607215268662049e-01
-5.645607215268662049e-01
-5.645607215268662049e-01
-5.670967111168125907e-01
-5.884147738863358956e-01
-5.437105495204889172e-01
-5.329871838680871887e-01
-5.329871838680871887e-01
-5.329871838680871887e-01
-5.329871838680871887e-01
-5.329871838680871887e-01
-5.329871838680871887e-01
-5.327479675212736243e-01
-5.327479675212736243e-01
-5.327479675212736243e-01
-5.348802866488979735e-01
-6.104663270837261679e-01
-5.937880243443621753e-01
-5.937880243443621753e-01
-5.937880243443621753e-01
-5.937880243443621753e-01
-5.950756214316897941e-01
-6.995896878251609552e-01
-6.995896878251609552e-01
-6.892288506145002325e-01
-7.620686326838359559e-01
-6.463131074923630370e-01
-6.463131074923630370e-01
-6.463131074923630370e-01
-6.463131074923630370e-01
-6.463131074923630370e-01
-6.463131074923630370e-01
-8.384707894881413548e-01
-8.384707894881413548e-01
-8.384707894881413548e-01
-8.377102319414710951e-01
-8.377102319414710951e-01
-8.284876383057515614e-01
-8.284876383057515614e-01
-8.284876383057515614e-01
-8.284876383057515614e-01
-8.284876383057515614e-01
-8.292872864703146885e-01
-8.292872864703146885e-01
-8.161665148762398125e-01
-8.161665148762398125e-01
-8.161665148762398125e-01
-8.161665148762398125e-01
-8.669061369011552554e-01
-8.669061369011552554e-01
-8.669061369011552554e-01
-8.715509684546270952e-01
-8.839277646737617733e-01
-8.839277646737617733e-01
-8.839277646737617733e-01
-8.839277646737617733e-01
-8.839277646737617733e-01
-8.839277646737617733e-01
-7.016171574820523338e-01
-6.633969611465132532e-01
-6.633969611465132532e-01
-6.633969611465132532e-01
-6.633969611465132532e-01
-6.633969611465132532e-01
-6.633969611465132532e-01
-6.570806352859700494e-01
-6.570806352859700494e-01
-6.570806352859700494e-01
-6.570806352859700494e-01
-8.117801600614878987e-01
-8.117801600614878987e-01
-8.117801600614878987e-01
-8.117801600614878987e-01
-8.117801600614878987e-01
-8.117801600614878987e-01
-8.117801600614878987e-01
-8.117801600614878987e-01
-8.117801600614878987e-01
-8.117801600614878987e-01
-8.117801600614878987e-01
-8.117801600614878987e-01
-9.068748691113911464e-01
-8.470700986070796024e-01
-8.470700986070796024e-01
-8.459845077011370895e-01
-8.459845077011370895e-01
-8.459845077011370895e-01
-8.459718004011514969e-01
-8.459718004011514969e-01
-8.258548339056011045e-01
-8.258548339056011045e-01
-8.258548339056011045e-01
-8.258548339056011045e-01
-8.258548339056011045e-01
-8.250370650172916820e-01
-8.250370650172916820e-01
-8.250370650172916820e-01
-8.250370650172916820e-01
-8.250370650172916820e-01
-8.326219555068882228e-01
-8.326219555068882228e-01
-8.326219555068882228e-01
-8.326219555068882228e-01
-8.320607829048345394e-01
-8.287527821032084629e-01
-8.287527821032084629e-01
-8.287527821032084629e-01
-8.287527821032084629e-01
-8.455661925029571702e-01
-9.390472454049162421e-01
-9.390472454049162421e-01
-9.390472454049162421e-01
-9.810638473321100506e-01
-9.810638473321100506e-01
-9.810638473321100506e-01
-9.042454267323130068e-01
-9.042454267323130068e-01
-9.042454267323130068e-01
-9.042454267323130068e-01
-9.042454267323130068e-01
-9.042454267323130068e-01
-9.042454267323130068e-01
-9.042454267323130068e-01
-8.722338576161837720e-01
-8.722338576161837720e-01
-8.722338576161837720e-01
-8.731161887057652393e-01
-8.601558823886382710e-01
-8.601558823886382710e-01
-8.601558823886382710e-01
-8.601558823886382710e-01
-8.668402070980910645e-01
-8.668402070980910645e-01
-8.668402070980910645e-01
-8.668402070980910645e-01
-8.668402070980910645e-01
-8.668402070980910645e-01
-9.505658714994644765e-01
-9.505658714994644765e-01
-9.505658714994644765e-01
-9.505658714994644765e-01
-9.505658714994644765e-01
-9.505658714994644765e-01
-9.335289721735120505e-01
-9.337737159109024132e-01
-8.924231930399031398e-01
-8.924231930399031398e-01
-8.924231930399031398e-01
-8.924231930399031398e-01
-8.924231930399031398e-01
-8.924231930399031398e-01
-8.386307988978252137e-01
-8.386307988978252137e-01
-8.386307988978252137e-01
-8.386307988978252137e-01
-8.386307988978252137e-01
-8.386307988978252137e-01
-5.952579683373124819e-01
-6.894634513052653180e-01
-6.926445500572597780e-01
-8.225867784729878895e-01
-8.225867784729878895e-01
-8.225867784729878895e-01
-4.737918224207073870e-01
-4.737918224207073870e-01
-4.737918224207073870e-01
-4.737918224207073870e-01
-8.584862115506232128e-01
-8.584862115506232128e-01
-8.584862115506232128e-01
-8.584862115506232128e-01
-8.579964391588024153e-01
-8.579964391588024153e-01
-8.523857958230187659e-01
-8.523857958230187659e-01
-8.523857958230187659e-01
-8.588493098264442516e-01
-8.588493098264442516e-01
-8.588493098264442516e-01
-8.588493098264442516e-01
-8.588493098264442516e-01
-8.588493098264442516e-01
-8.588493098264442516e-01
-8.616228062609641025e-01
-8.616228062609641025e-01
-8.616228062609641025e-01
-8.616228062609641025e-01
-9.114106344219374822e-01
-9.114106344219374822e-01
-9.207327210880373869e-01
-9.207327210880373869e-01
-9.207327210880373869e-01
-9.207327210880373869e-01
-9.031418290694401829e-01
-8.717932619054732379e-01
-8.699720721855673800e-01
-8.699720721855673800e-01
-8.699720721855673800e-01
-8.699720721855673800e-01
-8.699720721855673800e-01
-7.655177813870956971e-01
-7.655177813870956971e-01
-7.655177813870956971e-01
-8.489534002417131742e-01
-8.489534002417131742e-01
-8.489534002417131742e-01
-8.489534002417131742e-01
-8.489534002417131742e-01
-8.489534002417131742e-01
-8.489534002417131742e-01
-8.489534002417131742e-01
-8.489534002417131742e-01
-8.489534002417131742e-01
-8.489534002417131742e-01
-9.714068691771526876e-01
-9.714068691771526876e-01
-9.714068691771526876e-01
-9.714068691771526876e-01
-9.714068691771526876e-01
-9.714068691771526876e-01
-9.819597404727972156e-01
-9.819597404727972156e-01
-9.819597404727972156e-01
-7.105791090095475715e-01
-9.042609262192909947e-01
-5.983541618113763505e-01
-5.983541618113763505e-01
-5.983541618113763505e-01
-5.983541618113763505e-01
-5.983541618113763505e-01
-5.983541618113763505e-01
-5.983541618113763505e-01
-5.983541618113763505e-01
-5.983541618113763505e-01
-5.983541618113763505e-01
-5.983541618113763505e-01
-5.983541618113763505e-01
-5.983541618113763505e-01
-5.983541618113763505e-01
-5.983541618113763505e-01
-5.825454828616082326e-01
-5.825454828616082326e-01
-5.825454828616082326e-01
-5.825454828616082326e-01
-5.825454828616082326e-01
-5.825454828616082326e-01
-5.825454828616082326e-01
-5.825454828616082326e-01
-5.825454828616082326e-01
-5.825454828616082326e-01
-5.825454828616082326e-01
-5.825454828616082326e-01
-5.825454828616082326e-01
-5.825454828616082326e-01
-5.850243750767315509e-01
-5.850243750767315509e-01
-5.850243750767315509e-01
-5.850243750767315509e-01
-5.850243750767315509e-01
-5.850243750767315509e-01
-5.850243750767315509e-01
-5.850243750767315509e-01
-5.850243750767315509e-01
-5.850243750767315509e-01
-5.850243750767315509e-01
-5.850243750767315509e-01
-5.850243750767315509e-01
-5.850243750767315509e-01
-5.850243750767315509e-01
-5.850243750767315509e-01
-5.850243750767315509e-01
-5.850243750767315509e-01
-5.850243750767315509e-01
-5.850243750767315509e-01
-5.850243750767315509e-01
-5.953852122873922736e-01
-5.953852122873922736e-01
-5.953852122873922736e-01
-5.953852122873922736e-01
-5.953852122873922736e-01
-5.953852122873922736e-01
-5.953852122873922736e-01
-5.024431084583639295e-01
-4.895240011452260398e-01
-5.329968710474484173e-01
-5.329968710474484173e-01
-5.111612279829969019e-01
-5.111612279829969019e-01
-6.747279408784943033e-01
-6.747279408784943033e-01
-6.747279408784943033e-01
-6.747279408784943033e-01
-6.747279408784943033e-01
-6.747279408784943033e-01
-6.747279408784943033e-01
-6.747279408784943033e-01
-6.747279408784943033e-01
-6.747279408784943033e-01
-6.747279408784943033e-01
-7.697219032630409075e-01
-7.697219032630409075e-01
-7.697219032630409075e-01
-7.697219032630409075e-01
-7.697219032630409075e-01
-7.695543150600921978e-01
-9.024881723961911684e-01
-9.024881723961911684e-01
-9.113531951466663505e-01
-8.648180368981442934e-01
-8.648180368981442934e-01
-8.648180368981442934e-01
-8.898519877038083559e-01
-8.898519877038083559e-01
-7.953254602151436092e-01
-9.626326779790407295e-01
-9.626326779790407295e-01
-8.661455793544848847e-01
-8.661455793544848847e-01
-8.661455793544848847e-01
-8.661455793544848847e-01
-8.661455793544848847e-01
-8.661455793544848847e-01
-8.661455793544848847e-01
-8.661455793544848847e-01
-8.661455793544848847e-01
-8.661455793544848847e-01
-8.503523429082866514e-01
-8.503523429082866514e-01
-8.503523429082866514e-01
-8.365848666167395864e-01
-8.365848666167395864e-01
-9.814427869953570305e-01
-9.814427869953570305e-01
-9.814427869953570305e-01
-9.814427869953570305e-01
-9.814427869953570305e-01
-9.814442685639652719e-01
-9.814442685639652719e-01
-9.814442685639652719e-01
-9.814442685639652719e-01
-9.814442685639652719e-01
-9.814442685639652719e-01
-9.814442685639652719e-01
-9.814442685639652719e-01
-9.712542676105097028e-01
-9.712492530706051674e-01
-9.712492530706051674e-01
-9.712492530706051674e-01
-9.712492530706051674e-01
-9.712492530706051674e-01
-9.167509484701357181e-01
-9.167509484701357181e-01
-9.167509484701357181e-01
-9.167509484701357181e-01
-9.167509484701357181e-01
-9.151771237243885304e-01
-9.151771237243885304e-01
-9.151771237243885304e-01
-9.265388175132852622e-01
-9.265388175132852622e-01
-9.265388175132852622e-01
-9.400690148938909418e-01
-9.400690148938909418e-01
-9.400690148938909418e-01
-9.400690148938909418e-01
-9.400690148938909418e-01
-9.400690148938909418e-01
-9.400690148938909418e-01
-9.400690148938909418e-01
-9.400704964624991833e-01
-9.400704964624991833e-01
-9.400690148938909418e-01
-9.550935451660739206e-01
-9.550935451660739206e-01
-9.550935451660739206e-01
-9.550935451660739206e-01
-9.550935451660739206e-01
-9.550935451660739206e-01
-8.573793658334939449e-01
-8.573793658334939449e-01
-8.573793658334939449e-01
-8.784735407929574746e-01
-8.784735407929574746e-01
-8.784735407929574746e-01
-8.784735407929574746e-01
-8.784735407929574746e-01
-8.784735407929574746e-01
-8.592250014354347876e-01
