# Variable: dg_gbsa_00000387
# Sample shape: (2000,)
# Date: 2014-03-03 06:24:06.571668
-2.842863476755058016e+00
-2.842863476755058016e+00
-3.470499930372657360e+00
-6.177842958935359619e+00
-6.177842958935359619e+00
-6.177842958935359619e+00
-6.177842958935359619e+00
-6.177842958935359619e+00
-5.515636951016194445e+00
-5.515636951016194445e+00
-5.515636951016194445e+00
-5.515636951016194445e+00
-5.321217768506839363e+00
-5.321217768506839363e+00
-5.321217768506839363e+00
-5.321217768506839363e+00
-5.321217768506839363e+00
-5.321217768506839363e+00
-5.321217768506839363e+00
-5.321217768506839363e+00
-5.321217768506839363e+00
-5.321217768506839363e+00
-5.321217768506839363e+00
-5.314027374150875893e+00
-5.314027374150875893e+00
-5.314027374150875893e+00
-5.314027374150875893e+00
-5.314027374150875893e+00
-5.314027374150875893e+00
-5.314027374150875893e+00
-5.688191371939606000e+00
-5.818284036552472394e+00
-5.818284036552472394e+00
-6.064287335193407458e+00
-6.064287335193407458e+00
-6.064287335193407458e+00
-6.064287335193407458e+00
-5.835973965734186031e+00
-5.798494838619778768e+00
-6.505266430273110245e+00
-6.505266430273110245e+00
-6.505266430273110245e+00
-6.505266430273110245e+00
-6.505266430273110245e+00
-6.505266430273110245e+00
-6.510567710686824050e+00
-6.510567710686824050e+00
-6.510567710686824050e+00
-6.510567710686824050e+00
-6.510567710686824050e+00
-6.551397006324782168e+00
-6.718058886992999135e+00
-6.718058886992999135e+00
-6.718058886992999135e+00
-6.718058886992999135e+00
-6.718058886992999135e+00
-6.714341745321882549e+00
-6.714341745321882549e+00
-6.300724259298116081e+00
-6.300724259298116081e+00
-6.312055751880769172e+00
-6.312055751880769172e+00
-6.312055751880769172e+00
-6.312055751880769172e+00
-6.312055751880769172e+00
-6.312055751880769172e+00
-6.312055751880769172e+00
-6.312055751880769172e+00
-6.312055751880769172e+00
-6.312055751880769172e+00
-6.218974950436652271e+00
-6.760383883124327475e+00
-6.760383883124327475e+00
-6.760383883124327475e+00
-6.760383883124327475e+00
-6.760383883124327475e+00
-6.760383883124327475e+00
-6.760383883124327475e+00
-6.760383883124327475e+00
-7.608854975800668718e+00
-7.669482586716601880e+00
-7.669482586716601880e+00
-7.620839270305451052e+00
-7.336874992852000510e+00
-7.190923161989871915e+00
-7.190923161989871915e+00
-7.190923161989871915e+00
-7.190923161989871915e+00
-7.190923161989871915e+00
-7.009608795720350116e+00
-7.009608795720350116e+00
-7.009608795720350116e+00
-7.009608795720350116e+00
-7.250072851235733751e+00
-7.250072851235733751e+00
-7.250072851235733751e+00
-7.250072851235733751e+00
-7.250072851235733751e+00
-7.250072851235733751e+00
-7.250072851235733751e+00
-7.250072851235733751e+00
-7.250072851235733751e+00
-7.250072851235733751e+00
-7.250072851235733751e+00
-7.250072851235733751e+00
-7.250072851235733751e+00
-7.250072851235733751e+00
-7.250072851235733751e+00
-7.250072851235733751e+00
-7.250072851235733751e+00
-7.373784741753601324e+00
-7.264339673131646968e+00
-7.264339673131646968e+00
-7.264339673131646968e+00
-6.877845377584716147e+00
-6.877845377584716147e+00
-6.877845377584716147e+00
-6.877845377584716147e+00
-6.877845377584716147e+00
-6.877845377584716147e+00
-6.877845377584716147e+00
-6.877845377584716147e+00
-6.877845377584716147e+00
-6.877845377584716147e+00
-7.384105120744576922e+00
-7.384105120744576922e+00
-7.500248247077314190e+00
-7.500248247077314190e+00
-7.500248247077314190e+00
-7.500248247077314190e+00
-7.500248247077314190e+00
-7.500248247077314190e+00
-7.500248247077314190e+00
-7.500248247077314190e+00
-7.500248247077314190e+00
-7.500248247077314190e+00
-7.500248247077314190e+00
-7.500248247077314190e+00
-7.500248247077314190e+00
-7.537576026260054185e+00
-7.537576026260054185e+00
-7.537576026260054185e+00
-7.537576026260054185e+00
-7.537576026260054185e+00
-7.537576026260054185e+00
-7.537576026260054185e+00
-7.537576026260054185e+00
-7.537576026260054185e+00
-7.537576026260054185e+00
-7.537576026260054185e+00
-7.537576026260054185e+00
-7.537576026260054185e+00
-7.537576026260054185e+00
-7.537576026260054185e+00
-7.537576026260054185e+00
-7.537576026260054185e+00
-7.312760982185203318e+00
-6.989923991391124858e+00
-6.989923991391124858e+00
-6.989923991391124858e+00
-6.989923991391124858e+00
-6.989923991391124858e+00
-6.989923991391124858e+00
-6.989923991391124858e+00
-6.989923991391124858e+00
-6.989923991391124858e+00
-6.989923991391124858e+00
-6.989923991391124858e+00
-6.855023294744253981e+00
-6.855023294744253981e+00
-7.182945484868882957e+00
-7.182945484868882957e+00
-7.182945484868882957e+00
-7.141725510985627245e+00
-7.141725510985627245e+00
-7.141725510985627245e+00
-7.253573000089160061e+00
-7.253573000089160061e+00
-7.253573000089160061e+00
-7.253573000089160061e+00
-7.253573000089160061e+00
-7.253573000089160061e+00
-7.253573000089160061e+00
-7.112723691513615165e+00
-7.112723691513615165e+00
-7.112723691513615165e+00
-7.183825764555775706e+00
-7.183825764555775706e+00
-7.225760994176335217e+00
-7.225760994176335217e+00
-7.225760994176335217e+00
-7.225760994176335217e+00
-7.225760994176335217e+00
-7.225760994176335217e+00
-7.225760994176335217e+00
-7.297055443203927183e+00
-7.297055443203927183e+00
-7.297055443203927183e+00
-7.297055443203927183e+00
-7.297055443203927183e+00
-7.297055443203927183e+00
-7.204584136291853902e+00
-7.203072936311506247e+00
-7.203072936311506247e+00
-7.174383385915373168e+00
-7.010632673595420528e+00
-7.010632673595420528e+00
-7.084252957404229001e+00
-7.084252957404229001e+00
-7.220944300664314142e+00
-7.288597281986622711e+00
-6.878747083033020182e+00
-6.878747083033020182e+00
-6.878747083033020182e+00
-7.224216515885712120e+00
-7.224216515885712120e+00
-7.224216515885712120e+00
-7.224216515885712120e+00
-7.224216515885712120e+00
-7.224216515885712120e+00
-7.224216515885712120e+00
-7.224216515885712120e+00
-7.224216515885712120e+00
-7.224216515885712120e+00
-7.224216515885712120e+00
-7.244279234176839388e+00
-7.244279234176839388e+00
-7.244279234176839388e+00
-7.244279234176839388e+00
-7.144569666846075862e+00
-7.120636635483108989e+00
-6.992804616632698256e+00
-6.992804616632698256e+00
-6.992804616632698256e+00
-6.992804616632698256e+00
-6.992804616632698256e+00
-6.992804616632698256e+00
-6.992804616632698256e+00
-6.992804616632698256e+00
-7.177421285363045911e+00
-7.177421285363045911e+00
-7.177421285363045911e+00
-7.049981768226987633e+00
-7.049981768226987633e+00
-7.049981768226987633e+00
-7.049981768226987633e+00
-7.001403184967331939e+00
-7.001403184967331939e+00
-7.001403184967331939e+00
-7.001403184967331939e+00
-7.001403184967331939e+00
-7.001403184967331939e+00
-6.699795020925838784e+00
-6.764624816281845199e+00
-6.764624816281845199e+00
-6.764624816281845199e+00
-6.899632641735769845e+00
-6.899632641735769845e+00
-6.899632641735769845e+00
-6.899632641735769845e+00
-6.937300953764760081e+00
-6.937300953764760081e+00
-6.937300953764760081e+00
-7.138079028740439647e+00
-7.138079028740439647e+00
-7.138079028740439647e+00
-7.138079028740439647e+00
-7.135832514863168718e+00
-7.135832514863168718e+00
-7.135832514863168718e+00
-7.135832514863168718e+00
-7.135832514863168718e+00
-7.135832514863168718e+00
-7.135832514863168718e+00
-7.135832514863168718e+00
-7.048925979643432704e+00
-7.048925979643432704e+00
-7.048925979643432704e+00
-7.048925979643432704e+00
-7.048925979643432704e+00
-7.048925979643432704e+00
-7.048925979643432704e+00
-7.048925979643432704e+00
-7.048925979643432704e+00
-7.048925979643432704e+00
-7.048925979643432704e+00
-7.048925979643432704e+00
-7.048925979643432704e+00
-7.048925979643432704e+00
-7.048925979643432704e+00
-7.047558377851263600e+00
-7.047558377851263600e+00
-7.047558377851263600e+00
-7.047558377851263600e+00
-7.047558377851263600e+00
-7.047558377851263600e+00
-7.047558377851263600e+00
-7.047558377851263600e+00
-7.047558377851263600e+00
-7.047558377851263600e+00
-7.047558377851263600e+00
-7.047558377851263600e+00
-7.047558377851263600e+00
-7.150583011926245902e+00
-7.150583011926245902e+00
-7.150583011926245902e+00
-7.150583011926245902e+00
-7.150583011926245902e+00
-7.150583011926245902e+00
-7.191034849469565948e+00
-7.191034849469565948e+00
-7.392157560096871194e+00
-7.286198964310421466e+00
-7.286198964310421466e+00
-7.399239458043989970e+00
-7.399239458043989970e+00
-7.399239458043989970e+00
-7.399239458043989970e+00
-7.399239458043989970e+00
-7.399239458043989970e+00
-7.399239458043989970e+00
-7.399239458043989970e+00
-7.399239458043989970e+00
-7.399239458043989970e+00
-7.010311743041524934e+00
-7.010311743041524934e+00
-7.010311743041524934e+00
-7.010311743041524934e+00
-7.010311743041524934e+00
-7.003175596889984256e+00
-7.003175596889984256e+00
-7.003175596889984256e+00
-7.003175596889984256e+00
-7.003175596889984256e+00
-7.003175596889984256e+00
-8.032878999728318092e+00
-8.032878999728318092e+00
-8.032878999728318092e+00
-7.486473305959318481e+00
-7.871809242788281757e+00
-7.871809242788281757e+00
-7.871809242788281757e+00
-7.726159651922221983e+00
-7.726159651922221983e+00
-7.726159651922221983e+00
-7.726159651922221983e+00
-7.726159651922221983e+00
-7.390746195047352529e+00
-7.390746195047352529e+00
-7.393543852446867071e+00
-7.393543852446867071e+00
-7.576092707267454429e+00
-7.576092707267454429e+00
-7.576092707267454429e+00
-7.576092707267454429e+00
-7.576092707267454429e+00
-7.576092707267454429e+00
-7.576092707267454429e+00
-7.576092707267454429e+00
-7.639827965322461445e+00
-7.639827965322461445e+00
-7.639827965322461445e+00
-7.766890480231143812e+00
-7.766890480231143812e+00
-7.766890480231143812e+00
-7.887738156728945071e+00
-7.887738156728945071e+00
-7.718596814011523755e+00
-7.677555995963043500e+00
-7.610893158338265074e+00
-7.610893158338265074e+00
-7.610893158338265074e+00
-7.610893158338265074e+00
-7.610893158338265074e+00
-7.610893158338265074e+00
-7.610893158338265074e+00
-7.610893158338265074e+00
-7.610893158338265074e+00
-7.610893158338265074e+00
-7.610893158338265074e+00
-7.610893158338265074e+00
-7.610893158338265074e+00
-7.610893158338265074e+00
-7.610893158338265074e+00
-7.610893158338265074e+00
-7.610893158338265074e+00
-7.610893158338265074e+00
-7.418937482523872085e+00
-7.760007796278419079e+00
-7.760007796278419079e+00
-7.760007796278419079e+00
-7.760007796278419079e+00
-7.760007796278419079e+00
-8.050009579777032798e+00
-8.050009579777032798e+00
-8.050009579777032798e+00
-8.050009579777032798e+00
-7.569385988078654925e+00
-7.595158899719354650e+00
-7.605628347305676940e+00
-7.605628347305676940e+00
-7.605628347305676940e+00
-7.904880589326526596e+00
-7.904880589326526596e+00
-7.904880589326526596e+00
-7.904880589326526596e+00
-7.843342155617007982e+00
-7.843342155617007982e+00
-8.241552239850191697e+00
-7.910498697488758779e+00
-7.910498697488758779e+00
-7.910498697488758779e+00
-8.222434078530188373e+00
-8.222434078530188373e+00
-8.149969418235762930e+00
-7.928186347334151840e+00
-7.928186347334151840e+00
-7.832602834610364440e+00
-8.273043550451216532e+00
-8.152756590688206018e+00
-8.152756590688206018e+00
-8.152756590688206018e+00
-8.152756590688206018e+00
-8.152756590688206018e+00
-8.152756590688206018e+00
-8.152756590688206018e+00
-8.152756590688206018e+00
-8.152756590688206018e+00
-7.951844034869629319e+00
-7.951844034869629319e+00
-8.073329925537109375e+00
-8.073329925537109375e+00
-8.273116489213466096e+00
-8.273116489213466096e+00
-8.273116489213466096e+00
-7.955234775579682172e+00
-7.649264873555694955e+00
-7.649264873555694955e+00
-7.649264873555694955e+00
-7.649264873555694955e+00
-7.649264873555694955e+00
-7.743333083493759261e+00
-7.743333083493759261e+00
-7.743333083493759261e+00
-7.743333083493759261e+00
-7.958295468390557126e+00
-7.958295468390557126e+00
-7.958295468390557126e+00
-7.482503613823913824e+00
-7.482503613823913824e+00
-7.482503613823913824e+00
-7.482503613823913824e+00
-7.482503613823913824e+00
-7.590585183459075402e+00
-7.590585183459075402e+00
-7.590585183459075402e+00
-7.969414982695424143e+00
-7.969414982695424143e+00
-7.863155970381960458e+00
-7.739083488858224058e+00
-7.739083488858224058e+00
-7.739083488858224058e+00
-7.739083488858224058e+00
-7.739083488858224058e+00
-7.739083488858224058e+00
-7.739083488858224058e+00
-7.726067566734882597e+00
-7.726067566734882597e+00
-7.726067566734882597e+00
-7.726067566734882597e+00
-7.726067566734882597e+00
-7.328783804782261768e+00
-7.482492673009576656e+00
-7.482492673009576656e+00
-7.482492673009576656e+00
-7.482492673009576656e+00
-7.482492673009576656e+00
-7.482492673009576656e+00
-7.482492673009576656e+00
-7.482492673009576656e+00
-7.482492673009576656e+00
-7.538914452547324174e+00
-7.802526535996970658e+00
-7.802526535996970658e+00
-7.802526535996970658e+00
-7.802526535996970658e+00
-7.802526535996970658e+00
-7.802526535996970658e+00
-7.802526535996970658e+00
-7.827687673769307075e+00
-8.600408214911903215e+00
-8.600408214911903215e+00
-8.600408214911903215e+00
-8.600408214911903215e+00
-8.600408214911903215e+00
-8.600408214911903215e+00
-7.578879423852631803e+00
-7.740487560031518832e+00
-7.740487560031518832e+00
-7.740487560031518832e+00
-7.740487560031518832e+00
-7.740487560031518832e+00
-7.852156805034804954e+00
-7.852156805034804954e+00
-7.852156805034804954e+00
-7.734679811087437962e+00
-7.734679811087437962e+00
-7.734679811087437962e+00
-7.734679811087437962e+00
-7.586015114136908544e+00
-7.586015114136908544e+00
-7.586015114136908544e+00
-7.215338045050947002e+00
-7.215338045050947002e+00
-7.215338045050947002e+00
-7.215338045050947002e+00
-7.314061571489555824e+00
-7.096437833505196302e+00
-7.096437833505196302e+00
-7.012697752301597198e+00
-7.012697752301597198e+00
-7.012697752301597198e+00
-7.194313902699923879e+00
-7.194313902699923879e+00
-7.194313902699923879e+00
-7.194313902699923879e+00
-7.194313902699923879e+00
-7.221908459927793622e+00
-7.221908459927793622e+00
-7.221908459927793622e+00
-7.346178331976866538e+00
-7.731537062169032914e+00
-7.731537062169032914e+00
-7.731537062169032914e+00
-7.604921753046388844e+00
-7.604921753046388844e+00
-7.604921753046388844e+00
-7.604921753046388844e+00
-7.604921753046388844e+00
-7.604921753046388844e+00
-7.604921753046388844e+00
-7.604921753046388844e+00
-7.604921753046388844e+00
-7.737126906560893858e+00
-7.737126906560893858e+00
-7.565270874286016856e+00
-7.565270874286016856e+00
-7.565270874286016856e+00
-7.565270874286016856e+00
-7.565270874286016856e+00
-7.565270874286016856e+00
-7.158500970435643929e+00
-7.158500970435643929e+00
-7.158500970435643929e+00
-7.158500970435643929e+00
-7.158500970435643929e+00
-6.951517174394362897e+00
-7.328888198385730135e+00
-7.328888198385730135e+00
-7.328888198385730135e+00
-7.328888198385730135e+00
-7.845818426595362993e+00
-7.845818426595362993e+00
-7.845818426595362993e+00
-7.927856299434974829e+00
-7.927856299434974829e+00
-7.927856299434974829e+00
-7.927856299434974829e+00
-7.832273698445715304e+00
-7.832273698445715304e+00
-7.832273698445715304e+00
-7.832273698445715304e+00
-7.832273698445715304e+00
-7.832273698445715304e+00
-7.832273698445715304e+00
-7.832273698445715304e+00
-7.832273698445715304e+00
-7.766461965002931400e+00
-7.653829016603429736e+00
-7.653829016603429736e+00
-7.653829016603429736e+00
-7.075447425331713447e+00
-7.075447425331713447e+00
-7.268529549155590352e+00
-7.268529549155590352e+00
-7.462521584038523947e+00
-8.002920314869051310e+00
-8.002920314869051310e+00
-8.079375637193026094e+00
-8.079375637193026094e+00
-8.156741782310588107e+00
-7.966711689819568676e+00
-7.669564642824132861e+00
-7.699906256185206743e+00
-7.842219810412900394e+00
-7.842219810412900394e+00
-7.842219810412900394e+00
-7.842219810412900394e+00
-7.727645779203045961e+00
-7.727645779203045961e+00
-7.727645779203045961e+00
-7.727645779203045961e+00
-8.092898483713998559e+00
-7.781463644928503065e+00
-7.781463644928503065e+00
-7.781463644928503065e+00
-7.781463644928503065e+00
-7.781463644928503065e+00
-7.781463644928503065e+00
-7.503446155934670792e+00
-7.350166714670097079e+00
-7.350166714670097079e+00
-7.350166714670097079e+00
-7.350166714670097079e+00
-7.350166714670097079e+00
-7.350166714670097079e+00
-7.723060666261165608e+00
-7.723060666261165608e+00
-7.723060666261165608e+00
-7.723060666261165608e+00
-7.723060666261165608e+00
-7.723060666261165608e+00
-7.757295386057282194e+00
-7.757295386057282194e+00
-7.757295386057282194e+00
-7.757295386057282194e+00
-7.757295386057282194e+00
-7.463198546925648103e+00
-7.815126707175493515e+00
-7.815126707175493515e+00
-7.925764780427483558e+00
-7.925764780427483558e+00
-7.925764780427483558e+00
-7.925764780427483558e+00
-7.925764780427483558e+00
-7.925764780427483558e+00
-7.925764780427483558e+00
-7.925764780427483558e+00
-7.925764780427483558e+00
-7.925764780427483558e+00
-7.925764780427483558e+00
-7.925764780427483558e+00
-7.925764780427483558e+00
-7.721406779827168165e+00
-7.721406779827168165e+00
-7.578118581388921804e+00
-7.778273485814636068e+00
-7.778273485814636068e+00
-7.778273485814636068e+00
-7.778273485814636068e+00
-7.778273485814636068e+00
-7.778273485814636068e+00
-7.778273485814636068e+00
-7.778273485814636068e+00
-7.778273485814636068e+00
-7.772177628759671997e+00
-7.772177628759671997e+00
-7.772177628759671997e+00
-7.772177628759671997e+00
-7.869146066231663461e+00
-7.870535549652507790e+00
-8.043384004961236400e+00
-8.241528534752459834e+00
-8.241528534752459834e+00
-8.241528534752459834e+00
-8.241528534752459834e+00
-8.241528534752459834e+00
-8.241528534752459834e+00
-8.241528534752459834e+00
-8.241528534752459834e+00
-8.241528534752459834e+00
-8.091874605838928147e+00
-8.091874605838928147e+00
-8.091874605838928147e+00
-7.867782111377605858e+00
-7.867782111377605858e+00
-7.867782111377605858e+00
-7.867782111377605858e+00
-7.867782111377605858e+00
-7.867782111377605858e+00
-7.867782111377605858e+00
-7.620473208892413197e+00
-7.620473208892413197e+00
-7.620473208892413197e+00
-7.507571754674382092e+00
-7.507571754674382092e+00
-7.507571754674382092e+00
-7.507571754674382092e+00
-7.507571754674382092e+00
-7.159487011327797745e+00
-7.159487011327797745e+00
-7.159487011327797745e+00
-7.314111261021338350e+00
-7.314111261021338350e+00
-7.314111261021338350e+00
-7.314111261021338350e+00
-7.314111261021338350e+00
-7.314111261021338350e+00
-7.314111261021338350e+00
-7.314111261021338350e+00
-7.314111261021338350e+00
-7.314111261021338350e+00
-7.314111261021338350e+00
-7.314111261021338350e+00
-7.516384124755859375e+00
-7.519562431320861329e+00
-7.519562431320861329e+00
-7.519562431320861329e+00
-7.513723227535560767e+00
-7.513723227535560767e+00
-7.513723227535560767e+00
-7.513723227535560767e+00
-7.513723227535560767e+00
-7.513723227535560767e+00
-7.513723227535560767e+00
-7.624503075506672722e+00
-7.624503075506672722e+00
-7.624503075506672722e+00
-7.624503075506672722e+00
-7.624503075506672722e+00
-7.624503075506672722e+00
-7.624503075506672722e+00
-7.807243850445427569e+00
-7.807243850445427569e+00
-7.807243850445427569e+00
-7.807243850445427569e+00
-7.807243850445427569e+00
-7.807243850445427569e+00
-7.807243850445427569e+00
-7.807243850445427569e+00
-7.807243850445427569e+00
-7.807243850445427569e+00
-7.807243850445427569e+00
-7.807243850445427569e+00
-7.713763709277996483e+00
-7.713763709277996483e+00
-7.713763709277996483e+00
-7.713763709277996483e+00
-7.713763709277996483e+00
-7.713763709277996483e+00
-7.713763709277996483e+00
-7.713763709277996483e+00
-7.713763709277996483e+00
-7.713763709277996483e+00
-7.713763709277996483e+00
-7.713763709277996483e+00
-7.713763709277996483e+00
-7.680553779091479072e+00
-7.680553779091479072e+00
-7.758352998109893761e+00
-7.758352998109893761e+00
-7.954771614439400729e+00
-7.954771614439400729e+00
-7.954771614439400729e+00
-7.954771614439400729e+00
-7.954771614439400729e+00
-7.954771614439400729e+00
-7.954771614439400729e+00
-8.117962065891827450e+00
-8.253770394261435328e+00
-8.253770394261435328e+00
-8.253770394261435328e+00
-8.253770394261435328e+00
-8.253770394261435328e+00
-8.253770394261435328e+00
-8.253770394261435328e+00
-8.253770394261435328e+00
-8.253770394261435328e+00
-8.253770394261435328e+00
-8.253770394261435328e+00
-7.734036126510590137e+00
-7.734036126510590137e+00
-8.077376203372875096e+00
-8.077376203372875096e+00
-8.077376203372875096e+00
-8.077376203372875096e+00
-7.907706054629148440e+00
-7.907706054629148440e+00
-8.465455093529666186e+00
-8.465455093529666186e+00
-8.465455093529666186e+00
-8.465455093529666186e+00
-8.392907465393182775e+00
-8.473329744648978590e+00
-8.473329744648978590e+00
-8.473329744648978590e+00
-8.473329744648978590e+00
-8.473329744648978590e+00
-8.473329744648978590e+00
-8.473329744648978590e+00
-8.473329744648978590e+00
-8.473329744648978590e+00
-8.396032891355554639e+00
-8.396032891355554639e+00
-8.396032891355554639e+00
-8.396032891355554639e+00
-8.396032891355554639e+00
-8.396032891355554639e+00
-8.396032891355554639e+00
-8.396032891355554639e+00
-8.262142852433097318e+00
-8.262142852433097318e+00
-8.262142852433097318e+00
-8.262142852433097318e+00
-8.361531945077228301e+00
-8.361531945077228301e+00
-8.361531945077228301e+00
-8.361531945077228301e+00
-8.284844130448583144e+00
-8.284844130448583144e+00
-8.172720841650296109e+00
-8.172720841650296109e+00
-8.172720841650296109e+00
-8.115492177055168455e+00
-8.115492177055168455e+00
-8.115492177055168455e+00
-8.849847840989296444e+00
-8.849847840989296444e+00
-8.354825225888427909e+00
-8.354825225888427909e+00
-8.386679406831643036e+00
-8.386679406831643036e+00
-8.386679406831643036e+00
-8.386679406831643036e+00
-8.386679406831643036e+00
-8.386679406831643036e+00
-8.386679406831643036e+00
-8.386679406831643036e+00
-8.386679406831643036e+00
-8.386679406831643036e+00
-8.386679406831643036e+00
-8.386679406831643036e+00
-7.750020656257468055e+00
-7.750020656257468055e+00
-7.750020656257468055e+00
-8.026838758479568625e+00
-8.022342995521443143e+00
-7.944008588335026211e+00
-7.901034893086944955e+00
-7.901034893086944955e+00
-7.901034893086944955e+00
-7.901034893086944955e+00
-8.251363415107215715e+00
-8.306974662649471597e+00
-7.953609152916055969e+00
-7.439922420290185912e+00
-7.439922420290185912e+00
-7.439922420290185912e+00
-7.439922420290185912e+00
-7.439922420290185912e+00
-7.439922420290185912e+00
-7.439922420290185912e+00
-7.439922420290185912e+00
-7.439922420290185912e+00
-7.796423385065781808e+00
-7.796423385065781808e+00
-7.796423385065781808e+00
-7.974602752160387276e+00
-7.974602752160387276e+00
-7.974602752160387276e+00
-7.974602752160387276e+00
-7.974602752160387276e+00
-7.583684264815787834e+00
-7.583684264815787834e+00
-7.583684264815787834e+00
-7.658827145286545068e+00
-7.658827145286545068e+00
-7.717042306641091365e+00
-7.731103988268179350e+00
-7.731103988268179350e+00
-7.731103988268179350e+00
-7.995192453008764133e+00
-7.995192453008764133e+00
-7.995192453008764133e+00
-7.995192453008764133e+00
-7.995192453008764133e+00
-7.995192453008764133e+00
-8.263275226717013311e+00
-8.263275226717013311e+00
-8.305134782371739632e+00
-8.305134782371739632e+00
-8.305134782371739632e+00
-8.305134782371739632e+00
-7.876847487790634261e+00
-7.876847487790634261e+00
-7.876847487790634261e+00
-7.876847487790634261e+00
-7.876847487790634261e+00
-7.876847487790634261e+00
-7.876847487790634261e+00
-7.876847487790634261e+00
-7.876847487790634261e+00
-7.876847487790634261e+00
-7.876847487790634261e+00
-8.092366942484108705e+00
-8.092366942484108705e+00
-8.092366942484108705e+00
-8.092366942484108705e+00
-8.092366942484108705e+00
-8.092366942484108705e+00
-8.092366942484108705e+00
-8.092366942484108705e+00
-8.092366942484108705e+00
-8.310605189540417825e+00
-8.310605189540417825e+00
-8.310605189540417825e+00
-8.310605189540417825e+00
-7.624219070201165849e+00
-7.624219070201165849e+00
-7.624219070201165849e+00
-8.092890278103245905e+00
-8.092890278103245905e+00
-8.092890278103245905e+00
-8.092890278103245905e+00
-8.092890278103245905e+00
-8.092890278103245905e+00
-8.213653163289931669e+00
-8.176437983321413583e+00
-8.176437983321413583e+00
-8.176437983321413583e+00
-8.176437983321413583e+00
-8.021661018094414786e+00
-7.958703925459151840e+00
-7.958703925459151840e+00
-7.958703925459151840e+00
-7.958703925459151840e+00
-7.958703925459151840e+00
-7.774306528882815925e+00
-7.815004534748726250e+00
-7.815004534748726250e+00
-7.815004534748726250e+00
-8.130794729375018903e+00
-8.130794729375018903e+00
-8.130794729375018903e+00
-8.130794729375018903e+00
-8.130794729375018903e+00
-8.130794729375018903e+00
-8.130794729375018903e+00
-8.130794729375018903e+00
-8.130794729375018903e+00
-8.130794729375018903e+00
-8.130794729375018903e+00
-8.130794729375018903e+00
-8.130794729375018903e+00
-8.130794729375018903e+00
-8.067450149565308593e+00
-8.067450149565308593e+00
-8.067450149565308593e+00
-8.200928996215585798e+00
-8.146226747997859619e+00
-8.146226747997859619e+00
-8.146226747997859619e+00
-8.146226747997859619e+00
-7.663148766949801072e+00
-7.663148766949801072e+00
-7.663148766949801072e+00
-7.663148766949801072e+00
-7.663148766949801072e+00
-7.663148766949801072e+00
-7.881142669152574776e+00
-7.881142669152574776e+00
-7.881142669152574776e+00
-7.881142669152574776e+00
-7.881142669152574776e+00
-7.881142669152574776e+00
-8.084292621503140097e+00
-8.084292621503140097e+00
-8.084292621503140097e+00
-8.084292621503140097e+00
-8.084292621503140097e+00
-8.098576766355087386e+00
-8.098576766355087386e+00
-8.098576766355087386e+00
-8.098576766355087386e+00
-8.098576766355087386e+00
-8.098576766355087386e+00
-8.098576766355087386e+00
-8.098576766355087386e+00
-8.098576766355087386e+00
-8.098576766355087386e+00
-8.098576766355087386e+00
-8.098576766355087386e+00
-7.887626925116514975e+00
-7.887626925116514975e+00
-7.887626925116514975e+00
-7.887626925116514975e+00
-7.887626925116514975e+00
-7.887626925116514975e+00
-7.887626925116514975e+00
-7.887626925116514975e+00
-7.887626925116514975e+00
-7.887626925116514975e+00
-7.887626925116514975e+00
-7.887626925116514975e+00
-7.887626925116514975e+00
-7.887626925116514975e+00
-7.872989939002187576e+00
-7.892695257358295358e+00
-7.892695257358295358e+00
-7.892695257358295358e+00
-7.892695257358295358e+00
-7.892695257358295358e+00
-7.740429209021718826e+00
-7.740429209021718826e+00
-7.609405207588385345e+00
-7.766439171639728301e+00
-7.766439171639728301e+00
-7.866061668323056644e+00
-7.866061668323056644e+00
-7.866061668323056644e+00
-7.866061668323056644e+00
-7.866061668323056644e+00
-7.866061668323056644e+00
-7.866061668323056644e+00
-7.866061668323056644e+00
-7.817174462925635225e+00
-7.817174462925635225e+00
-7.817174462925635225e+00
-7.817174462925635225e+00
-7.829455527019318239e+00
-7.829455527019318239e+00
-7.844338681456235030e+00
-7.747581766394765701e+00
-7.747581766394765701e+00
-7.786396128725594501e+00
-8.053580843923652921e+00
-8.053580843923652921e+00
-8.053580843923652921e+00
-8.030198500215664836e+00
-8.030198500215664836e+00
-8.030198500215664836e+00
-8.030198500215664836e+00
-8.030198500215664836e+00
-8.038525371660920626e+00
-8.692328378301732883e+00
-8.656840935263989678e+00
-8.656840935263989678e+00
-8.656840935263989678e+00
-7.814378173127912497e+00
-7.868012780213218704e+00
-7.868012780213218704e+00
-7.868012780213218704e+00
-8.586490587340257719e+00
-8.131979984261565875e+00
-8.131979984261565875e+00
-8.131979984261565875e+00
-8.131979984261565875e+00
-7.742714015749170287e+00
-7.923490914514370154e+00
-7.923490914514370154e+00
-7.923490914514370154e+00
-7.863992942678768472e+00
-7.863992942678768472e+00
-7.863992942678768472e+00
-8.086576516496062794e+00
-8.164390323266927041e+00
-8.164390323266927041e+00
-8.164390323266927041e+00
-8.201938286338208428e+00
-8.586006456305829815e+00
-8.586006456305829815e+00
-8.586006456305829815e+00
-8.113187312168099297e+00
-8.113187312168099297e+00
-8.313935755771614922e+00
-8.313935755771614922e+00
-8.418384975046773633e+00
-8.219083454139372691e+00
-8.219083454139372691e+00
-8.219083454139372691e+00
-7.953702149837924118e+00
-7.661011661215903601e+00
-7.661011661215903601e+00
-7.661011661215903601e+00
-7.661011661215903601e+00
-7.415142843417865670e+00
-7.588085663250253354e+00
-7.588184586446553581e+00
-7.588184586446553581e+00
-7.942238911615958408e+00
-7.693822251679108604e+00
-7.693822251679108604e+00
-7.693822251679108604e+00
-7.693822251679108604e+00
-7.693822251679108604e+00
-7.693822251679108604e+00
-7.693822251679108604e+00
-7.918182796091695508e+00
-7.918182796091695508e+00
-7.873582566445461062e+00
-7.900944631368662208e+00
-7.857138522496414090e+00
-7.857138522496414090e+00
-7.857138522496414090e+00
-7.857138522496414090e+00
-7.797398941010863282e+00
-8.130221248356834352e+00
-8.130221248356834352e+00
-8.113390628967868778e+00
-8.113390628967868778e+00
-8.154638410754230904e+00
-8.154638410754230904e+00
-8.154638410754230904e+00
-8.183385400425635225e+00
-8.183385400425635225e+00
-8.183385400425635225e+00
-8.183385400425635225e+00
-8.278024356178297793e+00
-8.073143931693373077e+00
-8.073143931693373077e+00
-8.073143931693373077e+00
-8.426823989838988282e+00
-8.426823989838988282e+00
-8.426823989838988282e+00
-8.426823989838988282e+00
-8.426823989838988282e+00
-8.426823989838988282e+00
-8.426823989838988282e+00
-8.116211535597850357e+00
-8.116211535597850357e+00
-7.904539600613011530e+00
-7.904539600613011530e+00
-7.904539600613011530e+00
-7.904539600613011530e+00
-7.829443674470452308e+00
-7.829443674470452308e+00
-7.829443674470452308e+00
-7.829443674470452308e+00
-7.829443674470452308e+00
-7.829443674470452308e+00
-7.829443674470452308e+00
-7.829443674470452308e+00
-7.829443674470452308e+00
-7.829443674470452308e+00
-7.829443674470452308e+00
-7.935316111343995615e+00
-7.935316111343995615e+00
-7.935316111343995615e+00
-7.935316111343995615e+00
-7.935316111343995615e+00
-7.920056410546967740e+00
-7.920056410546967740e+00
-7.920056410546967740e+00
-7.779676645253402079e+00
-7.779676645253402079e+00
-7.779676645253402079e+00
-7.655506608135157265e+00
-7.655506608135157265e+00
-7.655506608135157265e+00
-7.655506608135157265e+00
-7.655506608135157265e+00
-7.655506608135157265e+00
-7.655506608135157265e+00
-7.655506608135157265e+00
-7.655506608135157265e+00
-7.655506608135157265e+00
-7.655506608135157265e+00
-7.655506608135157265e+00
-7.655506608135157265e+00
-7.655506608135157265e+00
-7.498710606795651934e+00
-7.498710606795651934e+00
-7.498710606795651934e+00
-7.243417645047772524e+00
-7.243417645047772524e+00
-7.243417645047772524e+00
-7.243417645047772524e+00
-7.243417645047772524e+00
-7.406183228210098335e+00
-7.938909257119289187e+00
-7.938909257119289187e+00
-7.938909257119289187e+00
-7.621421868668915245e+00
-7.486090833324774430e+00
-7.900595437044394487e+00
-7.900595437044394487e+00
-7.900595437044394487e+00
-7.900595437044394487e+00
-7.900595437044394487e+00
-7.900595437044394487e+00
-7.900595437044394487e+00
-7.751506783538292922e+00
-7.751506783538292922e+00
-7.751506783538292922e+00
-7.751506783538292922e+00
-7.751506783538292922e+00
-7.751506783538292922e+00
-7.751506783538292922e+00
-7.751506783538292922e+00
-7.422707048930355711e+00
-7.422707048930355711e+00
-7.911360286617825643e+00
-7.911360286617825643e+00
-7.892793724687331647e+00
-7.892793724687331647e+00
-7.892793724687331647e+00
-7.892793724687331647e+00
-7.770636797407160401e+00
-7.770636797407160401e+00
-7.770636797407160401e+00
-7.770636797407160401e+00
-8.245693338076881318e+00
-8.245693338076881318e+00
-7.503995931855122592e+00
-7.811981223053503065e+00
-7.811981223053503065e+00
-7.811981223053503065e+00
-7.841876998230330464e+00
-7.987419916156600408e+00
-7.987419916156600408e+00
-7.987419916156600408e+00
-7.987419916156600408e+00
-7.987419916156600408e+00
-7.666988081047684922e+00
-7.666988081047684922e+00
-7.666988081047684922e+00
-7.666988081047684922e+00
-7.666988081047684922e+00
-7.486528465898269147e+00
-7.486528465898269147e+00
-7.886941300751374229e+00
-7.932841663834697243e+00
-8.126517782703640336e+00
-8.126517782703640336e+00
-7.794074756921363090e+00
-7.736392960265762397e+00
-7.736392960265762397e+00
-7.736392960265762397e+00
-7.736392960265762397e+00
-7.528729010266509647e+00
-7.528729010266509647e+00
-7.528729010266509647e+00
-7.528729010266509647e+00
-7.528729010266509647e+00
-7.528729010266509647e+00
-7.528729010266509647e+00
-7.464169544198088424e+00
-7.474733356308070675e+00
-7.958930035622124421e+00
-7.474357721682488354e+00
-7.474357721682488354e+00
-7.474357721682488354e+00
-7.474357721682488354e+00
-7.474357721682488354e+00
-7.890289189938605396e+00
-7.975018503105206769e+00
-7.975018503105206769e+00
-7.975018503105206769e+00
-7.975018503105206769e+00
-8.004125627915216867e+00
-7.957181328797203079e+00
-7.957181328797203079e+00
-7.957181328797203079e+00
-7.957181328797203079e+00
-7.487377746611206142e+00
-7.487377746611206142e+00
-7.977791087805198522e+00
-7.977791087805198522e+00
-7.650158373393246336e+00
-7.650158373393246336e+00
-7.650158373393246336e+00
-7.746374629879544393e+00
-7.646292163126783059e+00
-7.646292163126783059e+00
-7.646292163126783059e+00
-7.644196541313914572e+00
-7.590636696459913679e+00
-7.590636696459913679e+00
-7.590636696459913679e+00
-7.590636696459913679e+00
-7.590636696459913679e+00
-7.590636696459913679e+00
-7.590636696459913679e+00
-7.831766774048084301e+00
-7.831766774048084301e+00
-7.831766774048084301e+00
-7.831766774048084301e+00
-7.831766774048084301e+00
-7.831766774048084301e+00
-7.831766774048084301e+00
-7.831766774048084301e+00
-7.831766774048084301e+00
-7.831766774048084301e+00
-7.678015510165212554e+00
-7.678015510165212554e+00
-7.922335746867250172e+00
-7.922335746867250172e+00
-7.922335746867250172e+00
-7.922335746867250172e+00
-7.922335746867250172e+00
-7.922335746867250172e+00
-7.922335746867250172e+00
-7.922335746867250172e+00
-7.922335746867250172e+00
-8.171825518343689865e+00
-8.171825518343689865e+00
-8.143526190325589553e+00
-8.143526190325589553e+00
-7.844092513133644751e+00
-7.844092513133644751e+00
-7.844092513133644751e+00
-7.844092513133644751e+00
-7.463766101669398800e+00
-7.463766101669398800e+00
-7.463766101669398800e+00
-7.463766101669398800e+00
-7.463766101669398800e+00
-7.463766101669398800e+00
-7.600883680821376664e+00
-8.093562226450465857e+00
-8.093562226450465857e+00
-8.093562226450465857e+00
-8.093562226450465857e+00
-8.093562226450465857e+00
-8.093562226450465857e+00
-7.841312634557428218e+00
-7.679350289514370154e+00
-7.679350289514370154e+00
-7.679350289514370154e+00
-7.679350289514370154e+00
-7.597607818661866297e+00
-7.779580001393421540e+00
-7.779580001393421540e+00
-7.703821244248923783e+00
-7.703821244248923783e+00
-7.703821244248923783e+00
-8.227931837734709930e+00
-8.227931837734709930e+00
-8.214771861555927757e+00
-8.214771861555927757e+00
-8.214771861555927757e+00
-8.214771861555927757e+00
-8.214771861555927757e+00
-7.991528191940277637e+00
-7.991528191940277637e+00
-7.991528191940277637e+00
-7.991528191940277637e+00
-7.991528191940277637e+00
-7.856893265908351687e+00
-7.856893265908351687e+00
-7.856893265908351687e+00
-8.070008476651192808e+00
-7.790632959077735897e+00
-8.183297873910936104e+00
-8.183297873910936104e+00
-8.183297873910936104e+00
-8.183297873910936104e+00
-8.603762486240832175e+00
-8.077569491092834397e+00
-8.077569491092834397e+00
-8.077569491092834397e+00
-8.077569491092834397e+00
-8.077569491092834397e+00
-8.077569491092834397e+00
-8.077569491092834397e+00
-8.361167251265982259e+00
-8.361167251265982259e+00
-8.103118116039619068e+00
-7.970104253998677279e+00
-7.970104253998677279e+00
-7.733105245557386986e+00
-7.733105245557386986e+00
-7.733105245557386986e+00
-7.733105245557386986e+00
-7.733105245557386986e+00
-7.733105245557386986e+00
-7.733105245557386986e+00
-7.733105245557386986e+00
-7.733105245557386986e+00
-7.733105245557386986e+00
-7.856449251193160954e+00
-8.102240115689046007e+00
-8.102240115689046007e+00
-8.102240115689046007e+00
-8.102240115689046007e+00
-8.773435370188142457e+00
-8.773435370188142457e+00
-8.773435370188142457e+00
-8.681148689518010997e+00
-8.681148689518010997e+00
-8.811116446500525612e+00
-7.858099490689046007e+00
-7.858099490689046007e+00
-7.858099490689046007e+00
-7.450867793300183450e+00
-7.515619179486772161e+00
-7.515619179486772161e+00
-7.515619179486772161e+00
-7.588158602012502918e+00
-7.588158602012502918e+00
-7.588158602012502918e+00
-7.588158602012502918e+00
-8.603606579636524643e+00
-8.603606579636524643e+00
-8.441953312598496240e+00
-8.247167612808839365e+00
-8.521283333889613232e+00
-8.521283333889613232e+00
-8.521283333889613232e+00
-8.490270683915847272e+00
-8.490270683915847272e+00
-8.490270683915847272e+00
-8.490270683915847272e+00
-8.490270683915847272e+00
-8.490270683915847272e+00
-8.490270683915847272e+00
-8.339140656801300011e+00
-8.339140656801300011e+00
-8.339140656801300011e+00
-8.339140656801300011e+00
-8.339140656801300011e+00
-8.339140656801300011e+00
-8.339140656801300011e+00
-7.663658426551015701e+00
-7.921357455718585072e+00
-8.037935479421232543e+00
-8.037935479421232543e+00
-7.794730294047075958e+00
-7.794730294047075958e+00
-7.794730294047075958e+00
-8.031553337724441022e+00
-8.031553337724441022e+00
-8.031553337724441022e+00
-8.031553337724441022e+00
-7.914992636977827623e+00
-7.914992636977827623e+00
-7.914992636977827623e+00
-7.302398663405933910e+00
-7.292662250380215205e+00
-7.292662250380215205e+00
-7.292662250380215205e+00
-7.292662250380215205e+00
-7.292662250380215205e+00
-7.354292313409808379e+00
-7.315741898224868756e+00
-7.350365928664489346e+00
-7.025644838468066311e+00
-7.014402240001904154e+00
-7.014402240001904154e+00
-7.041013947408467644e+00
-7.041013947408467644e+00
-7.145243438662351565e+00
-8.329467153458020690e+00
-8.329467153458020690e+00
-8.329467153458020690e+00
-8.329467153458020690e+00
-8.394333418195150998e+00
-8.394333418195150998e+00
-8.394333418195150998e+00
-8.409950518927200136e+00
-8.409950518927200136e+00
-8.409950518927200136e+00
-7.666386336259130019e+00
-8.180383058624558501e+00
-8.141016185169693387e+00
-8.055678745072841096e+00
-8.120827647513685577e+00
-8.120827647513685577e+00
-8.120827647513685577e+00
-8.120827647513685577e+00
-7.952325430700472708e+00
-8.105070139664308115e+00
-8.105070139664308115e+00
-8.105070139664308115e+00
-8.105070139664308115e+00
-8.105070139664308115e+00
-8.105070139664308115e+00
-8.105070139664308115e+00
-8.105070139664308115e+00
-7.942716660508689408e+00
-7.783094737999297408e+00
-7.783094737999297408e+00
-7.783094737999297408e+00
-7.783094737999297408e+00
-7.783094737999297408e+00
-7.783094737999297408e+00
-7.783094737999297408e+00
-7.783094737999297408e+00
-7.783094737999297408e+00
-7.783094737999297408e+00
-7.783094737999297408e+00
-7.783094737999297408e+00
-7.870799040931132140e+00
-7.582254665075706335e+00
-7.582254665075706335e+00
-7.644219334677117672e+00
-7.644219334677117672e+00
-7.606241488775832948e+00
-7.606241488775832948e+00
-7.606241488775832948e+00
-7.606241488775832948e+00
-7.606241488775832948e+00
-7.606241488775832948e+00
-7.606241488775832948e+00
-7.606241488775832948e+00
-7.332047358525642267e+00
-7.520616396435359619e+00
-7.520616396435359619e+00
-7.520616396435359619e+00
-7.520616396435359619e+00
-7.520616396435359619e+00
-7.365091808895307679e+00
-7.365091808895307679e+00
-7.699516945541702739e+00
-7.699516945541702739e+00
-7.616243216549232642e+00
-7.616243216549232642e+00
-7.616243216549232642e+00
-7.616243216549232642e+00
-7.567498697605461011e+00
-7.567498697605461011e+00
-7.567498697605461011e+00
-7.099221814886789161e+00
-7.099221814886789161e+00
-7.735115620191876040e+00
-7.735115620191876040e+00
-7.735115620191876040e+00
-7.735115620191876040e+00
-7.137026887094997107e+00
-7.137026887094997107e+00
-7.137026887094997107e+00
-8.040251285122639757e+00
-7.612486870293406760e+00
-7.612486870293406760e+00
-7.612486870293406760e+00
-7.612486870293406760e+00
-7.480524694030644461e+00
-7.480524694030644461e+00
-7.480524694030644461e+00
-7.480524694030644461e+00
-7.724746463403646679e+00
-7.724746463403646679e+00
-7.724746463403646679e+00
-8.054880065626212726e+00
-8.054880065626212726e+00
-8.054880065626212726e+00
-8.054880065626212726e+00
-8.054880065626212726e+00
-8.054880065626212726e+00
-8.054880065626212726e+00
-7.862774865349209108e+00
-7.862774865349209108e+00
-7.862774865349209108e+00
-7.862774865349209108e+00
-7.862774865349209108e+00
-8.101476993889015432e+00
-8.101476993889015432e+00
-8.058224307875331505e+00
-7.995971074295773029e+00
-7.995971074295773029e+00
-7.995971074295773029e+00
-7.995971074295773029e+00
-7.740361740666639179e+00
-7.740361740666639179e+00
-7.740361740666639179e+00
-7.740361740666639179e+00
-7.740361740666639179e+00
-7.740361740666639179e+00
-7.593507748488941722e+00
-7.593507748488941722e+00
-7.593507748488941722e+00
-7.593507748488941722e+00
-7.593507748488941722e+00
-7.593507748488941722e+00
-7.593507748488941722e+00
-7.593507748488941722e+00
-7.593507748488941722e+00
-7.593507748488941722e+00
-7.593507748488941722e+00
-7.593507748488941722e+00
-7.593507748488941722e+00
-7.593507748488941722e+00
-7.593507748488941722e+00
-7.593507748488941722e+00
-7.593507748488941722e+00
-7.593507748488941722e+00
-7.593507748488941722e+00
-7.467054272245038149e+00
-7.467054272245038149e+00
-7.467054272245038149e+00
-7.467054272245038149e+00
-7.467054272245038149e+00
-7.467054272245038149e+00
-7.467054272245038149e+00
-7.467054272245038149e+00
-7.467054272245038149e+00
-7.382164949668752918e+00
-7.780684111906966294e+00
-7.780684111906966294e+00
-7.780684111906966294e+00
-7.780684111906966294e+00
-8.131218685930591050e+00
-8.131218685930591050e+00
-8.131218685930591050e+00
-8.131218685930591050e+00
-8.131218685930591050e+00
-8.131218685930591050e+00
-8.131218685930591050e+00
-8.131218685930591050e+00
-8.023292111165208240e+00
-8.023292111165208240e+00
-8.023292111165208240e+00
-7.498910276657308138e+00
-7.498910276657308138e+00
-7.498910276657308138e+00
-7.498910276657308138e+00
-7.498910276657308138e+00
-7.498910276657308138e+00
-7.498910276657308138e+00
-7.498910276657308138e+00
-7.498910276657308138e+00
-7.336971636711981049e+00
-7.140439053566460359e+00
-7.140439053566460359e+00
-7.140439053566460359e+00
-7.140439053566460359e+00
-7.127078495791491441e+00
-7.127078495791491441e+00
-7.173193116488921106e+00
-7.173193116488921106e+00
-7.173193116488921106e+00
-7.173193116488921106e+00
-7.173193116488921106e+00
-7.734979771747187094e+00
-7.734979771747187094e+00
-7.734979771747187094e+00
-7.734979771747187094e+00
-7.734979771747187094e+00
-7.734979771747187094e+00
-7.729493865091531468e+00
-7.729493865091531468e+00
-7.729493865091531468e+00
-7.729493865091531468e+00
-7.315716369658081142e+00
-7.650430070282624229e+00
-7.650430070282624229e+00
-7.659616707387891132e+00
-7.584224923390959106e+00
-7.694413967387853326e+00
-7.694413967387853326e+00
-7.694413967387853326e+00
-7.694413967387853326e+00
-7.694413967387853326e+00
-7.694413967387853326e+00
-7.374286195744063299e+00
-7.374286195744063299e+00
-7.374286195744063299e+00
-7.374286195744063299e+00
-7.374286195744063299e+00
-7.446050188053633612e+00
-7.446050188053633612e+00
-7.446050188053633612e+00
-7.630329970875843415e+00
-7.393387489975296489e+00
-7.168438420924811538e+00
-7.168438420924811538e+00
-7.154680346895585963e+00
-7.154680346895585963e+00
-7.154680346895585963e+00
-7.154680346895585963e+00
-7.640885577375072124e+00
-7.640885577375072124e+00
-7.640885577375072124e+00
-7.629097761661098431e+00
-7.629097761661098431e+00
-7.629097761661098431e+00
-7.629097761661098431e+00
-7.629097761661098431e+00
-7.629097761661098431e+00
-7.629097761661098431e+00
-7.641321386479510203e+00
-7.667497740648900439e+00
-7.667497740648900439e+00
-7.667497740648900439e+00
-7.667497740648900439e+00
-7.667497740648900439e+00
-7.667497740648900439e+00
-7.667497740648900439e+00
-7.431362600672996699e+00
-7.431362600672996699e+00
-7.431362600672996699e+00
-7.306774533273612704e+00
-7.306774533273612704e+00
-7.306774533273612704e+00
-7.336017506528310861e+00
-7.336017506528310861e+00
-7.336017506528310861e+00
-7.717445293302517051e+00
-7.717445293302517051e+00
-7.717445293302517051e+00
-7.717445293302517051e+00
-7.717445293302517051e+00
-7.717445293302517051e+00
-7.455639811820327090e+00
-7.933176270406514519e+00
-7.933176270406514519e+00
-7.933176270406514519e+00
-7.933176270406514519e+00
-7.933176270406514519e+00
-7.805751341022906686e+00
-7.805751341022906686e+00
-7.830682721694158133e+00
-7.830682721694158133e+00
-7.830682721694158133e+00
-7.830682721694158133e+00
-7.830682721694158133e+00
-7.830682721694158133e+00
-7.830682721694158133e+00
-7.830682721694158133e+00
-7.830682721694158133e+00
-7.830682721694158133e+00
-8.346568558001836280e+00
-8.305763879196137012e+00
-8.305763879196137012e+00
-8.305763879196137012e+00
-8.109641576588266787e+00
-8.129659619887517508e+00
-8.129659619887517508e+00
-8.129659619887517508e+00
-7.961577712691764397e+00
-7.980022102195491129e+00
-7.980880044386445604e+00
-7.980880044386445604e+00
-8.011490619433313753e+00
-7.964374914224015001e+00
-7.964374914224015001e+00
-7.964374914224015001e+00
-7.603466624739520618e+00
-7.603466624739520618e+00
-7.990835273698912111e+00
-7.990835273698912111e+00
-7.990835273698912111e+00
-7.990835273698912111e+00
-7.990835273698912111e+00
-7.990835273698912111e+00
-7.990835273698912111e+00
-7.990835273698912111e+00
-7.990835273698912111e+00
-7.990835273698912111e+00
-8.005146770586701876e+00
-8.005146770586701876e+00
-8.005146770586701876e+00
-8.005146770586701876e+00
-8.005146770586701876e+00
-8.005146770586701876e+00
-8.005146770586701876e+00
-8.005146770586701876e+00
-8.005146770586701876e+00
-8.005146770586701876e+00
-7.866006052516842040e+00
-7.866006052516842040e+00
-7.866006052516842040e+00
-7.866006052516842040e+00
-7.866006052516842040e+00
-7.842670207269788918e+00
-7.842670207269788918e+00
-7.842670207269788918e+00
-7.853286444115136433e+00
-7.853286444115136433e+00
-7.853286444115136433e+00
-7.853286444115136433e+00
-7.853286444115136433e+00
-7.853286444115136433e+00
-7.359473244865810670e+00
-7.359473244865810670e+00
-7.359473244865810670e+00
-7.359473244865810670e+00
-7.359473244865810670e+00
-7.359473244865810670e+00
-7.480908990134244263e+00
-7.480908990134244263e+00
-7.480908990134244263e+00
-7.334907925607597079e+00
-7.334907925607597079e+00
-7.031566098360896078e+00
-7.323062670618352143e+00
-7.323062670618352143e+00
-7.323062670618352143e+00
-7.323062670618352143e+00
-6.921790525972500774e+00
-6.921790525972500774e+00
-7.225822992124246724e+00
-6.996330749920175229e+00
-6.996330749920175229e+00
-6.996330749920175229e+00
-6.996330749920175229e+00
-7.100061066519917752e+00
-7.100061066519917752e+00
-7.100061066519917752e+00
-7.367593152573185478e+00
-7.367593152573185478e+00
-7.426274666138861669e+00
-7.426274666138861669e+00
-7.426274666138861669e+00
-7.426274666138861669e+00
-7.614229194976631199e+00
-7.497847650064792369e+00
-7.497847650064792369e+00
-7.497847650064792369e+00
-8.085826158979426026e+00
-8.085826158979426026e+00
-7.252023051391367936e+00
-7.252023051391367936e+00
-7.252023051391367936e+00
-7.252023051391367936e+00
-7.252023051391367936e+00
-7.220820760635755065e+00
-7.438576700126691144e+00
-7.859419682285753161e+00
-7.859419682285753161e+00
-7.859419682285753161e+00
-7.859419682285753161e+00
-7.989497759146169997e+00
-7.989497759146169997e+00
-7.989497759146169997e+00
-7.962660853311162690e+00
-8.229868361872423321e+00
-8.229868361872423321e+00
-8.229868361872423321e+00
-8.229868361872423321e+00
-8.229868361872423321e+00
-8.229868361872423321e+00
-8.229868361872423321e+00
-8.229868361872423321e+00
-8.229868361872423321e+00
-8.229868361872423321e+00
-8.229868361872423321e+00
-8.229868361872423321e+00
-8.229868361872423321e+00
-8.229868361872423321e+00
-7.306019161217070845e+00
-7.306019161217070845e+00
-7.410827603896306570e+00
-7.410827603896306570e+00
-7.410827603896306570e+00
-7.720019119875380476e+00
-7.578978347048932029e+00
-7.931717495161533904e+00
-7.931717495161533904e+00
-7.931717495161533904e+00
-7.931717495161533904e+00
-7.931717495161533904e+00
-7.931717495161533904e+00
-7.931717495161533904e+00
-7.931717495161533904e+00
-7.921158697591456743e+00
-7.921158697591456743e+00
-7.921158697591456743e+00
-7.921158697591456743e+00
-7.921158697591456743e+00
-7.921158697591456743e+00
-7.921158697591456743e+00
-7.900862575261132115e+00
-7.900862575261132115e+00
-7.900862575261132115e+00
-7.900862575261132115e+00
-7.900862575261132115e+00
-8.763811100509380836e+00
-8.342504045475509500e+00
-8.342504045475509500e+00
-8.342504045475509500e+00
-8.342504045475509500e+00
-8.283451911824155189e+00
-8.283451911824155189e+00
-8.283451911824155189e+00
-8.283451911824155189e+00
-8.283451911824155189e+00
-8.283451911824155189e+00
-8.283451911824155189e+00
-8.283451911824155189e+00
-8.070578310731264082e+00
-8.070578310731264082e+00
-8.044209124709178482e+00
-8.044209124709178482e+00
-8.044209124709178482e+00
-8.044209124709178482e+00
-8.044209124709178482e+00
-8.044209124709178482e+00
-8.044209124709178482e+00
-8.044209124709178482e+00
-8.044209124709178482e+00
-8.044209124709178482e+00
-8.044209124709178482e+00
-8.044209124709178482e+00
-8.044209124709178482e+00
-8.044209124709178482e+00
-8.044209124709178482e+00
-8.044209124709178482e+00
-8.044209124709178482e+00
-8.044209124709178482e+00
-8.044209124709178482e+00
-8.174048327123228930e+00
-8.174048327123228930e+00
-8.174048327123228930e+00
-8.174048327123228930e+00
-8.174048327123228930e+00
-7.885120566898732086e+00
-7.885120566898732086e+00
-7.896660390821058861e+00
-7.896660390821058861e+00
-8.136830411951127218e+00
-8.136830411951127218e+00
-8.136830411951127218e+00
-8.136830411951127218e+00
-8.136830411951127218e+00
-8.136830411951127218e+00
-7.874714028994850068e+00
-7.874714028994850068e+00
-7.874714028994850068e+00
-7.989732986654423108e+00
-7.989732986654423108e+00
-8.733947236041037954e+00
-8.733947236041037954e+00
-8.551179109066438855e+00
-8.551179109066438855e+00
-8.551179109066438855e+00
-8.551179109066438855e+00
-8.436035243776514037e+00
-8.436035243776514037e+00
-8.436035243776514037e+00
-7.660703494945401815e+00
-7.660703494945401815e+00
-7.660703494945401815e+00
-7.636400299364019872e+00
-7.636400299364019872e+00
-7.636400299364019872e+00
-7.808450075226121001e+00
-8.214511105480886144e+00
-8.282615851261875051e+00
-8.282615851261875051e+00
-8.282615851261875051e+00
-8.282615851261875051e+00
-8.282615851261875051e+00
-8.282615851261875051e+00
-8.282615851261875051e+00
-8.282615851261875051e+00
-8.282615851261875051e+00
-8.282615851261875051e+00
-8.282615851261875051e+00
-8.282615851261875051e+00
-8.224010467529296875e+00
-8.164637403324046971e+00
-8.164637403324046971e+00
-8.060259299342080297e+00
-7.542835822752739006e+00
-7.542835822752739006e+00
-7.542835822752739006e+00
-7.542835822752739006e+00
-7.904938940336325714e+00
-7.904938940336325714e+00
-8.209556740055120372e+00
-8.209556740055120372e+00
-8.209556740055120372e+00
-8.209556740055120372e+00
-8.209556740055120372e+00
-8.209556740055120372e+00
-7.719317996023261408e+00
-7.719317996023261408e+00
-7.719317996023261408e+00
-7.486896350780362752e+00
-7.486896350780362752e+00
-7.486896350780362752e+00
-7.432583413206140577e+00
-7.432583413206140577e+00
-7.432583413206140577e+00
-7.432583413206140577e+00
-7.432583413206140577e+00
-7.448364626153249013e+00
-7.743236439633779611e+00
-7.716983955631292247e+00
-7.582583345373091532e+00
-7.582583345373091532e+00
-7.582583345373091532e+00
-7.479708691627983796e+00
-7.479708691627983796e+00
-7.479708691627983796e+00
-7.654065155846210722e+00
-7.654065155846210722e+00
-7.654065155846210722e+00
-7.663575458708957733e+00
-7.663575458708957733e+00
-7.795995781572097272e+00
-7.795995781572097272e+00
-7.795995781572097272e+00
-7.795995781572097272e+00
-7.681229374376810526e+00
-7.681229374376810526e+00
-7.367632813025158711e+00
-7.367632813025158711e+00
-7.367632813025158711e+00
-7.367632813025158711e+00
-7.367632813025158711e+00
-7.853215328821944397e+00
-7.853215328821944397e+00
-7.853215328821944397e+00
-7.853215328821944397e+00
-7.853215328821944397e+00
-7.853215328821944397e+00
-7.853215328821944397e+00
-7.853215328821944397e+00
