# Variable: dg_gbsa_00000359
# Sample shape: (2000,)
# Date: 2014-03-03 06:24:07.210348
-1.671761901155256469e+00
-1.671761901155256469e+00
-2.615824712166138877e+00
-6.847343298946693579e+00
-6.847343298946693579e+00
-6.847343298946693579e+00
-6.847343298946693579e+00
-6.847343298946693579e+00
-5.554385668460998460e+00
-5.554385668460998460e+00
-5.554385668460998460e+00
-5.554385668460998460e+00
-5.554385668460998460e+00
-5.554385668460998460e+00
-5.554385668460998460e+00
-5.554385668460998460e+00
-5.554385668460998460e+00
-5.554385668460998460e+00
-5.554385668460998460e+00
-5.554385668460998460e+00
-5.554385668460998460e+00
-5.554385668460998460e+00
-5.554385668460998460e+00
-5.554385668460998460e+00
-5.554385668460998460e+00
-5.554385668460998460e+00
-5.554385668460998460e+00
-5.554385668460998460e+00
-5.554385668460998460e+00
-5.554399344478920142e+00
-6.289725093950960577e+00
-6.227391171865663821e+00
-6.227391171865663821e+00
-6.565188358664284074e+00
-6.565188358664284074e+00
-6.565188358664284074e+00
-6.565188358664284074e+00
-6.116955047811649671e+00
-6.101221245060003184e+00
-5.780593387027542995e+00
-5.780593387027542995e+00
-5.780593387027542995e+00
-5.780593387027542995e+00
-5.780593387027542995e+00
-5.780593387027542995e+00
-5.780593387027542995e+00
-5.780593387027542995e+00
-5.780593387027542995e+00
-5.780593387027542995e+00
-5.780593387027542995e+00
-5.853895019618776452e+00
-5.918393399473814043e+00
-5.918393399473814043e+00
-5.918393399473814043e+00
-5.918393399473814043e+00
-5.652124065741982228e+00
-5.652124065741982228e+00
-5.652124065741982228e+00
-5.652124065741982228e+00
-5.652124065741982228e+00
-5.646856519505808691e+00
-5.646856519505808691e+00
-5.646856519505808691e+00
-5.646856519505808691e+00
-5.646856519505808691e+00
-5.646856519505808691e+00
-5.646856519505808691e+00
-5.646856519505808691e+00
-5.646856519505808691e+00
-5.646856519505808691e+00
-5.690305228443036434e+00
-5.459453134190283663e+00
-5.459453134190283663e+00
-5.459453134190283663e+00
-5.459453134190283663e+00
-5.459453134190283663e+00
-5.459453134190283663e+00
-5.459453134190283663e+00
-5.459453134190283663e+00
-6.210736061373358652e+00
-6.183690824198676772e+00
-6.183690824198676772e+00
-6.165557336169036340e+00
-6.059428246025829523e+00
-5.806903310305301602e+00
-5.806903310305301602e+00
-5.806903310305301602e+00
-5.806903310305301602e+00
-5.806903310305301602e+00
-5.647281387795909602e+00
-5.647281387795909602e+00
-5.647281387795909602e+00
-5.647281387795909602e+00
-5.736095727515722054e+00
-5.736095727515722054e+00
-5.736095727515722054e+00
-5.736076125223367406e+00
-5.736095727515722054e+00
-5.736095727515722054e+00
-5.736095727515722054e+00
-5.736095727515722054e+00
-5.736095727515722054e+00
-5.736095727515722054e+00
-5.736095727515722054e+00
-5.736095727515722054e+00
-5.736095727515722054e+00
-5.736095727515722054e+00
-5.736095727515722054e+00
-5.736095727515722054e+00
-5.736095727515722054e+00
-5.781654646018266952e+00
-5.829906828316858025e+00
-5.829906828316858025e+00
-5.829906828316858025e+00
-6.004104194859928967e+00
-6.004104194859928967e+00
-6.004104194859928967e+00
-6.004104194859928967e+00
-6.004104194859928967e+00
-6.004104194859928967e+00
-6.004104194859928967e+00
-6.004104194859928967e+00
-6.004104194859928967e+00
-6.004104194859928967e+00
-5.777128339953449654e+00
-5.777128339953449654e+00
-5.974482851776063974e+00
-5.974482851776063974e+00
-5.974482851776063974e+00
-5.974482851776063974e+00
-5.974482851776063974e+00
-6.188150117775677472e+00
-6.188150117775677472e+00
-6.188150117775677472e+00
-6.188150117775677472e+00
-6.188150117775677472e+00
-6.188150117775677472e+00
-6.188150117775677472e+00
-6.188150117775677472e+00
-6.172456431343268157e+00
-6.172456431343268157e+00
-6.172456431343268157e+00
-6.172456431343268157e+00
-6.172456431343268157e+00
-6.172456431343268157e+00
-6.172456431343268157e+00
-6.172456431343268157e+00
-6.172456431343268157e+00
-6.172456431343268157e+00
-6.172456431343268157e+00
-6.172456431343268157e+00
-6.172456431343268157e+00
-6.172456431343268157e+00
-6.172456431343268157e+00
-6.172456431343268157e+00
-6.172456431343268157e+00
-5.786737566012496892e+00
-5.931327721356889349e+00
-5.931327721356889349e+00
-5.931327721356889349e+00
-5.931327721356889349e+00
-5.931327721356889349e+00
-5.931327721356889349e+00
-5.931327721356889349e+00
-5.931327721356889349e+00
-5.931327721356889349e+00
-5.931327721356889349e+00
-5.931327721356889349e+00
-5.992988327493175227e+00
-5.992988327493175227e+00
-5.844385628490557316e+00
-5.844385628490557316e+00
-5.844385628490557316e+00
-5.861685335294238186e+00
-5.861685335294238186e+00
-5.861685335294238186e+00
-5.811767414012784627e+00
-5.811767414012784627e+00
-5.811767414012784627e+00
-5.811767414012784627e+00
-5.811767414012784627e+00
-5.811767414012784627e+00
-5.811767414012784627e+00
-5.759247858255360342e+00
-5.759247858255360342e+00
-5.759247858255360342e+00
-5.881788625771866563e+00
-5.881788625771866563e+00
-5.954429706697482061e+00
-5.954429706697482061e+00
-5.954429706697482061e+00
-5.954429706697482061e+00
-5.954429706697482061e+00
-5.954429706697482061e+00
-5.954429706697482061e+00
-5.981229231416836711e+00
-5.981229231416836711e+00
-5.981229231416836711e+00
-5.981229231416836711e+00
-5.981229231416836711e+00
-5.981229231416836711e+00
-6.022305607111913872e+00
-6.021732581960995034e+00
-6.021732581960995034e+00
-6.034722975517549770e+00
-5.972386318228668500e+00
-5.972386318228668500e+00
-6.000433095782481629e+00
-6.000433095782481629e+00
-6.122863543421086518e+00
-6.148648307610652175e+00
-5.442000711853143713e+00
-5.442000711853143713e+00
-5.442000711853143713e+00
-6.035914156678529707e+00
-6.035914156678529707e+00
-6.035914156678529707e+00
-6.035914156678529707e+00
-6.035914156678529707e+00
-6.035914156678529707e+00
-6.035914156678529707e+00
-6.035914156678529707e+00
-6.035914156678529707e+00
-6.035914156678529707e+00
-6.035914156678529707e+00
-6.070978099027965591e+00
-6.070978099027965591e+00
-6.070978099027965591e+00
-6.070978099027965591e+00
-6.033072280154400779e+00
-6.043975257508840571e+00
-6.043975257508840571e+00
-6.043975257508840571e+00
-6.043975257508840571e+00
-6.043975257508840571e+00
-6.043975257508840571e+00
-6.043975257508840571e+00
-6.043975257508840571e+00
-6.043975257508840571e+00
-5.959689959057429931e+00
-5.959689959057429931e+00
-5.959689959057429931e+00
-5.911460570122041958e+00
-5.911460570122041958e+00
-5.911460570122041958e+00
-5.911460570122041958e+00
-5.893050370663119431e+00
-5.893050370663119431e+00
-5.893050370663119431e+00
-5.893050370663119431e+00
-5.893050370663119431e+00
-5.893050370663119431e+00
-5.370672528648011479e+00
-5.481703559481618804e+00
-5.481703559481618804e+00
-5.481703559481618804e+00
-5.715144068059683669e+00
-5.715144068059683669e+00
-5.715144068059683669e+00
-5.715144068059683669e+00
-5.715144068059683669e+00
-5.715144068059683669e+00
-5.715144068059683669e+00
-5.790409576824472104e+00
-5.790409576824472104e+00
-5.790409576824472104e+00
-5.790409576824472104e+00
-5.786543366558008827e+00
-5.786543366558008827e+00
-5.786543366558008827e+00
-5.786543366558008827e+00
-5.786543366558008827e+00
-5.786543366558008827e+00
-5.786543366558008827e+00
-5.786543366558008827e+00
-5.753998090842485702e+00
-5.753998090842485702e+00
-5.753998090842485702e+00
-5.753998090842485702e+00
-5.753998090842485702e+00
-5.753998090842485702e+00
-5.753998090842485702e+00
-5.753998090842485702e+00
-5.753998090842485702e+00
-5.753998090842485702e+00
-5.753998090842485702e+00
-5.753998090842485702e+00
-5.753998090842485702e+00
-5.753998090842485702e+00
-5.634306949593596237e+00
-5.633799569328701295e+00
-5.633799569328701295e+00
-5.633799569328701295e+00
-5.633799569328701295e+00
-5.633799569328701295e+00
-5.633799569328701295e+00
-5.633799569328701295e+00
-5.633799569328701295e+00
-5.633799569328701295e+00
-5.633799569328701295e+00
-5.633799569328701295e+00
-5.633799569328701295e+00
-5.633799569328701295e+00
-5.671969791215418333e+00
-5.671969791215418333e+00
-5.671969791215418333e+00
-5.671969791215418333e+00
-5.671969791215418333e+00
-5.671969791215418333e+00
-5.686940016299771194e+00
-5.686940016299771194e+00
-5.898414104892008680e+00
-5.718140939453591365e+00
-5.718140939453591365e+00
-5.759888351761359715e+00
-5.759888351761359715e+00
-5.759888351761359715e+00
-5.759888351761359715e+00
-5.759888351761359715e+00
-5.759888351761359715e+00
-5.759888351761359715e+00
-5.759888351761359715e+00
-5.759888351761359715e+00
-5.759888351761359715e+00
-5.615956468746265529e+00
-5.615956468746265529e+00
-5.615956468746265529e+00
-5.615956468746265529e+00
-5.615956468746265529e+00
-5.603751078618415704e+00
-5.603751078618415704e+00
-5.603751078618415704e+00
-5.603751078618415704e+00
-5.603751078618415704e+00
-5.603751078618415704e+00
-5.208526013230274643e+00
-5.208526013230274643e+00
-5.208526013230274643e+00
-5.433953742908017581e+00
-5.752465920967991586e+00
-5.752465920967991586e+00
-5.752465920967991586e+00
-5.811212623552427736e+00
-5.811212623552427736e+00
-5.811212623552427736e+00
-5.811212623552427736e+00
-5.811212623552427736e+00
-5.811212623552427736e+00
-5.811212623552427736e+00
-5.809978590868627002e+00
-5.809978590868627002e+00
-5.730043177850843605e+00
-5.730043177850843605e+00
-5.730043177850843605e+00
-5.730043177850843605e+00
-5.730043177850843605e+00
-5.730043177850843605e+00
-5.730043177850843605e+00
-5.730043177850843605e+00
-5.783479026809020596e+00
-5.783479026809020596e+00
-5.783479026809020596e+00
-5.728476362064281346e+00
-5.728476362064281346e+00
-5.728476362064281346e+00
-5.728476362064281346e+00
-5.728476362064281346e+00
-5.453953095649441529e+00
-5.471319814940938997e+00
-5.499652421269316527e+00
-5.499652421269316527e+00
-5.499652421269316527e+00
-5.499652421269316527e+00
-5.499652421269316527e+00
-5.499652421269316527e+00
-5.499652421269316527e+00
-5.499652421269316527e+00
-5.499652421269316527e+00
-5.499652421269316527e+00
-5.499652421269316527e+00
-5.479980837090749013e+00
-5.479980837090749013e+00
-5.479980837090749013e+00
-5.479980837090749013e+00
-5.479980837090749013e+00
-5.479980837090749013e+00
-5.479980837090749013e+00
-5.411887487991362100e+00
-5.387776668395412472e+00
-5.387776668395412472e+00
-5.387776668395412472e+00
-5.387776668395412472e+00
-5.387776668395412472e+00
-5.267939649622024767e+00
-5.267939649622024767e+00
-5.267939649622024767e+00
-5.267939649622024767e+00
-5.468085436702458502e+00
-5.468085436702458502e+00
-5.717093356480789978e+00
-5.721501592924216339e+00
-5.721501592924216339e+00
-5.593620796276551843e+00
-5.593620796276551843e+00
-5.593620796276551843e+00
-5.593620796276551843e+00
-5.619669507612005788e+00
-5.619669507612005788e+00
-5.453310322807122468e+00
-5.591249374768930025e+00
-5.591249374768930025e+00
-5.591249374768930025e+00
-5.700668003089568892e+00
-5.700668003089568892e+00
-5.585479462807766637e+00
-5.678551602773866946e+00
-5.678551602773866946e+00
-5.644554389822323159e+00
-5.460738224007658737e+00
-5.341409953100958674e+00
-5.341409953100958674e+00
-5.341409953100958674e+00
-5.341409953100958674e+00
-5.341409953100958674e+00
-5.341409953100958674e+00
-5.341409953100958674e+00
-5.341409953100958674e+00
-5.341409953100958674e+00
-5.500456571123112148e+00
-5.500456571123112148e+00
-5.694963280147165463e+00
-5.694963280147165463e+00
-5.611390958096738935e+00
-5.611390958096738935e+00
-5.611390958096738935e+00
-5.744973286615958408e+00
-5.738236024320467088e+00
-5.738236024320467088e+00
-5.738236024320467088e+00
-5.738236024320467088e+00
-5.959207651492058666e+00
-5.993709509504911992e+00
-5.993709509504911992e+00
-5.993709509504911992e+00
-5.993709509504911992e+00
-5.888946653552082466e+00
-6.258600756497501472e+00
-6.258600756497501472e+00
-6.101914619168633536e+00
-6.101914619168633536e+00
-6.101914619168633536e+00
-6.101914619168633536e+00
-6.101914619168633536e+00
-6.142726591850557583e+00
-6.142726591850557583e+00
-6.142726591850557583e+00
-5.973988235794562840e+00
-5.973988235794562840e+00
-5.935206695906746432e+00
-5.935206695906746432e+00
-5.935206695906746432e+00
-5.935206695906746432e+00
-5.935206695906746432e+00
-5.935206695906746432e+00
-5.935206695906746432e+00
-5.935206695906746432e+00
-5.940991651487623315e+00
-5.940991651487623315e+00
-5.940991651487623315e+00
-5.940991651487623315e+00
-5.940991651487623315e+00
-6.120440608912626423e+00
-6.138533524755765747e+00
-6.138533524755765747e+00
-6.138533524755765747e+00
-6.138533524755765747e+00
-6.138533524755765747e+00
-6.138533524755765747e+00
-5.909934782389244745e+00
-5.909934782389244745e+00
-5.909934782389244745e+00
-5.884807834661713422e+00
-5.853214865660803845e+00
-5.853214865660803845e+00
-6.005380623199287449e+00
-6.005380623199287449e+00
-6.005380623199287449e+00
-6.005380623199287449e+00
-6.005380623199287449e+00
-6.005380623199287449e+00
-5.699231565340526551e+00
-5.699231565340526551e+00
-5.699231565340526551e+00
-5.699231565340526551e+00
-5.699231565340526551e+00
-5.699231565340526551e+00
-6.109498426973477336e+00
-6.036797627436270908e+00
-6.036797627436270908e+00
-6.036797627436270908e+00
-6.036797627436270908e+00
-6.036797627436270908e+00
-6.036797627436270908e+00
-6.036797627436270908e+00
-6.036797627436270908e+00
-5.993280538409434754e+00
-5.993280538409434754e+00
-5.993280538409434754e+00
-5.993280538409434754e+00
-6.059885025024414062e+00
-6.059885025024414062e+00
-6.059885025024414062e+00
-5.920355452178313271e+00
-5.920355452178313271e+00
-5.920355452178313271e+00
-5.920355452178313271e+00
-6.092376964270042272e+00
-5.715227947636270400e+00
-5.715227947636270400e+00
-5.572133948652511215e+00
-5.572133948652511215e+00
-5.572133948652511215e+00
-5.883918893496803193e+00
-5.883918893496803193e+00
-5.883918893496803193e+00
-5.883918893496803193e+00
-5.883918893496803193e+00
-5.796033155393873315e+00
-5.796033155393873315e+00
-5.796033155393873315e+00
-5.842426766856906539e+00
-6.384375446385224251e+00
-6.384375446385224251e+00
-6.384375446385224251e+00
-6.164402168521917247e+00
-6.164402168521917247e+00
-6.164402168521917247e+00
-6.164402168521917247e+00
-6.164402168521917247e+00
-6.164402168521917247e+00
-6.164402168521917247e+00
-6.164402168521917247e+00
-6.164402168521917247e+00
-6.394141490783107784e+00
-6.394141490783107784e+00
-6.473270930478038920e+00
-6.473270930478038920e+00
-6.473270930478038920e+00
-6.473270930478038920e+00
-6.473270930478038920e+00
-6.473270930478038920e+00
-6.316068295538994626e+00
-6.316068295538994626e+00
-6.316068295538994626e+00
-6.316068295538994626e+00
-6.316068295538994626e+00
-6.414310882014023996e+00
-6.236458827615011913e+00
-6.236458827615011913e+00
-6.236458827615011913e+00
-6.236458827615011913e+00
-6.432964058724689238e+00
-6.432964058724689238e+00
-6.432964058724689238e+00
-6.395704659631557654e+00
-6.395704659631557654e+00
-6.395704659631557654e+00
-6.395704659631557654e+00
-6.359708924594389856e+00
-6.359708924594389856e+00
-6.359708924594389856e+00
-6.359708924594389856e+00
-6.359708924594389856e+00
-6.359708924594389856e+00
-6.359708924594389856e+00
-6.359708924594389856e+00
-6.359708924594389856e+00
-6.389677182666201993e+00
-6.194189447289899064e+00
-6.194189447289899064e+00
-6.194189447289899064e+00
-6.462709397704377245e+00
-6.462709397704377245e+00
-6.371655837983519532e+00
-6.371655837983519532e+00
-6.281617494659715639e+00
-6.054559583645705345e+00
-6.054559583645705345e+00
-6.082377515832962267e+00
-6.082377515832962267e+00
-6.048710806647860316e+00
-6.131756146141037256e+00
-6.022465616521597731e+00
-6.033638011429094838e+00
-6.086002116449476418e+00
-6.086002116449476418e+00
-6.086002116449476418e+00
-6.086002116449476418e+00
-6.086002116449476418e+00
-6.086002116449476418e+00
-6.086002116449476418e+00
-6.086002116449476418e+00
-5.925600205051282821e+00
-6.062084584573486090e+00
-6.062084584573486090e+00
-6.062084584573486090e+00
-6.062084584573486090e+00
-6.062084584573486090e+00
-6.062084584573486090e+00
-6.186730091248141328e+00
-5.921989280452691240e+00
-5.921989280452691240e+00
-5.921989280452691240e+00
-5.921989280452691240e+00
-5.921989280452691240e+00
-5.921989280452691240e+00
-5.786141291631111017e+00
-5.786141291631111017e+00
-5.786141291631111017e+00
-5.786141291631111017e+00
-5.786141291631111017e+00
-5.786141291631111017e+00
-5.786141291631111017e+00
-5.786141291631111017e+00
-5.786141291631111017e+00
-5.786141291631111017e+00
-5.786141291631111017e+00
-5.915737060926156587e+00
-6.523961090904804472e+00
-6.523961090904804472e+00
-6.473798824769816385e+00
-6.473798824769816385e+00
-6.473798824769816385e+00
-6.473798824769816385e+00
-6.473798824769816385e+00
-6.473798824769816385e+00
-6.473798824769816385e+00
-6.473798824769816385e+00
-6.473798824769816385e+00
-6.473798824769816385e+00
-6.473798824769816385e+00
-6.473798824769816385e+00
-6.473798824769816385e+00
-6.299557694969395882e+00
-6.299557694969395882e+00
-6.245694242517532579e+00
-6.155870612675099274e+00
-6.155870612675099274e+00
-6.155870612675099274e+00
-6.155870612675099274e+00
-6.155870612675099274e+00
-6.155870612675099274e+00
-6.155870612675099274e+00
-6.155870612675099274e+00
-6.155870612675099274e+00
-6.145449031151502872e+00
-6.145449031151502872e+00
-6.145449031151502872e+00
-6.145449031151502872e+00
-6.258090185161758079e+00
-6.258605315170141736e+00
-6.181788034238504537e+00
-6.254059862680234616e+00
-6.254059862680234616e+00
-6.254059862680234616e+00
-6.254059862680234616e+00
-6.254059862680234616e+00
-6.254059862680234616e+00
-6.254059862680234616e+00
-6.254059862680234616e+00
-6.254059862680234616e+00
-6.199483889694651140e+00
-6.199483889694651140e+00
-6.199483889694651140e+00
-6.291851714737783929e+00
-6.291851714737783929e+00
-6.291851714737783929e+00
-6.291851714737783929e+00
-6.291851714737783929e+00
-6.291851714737783929e+00
-6.291851714737783929e+00
-6.199625208546509114e+00
-6.199625208546509114e+00
-6.199625208546509114e+00
-6.251100828269243515e+00
-6.251100828269243515e+00
-6.251100828269243515e+00
-6.251100828269243515e+00
-6.251100828269243515e+00
-6.412768683059721475e+00
-6.412768683059721475e+00
-6.412768683059721475e+00
-6.718025608682722805e+00
-6.718025608682722805e+00
-6.718025608682722805e+00
-6.718025608682722805e+00
-6.718025608682722805e+00
-6.718025608682722805e+00
-6.718025608682722805e+00
-6.718025608682722805e+00
-6.718025608682722805e+00
-6.718025608682722805e+00
-6.718025608682722805e+00
-6.718025608682722805e+00
-6.622890213479503352e+00
-6.624132451774056740e+00
-6.624132451774056740e+00
-6.624132451774056740e+00
-6.621850380250189794e+00
-6.621850380250189794e+00
-6.621850380250189794e+00
-6.621850380250189794e+00
-6.621850380250189794e+00
-6.621850380250189794e+00
-6.621850380250189794e+00
-6.570386157209056499e+00
-6.570386157209056499e+00
-6.570386157209056499e+00
-6.570386157209056499e+00
-6.570386157209056499e+00
-6.570386157209056499e+00
-6.570386157209056499e+00
-6.486455979356345658e+00
-6.486455979356345658e+00
-6.486455979356345658e+00
-6.486455979356345658e+00
-6.486455979356345658e+00
-6.486455979356345658e+00
-6.486455979356345658e+00
-6.486455979356345658e+00
-6.486455979356345658e+00
-6.486455979356345658e+00
-6.486455979356345658e+00
-6.486455979356345658e+00
-6.486455979356345658e+00
-6.486455979356345658e+00
-6.486455979356345658e+00
-6.486455979356345658e+00
-6.486455979356345658e+00
-6.486455979356345658e+00
-6.486455979356345658e+00
-6.486455979356345658e+00
-6.486455979356345658e+00
-6.486455979356345658e+00
-6.486455979356345658e+00
-6.486455979356345658e+00
-6.486455979356345658e+00
-6.500678582127645377e+00
-6.500678582127645377e+00
-6.464966852395985342e+00
-6.464966852395985342e+00
-6.539863108676888359e+00
-6.539863108676888359e+00
-6.539863108676888359e+00
-6.539863108676888359e+00
-6.539863108676888359e+00
-6.539863108676888359e+00
-6.539863108676888359e+00
-6.471457034634358507e+00
-6.415421830536530479e+00
-6.415421830536530479e+00
-6.415421830536530479e+00
-6.415421830536530479e+00
-6.415421830536530479e+00
-6.415421830536530479e+00
-6.415421830536530479e+00
-6.415421830536530479e+00
-6.415421830536530479e+00
-6.415421830536530479e+00
-6.415421830536530479e+00
-6.649827410112602699e+00
-6.649827410112602699e+00
-6.493960922124508706e+00
-6.493960922124508706e+00
-6.493960922124508706e+00
-6.493960922124508706e+00
-6.570481433467244337e+00
-6.570481433467244337e+00
-6.322491921156815131e+00
-6.322491921156815131e+00
-6.322491921156815131e+00
-6.322491921156815131e+00
-6.354180622283176483e+00
-6.354180622283176483e+00
-6.354180622283176483e+00
-6.354180622283176483e+00
-6.354180622283176483e+00
-6.354180622283176483e+00
-6.354180622283176483e+00
-6.354180622283176483e+00
-6.354180622283176483e+00
-6.354180622283176483e+00
-6.387955372009860078e+00
-6.387955372009860078e+00
-6.387955372009860078e+00
-6.387955372009860078e+00
-6.387955372009860078e+00
-6.387955372009860078e+00
-6.387955372009860078e+00
-6.387955372009860078e+00
-6.338821998289848381e+00
-6.338821998289848381e+00
-6.338821998289848381e+00
-6.711566425418306281e+00
-6.749102991807984786e+00
-6.749102991807984786e+00
-6.749102991807984786e+00
-6.749102991807984786e+00
-6.827944779259296659e+00
-6.827944779259296659e+00
-6.632817179021597731e+00
-6.632817179021597731e+00
-6.632817179021597731e+00
-6.632817179021597731e+00
-6.632817179021597731e+00
-6.632817179021597731e+00
-6.338112212959711833e+00
-6.338112212959711833e+00
-6.552733153275731581e+00
-6.552733153275731581e+00
-6.564547409291020763e+00
-6.564547409291020763e+00
-6.564547409291020763e+00
-6.564547409291020763e+00
-6.564547409291020763e+00
-6.564547409291020763e+00
-6.564547409291020763e+00
-6.564547409291020763e+00
-6.564547409291020763e+00
-6.564547409291020763e+00
-6.564547409291020763e+00
-6.564547409291020763e+00
-6.327981930617847972e+00
-6.327981930617847972e+00
-6.327981930617847972e+00
-6.554036477783669490e+00
-6.550366290440750916e+00
-6.580822782352367284e+00
-6.580822782352367284e+00
-6.580822782352367284e+00
-6.580822782352367284e+00
-6.580822782352367284e+00
-6.712738004286931570e+00
-6.733655473698164862e+00
-6.894423446509395426e+00
-6.694959636855990937e+00
-6.694959636855990937e+00
-6.694959636855990937e+00
-6.694959636855990937e+00
-6.694959636855990937e+00
-6.694959636855990937e+00
-6.694959636855990937e+00
-6.694959636855990937e+00
-6.694959636855990937e+00
-6.833467155296077067e+00
-6.833467155296077067e+00
-6.833467155296077067e+00
-6.751473957448342667e+00
-6.751473957448342667e+00
-6.751473957448342667e+00
-6.751473957448342667e+00
-6.751473957448342667e+00
-6.072444624016434922e+00
-6.072444624016434922e+00
-6.072444624016434922e+00
-6.201170142704396149e+00
-6.201170142704396149e+00
-6.223002537714591220e+00
-6.228275554357932897e+00
-6.228275554357932897e+00
-6.228275554357932897e+00
-6.686329157812872737e+00
-6.686329157812872737e+00
-6.686329157812872737e+00
-6.686329157812872737e+00
-6.686329157812872737e+00
-6.686329157812872737e+00
-6.565567184360715736e+00
-6.565567184360715736e+00
-6.581141889437206238e+00
-6.581141889437206238e+00
-6.581141889437206238e+00
-6.581141889437206238e+00
-5.861770126605352793e+00
-5.861770126605352793e+00
-5.861770126605352793e+00
-5.861770126605352793e+00
-5.861770126605352793e+00
-5.861770126605352793e+00
-5.861770126605352793e+00
-5.861770126605352793e+00
-5.861770126605352793e+00
-5.861770126605352793e+00
-5.861770126605352793e+00
-5.768860275385256031e+00
-5.768860275385256031e+00
-5.768860275385256031e+00
-5.768860275385256031e+00
-5.768860275385256031e+00
-5.768860275385256031e+00
-5.768860275385256031e+00
-5.768860275385256031e+00
-5.768860275385256031e+00
-6.124979223393572703e+00
-6.124979223393572703e+00
-6.124979223393572703e+00
-6.124979223393572703e+00
-6.429926615144280433e+00
-6.429926615144280433e+00
-6.429926615144280433e+00
-6.220082707888309415e+00
-6.220082707888309415e+00
-6.220082707888309415e+00
-6.220082707888309415e+00
-6.220082707888309415e+00
-6.220082707888309415e+00
-6.167150136389650150e+00
-6.153616804921603567e+00
-6.153616804921603567e+00
-6.153616804921603567e+00
-6.153616804921603567e+00
-6.221620348169971670e+00
-6.249497998968820411e+00
-6.249497998968820411e+00
-6.249497998968820411e+00
-6.249497998968820411e+00
-6.249497998968820411e+00
-6.331885066132699968e+00
-6.347214058753865018e+00
-6.347214058753865018e+00
-6.347214058753865018e+00
-6.206973788843099804e+00
-6.206973788843099804e+00
-6.206973788843099804e+00
-6.206973788843099804e+00
-6.206973788843099804e+00
-6.206973788843099804e+00
-6.206973788843099804e+00
-6.206973788843099804e+00
-6.206973788843099804e+00
-6.206973788843099804e+00
-6.206973788843099804e+00
-6.206973788843099804e+00
-6.206973788843099804e+00
-6.206973788843099804e+00
-6.206973788843099804e+00
-6.206973788843099804e+00
-6.206973788843099804e+00
-6.148400315819005257e+00
-6.128498974539353661e+00
-6.128498974539353661e+00
-6.128498974539353661e+00
-6.128498974539353661e+00
-6.343566208906884718e+00
-6.343566208906884718e+00
-6.343566208906884718e+00
-6.343566208906884718e+00
-6.343566208906884718e+00
-6.343566208906884718e+00
-6.589723134815806738e+00
-6.589723134815806738e+00
-6.589723134815806738e+00
-6.589723134815806738e+00
-6.589723134815806738e+00
-6.589723134815806738e+00
-6.498014949703763143e+00
-6.498014949703763143e+00
-6.498014949703763143e+00
-6.498014949703763143e+00
-6.498014949703763143e+00
-6.491617308519994189e+00
-6.491617308519994189e+00
-6.491617308519994189e+00
-6.491617308519994189e+00
-6.491617308519994189e+00
-6.491617308519994189e+00
-6.491617308519994189e+00
-6.491617308519994189e+00
-6.491617308519994189e+00
-6.491617308519994189e+00
-6.491617308519994189e+00
-6.491617308519994189e+00
-6.586774585351888867e+00
-6.586774585351888867e+00
-6.586774585351888867e+00
-6.586774585351888867e+00
-6.586774585351888867e+00
-6.586774585351888867e+00
-6.586774585351888867e+00
-6.586774585351888867e+00
-6.586774585351888867e+00
-6.586774585351888867e+00
-6.586774585351888867e+00
-6.586774585351888867e+00
-6.586774585351888867e+00
-6.586774585351888867e+00
-6.593430703274377969e+00
-6.584471543933875459e+00
-6.584471543933875459e+00
-6.584471543933875459e+00
-6.584471543933875459e+00
-6.607556662185698038e+00
-6.549308678388139349e+00
-6.549308678388139349e+00
-6.320631982719464581e+00
-6.380249391778249013e+00
-6.380249391778249013e+00
-6.335424419570834687e+00
-6.335424419570834687e+00
-6.335424419570834687e+00
-6.335424419570834687e+00
-6.335424419570834687e+00
-6.335424419570834687e+00
-6.335424419570834687e+00
-6.335424419570834687e+00
-6.357379898742324897e+00
-6.357379898742324897e+00
-6.357379898742324897e+00
-6.357379898742324897e+00
-6.378576358919161748e+00
-6.378576358919161748e+00
-6.384202672692147473e+00
-6.246453261512186828e+00
-6.246453261512186828e+00
-6.246453261512186828e+00
-6.708832133568495060e+00
-6.708832133568495060e+00
-6.708832133568495060e+00
-6.667945854522529636e+00
-6.667945854522529636e+00
-6.667945854522529636e+00
-6.667945854522529636e+00
-6.667945854522529636e+00
-6.682498049325742429e+00
-6.392564645916736232e+00
-6.379762525540236595e+00
-6.379762525540236595e+00
-6.379762525540236595e+00
-6.670903521331728037e+00
-6.765952757622041958e+00
-6.765952757622041958e+00
-6.765952757622041958e+00
-6.444043456710319084e+00
-6.278638857956369890e+00
-6.278638857956369890e+00
-6.278638857956369890e+00
-6.278638857956369890e+00
-5.631082144567661096e+00
-5.928913904193709783e+00
-5.928913904193709783e+00
-5.928913904193709783e+00
-5.952724763129910279e+00
-5.952724763129910279e+00
-5.952724763129910279e+00
-6.033168468147117380e+00
-6.162716371379436175e+00
-6.162716371379436175e+00
-6.162716371379436175e+00
-6.176347714309254222e+00
-6.315675337957378233e+00
-6.315675337957378233e+00
-6.315675337957378233e+00
-6.523981149064423057e+00
-6.523981149064423057e+00
-6.871682052174671540e+00
-6.566823098673190806e+00
-6.520715771851985920e+00
-6.447014343670175229e+00
-6.447014343670175229e+00
-6.447014343670175229e+00
-6.348725258734211785e+00
-5.842912721360390194e+00
-5.842912721360390194e+00
-5.842912721360390194e+00
-5.842912721360390194e+00
-5.951680827095221282e+00
-6.016017829938782313e+00
-6.016186500826483652e+00
-6.016186500826483652e+00
-5.861094075452756513e+00
-5.961479238068852382e+00
-5.961479238068852382e+00
-5.961479238068852382e+00
-6.688381016368391663e+00
-6.688381016368391663e+00
-6.688381016368391663e+00
-6.688381016368391663e+00
-6.593632652472355637e+00
-6.593632652472355637e+00
-6.580756225731814624e+00
-6.243416729666306786e+00
-6.169382062514470633e+00
-6.169382062514470633e+00
-6.169382062514470633e+00
-6.169382062514470633e+00
-6.196129162498459131e+00
-6.769158872090151213e+00
-6.769158872090151213e+00
-6.762690115613189334e+00
-6.762690115613189334e+00
-6.745528992457781925e+00
-6.632516762494584661e+00
-6.632516762494584661e+00
-6.619530927610670190e+00
-6.619530927610670190e+00
-6.619530927610670190e+00
-6.619530927610670190e+00
-6.783213715708278357e+00
-6.876806456089931352e+00
-6.876806456089931352e+00
-6.876806456089931352e+00
-6.572028646961452836e+00
-6.572028646961452836e+00
-6.572028646961452836e+00
-6.572028646961452836e+00
-6.572028646961452836e+00
-6.572028646961452836e+00
-6.572028646961452836e+00
-6.712120304144135297e+00
-6.712120304144135297e+00
-6.809318498717210844e+00
-6.809318498717210844e+00
-6.809318498717210844e+00
-6.809318498717210844e+00
-6.676255403011752243e+00
-6.676255403011752243e+00
-6.676255403011752243e+00
-6.676255403011752243e+00
-6.676255403011752243e+00
-6.676255403011752243e+00
-6.676255403011752243e+00
-6.676255403011752243e+00
-6.676255403011752243e+00
-6.676255403011752243e+00
-6.676255403011752243e+00
-6.627663599601438804e+00
-6.627663599601438804e+00
-6.627663599601438804e+00
-6.627663599601438804e+00
-6.627663599601438804e+00
-6.600982600370739029e+00
-6.600982600370739029e+00
-6.600982600370739029e+00
-6.665436761101162233e+00
-6.665436761101162233e+00
-6.665436761101162233e+00
-6.446893994712464604e+00
-6.784435439975950111e+00
-6.784435439975950111e+00
-6.784435439975950111e+00
-6.784435439975950111e+00
-6.784435439975950111e+00
-6.784435439975950111e+00
-6.784435439975950111e+00
-6.784435439975950111e+00
-6.784435439975950111e+00
-6.784435439975950111e+00
-6.784435439975950111e+00
-6.784435439975950111e+00
-6.784435439975950111e+00
-6.504985616038451823e+00
-6.504985616038451823e+00
-6.504985616038451823e+00
-6.405233197184866611e+00
-6.405233197184866611e+00
-6.405233197184866611e+00
-6.405233197184866611e+00
-6.405233197184866611e+00
-6.329264741098903357e+00
-6.112274658611581479e+00
-6.112274658611581479e+00
-6.112274658611581479e+00
-6.239934359636178485e+00
-6.188911871973916234e+00
-6.002487689541585070e+00
-6.002487689541585070e+00
-6.002487689541585070e+00
-6.002487689541585070e+00
-6.002487689541585070e+00
-6.002487689541585070e+00
-6.002487689541585070e+00
-6.068911196852733170e+00
-6.068911196852733170e+00
-6.068911196852733170e+00
-6.068911196852733170e+00
-6.068911196852733170e+00
-6.068911196852733170e+00
-6.068911196852733170e+00
-6.068911196852733170e+00
-6.553729679114959517e+00
-6.553729679114959517e+00
-6.329134363061383439e+00
-6.329134363061383439e+00
-6.322241194161584588e+00
-6.322241194161584588e+00
-6.322241194161584588e+00
-6.322241194161584588e+00
-6.377697446834060813e+00
-6.377697446834060813e+00
-6.377697446834060813e+00
-6.377697446834060813e+00
-6.224798654734973624e+00
-6.224798654734973624e+00
-6.561476231533071690e+00
-6.419562472895955274e+00
-6.419562472895955274e+00
-6.419562472895955274e+00
-6.442588784270714797e+00
-6.444368490069591004e+00
-6.444368490069591004e+00
-6.444368490069591004e+00
-6.444368490069591004e+00
-6.444368490069591004e+00
-6.586352908132636408e+00
-6.586352908132636408e+00
-6.537731017482895979e+00
-6.537731017482895979e+00
-6.537731017482895979e+00
-6.356131734173338543e+00
-6.356131734173338543e+00
-6.509685151663609837e+00
-6.554903993187169320e+00
-6.467259864734189456e+00
-6.467259864734189456e+00
-6.341728152098208504e+00
-6.242610300476190588e+00
-6.242610300476190588e+00
-6.242610300476190588e+00
-6.242610300476190588e+00
-6.337381457735429713e+00
-6.337381457735429713e+00
-6.337381457735429713e+00
-6.337381457735429713e+00
-6.337381457735429713e+00
-6.337381457735429713e+00
-6.337381457735429713e+00
-6.286867262072590279e+00
-6.290917186846468390e+00
-6.072393111015596645e+00
-6.340609453832214193e+00
-6.340609453832214193e+00
-6.340609453832214193e+00
-6.340609453832214193e+00
-6.340609453832214193e+00
-6.152401462795629605e+00
-6.118613492918287378e+00
-6.118613492918287378e+00
-6.118613492918287378e+00
-6.118613492918287378e+00
-6.118613492918287378e+00
-6.118613492918287378e+00
-6.118613492918287378e+00
-6.118613492918287378e+00
-6.118613492918287378e+00
-6.330149579458437259e+00
-6.330149579458437259e+00
-6.227560298620628210e+00
-6.227560298620628210e+00
-6.375170118722131463e+00
-6.375170118722131463e+00
-6.375170118722131463e+00
-6.543001298922653142e+00
-6.584866780851812429e+00
-6.584866780851812429e+00
-6.584866780851812429e+00
-6.585835954655196112e+00
-6.585835954655196112e+00
-6.585835954655196112e+00
-6.585835954655196112e+00
-6.585835954655196112e+00
-6.585835954655196112e+00
-6.585835954655196112e+00
-6.585835954655196112e+00
-6.679371711628842689e+00
-6.679371711628842689e+00
-6.679371711628842689e+00
-6.679371711628842689e+00
-6.679371711628842689e+00
-6.679371711628842689e+00
-6.679371711628842689e+00
-6.679371711628842689e+00
-6.679371711628842689e+00
-6.679371711628842689e+00
-6.619741082419400513e+00
-6.619741082419400513e+00
-6.667936281309984281e+00
-6.667936281309984281e+00
-6.667936281309984281e+00
-6.667936281309984281e+00
-6.667936281309984281e+00
-6.667936281309984281e+00
-6.667936281309984281e+00
-6.667936281309984281e+00
-6.667936281309984281e+00
-6.568429574911726299e+00
-6.568429574911726299e+00
-6.568429574911726299e+00
-6.568429574911726299e+00
-6.704031395410716243e+00
-6.704031395410716243e+00
-6.704031395410716243e+00
-6.704031395410716243e+00
-6.556011750638826463e+00
-6.446987903368859740e+00
-6.446987903368859740e+00
-6.446987903368859740e+00
-6.446987903368859740e+00
-6.446987903368859740e+00
-6.690892844993342692e+00
-6.641881187832833433e+00
-6.641881187832833433e+00
-6.641881187832833433e+00
-6.641881187832833433e+00
-6.641881187832833433e+00
-6.641881187832833433e+00
-6.208921709662413413e+00
-6.181878295956788172e+00
-6.181878295956788172e+00
-6.181878295956788172e+00
-6.181878295956788172e+00
-6.623553956215969762e+00
-6.693997301061568095e+00
-6.693997301061568095e+00
-6.664676374504716172e+00
-6.664676374504716172e+00
-6.664676374504716172e+00
-6.426989462361964556e+00
-6.426989462361964556e+00
-6.432854650581315781e+00
-6.432854650581315781e+00
-6.432854650581315781e+00
-6.432854650581315781e+00
-6.432854650581315781e+00
-6.415966136049813251e+00
-6.415966136049813251e+00
-6.415966136049813251e+00
-6.415966136049813251e+00
-6.415966136049813251e+00
-6.476779284942217885e+00
-6.476779284942217885e+00
-6.476779284942217885e+00
-6.389835824474094039e+00
-6.504246199336152223e+00
-6.653878702488273511e+00
-6.653878702488273511e+00
-6.653878702488273511e+00
-6.653878702488273511e+00
-6.466955801269063997e+00
-6.701707384098555487e+00
-6.701707384098555487e+00
-6.701707384098555487e+00
-6.701707384098555487e+00
-6.701707384098555487e+00
-6.701707384098555487e+00
-6.701707384098555487e+00
-6.628739446344612318e+00
-6.628739446344612318e+00
-6.531838021360437452e+00
-6.428631040379832129e+00
-6.428631040379832129e+00
-6.535300333230946279e+00
-6.535300333230946279e+00
-6.535300333230946279e+00
-6.535300333230946279e+00
-6.535300333230946279e+00
-6.535300333230946279e+00
-6.535300333230946279e+00
-6.535300333230946279e+00
-6.535300333230946279e+00
-6.535300333230946279e+00
-6.582529549388994816e+00
-6.472383356914921393e+00
-6.472383356914921393e+00
-6.472383356914921393e+00
-6.472383356914921393e+00
-6.235087578884729531e+00
-6.235087578884729531e+00
-6.235087578884729531e+00
-6.202195388181259261e+00
-6.202195388181259261e+00
-6.248516972616570797e+00
-6.667190026598723840e+00
-6.667190026598723840e+00
-6.667190026598723840e+00
-6.821242618743137420e+00
-6.790388610577263506e+00
-6.790388610577263506e+00
-6.790388610577263506e+00
-6.790388610577263506e+00
-6.790388610577263506e+00
-6.790388610577263506e+00
-6.790388610577263506e+00
-6.373348929002225383e+00
-6.373348929002225383e+00
-6.443397492797150683e+00
-6.296704421763665849e+00
-6.178789339375541090e+00
-6.411934445966497975e+00
-6.411934445966497975e+00
-6.411934445966497975e+00
-6.411934445966497975e+00
-6.411934445966497975e+00
-6.411934445966497975e+00
-6.411934445966497975e+00
-6.411934445966497975e+00
-6.411934445966497975e+00
-6.411934445966497975e+00
-6.411934445966497975e+00
-6.411934445966497975e+00
-6.411934445966497975e+00
-6.411934445966497975e+00
-6.411934445966497975e+00
-6.411934445966497975e+00
-6.686157751721587772e+00
-6.566880993815725986e+00
-6.513619286152418475e+00
-6.513619286152418475e+00
-6.768429940334924844e+00
-6.768429940334924844e+00
-6.768429940334924844e+00
-6.658853126073657869e+00
-6.658853126073657869e+00
-6.658853126073657869e+00
-6.658853126073657869e+00
-6.712561127788477577e+00
-6.712561127788477577e+00
-6.712561127788477577e+00
-7.002152174882176894e+00
-7.002152174882176894e+00
-7.002152174882176894e+00
-7.002152174882176894e+00
-7.002152174882176894e+00
-7.002152174882176894e+00
-6.972418232584089992e+00
-6.956692179575932222e+00
-6.940022481331177495e+00
-6.347905609393438731e+00
-6.343414405107953513e+00
-6.343414405107953513e+00
-6.364934075175005646e+00
-6.364934075175005646e+00
-7.133369919902735390e+00
-6.575996971495064791e+00
-6.575996971495064791e+00
-6.575996971495064791e+00
-6.575996971495064791e+00
-6.575996971495064791e+00
-6.575996971495064791e+00
-6.575996971495064791e+00
-6.568975248026801772e+00
-6.568975248026801772e+00
-6.568975248026801772e+00
-6.911631523993000847e+00
-6.672930763054988113e+00
-6.657950053023562020e+00
-6.697052523465274909e+00
-6.697052523465274909e+00
-6.697052523465274909e+00
-6.697052523465274909e+00
-6.697052523465274909e+00
-6.697052523465274909e+00
-6.697052523465274909e+00
-6.697052523465274909e+00
-6.697052523465274909e+00
-6.697052523465274909e+00
-6.697052523465274909e+00
-6.697052523465274909e+00
-6.697052523465274909e+00
-6.697052523465274909e+00
-6.771830254257523052e+00
-6.846166705538164088e+00
-6.846166705538164088e+00
-6.846166705538164088e+00
-6.846166705538164088e+00
-6.846166705538164088e+00
-6.846166705538164088e+00
-6.846166705538164088e+00
-6.846166705538164088e+00
-6.846166705538164088e+00
-6.846166705538164088e+00
-6.846166705538164088e+00
-6.846166705538164088e+00
-6.805221163747870783e+00
-6.299487947277994770e+00
-6.299487947277994770e+00
-6.271176766711028527e+00
-6.271176766711028527e+00
-6.271176766711028527e+00
-6.271176766711028527e+00
-6.271176766711028527e+00
-6.271176766711028527e+00
-6.271176766711028527e+00
-6.271176766711028527e+00
-6.271176766711028527e+00
-6.271176766711028527e+00
-6.397755606452547816e+00
-6.734482872782427521e+00
-6.734482872782427521e+00
-6.734482872782427521e+00
-6.483693879603427135e+00
-6.483693879603427135e+00
-6.423131457706253933e+00
-6.423131457706253933e+00
-6.269317284140941915e+00
-6.269317284140941915e+00
-6.126393779513940707e+00
-6.126393779513940707e+00
-6.126393779513940707e+00
-6.126393779513940707e+00
-6.108068371366131899e+00
-6.108068371366131899e+00
-6.108068371366131899e+00
-6.323886419117564550e+00
-6.323886419117564550e+00
-6.032620059828457393e+00
-6.032620059828457393e+00
-6.032620059828457393e+00
-6.032620059828457393e+00
-6.306177343510760203e+00
-6.306177343510760203e+00
-6.306177343510760203e+00
-5.897581235400576993e+00
-6.087727574043929835e+00
-6.087727574043929835e+00
-6.087727574043929835e+00
-6.087727574043929835e+00
-6.038310195018410376e+00
-6.038310195018410376e+00
-6.038310195018410376e+00
-6.038310195018410376e+00
-6.461534627764903504e+00
-6.461534627764903504e+00
-6.461534627764903504e+00
-6.586955108788455249e+00
-6.586955108788455249e+00
-6.586955108788455249e+00
-6.586955108788455249e+00
-6.586955108788455249e+00
-6.586955108788455249e+00
-6.586955108788455249e+00
-6.513988994503567831e+00
-6.513988994503567831e+00
-6.513988994503567831e+00
-6.513988994503567831e+00
-6.513988994503567831e+00
-6.604645949704696761e+00
-6.595878254615097802e+00
-6.521249136550932413e+00
-6.549500142639042899e+00
-6.549500142639042899e+00
-6.549500142639042899e+00
-6.549500142639042899e+00
-6.452192995789857832e+00
-6.452192995789857832e+00
-6.452192995789857832e+00
-6.452192995789857832e+00
-6.452192995789857832e+00
-6.452192995789857832e+00
-6.561346765230079647e+00
-6.561346765230079647e+00
-6.561346765230079647e+00
-6.561346765230079647e+00
-6.561346765230079647e+00
-6.561346765230079647e+00
-6.561346765230079647e+00
-6.561346765230079647e+00
-6.561346765230079647e+00
-6.561346765230079647e+00
-6.561346765230079647e+00
-6.561346765230079647e+00
-6.561346765230079647e+00
-6.561346765230079647e+00
-6.561346765230079647e+00
-6.561346765230079647e+00
-6.561346765230079647e+00
-6.561346765230079647e+00
-6.561346765230079647e+00
-6.459100296574842304e+00
-6.459100296574842304e+00
-6.459100296574842304e+00
-6.459100296574842304e+00
-6.459100296574842304e+00
-6.459100296574842304e+00
-6.459100296574842304e+00
-6.459100296574842304e+00
-6.459100296574842304e+00
-6.426230443367310308e+00
-6.239747454057915199e+00
-6.239747454057915199e+00
-6.239747454057915199e+00
-6.876196505690623795e+00
-7.012609769919634140e+00
-7.012609769919634140e+00
-7.012609769919634140e+00
-7.012609769919634140e+00
-7.012609769919634140e+00
-7.012609769919634140e+00
-7.012609769919634140e+00
-7.012609769919634140e+00
-6.822743789643675782e+00
-6.822743789643675782e+00
-6.822743789643675782e+00
-6.961504314415313033e+00
-6.961504314415313033e+00
-6.961504314415313033e+00
-6.961504314415313033e+00
-6.961504314415313033e+00
-6.961504314415313033e+00
-6.961504314415313033e+00
-6.961504314415313033e+00
-6.961504314415313033e+00
-6.667489987258472972e+00
-6.761604239790206528e+00
-6.761604239790206528e+00
-6.761604239790206528e+00
-6.761604239790206528e+00
-6.309502439334789159e+00
-6.309502439334789159e+00
-6.346629181054080249e+00
-6.346629181054080249e+00
-6.346629181054080249e+00
-6.346629181054080249e+00
-6.346629181054080249e+00
-6.089154894447690758e+00
-6.089154894447690758e+00
-6.089154894447690758e+00
-6.089154894447690758e+00
-6.089154894447690758e+00
-6.089154894447690758e+00
-6.089154894447690758e+00
-6.089154894447690758e+00
-6.089154894447690758e+00
-6.089154894447690758e+00
-6.277828781828141302e+00
-6.058161846766280334e+00
-6.058161846766280334e+00
-6.061609115017075666e+00
-6.033317080875199245e+00
-6.074666065194182174e+00
-6.074666065194182174e+00
-6.074666065194182174e+00
-6.074666065194182174e+00
-6.074666065194182174e+00
-6.074666065194182174e+00
-5.954509027601427640e+00
-5.954509027601427640e+00
-5.954509027601427640e+00
-5.954509027601427640e+00
-5.954509027601427640e+00
-5.981450782907168140e+00
-5.981450782907168140e+00
-5.981450782907168140e+00
-5.898423222237289210e+00
-6.005386093606456477e+00
-6.792092642410307413e+00
-6.792092642410307413e+00
-6.792092642410307413e+00
-6.792092642410307413e+00
-6.792092642410307413e+00
-6.792092642410307413e+00
-6.587600160967094887e+00
-6.587600160967094887e+00
-6.587600160967094887e+00
-6.583046046999170287e+00
-6.583046046999170287e+00
-6.583046046999170287e+00
-6.583046046999170287e+00
-6.583046046999170287e+00
-6.583046046999170287e+00
-6.583046046999170287e+00
-6.797954183691546248e+00
-6.808293253240347731e+00
-6.615751787991642097e+00
-6.615751787991642097e+00
-6.615751787991642097e+00
-6.615751787991642097e+00
-6.615751787991642097e+00
-6.615751787991642097e+00
-6.725601666744078777e+00
-6.725601666744078777e+00
-6.725601666744078777e+00
-6.675982794387846475e+00
-6.675982794387846475e+00
-6.675982794387846475e+00
-6.662217882349659170e+00
-6.662217882349659170e+00
-6.662217882349659170e+00
-6.485235166823202668e+00
-6.485235166823202668e+00
-6.485235166823202668e+00
-6.485235166823202668e+00
-6.485235166823202668e+00
-6.485235166823202668e+00
-6.384795756002684897e+00
-6.579786140193902177e+00
-6.579786140193902177e+00
-6.579786140193902177e+00
-6.579786140193902177e+00
-6.579786140193902177e+00
-6.360811211638878859e+00
-6.360811211638878859e+00
-6.370263619359090690e+00
-6.370263619359090690e+00
-6.370263619359090690e+00
-6.370263619359090690e+00
-6.370263619359090690e+00
-6.555425049469985943e+00
-6.555425049469985943e+00
-6.555425049469985943e+00
-6.555425049469985943e+00
-6.555425049469985943e+00
-6.352559558292191433e+00
-6.182591728225036221e+00
-6.182591728225036221e+00
-6.182591728225036221e+00
-6.268363609824535665e+00
-6.282424835584359712e+00
-6.282424835584359712e+00
-6.282424835584359712e+00
-6.356814623334895664e+00
-6.356814623334895664e+00
-6.356814623334895664e+00
-6.356814623334895664e+00
-6.408348594067429183e+00
-6.390700604674008467e+00
-6.390700604674008467e+00
-6.390700604674008467e+00
-6.518253632758816529e+00
-6.518253632758816529e+00
-6.343602222420744674e+00
-6.343602222420744674e+00
-6.343602222420744674e+00
-6.343602222420744674e+00
-6.343602222420744674e+00
-6.343602222420744674e+00
-6.343602222420744674e+00
-6.343602222420744674e+00
-6.343602222420744674e+00
-6.343602222420744674e+00
-6.348944075020959588e+00
-6.348944075020959588e+00
-6.348944075020959588e+00
-6.348944075020959588e+00
-6.348944075020959588e+00
-6.348944075020959588e+00
-6.348944075020959588e+00
-6.348944075020959588e+00
-6.348944075020959588e+00
-6.348944075020959588e+00
-6.297017602574072725e+00
-6.260139764380956429e+00
-6.260139764380956429e+00
-6.260139764380956429e+00
-6.260139764380956429e+00
-6.220874093458711229e+00
-6.220874093458711229e+00
-6.220874093458711229e+00
-6.194812161972599540e+00
-6.194812161972599540e+00
-6.194812161972599540e+00
-6.194812161972599540e+00
-6.194812161972599540e+00
-6.194812161972599540e+00
-6.445097877692082200e+00
-6.445097877692082200e+00
-6.445097877692082200e+00
-6.445097877692082200e+00
-6.445097877692082200e+00
-6.445097877692082200e+00
-6.492443795869728085e+00
-6.492443795869728085e+00
-6.492443795869728085e+00
-6.435520106474254654e+00
-6.435520106474254654e+00
-6.578562136589910736e+00
-6.695490722218616853e+00
-6.695490722218616853e+00
-6.695490722218616853e+00
-6.695490722218616853e+00
-6.534513050465920792e+00
-6.534513050465920792e+00
-6.390554271282247178e+00
-5.987901760560832010e+00
-5.987901760560832010e+00
-5.987901760560832010e+00
-5.987901760560832010e+00
-6.168778038389596041e+00
-6.168778038389596041e+00
-6.168778038389596041e+00
-6.045593130428978057e+00
-6.045593130428978057e+00
-6.146048496603737199e+00
-6.146048496603737199e+00
-6.146048496603737199e+00
-6.146048496603737199e+00
-6.282529229187828079e+00
-6.336160645202285835e+00
-6.336160645202285835e+00
-6.600442853530095633e+00
-6.364243892137224634e+00
-6.364243892137224634e+00
-6.730888359405342136e+00
-6.730888359405342136e+00
-6.730888359405342136e+00
-6.730888359405342136e+00
-6.730888359405342136e+00
-6.730888359405342136e+00
-6.629028010322760345e+00
-6.350368660221135997e+00
-6.350368660221135997e+00
-6.350368660221135997e+00
-6.350368660221135997e+00
-6.398977330720219570e+00
-6.398977330720219570e+00
-6.398977330720219570e+00
-6.377381986687333359e+00
-6.258729311065965639e+00
-6.258729311065965639e+00
-6.258729311065965639e+00
-6.258729311065965639e+00
-6.258729311065965639e+00
-6.258729311065965639e+00
-6.258729311065965639e+00
-6.258729311065965639e+00
-6.258729311065965639e+00
-6.258729311065965639e+00
-6.258729311065965639e+00
-6.258729311065965639e+00
-6.258729311065965639e+00
-6.258729311065965639e+00
-6.677653092043349226e+00
-6.677653092043349226e+00
-6.634172472397637854e+00
-6.634172472397637854e+00
-6.641949567922441844e+00
-6.763067117840564357e+00
-6.707810535029744337e+00
-6.719818534632257645e+00
-6.719818534632257645e+00
-6.839108968556041113e+00
-6.839108968556041113e+00
-6.839108968556041113e+00
-6.839108968556041113e+00
-6.839108968556041113e+00
-6.839108968556041113e+00
-6.820742076487203320e+00
-6.820742076487203320e+00
-6.820742076487203320e+00
-6.820742076487203320e+00
-6.820742076487203320e+00
-6.820742076487203320e+00
-6.820742076487203320e+00
-6.820742076487203320e+00
-6.820742076487203320e+00
-6.820742076487203320e+00
-6.820742076487203320e+00
-6.820742076487203320e+00
-6.437142993934295454e+00
-6.621980302420445774e+00
-6.621980302420445774e+00
-6.621980302420445774e+00
-6.621980302420445774e+00
-6.523358434381721693e+00
-6.523358434381721693e+00
-6.523358434381721693e+00
-6.523358434381721693e+00
-6.523358434381721693e+00
-6.523358434381721693e+00
-6.523358434381721693e+00
-6.523358434381721693e+00
-6.618187486783495999e+00
-6.618187486783495999e+00
-6.573491980879073715e+00
-6.573491980879073715e+00
-6.573491980879073715e+00
-6.573491980879073715e+00
-6.573491980879073715e+00
-6.573491980879073715e+00
-6.573491980879073715e+00
-6.573491980879073715e+00
-6.573491980879073715e+00
-6.573491980879073715e+00
-6.573491980879073715e+00
-6.573491980879073715e+00
-6.573491980879073715e+00
-6.573491980879073715e+00
-6.573491980879073715e+00
-6.573491980879073715e+00
-6.573491980879073715e+00
-6.573491980879073715e+00
-6.573491980879073715e+00
-7.053673837198581431e+00
-7.053673837198581431e+00
-7.053673837198581431e+00
-7.053673837198581431e+00
-7.053673837198581431e+00
-6.554678338891461564e+00
-6.554678338891461564e+00
-6.559109368698090137e+00
-6.559109368698090137e+00
-6.353128936504997881e+00
-6.353128936504997881e+00
-6.353128936504997881e+00
-6.353128936504997881e+00
-6.353128936504997881e+00
-6.353128936504997881e+00
-6.469789472182439383e+00
-6.469789472182439383e+00
-6.469789472182439383e+00
-6.665835644957211592e+00
-6.665835644957211592e+00
-6.337068732792286774e+00
-6.337068732792286774e+00
-6.046060850241899765e+00
-6.046060850241899765e+00
-6.046060850241899765e+00
-6.046060850241899765e+00
-6.005055589840015529e+00
-6.005055589840015529e+00
-6.005055589840015529e+00
-6.345671403932297672e+00
-6.345671403932297672e+00
-6.345671403932297672e+00
-6.336423680613647136e+00
-6.336423680613647136e+00
-6.336423680613647136e+00
-6.336423680613647136e+00
-6.157918824292504922e+00
-6.182629109340688878e+00
-6.182629109340688878e+00
-6.182629109340688878e+00
-6.182629109340688878e+00
-6.182629109340688878e+00
-6.182629109340688878e+00
-6.182629109340688878e+00
-6.182629109340688878e+00
-6.182629109340688878e+00
-6.182629109340688878e+00
-6.182629109340688878e+00
-6.182629109340688878e+00
-6.088292849451359956e+00
-6.120867756539047022e+00
-6.120867756539047022e+00
-6.082913159868229336e+00
-6.311564782837380427e+00
-6.311564782837380427e+00
-6.311564782837380427e+00
-6.311564782837380427e+00
-6.150772649061154951e+00
-6.150772649061154951e+00
-6.018291239984632668e+00
-6.018291239984632668e+00
-6.018291239984632668e+00
-6.018291239984632668e+00
-6.018291239984632668e+00
-6.018291239984632668e+00
-6.205603451847346186e+00
-6.205603451847346186e+00
-6.205603451847346186e+00
-6.311254793097822002e+00
-6.311254793097822002e+00
-6.311254793097822002e+00
-6.311254793097822002e+00
-6.311254793097822002e+00
-6.311254793097822002e+00
-6.311254793097822002e+00
-6.311254793097822002e+00
-6.322471862997196546e+00
-6.188165617262655793e+00
-6.144315289265794178e+00
-6.052826832175026261e+00
-6.052826832175026261e+00
-6.052826832175026261e+00
-6.072047563629442202e+00
-6.072047563629442202e+00
-6.072047563629442202e+00
-6.367605457342377484e+00
-6.367605457342377484e+00
-6.367605457342377484e+00
-6.383873080660234400e+00
-6.383873080660234400e+00
-6.611938914195072847e+00
-6.611938914195072847e+00
-6.611938914195072847e+00
-6.611938914195072847e+00
-6.414111668019631729e+00
-6.269496439975716484e+00
-6.413367692644691864e+00
-6.413367692644691864e+00
-6.413367692644691864e+00
-6.413367692644691864e+00
-6.413367692644691864e+00
-6.191851304092552688e+00
-6.191851304092552688e+00
-6.191851304092552688e+00
-6.191851304092552688e+00
-6.191851304092552688e+00
-6.191851304092552688e+00
-6.191851304092552688e+00
-6.191851304092552688e+00
