# Variable: dg_gbsa_00000026
# Sample shape: (2000,)
# Date: 2014-03-03 06:24:05.288367
-1.425884193945569089e+00
-1.425884193945569089e+00
-1.425884193945569089e+00
-1.425884193945569089e+00
-1.425884193945569089e+00
-1.425884193945569089e+00
-1.425884193945569089e+00
-1.425884193945569089e+00
-1.425884193945569089e+00
-1.425884193945569089e+00
-1.425884193945569089e+00
-1.425884193945569089e+00
-9.256335221102770516e-01
-9.256335221102770516e-01
-9.256335221102770516e-01
-9.256335221102770516e-01
-9.256335221102770516e-01
-9.256335221102770516e-01
-9.256335221102770516e-01
-9.256335221102770516e-01
-9.256335221102770516e-01
-9.256335221102770516e-01
-9.256335221102770516e-01
-9.091294176491906409e-01
-9.091294176491906409e-01
-9.091294176491906409e-01
-9.091294176491906409e-01
-9.091294176491906409e-01
-9.091294176491906409e-01
-9.091294176491906409e-01
-9.091294176491906409e-01
-9.091294176491906409e-01
-9.091294176491906409e-01
-1.083604350372664449e+00
-1.083604350372664449e+00
-1.083604350372664449e+00
-1.083604350372664449e+00
-1.083604350372664449e+00
-1.083604350372664449e+00
-1.083604350372664449e+00
-1.083604350372664449e+00
-1.083604350372664449e+00
-1.083604350372664449e+00
-1.083604350372664449e+00
-1.083604350372664449e+00
-1.095666940080048279e+00
-1.095666940080048279e+00
-1.095666940080048279e+00
-1.095666940080048279e+00
-1.095666940080048279e+00
-1.095666940080048279e+00
-1.095666940080048279e+00
-1.095666940080048279e+00
-1.095666940080048279e+00
-1.095666940080048279e+00
-1.095666940080048279e+00
-1.087335965829415274e+00
-1.087335965829415274e+00
-3.579436137161108866e-01
-3.579436137161108866e-01
-3.579436137161108866e-01
-3.579436137161108866e-01
-3.579436137161108866e-01
-3.579436137161108866e-01
-3.579436137161108866e-01
-3.579436137161108866e-01
-3.579436137161108866e-01
-3.579436137161108866e-01
-3.579436137161108866e-01
-3.579436137161108866e-01
-3.579436137161108866e-01
-3.579436137161108866e-01
-3.579436137161108866e-01
-3.579436137161108866e-01
-3.579436137161108866e-01
-3.579436137161108866e-01
-3.579436137161108866e-01
-3.579436137161108866e-01
-3.579436137161108866e-01
-5.748174500510979668e-01
-5.748174500510979668e-01
-5.748174500510979668e-01
-5.748174500510979668e-01
-5.748174500510979668e-01
-5.748174500510979668e-01
-5.748174500510979668e-01
-5.748174500510979668e-01
-5.748174500510979668e-01
-5.748174500510979668e-01
-5.250161738058348737e-01
-5.250161738058348737e-01
-5.250161738058348737e-01
-5.250161738058348737e-01
-5.250161738058348737e-01
-5.250161738058348737e-01
-5.250161738058348737e-01
-5.250161738058348737e-01
-5.250161738058348737e-01
-5.250161738058348737e-01
-5.250161738058348737e-01
-5.250161738058348737e-01
-5.250161738058348737e-01
-5.250161738058348737e-01
-5.250161738058348737e-01
-5.250161738058348737e-01
-5.250161738058348737e-01
-5.250161738058348737e-01
-5.250161738058348737e-01
-5.250161738058348737e-01
-5.250161738058348737e-01
-5.250161738058348737e-01
-5.250161738058348737e-01
-5.250161738058348737e-01
-5.250161738058348737e-01
-5.250161738058348737e-01
-5.250161738058348737e-01
-5.250161738058348737e-01
-5.250161738058348737e-01
-5.250161738058348737e-01
-5.250161738058348737e-01
-5.250161738058348737e-01
-5.250161738058348737e-01
-5.250161738058348737e-01
-5.250161738058348737e-01
-5.250161738058348737e-01
-5.250161738058348737e-01
-5.250161738058348737e-01
-5.250161738058348737e-01
-5.250161738058348737e-01
-5.250161738058348737e-01
-5.250161738058348737e-01
-5.250161738058348737e-01
-5.250161738058348737e-01
-5.250161738058348737e-01
-5.250161738058348737e-01
-5.250161738058348737e-01
-5.250161738058348737e-01
-5.250161738058348737e-01
-5.250161738058348737e-01
-5.250161738058348737e-01
-5.250161738058348737e-01
-5.250161738058348737e-01
-5.250161738058348737e-01
-5.250161738058348737e-01
-5.250161738058348737e-01
-5.250161738058348737e-01
-5.250161738058348737e-01
-5.250161738058348737e-01
-5.250161738058348737e-01
-5.250161738058348737e-01
-5.250161738058348737e-01
-5.250161738058348737e-01
-5.250161738058348737e-01
-5.250161738058348737e-01
-5.250161738058348737e-01
-5.250161738058348737e-01
-5.250161738058348737e-01
-5.250161738058348737e-01
-5.250161738058348737e-01
-5.250161738058348737e-01
-5.250161738058348737e-01
-5.250161738058348737e-01
-5.250161738058348737e-01
-5.250161738058348737e-01
-5.250161738058348737e-01
-5.250161738058348737e-01
-5.250161738058348737e-01
-5.250161738058348737e-01
-5.250161738058348737e-01
-5.250161738058348737e-01
-5.250161738058348737e-01
-5.250161738058348737e-01
-5.250161738058348737e-01
-5.250161738058348737e-01
-5.250161738058348737e-01
-5.250161738058348737e-01
-5.250161738058348737e-01
-5.250161738058348737e-01
-5.250161738058348737e-01
-5.250161738058348737e-01
-5.250161738058348737e-01
-5.250161738058348737e-01
-5.250161738058348737e-01
-5.250161738058348737e-01
-5.250161738058348737e-01
-5.250161738058348737e-01
-5.250161738058348737e-01
-5.250161738058348737e-01
-5.250161738058348737e-01
-5.250161738058348737e-01
-5.250161738058348737e-01
-5.250161738058348737e-01
-5.250161738058348737e-01
-5.250161738058348737e-01
-5.250161738058348737e-01
-5.250161738058348737e-01
-5.250161738058348737e-01
-5.250161738058348737e-01
-5.250161738058348737e-01
-5.250161738058348737e-01
-5.250161738058348737e-01
-5.231519046294756947e-01
-5.231519046294756947e-01
-5.231519046294756947e-01
-5.231519046294756947e-01
-5.231519046294756947e-01
-5.231519046294756947e-01
-5.231519046294756947e-01
-5.231519046294756947e-01
-5.603119816424513289e-01
-5.603119816424513289e-01
-5.603119816424513289e-01
-5.603119816424513289e-01
-5.603119816424513289e-01
-5.603119816424513289e-01
-5.603119816424513289e-01
-5.603119816424513289e-01
-5.603119816424513289e-01
-5.603119816424513289e-01
-5.603119816424513289e-01
-5.603119816424513289e-01
-5.603119816424513289e-01
-5.603119816424513289e-01
-5.603119816424513289e-01
-5.603119816424513289e-01
-5.603119816424513289e-01
-5.603119816424513289e-01
-5.603119816424513289e-01
-5.603119816424513289e-01
-5.603119816424513289e-01
-5.603119816424513289e-01
-3.807770932381741025e-01
-3.807770932381741025e-01
-3.807770932381741025e-01
-3.807770932381741025e-01
-3.807770932381741025e-01
-3.807770932381741025e-01
-3.807770932381741025e-01
-3.807770932381741025e-01
-3.807770932381741025e-01
-3.807770932381741025e-01
-3.807770932381741025e-01
-3.807770932381741025e-01
-3.807770932381741025e-01
-3.807770932381741025e-01
-3.807770932381741025e-01
-3.807770932381741025e-01
-3.807770932381741025e-01
-3.807770932381741025e-01
-3.807770932381741025e-01
-3.807770932381741025e-01
-3.807770932381741025e-01
-3.807770932381741025e-01
-3.807770932381741025e-01
-3.807770932381741025e-01
-3.807770932381741025e-01
-3.807770932381741025e-01
-3.807770932381741025e-01
-3.807770932381741025e-01
-3.807770932381741025e-01
-4.304789049447608207e-01
-4.304789049447608207e-01
-4.304789049447608207e-01
-4.304789049447608207e-01
-4.304789049447608207e-01
-4.304789049447608207e-01
-4.304789049447608207e-01
-4.304789049447608207e-01
-4.304789049447608207e-01
-4.304789049447608207e-01
-4.304789049447608207e-01
-4.304789049447608207e-01
-4.304789049447608207e-01
-4.304789049447608207e-01
-4.304789049447608207e-01
-4.304789049447608207e-01
-4.304789049447608207e-01
-4.304789049447608207e-01
-4.304789049447608207e-01
-4.304789049447608207e-01
-4.304789049447608207e-01
-4.304789049447608207e-01
-4.304789049447608207e-01
-4.304789049447608207e-01
-4.304789049447608207e-01
-4.304789049447608207e-01
-4.304789049447608207e-01
-4.304789049447608207e-01
-4.304789049447608207e-01
-4.304789049447608207e-01
-4.304789049447608207e-01
-4.304789049447608207e-01
-4.304789049447608207e-01
-4.304789049447608207e-01
-4.304789049447608207e-01
-4.304789049447608207e-01
-4.304789049447608207e-01
-4.304789049447608207e-01
-4.304789049447608207e-01
-4.304789049447608207e-01
-4.304789049447608207e-01
-4.304789049447608207e-01
-4.304789049447608207e-01
-4.304789049447608207e-01
-4.304789049447608207e-01
-4.304789049447608207e-01
-4.304789049447608207e-01
-4.304789049447608207e-01
-4.304789049447608207e-01
-4.304789049447608207e-01
-4.304789049447608207e-01
-4.788342557035485947e-01
-4.788342557035485947e-01
-4.788342557035485947e-01
-4.788342557035485947e-01
-4.788342557035485947e-01
-4.788342557035485947e-01
-4.788342557035485947e-01
-4.788342557035485947e-01
-4.788342557035485947e-01
-4.788342557035485947e-01
-4.788342557035485947e-01
-4.788342557035485947e-01
-4.788342557035485947e-01
-4.788342557035485947e-01
-4.788342557035485947e-01
-4.788342557035485947e-01
-4.788342557035485947e-01
-4.788342557035485947e-01
-4.788342557035485947e-01
-4.788342557035485947e-01
-4.788342557035485947e-01
-4.788342557035485947e-01
-4.788342557035485947e-01
-4.788342557035485947e-01
-4.788342557035485947e-01
-4.788342557035485947e-01
-4.788342557035485947e-01
-4.788342557035485947e-01
-5.742418036634105993e-01
-5.742418036634105993e-01
-5.742418036634105993e-01
-5.742418036634105993e-01
-5.742418036634105993e-01
-5.742418036634105993e-01
-5.742418036634105993e-01
-5.742418036634105993e-01
-1.788067829084669658e-01
-1.788067829084669658e-01
-1.788067829084669658e-01
-1.788067829084669658e-01
-1.788067829084669658e-01
-1.788067829084669658e-01
-1.788067829084669658e-01
-1.788067829084669658e-01
-1.788067829084669658e-01
-1.788067829084669658e-01
-1.788067829084669658e-01
-1.788067829084669658e-01
-1.875491916107629720e-01
-1.875491916107629720e-01
-1.875491916107629720e-01
-1.875491916107629720e-01
-1.875491916107629720e-01
-1.875491916107629720e-01
-3.039497262433199509e-01
-3.039497262433199509e-01
-3.039497262433199509e-01
-3.039497262433199509e-01
-3.039497262433199509e-01
-3.039497262433199509e-01
-3.039497262433199509e-01
-3.039497262433199509e-01
-3.039497262433199509e-01
-3.039497262433199509e-01
-3.039497262433199509e-01
-3.039497262433199509e-01
-3.039497262433199509e-01
-3.039497262433199509e-01
-3.039497262433199509e-01
-3.039497262433199509e-01
-3.039497262433199509e-01
-3.039497262433199509e-01
-3.039497262433199509e-01
-3.039497262433199509e-01
-3.039497262433199509e-01
-3.039497262433199509e-01
-3.039497262433199509e-01
-3.039497262433199509e-01
-3.039497262433199509e-01
-3.039497262433199509e-01
-3.039497262433199509e-01
-3.039497262433199509e-01
-3.039497262433199509e-01
-3.039497262433199509e-01
-3.039497262433199509e-01
-3.039497262433199509e-01
-3.039497262433199509e-01
-3.329376132720742731e-01
-3.716637937790120971e-01
-3.716637937790120971e-01
-3.716637937790120971e-01
-3.716637937790120971e-01
-3.716637937790120971e-01
-3.716637937790120971e-01
-3.716637937790120971e-01
-3.716637937790120971e-01
-3.716637937790120971e-01
-3.716637937790120971e-01
-3.716637937790120971e-01
-3.716637937790120971e-01
-3.716637937790120971e-01
-3.716637937790120971e-01
-3.716637937790120971e-01
-3.716637937790120971e-01
-3.716637937790120971e-01
-3.716637937790120971e-01
-3.716637937790120971e-01
-3.716637937790120971e-01
-3.716637937790120971e-01
-3.716637937790120971e-01
-3.716637937790120971e-01
-3.716637937790120971e-01
-3.716637937790120971e-01
-3.716637937790120971e-01
-3.716637937790120971e-01
-3.716637937790120971e-01
-3.716637937790120971e-01
-3.716637937790120971e-01
-3.716637937790120971e-01
-3.716637937790120971e-01
-3.716637937790120971e-01
-3.716637937790120971e-01
-3.716637937790120971e-01
-3.716637937790120971e-01
-3.716637937790120971e-01
-3.716637937790120971e-01
-3.716637937790120971e-01
-3.716637937790120971e-01
-3.716637937790120971e-01
-3.716637937790120971e-01
-3.716637937790120971e-01
-3.716637937790120971e-01
-3.716637937790120971e-01
-3.716637937790120971e-01
-3.414885149859105407e-01
-3.414885149859105407e-01
-3.414885149859105407e-01
-3.414885149859105407e-01
-3.414885149859105407e-01
-3.414885149859105407e-01
-3.414885149859105407e-01
-3.414885149859105407e-01
-3.414885149859105407e-01
-3.414885149859105407e-01
-3.414885149859105407e-01
-3.414885149859105407e-01
-3.414885149859105407e-01
-3.414885149859105407e-01
-2.132583245720507670e-01
-2.132583245720507670e-01
-2.132583245720507670e-01
-2.132583245720507670e-01
-2.132583245720507670e-01
-2.132583245720507670e-01
-2.132583245720507670e-01
-2.132583245720507670e-01
-2.132583245720507670e-01
-2.132583245720507670e-01
-2.132583245720507670e-01
-2.132583245720507670e-01
-2.132583245720507670e-01
-2.132583245720507670e-01
-2.132583245720507670e-01
-2.132583245720507670e-01
-2.132583245720507670e-01
-2.132583245720507670e-01
-2.132583245720507670e-01
-2.132583245720507670e-01
-2.132583245720507670e-01
-2.132583245720507670e-01
-2.132583245720507670e-01
-2.132583245720507670e-01
-2.132583245720507670e-01
-2.132583245720507670e-01
-2.132583245720507670e-01
-2.132583245720507670e-01
-2.132583245720507670e-01
-2.132583245720507670e-01
-2.367884689945563559e-01
-2.367884689945563559e-01
-2.367884689945563559e-01
-2.367884689945563559e-01
-2.367884689945563559e-01
-2.367884689945563559e-01
-2.367884689945563559e-01
-2.367884689945563559e-01
-2.367884689945563559e-01
-2.367884689945563559e-01
-2.367884689945563559e-01
-2.367884689945563559e-01
-2.367884689945563559e-01
-3.562624607213824013e-01
-3.562624607213824013e-01
-3.562624607213824013e-01
-3.562624607213824013e-01
-3.562624607213824013e-01
-3.562624607213824013e-01
-3.562624607213824013e-01
-3.562624607213824013e-01
-3.562624607213824013e-01
-3.562624607213824013e-01
-3.562624607213824013e-01
-3.562624607213824013e-01
-3.562624607213824013e-01
-3.562624607213824013e-01
-3.562624607213824013e-01
-3.562624607213824013e-01
-3.562624607213824013e-01
-3.562624607213824013e-01
-3.562624607213824013e-01
-3.562624607213824013e-01
-3.562624607213824013e-01
-3.562624607213824013e-01
-3.562624607213824013e-01
-3.562624607213824013e-01
-3.562624607213824013e-01
-3.562624607213824013e-01
-3.562624607213824013e-01
-3.562624607213824013e-01
-3.562624607213824013e-01
-3.562624607213824013e-01
-3.562624607213824013e-01
-3.562624607213824013e-01
-3.562624607213824013e-01
-3.562624607213824013e-01
-3.562624607213824013e-01
-3.562624607213824013e-01
-3.562624607213824013e-01
-3.562624607213824013e-01
-3.562624607213824013e-01
-3.562624607213824013e-01
-3.562624607213824013e-01
-3.562624607213824013e-01
-3.562624607213824013e-01
-3.562624607213824013e-01
-3.562624607213824013e-01
-3.562624607213824013e-01
-3.562624607213824013e-01
-3.562624607213824013e-01
-3.562624607213824013e-01
-3.562624607213824013e-01
-3.562624607213824013e-01
-3.562624607213824013e-01
-3.562624607213824013e-01
-3.562624607213824013e-01
-3.562624607213824013e-01
-3.562624607213824013e-01
-3.562624607213824013e-01
-3.562624607213824013e-01
-3.562624607213824013e-01
-3.562624607213824013e-01
-3.562624607213824013e-01
-3.562624607213824013e-01
-3.562624607213824013e-01
-3.562624607213824013e-01
-3.562624607213824013e-01
-3.562624607213824013e-01
-3.562624607213824013e-01
-3.562624607213824013e-01
-3.562624607213824013e-01
-3.562624607213824013e-01
-3.562624607213824013e-01
-3.562624607213824013e-01
-3.562624607213824013e-01
-3.562624607213824013e-01
-3.562624607213824013e-01
-3.562624607213824013e-01
-3.562624607213824013e-01
-3.562624607213824013e-01
-3.562624607213824013e-01
-3.562624607213824013e-01
-3.562624607213824013e-01
-3.562624607213824013e-01
-3.562624607213824013e-01
-3.562624607213824013e-01
-3.562624607213824013e-01
-3.562624607213824013e-01
-3.562624607213824013e-01
-3.562624607213824013e-01
-3.562624607213824013e-01
-3.562624607213824013e-01
-3.562624607213824013e-01
-3.562624607213824013e-01
-3.562624607213824013e-01
-3.562624607213824013e-01
-3.562624607213824013e-01
-3.562624607213824013e-01
-2.338764174034672905e-01
-2.338764174034672905e-01
-2.338764174034672905e-01
-2.338764174034672905e-01
-2.338764174034672905e-01
-2.338764174034672905e-01
-2.338764174034672905e-01
-2.338764174034672905e-01
-2.338764174034672905e-01
-2.338764174034672905e-01
-2.338764174034672905e-01
-2.338764174034672905e-01
-2.338764174034672905e-01
-2.338764174034672905e-01
-2.338764174034672905e-01
-2.338764174034672905e-01
-2.338764174034672905e-01
-2.338764174034672905e-01
-2.338764174034672905e-01
-2.338764174034672905e-01
-2.338764174034672905e-01
-2.338764174034672905e-01
-2.338764174034672905e-01
-2.338764174034672905e-01
-2.678687725194781599e-01
-2.678687725194781599e-01
-2.678687725194781599e-01
-2.678687725194781599e-01
-2.678687725194781599e-01
-2.678687725194781599e-01
-2.678687725194781599e-01
-2.678687725194781599e-01
-2.678687725194781599e-01
-2.678687725194781599e-01
-2.678687725194781599e-01
-2.678687725194781599e-01
-2.678687725194781599e-01
-2.678687725194781599e-01
-2.678687725194781599e-01
-2.678687725194781599e-01
-2.678687725194781599e-01
-2.678687725194781599e-01
-2.678687725194781599e-01
-2.678687725194781599e-01
-2.678687725194781599e-01
-2.357184630507036804e-01
-2.357184630507036804e-01
-2.357184630507036804e-01
-2.357184630507036804e-01
-2.357184630507036804e-01
-2.357184630507036804e-01
-2.357184630507036804e-01
-2.357184630507036804e-01
-2.357184630507036804e-01
-2.357184630507036804e-01
-2.357184630507036804e-01
-2.357184630507036804e-01
-2.357184630507036804e-01
-2.357184630507036804e-01
-2.357184630507036804e-01
-2.357184630507036804e-01
-2.357184630507036804e-01
-2.357184630507036804e-01
-2.357184630507036804e-01
-2.357184630507036804e-01
-2.357184630507036804e-01
-2.357184630507036804e-01
-2.357184630507036804e-01
-2.357184630507036804e-01
-2.357184630507036804e-01
-2.357184630507036804e-01
-2.357184630507036804e-01
-2.357184630507036804e-01
-2.357184630507036804e-01
-2.357184630507036804e-01
-2.357184630507036804e-01
-2.357184630507036804e-01
-2.357184630507036804e-01
-2.357184630507036804e-01
-2.357184630507036804e-01
-2.357184630507036804e-01
-2.357184630507036804e-01
-2.357184630507036804e-01
-2.357184630507036804e-01
-2.357184630507036804e-01
-2.357184630507036804e-01
-2.357184630507036804e-01
-2.357184630507036804e-01
-2.357184630507036804e-01
-2.357184630507036804e-01
-2.357184630507036804e-01
-2.357184630507036804e-01
-2.357184630507036804e-01
-2.357184630507036804e-01
-2.357184630507036804e-01
-2.357184630507036804e-01
-2.357184630507036804e-01
-2.357184630507036804e-01
-2.357184630507036804e-01
-2.357184630507036804e-01
-2.357184630507036804e-01
-2.357184630507036804e-01
-2.357184630507036804e-01
-2.357184630507036804e-01
-2.357184630507036804e-01
-2.357184630507036804e-01
-2.357184630507036804e-01
-2.357184630507036804e-01
-2.357184630507036804e-01
-2.357184630507036804e-01
-2.357184630507036804e-01
-2.357184630507036804e-01
-2.357184630507036804e-01
-2.357184630507036804e-01
-2.357184630507036804e-01
-2.357184630507036804e-01
-2.357184630507036804e-01
-2.357184630507036804e-01
-2.357184630507036804e-01
-2.357184630507036804e-01
-2.357184630507036804e-01
-2.357184630507036804e-01
-2.357184630507036804e-01
-2.357184630507036804e-01
-2.357184630507036804e-01
-2.357184630507036804e-01
-2.357184630507036804e-01
-2.357184630507036804e-01
-2.357184630507036804e-01
-2.357184630507036804e-01
-2.357184630507036804e-01
-2.357184630507036804e-01
-2.357184630507036804e-01
-2.357184630507036804e-01
-2.357184630507036804e-01
-2.357184630507036804e-01
-1.549291964014903045e-01
-1.549291964014903045e-01
-1.549291964014903045e-01
-1.549291964014903045e-01
-1.549291964014903045e-01
-1.549291964014903045e-01
-1.549291964014903045e-01
-1.549291964014903045e-01
-1.549291964014903045e-01
-1.549291964014903045e-01
-1.549291964014903045e-01
-1.549291964014903045e-01
-1.549291964014903045e-01
-1.549291964014903045e-01
-1.549291964014903045e-01
-1.549291964014903045e-01
-1.549291964014903045e-01
-1.549291964014903045e-01
-1.549291964014903045e-01
-1.549291964014903045e-01
-1.549291964014903045e-01
-1.549291964014903045e-01
-1.549291964014903045e-01
-1.549291964014903045e-01
-1.549291964014903045e-01
-1.549291964014903045e-01
-1.549291964014903045e-01
-1.549291964014903045e-01
-1.549291964014903045e-01
-1.549291964014903045e-01
-1.549291964014903045e-01
-1.549291964014903045e-01
-1.549291964014903045e-01
-1.549291964014903045e-01
-1.549291964014903045e-01
-1.549291964014903045e-01
-1.549291964014903045e-01
-1.549291964014903045e-01
-1.549291964014903045e-01
-1.549291964014903045e-01
-1.549291964014903045e-01
-1.549291964014903045e-01
-1.549291964014903045e-01
-1.549291964014903045e-01
-1.549291964014903045e-01
-1.549291964014903045e-01
-1.549291964014903045e-01
-1.549291964014903045e-01
-1.549291964014903045e-01
-2.201837603266334764e-01
-2.201837603266334764e-01
-2.201837603266334764e-01
-2.201837603266334764e-01
-2.201837603266334764e-01
-2.201837603266334764e-01
-2.201837603266334764e-01
-2.201837603266334764e-01
-2.201837603266334764e-01
-2.201837603266334764e-01
-2.201837603266334764e-01
-2.201837603266334764e-01
-2.201837603266334764e-01
-2.201837603266334764e-01
-2.201837603266334764e-01
-2.201837603266334764e-01
-2.201837603266334764e-01
-2.201837603266334764e-01
-2.201837603266334764e-01
-2.201837603266334764e-01
-2.201837603266334764e-01
-2.201837603266334764e-01
-2.201837603266334764e-01
-2.201837603266334764e-01
-2.201837603266334764e-01
-2.201837603266334764e-01
-2.201837603266334764e-01
-2.201837603266334764e-01
-2.201837603266334764e-01
-2.201837603266334764e-01
-1.717282042448652901e-01
-1.717282042448652901e-01
-1.717282042448652901e-01
-1.717282042448652901e-01
-1.717282042448652901e-01
-1.717282042448652901e-01
-1.717282042448652901e-01
-1.717282042448652901e-01
-1.717282042448652901e-01
-1.717282042448652901e-01
-1.717282042448652901e-01
-1.717282042448652901e-01
-1.717282042448652901e-01
-1.717282042448652901e-01
-1.717282042448652901e-01
-1.717282042448652901e-01
-1.717282042448652901e-01
-1.717282042448652901e-01
-1.717282042448652901e-01
-1.717282042448652901e-01
-1.717282042448652901e-01
-1.717282042448652901e-01
-2.091830849191654573e-01
-2.085622221972244783e-01
-2.085622221972244783e-01
-1.716774035366269713e-01
-1.716774035366269713e-01
-1.716774035366269713e-01
-1.716774035366269713e-01
-1.716774035366269713e-01
-1.716774035366269713e-01
-1.716774035366269713e-01
-1.716774035366269713e-01
-1.716774035366269713e-01
-1.716774035366269713e-01
-1.716774035366269713e-01
-1.716774035366269713e-01
-1.716774035366269713e-01
-1.716774035366269713e-01
-1.716774035366269713e-01
-1.716774035366269713e-01
-1.716774035366269713e-01
-1.716774035366269713e-01
-1.716774035366269713e-01
-1.716774035366269713e-01
-1.716774035366269713e-01
-1.716774035366269713e-01
-1.716774035366269713e-01
-1.716774035366269713e-01
-1.716774035366269713e-01
-1.716774035366269713e-01
-1.716774035366269713e-01
-1.716774035366269713e-01
-1.716774035366269713e-01
-1.716774035366269713e-01
-1.716774035366269713e-01
-1.716774035366269713e-01
-1.716774035366269713e-01
-1.716774035366269713e-01
-1.716774035366269713e-01
-1.716774035366269713e-01
-1.716774035366269713e-01
-1.716774035366269713e-01
-1.716774035366269713e-01
-1.716774035366269713e-01
-1.716774035366269713e-01
-1.716774035366269713e-01
-1.716774035366269713e-01
-1.716774035366269713e-01
-1.716774035366269713e-01
-1.716774035366269713e-01
-1.716774035366269713e-01
-1.716774035366269713e-01
-1.716774035366269713e-01
-1.716774035366269713e-01
-1.716774035366269713e-01
-1.716774035366269713e-01
-1.716774035366269713e-01
-1.716774035366269713e-01
-1.716774035366269713e-01
-1.716774035366269713e-01
-1.716774035366269713e-01
-1.716774035366269713e-01
-1.716774035366269713e-01
-1.716774035366269713e-01
-1.716774035366269713e-01
-1.716774035366269713e-01
-1.716774035366269713e-01
-1.716774035366269713e-01
-1.716774035366269713e-01
-1.716774035366269713e-01
-1.716774035366269713e-01
-1.716774035366269713e-01
-1.716774035366269713e-01
-1.716774035366269713e-01
-1.716774035366269713e-01
-1.716774035366269713e-01
-1.716774035366269713e-01
-1.716774035366269713e-01
-1.716774035366269713e-01
-1.716774035366269713e-01
-1.716774035366269713e-01
-1.716774035366269713e-01
-1.716774035366269713e-01
-1.716774035366269713e-01
-1.716774035366269713e-01
-1.716774035366269713e-01
-1.716774035366269713e-01
-1.716774035366269713e-01
-1.716774035366269713e-01
-1.716774035366269713e-01
-1.716774035366269713e-01
-1.716774035366269713e-01
-1.716774035366269713e-01
-1.716774035366269713e-01
-1.716774035366269713e-01
-1.716774035366269713e-01
-1.716774035366269713e-01
-1.716774035366269713e-01
-1.716774035366269713e-01
-1.716774035366269713e-01
-1.716774035366269713e-01
-1.716774035366269713e-01
-1.716774035366269713e-01
-1.716774035366269713e-01
-1.716774035366269713e-01
-1.716774035366269713e-01
-1.716774035366269713e-01
-1.716774035366269713e-01
-1.716774035366269713e-01
-1.716774035366269713e-01
-1.716774035366269713e-01
-1.241102045398369269e-01
-1.241102045398369269e-01
-1.241102045398369269e-01
-1.241102045398369269e-01
-1.241102045398369269e-01
-1.241102045398369269e-01
-1.241102045398369269e-01
-1.241102045398369269e-01
-1.241102045398369269e-01
-1.241102045398369269e-01
-1.241102045398369269e-01
-1.241102045398369269e-01
-1.241102045398369269e-01
-1.241102045398369269e-01
-1.241102045398369269e-01
-1.241102045398369269e-01
-1.241102045398369269e-01
-1.241102045398369269e-01
-1.241102045398369269e-01
-1.241102045398369269e-01
-1.241102045398369269e-01
-1.241102045398369269e-01
-1.241102045398369269e-01
-1.241102045398369269e-01
-1.241102045398369269e-01
-1.241102045398369269e-01
-1.241102045398369269e-01
-1.241102045398369269e-01
-1.241102045398369269e-01
-1.241102045398369269e-01
-1.241102045398369269e-01
-1.241102045398369269e-01
-1.241102045398369269e-01
-1.241102045398369269e-01
-1.241102045398369269e-01
-1.241102045398369269e-01
-1.241102045398369269e-01
-1.241102045398369269e-01
-1.241102045398369269e-01
-1.241102045398369269e-01
-1.241102045398369269e-01
-1.241102045398369269e-01
-1.241102045398369269e-01
-1.241102045398369269e-01
-1.241102045398369269e-01
-1.241102045398369269e-01
-1.241102045398369269e-01
-1.241102045398369269e-01
-1.241102045398369269e-01
-1.241102045398369269e-01
-1.241102045398369269e-01
-1.241102045398369269e-01
-1.241102045398369269e-01
-1.241102045398369269e-01
-1.241102045398369269e-01
-1.241102045398369269e-01
-1.241102045398369269e-01
-1.241102045398369269e-01
-1.241102045398369269e-01
-1.240018220978074820e-01
-1.240018220978074820e-01
-1.240018220978074820e-01
-1.240018220978074820e-01
-1.240018220978074820e-01
-1.240018220978074820e-01
-1.240018220978074820e-01
-1.240018220978074820e-01
-1.240018220978074820e-01
-1.240018220978074820e-01
-1.240018220978074820e-01
-1.240018220978074820e-01
-1.240018220978074820e-01
-1.240018220978074820e-01
-1.240018220978074820e-01
-1.240018220978074820e-01
-1.240018220978074820e-01
-1.240018220978074820e-01
-1.240018220978074820e-01
-1.240018220978074820e-01
-1.529408885917517558e-01
-1.529408885917517558e-01
-1.529408885917517558e-01
-1.529408885917517558e-01
-1.529408885917517558e-01
-1.529408885917517558e-01
-1.529408885917517558e-01
-1.529408885917517558e-01
-1.529408885917517558e-01
-1.529408885917517558e-01
-1.529408885917517558e-01
-1.529408885917517558e-01
-1.529408885917517558e-01
-1.529408885917517558e-01
-1.529408885917517558e-01
-1.529408885917517558e-01
-1.529408885917517558e-01
-1.529408885917517558e-01
-1.529408885917517558e-01
-1.529408885917517558e-01
-1.529408885917517558e-01
-1.529408885917517558e-01
-1.529408885917517558e-01
-1.529408885917517558e-01
-1.529408885917517558e-01
-1.529408885917517558e-01
-1.529408885917517558e-01
-1.529408885917517558e-01
-1.529408885917517558e-01
-1.529408885917517558e-01
-1.529408885917517558e-01
-1.529408885917517558e-01
-1.529408885917517558e-01
-1.529408885917517558e-01
-1.529408885917517558e-01
-1.529408885917517558e-01
-1.529408885917517558e-01
-1.529408885917517558e-01
-1.529408885917517558e-01
-1.529408885917517558e-01
-1.529408885917517558e-01
-1.529408885917517558e-01
-1.529408885917517558e-01
-1.529408885917517558e-01
-1.529408885917517558e-01
-1.529408885917517558e-01
-1.529408885917517558e-01
-1.529408885917517558e-01
-1.529408885917517558e-01
-1.529408885917517558e-01
-1.529408885917517558e-01
-1.529408885917517558e-01
-1.529408885917517558e-01
-1.529408885917517558e-01
-1.529408885917517558e-01
-1.529408885917517558e-01
-1.529408885917517558e-01
-1.529408885917517558e-01
-1.529408885917517558e-01
-1.529408885917517558e-01
-1.529408885917517558e-01
-1.529408885917517558e-01
-1.529408885917517558e-01
-1.529408885917517558e-01
-1.529408885917517558e-01
-1.445951841301489349e-01
-1.445951841301489349e-01
-1.445951841301489349e-01
-1.445951841301489349e-01
-1.445951841301489349e-01
-1.445951841301489349e-01
-1.445951841301489349e-01
-1.445951841301489349e-01
-1.445951841301489349e-01
-1.445951841301489349e-01
-1.445951841301489349e-01
-1.445951841301489349e-01
-1.445951841301489349e-01
-1.445951841301489349e-01
-1.445951841301489349e-01
-1.445951841301489349e-01
-1.445951841301489349e-01
-1.445951841301489349e-01
-1.445951841301489349e-01
-1.445951841301489349e-01
-1.445951841301489349e-01
-1.445951841301489349e-01
-1.445951841301489349e-01
-1.445951841301489349e-01
-1.445951841301489349e-01
-1.445951841301489349e-01
-1.445951841301489349e-01
-1.445951841301489349e-01
-1.445951841301489349e-01
-1.445951841301489349e-01
-1.445951841301489349e-01
-1.445951841301489349e-01
-1.445951841301489349e-01
-1.445951841301489349e-01
-1.445951841301489349e-01
-1.445951841301489349e-01
-1.445951841301489349e-01
-1.445951841301489349e-01
-1.445951841301489349e-01
-1.445951841301489349e-01
-1.445951841301489349e-01
-1.445951841301489349e-01
-1.445951841301489349e-01
-1.445951841301489349e-01
-1.445951841301489349e-01
-1.445951841301489349e-01
-1.445951841301489349e-01
-1.445951841301489349e-01
-1.445951841301489349e-01
-1.445951841301489349e-01
-1.445951841301489349e-01
-1.445951841301489349e-01
-1.445951841301489349e-01
-1.445951841301489349e-01
-1.445951841301489349e-01
-1.445951841301489349e-01
-1.445951841301489349e-01
-1.445951841301489349e-01
-1.445951841301489349e-01
-1.445951841301489349e-01
-1.445951841301489349e-01
-1.445951841301489349e-01
-1.445951841301489349e-01
-1.445951841301489349e-01
-1.445951841301489349e-01
-1.445951841301489349e-01
-1.445951841301489349e-01
-1.445951841301489349e-01
-1.445951841301489349e-01
-1.445951841301489349e-01
-1.445951841301489349e-01
-1.445951841301489349e-01
-1.445951841301489349e-01
-1.445951841301489349e-01
-1.445951841301489349e-01
-1.445951841301489349e-01
-1.445951841301489349e-01
-1.445951841301489349e-01
-1.445951841301489349e-01
-1.445951841301489349e-01
-1.445951841301489349e-01
-1.445951841301489349e-01
-1.445951841301489349e-01
-1.445951841301489349e-01
-1.445951841301489349e-01
-1.445951841301489349e-01
-1.445951841301489349e-01
-1.445951841301489349e-01
-1.445951841301489349e-01
-1.445951841301489349e-01
-1.445951841301489349e-01
-1.445951841301489349e-01
-1.445951841301489349e-01
-1.445951841301489349e-01
-1.445951841301489349e-01
-1.445951841301489349e-01
-1.445951841301489349e-01
-1.445951841301489349e-01
-1.445951841301489349e-01
-1.445951841301489349e-01
-1.445951841301489349e-01
-1.445951841301489349e-01
-1.445951841301489349e-01
-1.445951841301489349e-01
-1.445951841301489349e-01
-1.445951841301489349e-01
-1.445951841301489349e-01
-1.445951841301489349e-01
-1.445951841301489349e-01
-1.445951841301489349e-01
-1.445951841301489349e-01
-1.445951841301489349e-01
-1.445951841301489349e-01
-1.445951841301489349e-01
-1.445951841301489349e-01
-1.445951841301489349e-01
-1.445951841301489349e-01
-1.445951841301489349e-01
-1.480667130669033882e-01
-1.480667130669033882e-01
-1.480667130669033882e-01
-1.480667130669033882e-01
-1.480667130669033882e-01
-1.480667130669033882e-01
-1.402421503632292066e-01
-1.402421503632292066e-01
-1.402421503632292066e-01
-1.402421503632292066e-01
-1.402421503632292066e-01
-8.698617665535177124e-02
-8.698617665535177124e-02
-8.698617665535177124e-02
-8.465753544129103747e-02
-8.465753544129103747e-02
-8.465753544129103747e-02
-8.465753544129103747e-02
-8.465753544129103747e-02
-8.465753544129103747e-02
-8.465753544129103747e-02
-8.465753544129103747e-02
-8.465753544129103747e-02
-8.465753544129103747e-02
-8.465753544129103747e-02
-8.465753544129103747e-02
-8.465753544129103747e-02
-8.465753544129103747e-02
-8.465753544129103747e-02
-7.898085545855315637e-02
-7.898085545855315637e-02
-7.898085545855315637e-02
-1.543958174566921748e-01
-1.543958174566921748e-01
-1.543958174566921748e-01
-1.543958174566921748e-01
-1.543958174566921748e-01
-1.543958174566921748e-01
-1.543958174566921748e-01
-1.543958174566921748e-01
-1.543958174566921748e-01
-1.543958174566921748e-01
-1.777839877181481565e-01
-1.408149048429602201e-01
-1.408149048429602201e-01
-1.408149048429602201e-01
-1.408149048429602201e-01
-1.408149048429602201e-01
-1.408149048429602201e-01
-1.408149048429602201e-01
-1.408149048429602201e-01
-1.408149048429602201e-01
-1.408149048429602201e-01
-1.408149048429602201e-01
-1.408149048429602201e-01
-1.408149048429602201e-01
-1.408149048429602201e-01
-1.408149048429602201e-01
-1.408149048429602201e-01
-1.027297022009898697e-01
-1.027297022009898697e-01
-1.027297022009898697e-01
-1.027297022009898697e-01
-1.027297022009898697e-01
-1.027297022009898697e-01
-1.027297022009898697e-01
-1.027297022009898697e-01
-1.027297022009898697e-01
-1.027297022009898697e-01
-1.027297022009898697e-01
-1.027297022009898697e-01
-1.027297022009898697e-01
-1.027297022009898697e-01
-1.027297022009898697e-01
-1.027297022009898697e-01
-1.027297022009898697e-01
-1.027297022009898697e-01
-1.027297022009898697e-01
-1.027297022009898697e-01
-1.027297022009898697e-01
-1.027297022009898697e-01
-1.027297022009898697e-01
-1.027297022009898697e-01
-1.027297022009898697e-01
-1.027297022009898697e-01
-1.027297022009898697e-01
-1.027297022009898697e-01
-1.027297022009898697e-01
-1.027297022009898697e-01
-8.544634963540684303e-02
-8.544634963540684303e-02
-8.544634963540684303e-02
-8.544634963540684303e-02
-8.544634963540684303e-02
-8.544634963540684303e-02
-8.544634963540684303e-02
-8.544634963540684303e-02
-8.544634963540684303e-02
-8.544634963540684303e-02
-8.544634963540684303e-02
-8.544634963540684303e-02
-8.544634963540684303e-02
-9.814961092193996706e-02
-9.814961092193996706e-02
-9.814961092193996706e-02
-9.814961092193996706e-02
-9.814961092193996706e-02
-9.814961092193996706e-02
-9.814961092193996706e-02
-9.814961092193996706e-02
-9.814961092193996706e-02
-9.814961092193996706e-02
-9.814961092193996706e-02
-9.814961092193996706e-02
-9.814961092193996706e-02
-9.814961092193996706e-02
-9.814961092193996706e-02
-9.814961092193996706e-02
-9.814961092193996706e-02
-9.814961092193996706e-02
-9.814961092193996706e-02
-9.814961092193996706e-02
-9.814961092193996706e-02
-9.814961092193996706e-02
-9.814961092193996706e-02
-9.814961092193996706e-02
-9.814961092193996706e-02
-9.814961092193996706e-02
-9.814961092193996706e-02
-9.814961092193996706e-02
-9.814961092193996706e-02
-9.814961092193996706e-02
-9.814961092193996706e-02
-9.814961092193996706e-02
-9.814961092193996706e-02
-9.814961092193996706e-02
-9.814961092193996706e-02
-9.814961092193996706e-02
-9.814961092193996706e-02
-9.814961092193996706e-02
-9.814961092193996706e-02
-9.814961092193996706e-02
-9.814961092193996706e-02
-9.814961092193996706e-02
-9.814961092193996706e-02
-9.814961092193996706e-02
-9.814961092193996706e-02
-9.814961092193996706e-02
-1.738547822941329535e-01
-1.738547822941329535e-01
-1.738547822941329535e-01
-1.577649614551099311e-01
-1.577649614551099311e-01
-1.577649614551099311e-01
-1.577649614551099311e-01
-1.577649614551099311e-01
-1.577649614551099311e-01
-1.577649614551099311e-01
-1.577649614551099311e-01
-1.577649614551099311e-01
-1.577649614551099311e-01
-1.577649614551099311e-01
-1.577649614551099311e-01
-1.577649614551099311e-01
-1.577649614551099311e-01
-1.577649614551099311e-01
-1.577649614551099311e-01
-1.577649614551099311e-01
-1.577649614551099311e-01
-1.577649614551099311e-01
-1.577649614551099311e-01
-1.577649614551099311e-01
-1.577649614551099311e-01
-1.577649614551099311e-01
-1.577649614551099311e-01
-1.577649614551099311e-01
-1.577649614551099311e-01
-1.577649614551099311e-01
-1.577649614551099311e-01
-1.577649614551099311e-01
-1.577649614551099311e-01
-2.214576244126314208e-01
-2.214576244126314208e-01
-2.214576244126314208e-01
-2.214576244126314208e-01
-2.214576244126314208e-01
-2.214576244126314208e-01
-2.214576244126314208e-01
-1.948218984995927494e-01
-1.948218984995927494e-01
-1.948218984995927494e-01
-1.948218984995927494e-01
-1.698549031983369872e-01
-1.698549031983369872e-01
-1.698549031983369872e-01
-1.698549031983369872e-01
-1.698549031983369872e-01
-1.698549031983369872e-01
-1.698549031983369872e-01
-7.115786692152514803e-02
-7.115786692152514803e-02
-7.115786692152514803e-02
-7.115786692152514803e-02
-7.115786692152514803e-02
-7.115786692152514803e-02
-7.115786692152514803e-02
-7.115786692152514803e-02
-7.115786692152514803e-02
-7.115786692152514803e-02
-7.115786692152514803e-02
-7.115786692152514803e-02
-7.115786692152514803e-02
-7.115786692152514803e-02
-7.115786692152514803e-02
-7.115786692152514803e-02
-7.115786692152514803e-02
-7.115786692152514803e-02
-7.115786692152514803e-02
-7.115786692152514803e-02
-7.115786692152514803e-02
-7.115786692152514803e-02
-6.573150792723631008e-02
-6.573150792723631008e-02
-6.573150792723631008e-02
-6.573150792723631008e-02
-6.573150792723631008e-02
-6.573150792723631008e-02
-6.573150792723631008e-02
-6.573150792723631008e-02
-6.573150792723631008e-02
-6.573150792723631008e-02
-6.573150792723631008e-02
-6.798864921010018547e-02
-6.798864921010018547e-02
-6.798864921010018547e-02
-6.798864921010018547e-02
-6.798864921010018547e-02
-6.798864921010018547e-02
-6.798864921010018547e-02
-1.051192159406541538e-01
-1.051192159406541538e-01
-1.051192159406541538e-01
-1.051192159406541538e-01
-1.051192159406541538e-01
-1.051192159406541538e-01
-1.051192159406541538e-01
-1.051192159406541538e-01
-1.051192159406541538e-01
-1.051192159406541538e-01
-1.504996481634690575e-01
-1.504996481634690575e-01
-1.504996481634690575e-01
-1.504996481634690575e-01
-4.815003597827531567e-02
-1.388464415050601197e-01
-1.388464415050601197e-01
-1.388464415050601197e-01
-1.388464415050601197e-01
-1.388464415050601197e-01
-1.388464415050601197e-01
-1.388464415050601197e-01
-1.388464415050601197e-01
-1.388464415050601197e-01
-1.388464415050601197e-01
-1.388464415050601197e-01
-1.388464415050601197e-01
-1.388464415050601197e-01
-1.388464415050601197e-01
-1.388464415050601197e-01
-1.388464415050601197e-01
-1.388464415050601197e-01
-1.388464415050601197e-01
-1.388464415050601197e-01
-1.388464415050601197e-01
-1.388464415050601197e-01
-1.388464415050601197e-01
-1.388464415050601197e-01
-1.388464415050601197e-01
-1.388464415050601197e-01
-1.388464415050601197e-01
-1.117095465185993231e-01
-1.117095465185993231e-01
-1.117095465185993231e-01
-1.117095465185993231e-01
-1.117095465185993231e-01
-1.117095465185993231e-01
-1.117095465185993231e-01
-1.117095465185993231e-01
-1.117095465185993231e-01
-1.117095465185993231e-01
-1.117095465185993231e-01
-1.117095465185993231e-01
-1.117095465185993231e-01
-1.117095465185993231e-01
-1.117095465185993231e-01
-1.117095465185993231e-01
-1.117095465185993231e-01
-1.117095465185993231e-01
-1.117095465185993231e-01
-1.117095465185993231e-01
-1.117095465185993231e-01
-1.117095465185993231e-01
-1.117095465185993231e-01
-1.117095465185993231e-01
-1.117095465185993231e-01
-1.117095465185993231e-01
-1.117095465185993231e-01
-1.117095465185993231e-01
-1.117095465185993231e-01
-1.117095465185993231e-01
-1.117095465185993231e-01
-1.117095465185993231e-01
-1.117095465185993231e-01
-1.117095465185993231e-01
-1.117095465185993231e-01
-1.117095465185993231e-01
-1.117095465185993231e-01
-1.117095465185993231e-01
-1.117095465185993231e-01
-1.117095465185993231e-01
-1.117095465185993231e-01
-1.117095465185993231e-01
-1.117095465185993231e-01
-1.117095465185993231e-01
-1.117095465185993231e-01
-1.117095465185993231e-01
-1.117095465185993231e-01
-1.117095465185993231e-01
-1.117095465185993231e-01
-1.117095465185993231e-01
-1.117095465185993231e-01
-1.117095465185993231e-01
-1.117095465185993231e-01
-1.117095465185993231e-01
-1.117095465185993231e-01
-1.117095465185993231e-01
-1.117095465185993231e-01
-1.117095465185993231e-01
-1.117095465185993231e-01
-1.117095465185993231e-01
-1.117095465185993231e-01
-1.117095465185993231e-01
-1.117095465185993231e-01
-1.117095465185993231e-01
-1.117095465185993231e-01
-1.117095465185993231e-01
-1.117095465185993231e-01
-1.117095465185993231e-01
-1.117095465185993231e-01
-1.117095465185993231e-01
-1.117095465185993231e-01
-1.117095465185993231e-01
-1.117095465185993231e-01
-1.117095465185993231e-01
-1.117095465185993231e-01
-1.117095465185993231e-01
-1.117095465185993231e-01
-1.117095465185993231e-01
-1.117095465185993231e-01
-1.117095465185993231e-01
-1.117095465185993231e-01
-1.117095465185993231e-01
-1.117095465185993231e-01
-1.117095465185993231e-01
-1.117095465185993231e-01
-1.117095465185993231e-01
-1.117095465185993231e-01
-1.117095465185993231e-01
-1.117095465185993231e-01
-1.117095465185993231e-01
-9.870266338835254061e-02
-9.870266338835254061e-02
-9.870266338835254061e-02
-9.870266338835254061e-02
-9.870266338835254061e-02
-9.870266338835254061e-02
-9.870266338835254061e-02
-9.870266338835254061e-02
-9.870266338835254061e-02
-9.870266338835254061e-02
-9.870266338835254061e-02
-9.870266338835254061e-02
-9.870266338835254061e-02
-9.870266338835254061e-02
-9.870266338835254061e-02
-9.870266338835254061e-02
-9.870266338835254061e-02
-9.870266338835254061e-02
-9.870266338835254061e-02
-9.870266338835254061e-02
-9.870266338835254061e-02
-9.870266338835254061e-02
-9.870266338835254061e-02
-9.870266338835254061e-02
-9.870266338835254061e-02
-9.870266338835254061e-02
-9.870266338835254061e-02
-9.870266338835254061e-02
-9.870266338835254061e-02
-9.870266338835254061e-02
-9.870266338835254061e-02
-9.870266338835254061e-02
-9.870266338835254061e-02
-9.870266338835254061e-02
-9.870266338835254061e-02
-9.870266338835254061e-02
-9.870266338835254061e-02
-9.870266338835254061e-02
-9.870266338835254061e-02
-9.870266338835254061e-02
-9.870266338835254061e-02
-1.035104959804286906e-01
-1.035104959804286906e-01
-1.035104959804286906e-01
-1.035104959804286906e-01
-1.035104959804286906e-01
-1.035104959804286906e-01
-1.035104959804286906e-01
-1.035104959804286906e-01
-1.035104959804286906e-01
-1.035104959804286906e-01
-1.035104959804286906e-01
-9.998808798324992919e-02
-9.998808798324992919e-02
-9.998808798324992919e-02
-9.998808798324992919e-02
-9.998808798324992919e-02
-9.998808798324992919e-02
-9.998808798324992919e-02
-9.998808798324992919e-02
-9.998808798324992919e-02
-9.998808798324992919e-02
-9.998808798324992919e-02
-9.998808798324992919e-02
-9.998808798324992919e-02
-9.998808798324992919e-02
-9.998808798324992919e-02
-9.998808798324992919e-02
-9.998808798324992919e-02
-9.998808798324992919e-02
-9.998808798324992919e-02
-9.998808798324992919e-02
-9.998808798324992919e-02
-9.998808798324992919e-02
-9.998808798324992919e-02
-9.998808798324992919e-02
-9.998808798324992919e-02
-9.998808798324992919e-02
-9.998808798324992919e-02
-9.103310267738357053e-02
-9.103310267738357053e-02
-9.103310267738357053e-02
-9.103310267738357053e-02
-9.103310267738357053e-02
-9.103310267738357053e-02
-9.103310267738357053e-02
-9.103310267738357053e-02
-9.103310267738357053e-02
-9.103310267738357053e-02
-9.103310267738357053e-02
-9.103310267738357053e-02
-9.103310267738357053e-02
-9.103310267738357053e-02
-9.103310267738357053e-02
-9.103310267738357053e-02
-9.103310267738357053e-02
-9.103310267738357053e-02
-9.103310267738357053e-02
-9.103310267738357053e-02
-9.103310267738357053e-02
-9.103310267738357053e-02
-9.103310267738357053e-02
-9.103310267738357053e-02
-9.103310267738357053e-02
-9.103310267738357053e-02
-9.103310267738357053e-02
-9.103310267738357053e-02
-9.103310267738357053e-02
-9.103310267738357053e-02
-9.103310267738357053e-02
-9.103310267738357053e-02
-9.103310267738357053e-02
-9.103310267738357053e-02
-9.103310267738357053e-02
-9.103310267738357053e-02
-9.103310267738357053e-02
-9.103310267738357053e-02
-1.108690412504950984e-01
-1.108690412504950984e-01
-1.108690412504950984e-01
-1.108690412504950984e-01
-1.108690412504950984e-01
-1.108690412504950984e-01
-1.108690412504950984e-01
-1.108690412504950984e-01
-1.108690412504950984e-01
-1.108690412504950984e-01
-1.108690412504950984e-01
-1.108690412504950984e-01
-1.108690412504950984e-01
-1.108690412504950984e-01
-1.108690412504950984e-01
-1.108690412504950984e-01
-1.108690412504950984e-01
-1.108690412504950984e-01
-1.108690412504950984e-01
-1.108690412504950984e-01
-1.108690412504950984e-01
-1.108690412504950984e-01
-1.128656045314686690e-01
-1.128656045314686690e-01
-1.128656045314686690e-01
-1.128656045314686690e-01
-1.255840234045316750e-01
-1.261901844072068346e-01
-1.261901844072068346e-01
-1.261901844072068346e-01
-1.261901844072068346e-01
-1.261901844072068346e-01
-1.261901844072068346e-01
-7.577997634105426705e-02
-7.577997634105426705e-02
-7.577997634105426705e-02
-7.577997634105426705e-02
-7.577997634105426705e-02
-7.577997634105426705e-02
-7.577997634105426705e-02
-7.577997634105426705e-02
-7.577997634105426705e-02
-7.577997634105426705e-02
-7.577997634105426705e-02
-7.577997634105426705e-02
-7.577997634105426705e-02
-7.577997634105426705e-02
-7.577997634105426705e-02
-7.577997634105426705e-02
-7.577997634105426705e-02
-7.577997634105426705e-02
-7.577997634105426705e-02
-7.577997634105426705e-02
-7.577997634105426705e-02
-7.577997634105426705e-02
-7.577997634105426705e-02
-7.577997634105426705e-02
-7.577997634105426705e-02
-7.577997634105426705e-02
-7.577997634105426705e-02
-7.577997634105426705e-02
-7.577997634105426705e-02
-7.577997634105426705e-02
-7.577997634105426705e-02
-7.577997634105426705e-02
-7.577997634105426705e-02
-7.577997634105426705e-02
-7.577997634105426705e-02
-7.577997634105426705e-02
-7.577997634105426705e-02
-7.577997634105426705e-02
-7.577997634105426705e-02
-7.577997634105426705e-02
-7.577997634105426705e-02
-7.577997634105426705e-02
-7.577997634105426705e-02
-7.577997634105426705e-02
-7.577997634105426705e-02
-7.577997634105426705e-02
-7.577997634105426705e-02
-7.577997634105426705e-02
-7.577997634105426705e-02
-7.577997634105426705e-02
-7.577997634105426705e-02
-7.577997634105426705e-02
-7.577997634105426705e-02
-7.577997634105426705e-02
-7.577997634105426705e-02
-7.577997634105426705e-02
-7.577997634105426705e-02
-7.577997634105426705e-02
-7.577997634105426705e-02
-7.577997634105426705e-02
-7.577997634105426705e-02
-7.577997634105426705e-02
-7.577997634105426705e-02
-7.577997634105426705e-02
-7.577997634105426705e-02
-7.577997634105426705e-02
-7.577997634105426705e-02
-7.577997634105426705e-02
-9.238265497506689683e-02
-9.238265497506689683e-02
-9.238265497506689683e-02
-9.238265497506689683e-02
-9.238265497506689683e-02
-9.238265497506689683e-02
-9.238265497506689683e-02
-9.238265497506689683e-02
-9.238265497506689683e-02
-9.238265497506689683e-02
-9.238265497506689683e-02
-7.278861809187135712e-02
-7.278861809187135712e-02
-7.278861809187135712e-02
-7.278861809187135712e-02
-7.278861809187135712e-02
-7.278861809187135712e-02
-7.278861809187135712e-02
-7.278861809187135712e-02
-7.278861809187135712e-02
-9.122894752777785388e-02
-9.122894752777785388e-02
-9.122894752777785388e-02
-9.122894752777785388e-02
-9.122894752777785388e-02
-9.122894752777785388e-02
-9.122894752777785388e-02
-9.122894752777785388e-02
-9.122894752777785388e-02
-9.122894752777785388e-02
-9.122894752777785388e-02
-9.122894752777785388e-02
-9.122894752777785388e-02
-9.122894752777785388e-02
-9.122894752777785388e-02
-9.122894752777785388e-02
-9.122894752777785388e-02
-9.122894752777785388e-02
-9.122894752777785388e-02
-9.122894752777785388e-02
-9.122894752777785388e-02
-9.122894752777785388e-02
-9.122894752777785388e-02
-9.122894752777785388e-02
-9.122894752777785388e-02
-9.122894752777785388e-02
-9.122894752777785388e-02
-9.122894752777785388e-02
-9.122894752777785388e-02
-9.122894752777785388e-02
-9.122894752777785388e-02
-9.122894752777785388e-02
-9.122894752777785388e-02
-9.122894752777785388e-02
-9.122894752777785388e-02
-9.122894752777785388e-02
-9.122894752777785388e-02
-7.894150129239828340e-02
-7.894150129239828340e-02
-7.894150129239828340e-02
-7.894150129239828340e-02
-7.894150129239828340e-02
-7.894150129239828340e-02
-7.894150129239828340e-02
-7.894150129239828340e-02
-7.894150129239828340e-02
-7.894150129239828340e-02
-7.894150129239828340e-02
-7.894150129239828340e-02
-7.894150129239828340e-02
-7.894150129239828340e-02
-7.894150129239828340e-02
-7.894150129239828340e-02
-7.894150129239828340e-02
-7.894150129239828340e-02
-7.894150129239828340e-02
-7.894150129239828340e-02
-7.894150129239828340e-02
-7.894150129239828340e-02
-7.894150129239828340e-02
-7.894150129239828340e-02
-7.894150129239828340e-02
-7.894150129239828340e-02
-7.894150129239828340e-02
-7.894150129239828340e-02
-7.894150129239828340e-02
-7.894150129239828340e-02
-7.894150129239828340e-02
-7.894150129239828340e-02
-7.894150129239828340e-02
-7.894150129239828340e-02
-7.894150129239828340e-02
-7.894150129239828340e-02
-7.894150129239828340e-02
-7.894150129239828340e-02
-7.894150129239828340e-02
-7.894150129239828340e-02
-7.894150129239828340e-02
-7.894150129239828340e-02
-7.894150129239828340e-02
-7.894150129239828340e-02
-7.894150129239828340e-02
-7.894150129239828340e-02
-7.894150129239828340e-02
-7.894150129239828340e-02
-7.894150129239828340e-02
-7.894150129239828340e-02
-7.894150129239828340e-02
-7.894150129239828340e-02
-7.894150129239828340e-02
-7.894150129239828340e-02
-7.894150129239828340e-02
-7.894150129239828340e-02
-7.894150129239828340e-02
-7.894150129239828340e-02
-7.894150129239828340e-02
-7.894150129239828340e-02
-7.894150129239828340e-02
-7.894150129239828340e-02
-7.894150129239828340e-02
-7.894150129239828340e-02
-7.894150129239828340e-02
-7.894150129239828340e-02
-7.894150129239828340e-02
-7.894150129239828340e-02
-7.894150129239828340e-02
-7.894150129239828340e-02
-7.894150129239828340e-02
-7.894150129239828340e-02
-7.894150129239828340e-02
-7.894150129239828340e-02
-2.095325214229167843e-01
-2.095325214229167843e-01
-2.095325214229167843e-01
-2.095325214229167843e-01
-2.095325214229167843e-01
-2.095325214229167843e-01
-2.095325214229167843e-01
-2.095325214229167843e-01
-2.095325214229167843e-01
-2.095325214229167843e-01
-2.095325214229167843e-01
-2.095325214229167843e-01
-2.095325214229167843e-01
-2.095325214229167843e-01
-2.095325214229167843e-01
-2.095325214229167843e-01
-2.095325214229167843e-01
-2.095325214229167843e-01
-2.095325214229167843e-01
-2.095325214229167843e-01
-2.095325214229167843e-01
-2.095325214229167843e-01
-2.095325214229167843e-01
-2.095325214229167843e-01
-2.095325214229167843e-01
-2.095325214229167843e-01
-2.095325214229167843e-01
-2.095325214229167843e-01
-2.095325214229167843e-01
-2.095325214229167843e-01
-2.095325214229167843e-01
-2.095325214229167843e-01
-2.095325214229167843e-01
-2.095325214229167843e-01
-2.095325214229167843e-01
-2.095325214229167843e-01
-1.613369236484768210e-01
-1.613369236484768210e-01
-1.613369236484768210e-01
-1.613369236484768210e-01
-1.613369236484768210e-01
-1.632758695810292426e-01
-1.632758695810292426e-01
-1.632758695810292426e-01
-1.472625204755516892e-01
-1.472625204755516892e-01
-1.472625204755516892e-01
-1.472625204755516892e-01
-1.472625204755516892e-01
-1.472625204755516892e-01
-1.472625204755516892e-01
-1.472625204755516892e-01
-1.472625204755516892e-01
-1.472625204755516892e-01
-1.472625204755516892e-01
-1.472625204755516892e-01
-1.472625204755516892e-01
-1.472625204755516892e-01
-1.472625204755516892e-01
-1.472625204755516892e-01
-1.472625204755516892e-01
-1.472625204755516892e-01
-1.472625204755516892e-01
-1.472625204755516892e-01
-1.472625204755516892e-01
-1.472625204755516892e-01
-1.472625204755516892e-01
-1.472625204755516892e-01
-1.472625204755516892e-01
-1.472625204755516892e-01
-1.472625204755516892e-01
-1.472625204755516892e-01
-1.472625204755516892e-01
-1.472625204755516892e-01
