# Variable: dg_gbsa_00000224
# Sample shape: (2000,)
# Date: 2014-03-03 06:24:06.604466
-1.019424621735202541e+00
-1.019424621735202541e+00
-1.700558808292075286e+00
-5.541907669709243756e+00
-5.541907669709243756e+00
-5.541907669709243756e+00
-5.541907669709243756e+00
-5.541907669709243756e+00
-4.534273712858414740e+00
-4.534273712858414740e+00
-4.534273712858414740e+00
-4.534273712858414740e+00
-4.222352007834906829e+00
-4.222352007834906829e+00
-4.222352007834906829e+00
-4.222352007834906829e+00
-4.222352007834906829e+00
-4.222352007834906829e+00
-4.222352007834906829e+00
-4.222352007834906829e+00
-4.222352007834906829e+00
-4.222352007834906829e+00
-4.222352007834906829e+00
-4.210956237968021654e+00
-4.210956237968021654e+00
-4.210956237968021654e+00
-4.210956237968021654e+00
-4.210956237968021654e+00
-4.210956237968021654e+00
-4.210956237968021654e+00
-4.766611022657463614e+00
-4.766611022657463614e+00
-4.766611022657463614e+00
-5.032933236991925519e+00
-5.032933236991925519e+00
-5.032933236991925519e+00
-5.032933236991925519e+00
-4.693765257330286822e+00
-4.693765257330286822e+00
-4.693765257330286822e+00
-4.693765257330286822e+00
-4.693765257330286822e+00
-4.693765257330286822e+00
-4.693765257330286822e+00
-4.693765257330286822e+00
-4.701806755868243926e+00
-4.701806755868243926e+00
-4.701806755868243926e+00
-4.701806755868243926e+00
-4.701806755868243926e+00
-4.758997583480454985e+00
-4.758997583480454985e+00
-4.758997583480454985e+00
-4.758997583480454985e+00
-4.758997583480454985e+00
-4.522596217022343268e+00
-4.517140397606114632e+00
-4.517140397606114632e+00
-3.924636494361191552e+00
-3.924636494361191552e+00
-3.924636494361191552e+00
-3.924636494361191552e+00
-3.924636494361191552e+00
-3.924636494361191552e+00
-3.924636494361191552e+00
-3.924636494361191552e+00
-3.924636494361191552e+00
-3.924636494361191552e+00
-3.924636494361191552e+00
-3.924636494361191552e+00
-3.924636494361191552e+00
-3.924636494361191552e+00
-3.924636494361191552e+00
-3.924636494361191552e+00
-3.924636494361191552e+00
-3.924636494361191552e+00
-3.924636494361191552e+00
-3.924636494361191552e+00
-3.924636494361191552e+00
-4.409726217645531854e+00
-4.409726217645531854e+00
-4.409726217645531854e+00
-4.409726217645531854e+00
-4.409726217645531854e+00
-4.224087950376433476e+00
-4.224087950376433476e+00
-4.224087950376433476e+00
-4.224087950376433476e+00
-4.224087950376433476e+00
-4.119545734179407503e+00
-4.119545734179407503e+00
-4.119545734179407503e+00
-4.119545734179407503e+00
-4.119545734179407503e+00
-4.119545734179407503e+00
-4.119545734179407503e+00
-4.119545734179407503e+00
-4.119545734179407503e+00
-4.119545734179407503e+00
-4.119545734179407503e+00
-4.119545734179407503e+00
-4.119545734179407503e+00
-4.119545734179407503e+00
-4.119545734179407503e+00
-4.119545734179407503e+00
-4.119545734179407503e+00
-4.119545734179407503e+00
-4.119545734179407503e+00
-4.119545734179407503e+00
-4.119545734179407503e+00
-4.119545734179407503e+00
-4.119545734179407503e+00
-4.119545734179407503e+00
-4.119545734179407503e+00
-4.119545734179407503e+00
-4.119545734179407503e+00
-4.119545734179407503e+00
-4.119545734179407503e+00
-4.119545734179407503e+00
-4.119545734179407503e+00
-4.119545734179407503e+00
-4.119545734179407503e+00
-4.119545734179407503e+00
-4.119545734179407503e+00
-4.119545734179407503e+00
-4.119545734179407503e+00
-4.263500410557704789e+00
-4.263500410557704789e+00
-4.263500410557704789e+00
-4.263500410557704789e+00
-4.263500410557704789e+00
-4.445883329694175323e+00
-4.445883329694175323e+00
-4.445883329694175323e+00
-4.445883329694175323e+00
-4.445883329694175323e+00
-4.445883329694175323e+00
-4.445883329694175323e+00
-4.445883329694175323e+00
-4.445883329694175323e+00
-4.445883329694175323e+00
-4.445883329694175323e+00
-4.445883329694175323e+00
-4.445883329694175323e+00
-4.445883329694175323e+00
-4.445883329694175323e+00
-4.445883329694175323e+00
-4.445883329694175323e+00
-4.445883329694175323e+00
-4.445883329694175323e+00
-4.445883329694175323e+00
-4.445883329694175323e+00
-4.445883329694175323e+00
-4.445883329694175323e+00
-4.445883329694175323e+00
-4.445883329694175323e+00
-4.162759671475645185e+00
-4.162759671475645185e+00
-4.162759671475645185e+00
-4.162759671475645185e+00
-4.162759671475645185e+00
-4.162759671475645185e+00
-4.162759671475645185e+00
-4.162759671475645185e+00
-4.162759671475645185e+00
-4.162759671475645185e+00
-4.162759671475645185e+00
-4.162759671475645185e+00
-4.162759671475645185e+00
-4.162759671475645185e+00
-4.162759671475645185e+00
-4.162759671475645185e+00
-4.162759671475645185e+00
-4.162759671475645185e+00
-4.162759671475645185e+00
-4.162759671475645185e+00
-4.162759671475645185e+00
-4.162759671475645185e+00
-4.162759671475645185e+00
-4.162759671475645185e+00
-4.162759671475645185e+00
-4.162759671475645185e+00
-4.162759671475645185e+00
-4.162759671475645185e+00
-4.162759671475645185e+00
-4.162759671475645185e+00
-4.253058315007225865e+00
-4.253058315007225865e+00
-4.306509663452381176e+00
-4.306509663452381176e+00
-4.306509663452381176e+00
-4.306509663452381176e+00
-4.306509663452381176e+00
-4.306509663452381176e+00
-4.306509663452381176e+00
-4.306509663452381176e+00
-4.306509663452381176e+00
-4.306509663452381176e+00
-4.306509663452381176e+00
-4.306509663452381176e+00
-4.306509663452381176e+00
-4.304773720910854529e+00
-4.304773720910854529e+00
-4.304773720910854529e+00
-4.304773720910854529e+00
-4.304773720910854529e+00
-4.304773720910854529e+00
-4.304773720910854529e+00
-4.304773720910854529e+00
-4.384281074567688563e+00
-4.384281074567688563e+00
-3.865531935974471089e+00
-3.865531935974471089e+00
-3.865531935974471089e+00
-4.301877596182302810e+00
-4.301877596182302810e+00
-4.301877596182302810e+00
-4.301877596182302810e+00
-4.301877596182302810e+00
-4.301877596182302810e+00
-4.301877596182302810e+00
-4.301877596182302810e+00
-4.301877596182302810e+00
-4.301877596182302810e+00
-4.301877596182302810e+00
-4.327521041520010492e+00
-4.327521041520010492e+00
-4.327521041520010492e+00
-4.327521041520010492e+00
-4.327521041520010492e+00
-4.327521041520010492e+00
-4.151391709511868200e+00
-4.151391709511868200e+00
-4.151391709511868200e+00
-4.151391709511868200e+00
-4.151391709511868200e+00
-4.151391709511868200e+00
-4.151391709511868200e+00
-4.151391709511868200e+00
-4.151391709511868200e+00
-4.151391709511868200e+00
-4.151391709511868200e+00
-4.151391709511868200e+00
-4.151391709511868200e+00
-4.151391709511868200e+00
-4.151391709511868200e+00
-4.151391709511868200e+00
-4.151391709511868200e+00
-4.151391709511868200e+00
-4.151391709511868200e+00
-4.151391709511868200e+00
-4.151391709511868200e+00
-3.771086951742664173e+00
-3.852167275394125845e+00
-3.852167275394125845e+00
-3.852167275394125845e+00
-4.022194824072871988e+00
-4.022194824072871988e+00
-4.022194824072871988e+00
-4.022194824072871988e+00
-4.073370939003122082e+00
-4.073370939003122082e+00
-4.073370939003122082e+00
-4.073370939003122082e+00
-4.073370939003122082e+00
-4.073370939003122082e+00
-4.073370939003122082e+00
-4.070556870382100456e+00
-4.070556870382100456e+00
-4.070556870382100456e+00
-4.070556870382100456e+00
-4.070556870382100456e+00
-4.070556870382100456e+00
-4.070556870382100456e+00
-4.070556870382100456e+00
-4.070556870382100456e+00
-4.070556870382100456e+00
-4.070556870382100456e+00
-4.070556870382100456e+00
-4.070556870382100456e+00
-4.070556870382100456e+00
-4.070556870382100456e+00
-4.070556870382100456e+00
-4.070556870382100456e+00
-4.070556870382100456e+00
-4.070556870382100456e+00
-4.070556870382100456e+00
-4.070556870382100456e+00
-4.070556870382100456e+00
-3.968659596051130389e+00
-3.968659596051130389e+00
-3.968659596051130389e+00
-3.968659596051130389e+00
-3.968659596051130389e+00
-3.968659596051130389e+00
-3.968659596051130389e+00
-3.968659596051130389e+00
-3.968659596051130389e+00
-3.968659596051130389e+00
-3.968659596051130389e+00
-3.968659596051130389e+00
-3.968659596051130389e+00
-3.968659596051130389e+00
-3.968659596051130389e+00
-3.968659596051130389e+00
-3.968659596051130389e+00
-3.968659596051130389e+00
-3.968659596051130389e+00
-3.968659596051130389e+00
-3.968659596051130389e+00
-3.968659596051130389e+00
-4.111764079981962361e+00
-3.981088817005631331e+00
-3.981088817005631331e+00
-3.981088817005631331e+00
-3.981088817005631331e+00
-3.981088817005631331e+00
-3.981088817005631331e+00
-3.981088817005631331e+00
-3.981088817005631331e+00
-3.981088817005631331e+00
-3.981088817005631331e+00
-3.981088817005631331e+00
-3.981088817005631331e+00
-3.981088817005631331e+00
-3.981088817005631331e+00
-3.981088817005631331e+00
-3.981088817005631331e+00
-3.981088817005631331e+00
-3.972158377302763999e+00
-3.972158377302763999e+00
-3.972158377302763999e+00
-3.972158377302763999e+00
-3.972158377302763999e+00
-3.972158377302763999e+00
-3.972158377302763999e+00
-3.972158377302763999e+00
-3.972158377302763999e+00
-3.972158377302763999e+00
-4.182371081175356942e+00
-4.182371081175356942e+00
-4.182371081175356942e+00
-4.182371081175356942e+00
-4.182371081175356942e+00
-4.182371081175356942e+00
-4.182371081175356942e+00
-4.182371081175356942e+00
-3.749061269012509356e+00
-3.749061269012509356e+00
-3.749061269012509356e+00
-3.749061269012509356e+00
-3.749061269012509356e+00
-3.749061269012509356e+00
-3.749061269012509356e+00
-3.749061269012509356e+00
-3.749061269012509356e+00
-3.749061269012509356e+00
-3.749061269012509356e+00
-3.749061269012509356e+00
-3.782269603663602986e+00
-3.782269603663602986e+00
-3.782269603663602986e+00
-3.782269603663602986e+00
-3.782269603663602986e+00
-3.782269603663602986e+00
-3.933135227764997577e+00
-3.933135227764997577e+00
-3.735625493138971187e+00
-3.735625493138971187e+00
-3.735625493138971187e+00
-3.735625493138971187e+00
-3.735625493138971187e+00
-3.735625493138971187e+00
-3.735625493138971187e+00
-3.735625493138971187e+00
-3.735625493138971187e+00
-3.735625493138971187e+00
-3.735625493138971187e+00
-3.735625493138971187e+00
-3.735625493138971187e+00
-3.718987705602700533e+00
-3.718987705602700533e+00
-3.718987705602700533e+00
-3.718987705602700533e+00
-3.718987705602700533e+00
-3.718987705602700533e+00
-3.718987705602700533e+00
-3.718987705602700533e+00
-3.718987705602700533e+00
-3.718987705602700533e+00
-3.718987705602700533e+00
-3.718987705602700533e+00
-3.718987705602700533e+00
-3.718987705602700533e+00
-3.718987705602700533e+00
-3.718987705602700533e+00
-3.718987705602700533e+00
-3.718987705602700533e+00
-3.751264703433326630e+00
-3.857479952489440755e+00
-3.861203020434990307e+00
-3.861203020434990307e+00
-3.861203020434990307e+00
-3.861203020434990307e+00
-3.861203020434990307e+00
-3.861203020434990307e+00
-3.861203020434990307e+00
-3.861203020434990307e+00
-3.861203020434990307e+00
-3.861203020434990307e+00
-3.861203020434990307e+00
-3.861203020434990307e+00
-3.861203020434990307e+00
-3.861203020434990307e+00
-3.778447840455385176e+00
-3.778447840455385176e+00
-3.778447840455385176e+00
-3.778447840455385176e+00
-3.778447840455385176e+00
-3.778447840455385176e+00
-3.778447840455385176e+00
-3.778447840455385176e+00
-3.778447840455385176e+00
-3.778447840455385176e+00
-3.778447840455385176e+00
-3.778447840455385176e+00
-3.778447840455385176e+00
-3.778447840455385176e+00
-3.778447840455385176e+00
-3.778447840455385176e+00
-3.919032518084144545e+00
-3.919032518084144545e+00
-3.919032518084144545e+00
-3.919032518084144545e+00
-3.919032518084144545e+00
-3.919032518084144545e+00
-3.919032518084144545e+00
-3.919032518084144545e+00
-3.919032518084144545e+00
-3.919032518084144545e+00
-4.107267405289309004e+00
-4.107267405289309004e+00
-4.107267405289309004e+00
-4.107267405289309004e+00
-4.107267405289309004e+00
-4.074277203124066382e+00
-4.391810178300846523e+00
-4.391810178300846523e+00
-4.183517131477195505e+00
-4.183517131477195505e+00
-4.183517131477195505e+00
-4.183517131477195505e+00
-4.183517131477195505e+00
-4.183517131477195505e+00
-4.183517131477195505e+00
-4.183517131477195505e+00
-4.183517131477195505e+00
-4.183517131477195505e+00
-4.183517131477195505e+00
-4.025184401590554906e+00
-4.025184401590554906e+00
-4.025184401590554906e+00
-4.025184401590554906e+00
-4.025184401590554906e+00
-4.025184401590554906e+00
-4.025184401590554906e+00
-4.025184401590554906e+00
-4.025184401590554906e+00
-4.025184401590554906e+00
-4.025184401590554906e+00
-4.025184401590554906e+00
-4.025184401590554906e+00
-3.991232319498152936e+00
-3.991232319498152936e+00
-3.991232319498152936e+00
-3.991232319498152936e+00
-3.991232319498152936e+00
-3.991232319498152936e+00
-3.800924375909692010e+00
-3.800924375909692010e+00
-3.800924375909692010e+00
-3.800924375909692010e+00
-3.800924375909692010e+00
-3.800924375909692010e+00
-3.928090600620947725e+00
-3.928090600620947725e+00
-3.928090600620947725e+00
-3.928090600620947725e+00
-3.928090600620947725e+00
-3.959510340061515699e+00
-3.959510340061515699e+00
-3.959510340061515699e+00
-3.959510340061515699e+00
-3.959510340061515699e+00
-3.959510340061515699e+00
-3.959510340061515699e+00
-3.959510340061515699e+00
-3.959510340061515699e+00
-3.959510340061515699e+00
-3.959510340061515699e+00
-3.959510340061515699e+00
-3.959510340061515699e+00
-4.101208017615469714e+00
-4.101208017615469714e+00
-4.101208017615469714e+00
-4.101208017615469714e+00
-4.101208017615469714e+00
-4.101208017615469714e+00
-4.101208017615469714e+00
-4.101208017615469714e+00
-4.101208017615469714e+00
-4.101208017615469714e+00
-4.101208017615469714e+00
-4.101208017615469714e+00
-4.101208017615469714e+00
-4.101208017615469714e+00
-4.226324891041159049e+00
-3.951547250692976299e+00
-3.951547250692976299e+00
-3.846832260802872216e+00
-3.846832260802872216e+00
-3.846832260802872216e+00
-4.074661955094930121e+00
-4.074661955094930121e+00
-4.074661955094930121e+00
-4.074661955094930121e+00
-4.074661955094930121e+00
-4.031140763262717641e+00
-4.031140763262717641e+00
-4.031140763262717641e+00
-4.031140763262717641e+00
-4.398885694106267508e+00
-4.398885694106267508e+00
-4.398885694106267508e+00
-4.240034187273130861e+00
-4.240034187273130861e+00
-4.240034187273130861e+00
-4.240034187273130861e+00
-4.240034187273130861e+00
-4.240034187273130861e+00
-4.240034187273130861e+00
-4.240034187273130861e+00
-4.240034187273130861e+00
-4.405926108132356411e+00
-4.405926108132356411e+00
-4.405926108132356411e+00
-4.405926108132356411e+00
-4.405926108132356411e+00
-4.405926108132356411e+00
-4.405926108132356411e+00
-4.405926108132356411e+00
-4.405926108132356411e+00
-4.405926108132356411e+00
-4.405926108132356411e+00
-4.405926108132356411e+00
-4.405926108132356411e+00
-4.405926108132356411e+00
-4.405926108132356411e+00
-4.405926108132356411e+00
-4.405926108132356411e+00
-4.405926108132356411e+00
-4.405926108132356411e+00
-4.405926108132356411e+00
-4.405926108132356411e+00
-4.405926108132356411e+00
-4.405926108132356411e+00
-4.405926108132356411e+00
-4.405926108132356411e+00
-4.405926108132356411e+00
-4.405926108132356411e+00
-4.405926108132356411e+00
-4.405926108132356411e+00
-4.405926108132356411e+00
-4.405926108132356411e+00
-4.405926108132356411e+00
-4.405926108132356411e+00
-4.405926108132356411e+00
-4.405926108132356411e+00
-4.264759971808293137e+00
-4.264759971808293137e+00
-4.264759971808293137e+00
-4.264759971808293137e+00
-4.264759971808293137e+00
-4.264759971808293137e+00
-4.264759971808293137e+00
-4.264759971808293137e+00
-4.264759971808293137e+00
-4.264759971808293137e+00
-4.264759971808293137e+00
-4.264759971808293137e+00
-4.264759971808293137e+00
-4.264759971808293137e+00
-4.264759971808293137e+00
-4.264759971808293137e+00
-4.264759971808293137e+00
-4.264759971808293137e+00
-4.264759971808293137e+00
-4.264759971808293137e+00
-4.116207418204721691e+00
-4.116207418204721691e+00
-4.116207418204721691e+00
-4.116207418204721691e+00
-4.116207418204721691e+00
-4.116207418204721691e+00
-4.116207418204721691e+00
-4.116207418204721691e+00
-4.116207418204721691e+00
-4.116207418204721691e+00
-4.116207418204721691e+00
-4.116207418204721691e+00
-3.927611484126424468e+00
-3.927611484126424468e+00
-3.927611484126424468e+00
-3.927611484126424468e+00
-3.927611484126424468e+00
-3.927611484126424468e+00
-3.927611484126424468e+00
-3.927611484126424468e+00
-3.927611484126424468e+00
-3.927611484126424468e+00
-3.927611484126424468e+00
-3.927611484126424468e+00
-3.970713733942969004e+00
-3.970713733942969004e+00
-3.970713733942969004e+00
-3.970713733942969004e+00
-3.970713733942969004e+00
-3.970713733942969004e+00
-4.405601074773084491e+00
-4.405601074773084491e+00
-4.405601074773084491e+00
-4.405601074773084491e+00
-4.405601074773084491e+00
-4.405601074773084491e+00
-4.405601074773084491e+00
-4.405601074773084491e+00
-4.405601074773084491e+00
-4.405601074773084491e+00
-4.405601074773084491e+00
-4.405601074773084491e+00
-4.405601074773084491e+00
-4.405601074773084491e+00
-4.405601074773084491e+00
-4.294284215164913654e+00
-4.294284215164913654e+00
-4.294284215164913654e+00
-4.294284215164913654e+00
-4.294284215164913654e+00
-4.294284215164913654e+00
-4.294284215164913654e+00
-4.294284215164913654e+00
-4.294284215164913654e+00
-4.294284215164913654e+00
-4.294284215164913654e+00
-4.294284215164913654e+00
-4.286753743829963881e+00
-4.286753743829963881e+00
-4.286753743829963881e+00
-4.286753743829963881e+00
-4.421070474511578752e+00
-4.421070474511578752e+00
-4.421070474511578752e+00
-4.421070474511578752e+00
-4.421070474511578752e+00
-4.421070474511578752e+00
-4.421070474511578752e+00
-4.421070474511578752e+00
-4.421070474511578752e+00
-4.421070474511578752e+00
-4.421070474511578752e+00
-4.421070474511578752e+00
-4.421070474511578752e+00
-4.421070474511578752e+00
-4.421070474511578752e+00
-4.421070474511578752e+00
-4.421070474511578752e+00
-4.421070474511578752e+00
-4.421070474511578752e+00
-4.421070474511578752e+00
-4.421070474511578752e+00
-4.421070474511578752e+00
-4.421070474511578752e+00
-4.421070474511578752e+00
-4.421070474511578752e+00
-4.421070474511578752e+00
-4.421070474511578752e+00
-4.421070474511578752e+00
-4.421070474511578752e+00
-4.421070474511578752e+00
-4.421070474511578752e+00
-4.421070474511578752e+00
-4.421070474511578752e+00
-4.421070474511578752e+00
-4.421070474511578752e+00
-4.421070474511578752e+00
-4.421070474511578752e+00
-4.421070474511578752e+00
-4.421070474511578752e+00
-4.421070474511578752e+00
-4.421070474511578752e+00
-4.421070474511578752e+00
-4.421070474511578752e+00
-4.421070474511578752e+00
-4.421070474511578752e+00
-4.421070474511578752e+00
-4.421070474511578752e+00
-4.421070474511578752e+00
-4.421070474511578752e+00
-4.421070474511578752e+00
-4.421070474511578752e+00
-4.421070474511578752e+00
-4.421070474511578752e+00
-4.421070474511578752e+00
-4.421070474511578752e+00
-4.421070474511578752e+00
-4.421070474511578752e+00
-4.421070474511578752e+00
-4.421070474511578752e+00
-4.421070474511578752e+00
-4.421070474511578752e+00
-4.421070474511578752e+00
-4.421070474511578752e+00
-4.421070474511578752e+00
-4.421070474511578752e+00
-4.421070474511578752e+00
-4.421070474511578752e+00
-4.421070474511578752e+00
-4.421070474511578752e+00
-4.421070474511578752e+00
-4.421070474511578752e+00
-4.421070474511578752e+00
-4.421070474511578752e+00
-4.421070474511578752e+00
-4.421070474511578752e+00
-4.298645497280142891e+00
-4.298645497280142891e+00
-4.298645497280142891e+00
-4.298645497280142891e+00
-4.298645497280142891e+00
-4.298645497280142891e+00
-4.298645497280142891e+00
-4.298645497280142891e+00
-4.298645497280142891e+00
-4.298645497280142891e+00
-4.298645497280142891e+00
-4.298645497280142891e+00
-4.298645497280142891e+00
-4.298645497280142891e+00
-4.298645497280142891e+00
-4.298645497280142891e+00
-4.298645497280142891e+00
-4.298645497280142891e+00
-4.298645497280142891e+00
-4.298645497280142891e+00
-4.298645497280142891e+00
-4.298645497280142891e+00
-4.298645497280142891e+00
-4.298645497280142891e+00
-4.298645497280142891e+00
-4.298645497280142891e+00
-4.298645497280142891e+00
-4.298645497280142891e+00
-4.298645497280142891e+00
-4.298645497280142891e+00
-4.298645497280142891e+00
-4.298645497280142891e+00
-4.298645497280142891e+00
-4.298645497280142891e+00
-4.298645497280142891e+00
-4.298645497280142891e+00
-4.298645497280142891e+00
-4.298645497280142891e+00
-4.298645497280142891e+00
-4.298645497280142891e+00
-4.298645497280142891e+00
-4.298645497280142891e+00
-4.298645497280142891e+00
-4.298645497280142891e+00
-4.298645497280142891e+00
-4.298645497280142891e+00
-4.298645497280142891e+00
-4.298645497280142891e+00
-4.298645497280142891e+00
-4.399201610120258898e+00
-4.399201610120258898e+00
-4.399201610120258898e+00
-4.399201610120258898e+00
-4.399201610120258898e+00
-4.399201610120258898e+00
-4.399201610120258898e+00
-4.399201610120258898e+00
-4.399201610120258898e+00
-4.399201610120258898e+00
-4.399201610120258898e+00
-4.399201610120258898e+00
-4.399201610120258898e+00
-4.399201610120258898e+00
-4.399201610120258898e+00
-4.399201610120258898e+00
-4.399201610120258898e+00
-4.399201610120258898e+00
-4.399201610120258898e+00
-4.399201610120258898e+00
-4.719576917688431905e+00
-4.719576917688431905e+00
-4.719576917688431905e+00
-4.719576917688431905e+00
-4.719576917688431905e+00
-4.812520958953331984e+00
-4.812520958953331984e+00
-4.670277608284302495e+00
-4.670277608284302495e+00
-4.670277608284302495e+00
-4.595999963880724515e+00
-4.595999963880724515e+00
-4.595999963880724515e+00
-4.595999963880724515e+00
-4.595999963880724515e+00
-4.595999963880724515e+00
-4.595999963880724515e+00
-4.595999963880724515e+00
-4.595999963880724515e+00
-4.595999963880724515e+00
-4.595999963880724515e+00
-4.595999963880724515e+00
-4.595999963880724515e+00
-4.595999963880724515e+00
-4.595999963880724515e+00
-4.595999963880724515e+00
-4.595999963880724515e+00
-4.595999963880724515e+00
-4.595999963880724515e+00
-4.595999963880724515e+00
-4.595999963880724515e+00
-4.595999963880724515e+00
-4.747706663084303003e+00
-4.745244523991134500e+00
-4.745244523991134500e+00
-4.687819836472462143e+00
-4.687819836472462143e+00
-4.687819836472462143e+00
-4.687819836472462143e+00
-4.687819836472462143e+00
-4.687819836472462143e+00
-4.687819836472462143e+00
-4.687819836472462143e+00
-4.687819836472462143e+00
-4.687819836472462143e+00
-4.687819836472462143e+00
-4.687819836472462143e+00
-4.687819836472462143e+00
-4.687819836472462143e+00
-4.687819836472462143e+00
-4.687819836472462143e+00
-4.687819836472462143e+00
-4.687819836472462143e+00
-4.687819836472462143e+00
-4.687819836472462143e+00
-4.687819836472462143e+00
-4.687819836472462143e+00
-4.687819836472462143e+00
-4.687819836472462143e+00
-4.193302322300168861e+00
-4.193302322300168861e+00
-4.193302322300168861e+00
-4.287499086806696447e+00
-4.287499086806696447e+00
-4.287499086806696447e+00
-4.287499086806696447e+00
-4.287499086806696447e+00
-4.287499086806696447e+00
-4.620347378586719955e+00
-4.620347378586719955e+00
-4.620347378586719955e+00
-4.620347378586719955e+00
-4.620347378586719955e+00
-4.620347378586719955e+00
-4.620342364046814865e+00
-4.620342364046814865e+00
-4.620347378586719955e+00
-4.620347378586719955e+00
-4.620347378586719955e+00
-4.620347378586719955e+00
-4.092638624785735146e+00
-4.092638624785735146e+00
-4.092638624785735146e+00
-4.092638624785735146e+00
-4.092638624785735146e+00
-4.092638624785735146e+00
-4.092638624785735146e+00
-4.092638624785735146e+00
-4.092638624785735146e+00
-4.092638624785735146e+00
-4.092638624785735146e+00
-4.092638624785735146e+00
-4.092638624785735146e+00
-4.092638624785735146e+00
-4.092638624785735146e+00
-4.092638624785735146e+00
-4.092638624785735146e+00
-4.092638624785735146e+00
-4.092638624785735146e+00
-4.092638624785735146e+00
-4.356523316859287398e+00
-4.356523316859287398e+00
-4.356523316859287398e+00
-4.356523316859287398e+00
-4.356523316859287398e+00
-4.356523316859287398e+00
-4.356523316859287398e+00
-4.356523316859287398e+00
-4.356523316859287398e+00
-4.356523316859287398e+00
-4.356523316859287398e+00
-4.356523316859287398e+00
-4.356523316859287398e+00
-4.356523316859287398e+00
-4.356523316859287398e+00
-4.356523316859287398e+00
-4.356523316859287398e+00
-4.356523316859287398e+00
-4.356523316859287398e+00
-4.356523316859287398e+00
-4.356523316859287398e+00
-4.356523316859287398e+00
-4.356523316859287398e+00
-4.356523316859287398e+00
-4.356523316859287398e+00
-4.356523316859287398e+00
-4.356523316859287398e+00
-4.356523316859287398e+00
-4.356523316859287398e+00
-4.356523316859287398e+00
-4.356523316859287398e+00
-4.356523316859287398e+00
-4.356523316859287398e+00
-4.356523316859287398e+00
-4.356523316859287398e+00
-4.356523316859287398e+00
-4.356523316859287398e+00
-4.356523316859287398e+00
-4.356523316859287398e+00
-4.356523316859287398e+00
-4.356523316859287398e+00
-4.356523316859287398e+00
-4.277106680788000048e+00
-4.277106680788000048e+00
-4.277106680788000048e+00
-4.277106680788000048e+00
-4.277106680788000048e+00
-4.277106680788000048e+00
-4.277106680788000048e+00
-4.277106680788000048e+00
-4.277106680788000048e+00
-4.277106680788000048e+00
-4.277106680788000048e+00
-4.277106680788000048e+00
-4.277106680788000048e+00
-4.277106680788000048e+00
-4.426879135190186609e+00
-4.426879135190186609e+00
-4.426879135190186609e+00
-4.426879135190186609e+00
-4.426879135190186609e+00
-4.426879135190186609e+00
-4.426879135190186609e+00
-4.426879135190186609e+00
-4.426879135190186609e+00
-4.426879135190186609e+00
-4.426879135190186609e+00
-4.426879135190186609e+00
-4.426879135190186609e+00
-4.426879135190186609e+00
-4.426879135190186609e+00
-4.426879135190186609e+00
-4.426879135190186609e+00
-4.426879135190186609e+00
-4.426879135190186609e+00
-4.426879135190186609e+00
-4.426879135190186609e+00
-4.426879135190186609e+00
-4.426879135190186609e+00
-4.426879135190186609e+00
-4.426879135190186609e+00
-4.426879135190186609e+00
-4.426879135190186609e+00
-4.426879135190186609e+00
-4.426879135190186609e+00
-4.426879135190186609e+00
-4.426879135190186609e+00
-4.426879135190186609e+00
-4.426879135190186609e+00
-4.426879135190186609e+00
-4.426879135190186609e+00
-4.426879135190186609e+00
-4.426879135190186609e+00
-4.426879135190186609e+00
-4.426879135190186609e+00
-4.426879135190186609e+00
-4.426879135190186609e+00
-4.426879135190186609e+00
-4.446452252039717834e+00
-4.446452252039717834e+00
-4.446452252039717834e+00
-4.281757894483168236e+00
-4.281757894483168236e+00
-4.281757894483168236e+00
-4.281757894483168236e+00
-4.281757894483168236e+00
-4.281757894483168236e+00
-4.281757894483168236e+00
-4.281757894483168236e+00
-4.281757894483168236e+00
-4.281757894483168236e+00
-4.281757894483168236e+00
-4.281757894483168236e+00
-4.281757894483168236e+00
-4.281757894483168236e+00
-4.281757894483168236e+00
-4.297016227678404299e+00
-4.297016227678404299e+00
-4.297016227678404299e+00
-4.193523873790500289e+00
-4.193523873790500289e+00
-4.242560147783268398e+00
-4.576740027841600167e+00
-4.576740027841600167e+00
-4.576740027841600167e+00
-4.547291458450812840e+00
-4.547291458450812840e+00
-4.547291458450812840e+00
-4.547291458450812840e+00
-4.547291458450812840e+00
-4.557774126187792874e+00
-4.557774126187792874e+00
-4.557774126187792874e+00
-4.557774126187792874e+00
-4.557774126187792874e+00
-4.509096619731836952e+00
-4.577333111152138478e+00
-4.577333111152138478e+00
-4.577333111152138478e+00
-4.577333111152138478e+00
-4.577333111152138478e+00
-4.577333111152138478e+00
-4.577333111152138478e+00
-4.577333111152138478e+00
-4.094340833149721526e+00
-4.317278159963924722e+00
-4.317278159963924722e+00
-4.317278159963924722e+00
-4.317278159963924722e+00
-4.317278159963924722e+00
-4.317278159963924722e+00
-4.317278159963924722e+00
-4.413075930301818772e+00
-4.413075930301818772e+00
-4.413075930301818772e+00
-4.413075930301818772e+00
-4.413075930301818772e+00
-4.413075930301818772e+00
-4.413075930301818772e+00
-4.413075930301818772e+00
-4.413075930301818772e+00
-4.662916263704317998e+00
-4.404194268396206091e+00
-4.404194268396206091e+00
-4.404194268396206091e+00
-4.404194268396206091e+00
-4.404194268396206091e+00
-4.404194268396206091e+00
-4.035327904083076511e+00
-4.035327904083076511e+00
-4.035327904083076511e+00
-4.035327904083076511e+00
-4.035327904083076511e+00
-4.035327904083076511e+00
-4.035449620642579838e+00
-4.035449620642579838e+00
-4.035449620642579838e+00
-4.035449620642579838e+00
-4.035449620642579838e+00
-4.035449620642579838e+00
-4.657551617740900873e+00
-4.657551617740900873e+00
-4.657551617740900873e+00
-4.657551617740900873e+00
-4.657551617740900873e+00
-4.657551617740900873e+00
-4.643390101182984786e+00
-4.313819950898792221e+00
-4.259025617493725768e+00
-4.259025617493725768e+00
-4.259025617493725768e+00
-4.259025617493725768e+00
-4.259025617493725768e+00
-4.680306688093546441e+00
-4.680306688093546441e+00
-4.680306688093546441e+00
-4.680306688093546441e+00
-4.680306688093546441e+00
-4.583448114632192372e+00
-4.583448114632192372e+00
-4.583448114632192372e+00
-4.583448114632192372e+00
-4.583448114632192372e+00
-4.583448114632192372e+00
-4.702967849789795984e+00
-4.702967849789795984e+00
-4.702967849789795984e+00
-4.702967849789795984e+00
-4.702967849789795984e+00
-4.702967849789795984e+00
-4.702967849789795984e+00
-4.702967849789795984e+00
-4.702967849789795984e+00
-4.702967849789795984e+00
-4.702967849789795984e+00
-4.702967849789795984e+00
-4.702967849789795984e+00
-4.702967849789795984e+00
-4.702967849789795984e+00
-4.702967849789795984e+00
-4.702967849789795984e+00
-4.605997588848747881e+00
-4.605997588848747881e+00
-4.605997588848747881e+00
-4.605997588848747881e+00
-4.605997588848747881e+00
-4.605997588848747881e+00
-4.605997588848747881e+00
-4.605997588848747881e+00
-4.605997588848747881e+00
-4.605997588848747881e+00
-4.605997588848747881e+00
-4.605997588848747881e+00
-4.605997588848747881e+00
-4.605997588848747881e+00
-4.605997588848747881e+00
-4.605997588848747881e+00
-4.586463220716662015e+00
-4.586463220716662015e+00
-4.586463220716662015e+00
-4.586463220716662015e+00
-4.586463220716662015e+00
-4.586463220716662015e+00
-4.426792064542752314e+00
-4.715394335540713300e+00
-4.715394335540713300e+00
-4.715394335540713300e+00
-4.715394335540713300e+00
-4.715394335540713300e+00
-4.715394335540713300e+00
-4.715394335540713300e+00
-4.715394335540713300e+00
-4.715394335540713300e+00
-4.715394335540713300e+00
-4.715394335540713300e+00
-4.715394335540713300e+00
-4.715394335540713300e+00
-4.508664457565511263e+00
-4.508664457565511263e+00
-4.508664457565511263e+00
-4.508664457565511263e+00
-4.508664457565511263e+00
-4.508664457565511263e+00
-4.508664457565511263e+00
-4.508664457565511263e+00
-4.508664457565511263e+00
-4.508664457565511263e+00
-4.508664457565511263e+00
-4.508664457565511263e+00
-4.508664457565511263e+00
-4.508664457565511263e+00
-4.508664457565511263e+00
-4.508664457565511263e+00
-4.508664457565511263e+00
-4.508664457565511263e+00
-4.508664457565511263e+00
-4.508664457565511263e+00
-4.508664457565511263e+00
-4.508664457565511263e+00
-4.508664457565511263e+00
-4.508664457565511263e+00
-4.508664457565511263e+00
-4.508664457565511263e+00
-4.508664457565511263e+00
-4.508664457565511263e+00
-4.508664457565511263e+00
-4.709040913481556956e+00
-4.709040913481556956e+00
-4.709040913481556956e+00
-4.709040913481556956e+00
-4.709040913481556956e+00
-4.709040913481556956e+00
-4.709040913481556956e+00
-4.709040913481556956e+00
-4.709040913481556956e+00
-4.709040913481556956e+00
-4.709040913481556956e+00
-4.709040913481556956e+00
-4.709040913481556956e+00
-4.709040913481556956e+00
-4.709040913481556956e+00
-4.709040913481556956e+00
-4.709040913481556956e+00
-4.709040913481556956e+00
-4.724759216746226009e+00
-4.724759216746226009e+00
-4.724759216746226009e+00
-4.724759216746226009e+00
-4.724759216746226009e+00
-4.724759216746226009e+00
-4.711336661023345584e+00
-4.711336661023345584e+00
-4.669152072009347343e+00
-4.669152072009347343e+00
-4.669152072009347343e+00
-4.433916814012690999e+00
-4.433916814012690999e+00
-4.433916814012690999e+00
-4.447806177813965256e+00
-4.447806177813965256e+00
-4.447806177813965256e+00
-4.447806177813965256e+00
-4.374240598076843511e+00
-4.374240598076843511e+00
-4.374240598076843511e+00
-4.374240598076843511e+00
-4.374240598076843511e+00
-4.374240598076843511e+00
-4.374240598076843511e+00
-4.374240598076843511e+00
-4.374240598076843511e+00
-4.374240598076843511e+00
-4.374240598076843511e+00
-4.341161957662373894e+00
-4.341161957662373894e+00
-4.341161957662373894e+00
-4.479735120988484809e+00
-4.479735120988484809e+00
-4.479735120988484809e+00
-4.479735120988484809e+00
-4.479735120988484809e+00
-4.479735120988484809e+00
-4.479735120988484809e+00
-4.479735120988484809e+00
-4.479735120988484809e+00
-4.479735120988484809e+00
-4.516486683949457515e+00
-4.457309186800487488e+00
-4.457309186800487488e+00
-4.457309186800487488e+00
-4.457309186800487488e+00
-4.457309186800487488e+00
-4.457309186800487488e+00
-4.528040183889705972e+00
-4.528040183889705972e+00
-4.528040183889705972e+00
-4.528040183889705972e+00
-4.528040183889705972e+00
-4.653439695019111255e+00
-4.653439695019111255e+00
-4.653439695019111255e+00
-4.653439695019111255e+00
-4.653439695019111255e+00
-4.583500539367558524e+00
-4.583500539367558524e+00
-4.583500539367558524e+00
-4.583500539367558524e+00
-4.583500539367558524e+00
-4.583500539367558524e+00
-4.583500539367558524e+00
-4.583500539367558524e+00
-4.583500539367558524e+00
-4.583500539367558524e+00
-4.583500539367558524e+00
-4.583500539367558524e+00
-4.583500539367558524e+00
-4.583500539367558524e+00
-4.583500539367558524e+00
-4.583500539367558524e+00
-4.583500539367558524e+00
-4.583500539367558524e+00
-4.583500539367558524e+00
-4.539825720267359088e+00
-4.539825720267359088e+00
-4.539825720267359088e+00
-4.539825720267359088e+00
-4.539825720267359088e+00
-4.539825720267359088e+00
-4.539825720267359088e+00
-4.539825720267359088e+00
-4.539825720267359088e+00
-4.539825720267359088e+00
-4.539825720267359088e+00
-4.504816026122345995e+00
-4.504816026122345995e+00
-4.504816026122345995e+00
-4.504816026122345995e+00
-4.504816026122345995e+00
-4.504816026122345995e+00
-4.504816026122345995e+00
-4.411881558069991272e+00
-4.411881558069991272e+00
-4.411881558069991272e+00
-4.411881558069991272e+00
-4.411881558069991272e+00
-4.590007588694701823e+00
-4.663819792621677784e+00
-4.663819792621677784e+00
-4.663819792621677784e+00
-4.663819792621677784e+00
-4.663819792621677784e+00
-4.663819792621677784e+00
-4.343887132166904586e+00
-4.343887132166904586e+00
-4.343887132166904586e+00
-4.343887132166904586e+00
-4.343887132166904586e+00
-4.580455801910924940e+00
-4.580455801910924940e+00
-4.580455801910924940e+00
-4.580455801910924940e+00
-4.580455801910924940e+00
-4.580455801910924940e+00
-4.580455801910924940e+00
-4.580455801910924940e+00
-4.580455801910924940e+00
-4.580455801910924940e+00
-4.580455801910924940e+00
-4.580455801910924940e+00
-4.580455801910924940e+00
-4.511891086060503930e+00
-4.511891086060503930e+00
-4.511891086060503930e+00
-4.511891086060503930e+00
-4.511891086060503930e+00
-4.511891086060503930e+00
-4.511891086060503930e+00
-4.511891086060503930e+00
-4.511891086060503930e+00
-4.511891086060503930e+00
-4.511891086060503930e+00
-4.511891086060503930e+00
-4.511891086060503930e+00
-4.511891086060503930e+00
-4.511891086060503930e+00
-4.511891086060503930e+00
-4.511891086060503930e+00
-4.511891086060503930e+00
-4.511891086060503930e+00
-4.511891086060503930e+00
-4.511891086060503930e+00
-4.511891086060503930e+00
-4.644058402592091461e+00
-4.644058402592091461e+00
-4.644058402592091461e+00
-4.575167741647869768e+00
-4.575167741647869768e+00
-4.575167741647869768e+00
-4.575167741647869768e+00
-4.575167741647869768e+00
-4.575167741647869768e+00
-4.575167741647869768e+00
-4.575167741647869768e+00
-4.575167741647869768e+00
-4.575167741647869768e+00
-4.575167741647869768e+00
-4.575167741647869768e+00
-4.575167741647869768e+00
-4.575167741647869768e+00
-4.575167741647869768e+00
-4.575167741647869768e+00
-4.575167741647869768e+00
-4.575167741647869768e+00
-4.575167741647869768e+00
-4.575167741647869768e+00
-4.575167741647869768e+00
-4.575167741647869768e+00
-4.575167741647869768e+00
-4.575167741647869768e+00
-4.575167741647869768e+00
-4.575167741647869768e+00
-4.575167741647869768e+00
-4.575167741647869768e+00
-4.575167741647869768e+00
-4.575167741647869768e+00
-4.671435511135006102e+00
-4.671435511135006102e+00
-4.671435511135006102e+00
-4.671435511135006102e+00
-4.671435511135006102e+00
-4.671431408329629775e+00
-4.671431408329629775e+00
-4.572258396768661193e+00
-4.572258396768661193e+00
-4.775925758463930748e+00
-4.775925758463930748e+00
-4.737133733629040222e+00
-4.737133733629040222e+00
-4.737133733629040222e+00
-4.737133733629040222e+00
-4.737133733629040222e+00
-4.737133733629040222e+00
-4.737133733629040222e+00
-4.551211005187171033e+00
-4.551211005187171033e+00
-4.551211005187171033e+00
-4.551211005187171033e+00
-4.551211005187171033e+00
-4.551211005187171033e+00
-4.551211005187171033e+00
-4.551211005187171033e+00
-4.551211005187171033e+00
-4.551211005187171033e+00
-4.551211005187171033e+00
-4.634200728874133368e+00
-4.634200728874133368e+00
-4.634200728874133368e+00
-4.634200728874133368e+00
-4.634200728874133368e+00
-4.634200728874133368e+00
-4.634200728874133368e+00
-4.634200728874133368e+00
-4.634200728874133368e+00
-4.634200728874133368e+00
-4.634200728874133368e+00
-4.621417299055460504e+00
-4.621417299055460504e+00
-4.621417299055460504e+00
-4.621417299055460504e+00
-4.621417299055460504e+00
-4.621417299055460504e+00
-4.621417299055460504e+00
-4.621417299055460504e+00
-4.192207329131904636e+00
-4.192207329131904636e+00
-4.192207329131904636e+00
-4.205849612876060739e+00
-4.205849612876060739e+00
-4.674621567443497661e+00
-4.674621567443497661e+00
-4.674621567443497661e+00
-4.674621567443497661e+00
-4.674621567443497661e+00
-4.754946746972048999e+00
-4.754946746972048999e+00
-4.754946746972048999e+00
-4.754946746972048999e+00
-4.754946746972048999e+00
-4.754946746972048999e+00
-4.754946746972048999e+00
-4.754946746972048999e+00
-4.754946746972048999e+00
-4.754946746972048999e+00
-4.838441115720321761e+00
-4.838441115720321761e+00
-4.838441115720321761e+00
-4.838441115720321761e+00
-4.624555945168489224e+00
-4.818154566602542488e+00
-4.818154566602542488e+00
-4.818154566602542488e+00
-4.818154566602542488e+00
-4.818154566602542488e+00
-4.818154566602542488e+00
-4.818154566602542488e+00
-4.818154566602542488e+00
-4.818154566602542488e+00
-4.818154566602542488e+00
-4.818154566602542488e+00
-4.818154566602542488e+00
-4.818154566602542488e+00
-4.818154566602542488e+00
-4.818154566602542488e+00
-4.818154566602542488e+00
-4.818154566602542488e+00
-4.818154566602542488e+00
-4.818154566602542488e+00
-4.818154566602542488e+00
-4.818154566602542488e+00
-4.818154566602542488e+00
-4.440594813563855325e+00
-4.440594813563855325e+00
-4.440594813563855325e+00
-4.440594813563855325e+00
-4.392601108003984400e+00
-4.392601108003984400e+00
-4.392601108003984400e+00
-4.392601108003984400e+00
-4.392601108003984400e+00
-4.392601108003984400e+00
-4.392601108003984400e+00
-4.392601108003984400e+00
-4.392601108003984400e+00
-4.641227922749564527e+00
-4.641227922749564527e+00
-4.641227922749564527e+00
-4.427808192674334009e+00
-4.427808192674334009e+00
-4.427808192674334009e+00
-4.427808192674334009e+00
-4.427808192674334009e+00
-4.427808192674334009e+00
-4.321532313272100190e+00
-4.321532313272100190e+00
-4.321532313272100190e+00
-4.321532313272100190e+00
-4.321532313272100190e+00
-4.321532313272100190e+00
-4.321532313272100190e+00
-4.321532313272100190e+00
-4.321532313272100190e+00
-4.321532313272100190e+00
-4.321532313272100190e+00
-4.321532313272100190e+00
-4.321532313272100190e+00
-4.321532313272100190e+00
-4.321532313272100190e+00
-4.321532313272100190e+00
-4.321532313272100190e+00
-4.321532313272100190e+00
-4.321532313272100190e+00
-4.321532313272100190e+00
-4.321532313272100190e+00
-4.321532313272100190e+00
-4.321532313272100190e+00
-4.321532313272100190e+00
-4.321532313272100190e+00
-4.637314302287639300e+00
-4.637314302287639300e+00
-4.637314302287639300e+00
-4.637314302287639300e+00
-4.637314302287639300e+00
-4.637314302287639300e+00
-4.637314302287639300e+00
-4.637314302287639300e+00
-4.637314302287639300e+00
-4.637314302287639300e+00
-4.637314302287639300e+00
-4.637314302287639300e+00
-4.637314302287639300e+00
-4.637314302287639300e+00
-4.637314302287639300e+00
-4.637314302287639300e+00
-4.629757390651374038e+00
-4.574818091456338109e+00
-4.574818091456338109e+00
-4.574818091456338109e+00
-4.574818091456338109e+00
-4.574818091456338109e+00
-4.574818091456338109e+00
-4.574818091456338109e+00
-4.574818091456338109e+00
-4.574818091456338109e+00
-4.574818091456338109e+00
-4.574818091456338109e+00
-4.574818091456338109e+00
-4.574818091456338109e+00
-4.574818091456338109e+00
-4.574818091456338109e+00
-4.574818091456338109e+00
-4.574818091456338109e+00
-4.574818091456338109e+00
-4.574818091456338109e+00
-4.574818091456338109e+00
-4.574818091456338109e+00
-4.574818091456338109e+00
-4.574818091456338109e+00
-4.574818091456338109e+00
-4.574818091456338109e+00
-4.574818091456338109e+00
-4.574818091456338109e+00
-4.574818091456338109e+00
-4.574818091456338109e+00
-4.574818091456338109e+00
-4.507665196522699702e+00
-4.507665196522699702e+00
-4.507665196522699702e+00
-4.507665196522699702e+00
-4.507665196522699702e+00
-4.507665196522699702e+00
-4.507665196522699702e+00
-4.507665196522699702e+00
-4.507665196522699702e+00
-4.507665196522699702e+00
-4.494331079049046274e+00
-4.494331079049046274e+00
-4.494331079049046274e+00
-5.048041133990023077e+00
-5.048041133990023077e+00
-5.048041133990023077e+00
-5.048041133990023077e+00
-5.048041133990023077e+00
-5.048041133990023077e+00
-5.048041133990023077e+00
-5.048041133990023077e+00
-5.048041133990023077e+00
-4.905281741578082055e+00
-4.905281741578082055e+00
-4.905281741578082055e+00
-4.856268716815780095e+00
-4.856268716815780095e+00
-4.856268716815780095e+00
-4.856268716815780095e+00
-4.856268716815780095e+00
-4.856268716815780095e+00
-4.856268716815780095e+00
-4.856268716815780095e+00
-4.856268716815780095e+00
-4.637062207690616056e+00
-4.637062207690616056e+00
-4.637062207690616056e+00
-4.637062207690616056e+00
-4.637062207690616056e+00
-4.260171211928299506e+00
-4.260171211928299506e+00
-4.284036319068922793e+00
-4.284036319068922793e+00
-4.284036319068922793e+00
-4.284036319068922793e+00
-4.284036319068922793e+00
-4.284036319068922793e+00
-4.284036319068922793e+00
-4.284036319068922793e+00
-4.284036319068922793e+00
-4.284036319068922793e+00
-4.284036319068922793e+00
-4.277283101419190103e+00
-4.277283101419190103e+00
-4.277283101419190103e+00
-4.277283101419190103e+00
-4.277283101419190103e+00
-4.277283101419190103e+00
-4.277283101419190103e+00
-4.277283101419190103e+00
-4.277283101419190103e+00
-4.277283101419190103e+00
-4.277283101419190103e+00
-4.277283101419190103e+00
-4.277283101419190103e+00
-4.277283101419190103e+00
-4.277283101419190103e+00
-4.277283101419190103e+00
-4.277283101419190103e+00
-4.277283101419190103e+00
-4.277283101419190103e+00
-4.277283101419190103e+00
-4.277283101419190103e+00
-4.277283101419190103e+00
-4.277283101419190103e+00
-4.277283101419190103e+00
-4.277283101419190103e+00
-4.867657648673704429e+00
-4.867657648673704429e+00
-4.849360048429003811e+00
-4.849360048429003811e+00
-4.849360048429003811e+00
-4.849360048429003811e+00
-4.849360048429003811e+00
-4.849360048429003811e+00
-4.849360048429003811e+00
-4.849360048429003811e+00
-4.849360048429003811e+00
-4.849360048429003811e+00
-4.849360048429003811e+00
-4.849360048429003811e+00
-4.849360048429003811e+00
-4.849360048429003811e+00
-4.849360048429003811e+00
-4.849360048429003811e+00
-4.684415875611751545e+00
-4.684415875611751545e+00
-4.684415875611751545e+00
-4.684415875611751545e+00
-4.684415875611751545e+00
-4.684415875611751545e+00
-4.684415875611751545e+00
-4.684415875611751545e+00
-4.684415875611751545e+00
-4.684415875611751545e+00
-4.684415875611751545e+00
-4.684415875611751545e+00
-4.684415875611751545e+00
-4.684415875611751545e+00
-4.684415875611751545e+00
-4.684415875611751545e+00
-4.684415875611751545e+00
-4.684415875611751545e+00
-4.684415875611751545e+00
-4.684415875611751545e+00
-4.684415875611751545e+00
-4.684415875611751545e+00
-4.787260897984696228e+00
-4.787260897984696228e+00
-4.787260897984696228e+00
-4.787260897984696228e+00
-4.787260897984696228e+00
-4.619700958806287616e+00
-4.619700958806287616e+00
-4.619700958806287616e+00
-4.619700958806287616e+00
-4.619700958806287616e+00
-4.619700958806287616e+00
-4.619700958806287616e+00
-4.780342200518109763e+00
-4.780342200518109763e+00
-4.780342200518109763e+00
-4.780342200518109763e+00
-4.780342200518109763e+00
-4.780342200518109763e+00
-4.637737802975947510e+00
-4.637737802975947510e+00
-4.637737802975947510e+00
-4.637737802975947510e+00
-4.647497465232134140e+00
-4.647497465232134140e+00
-4.647497465232134140e+00
-4.647497465232134140e+00
-4.670403427649182149e+00
-4.671470157047074245e+00
-4.671470157047074245e+00
-4.711395467900408640e+00
-4.711395467900408640e+00
-4.711395467900408640e+00
-4.711395467900408640e+00
-4.613352095419772425e+00
-4.613352095419772425e+00
-4.613352095419772425e+00
-4.613352095419772425e+00
-4.613352095419772425e+00
-4.613352095419772425e+00
-4.613352095419772425e+00
-4.613352095419772425e+00
-4.613352095419772425e+00
-4.613352095419772425e+00
-4.613352095419772425e+00
-4.613352095419772425e+00
-4.613352095419772425e+00
-4.613352095419772425e+00
-4.613352095419772425e+00
-4.613352095419772425e+00
-4.613352095419772425e+00
-4.613352095419772425e+00
-4.613352095419772425e+00
-4.613352095419772425e+00
-4.613352095419772425e+00
-4.613352095419772425e+00
-4.613352095419772425e+00
-4.581298700482165920e+00
-4.581298700482165920e+00
-4.581298700482165920e+00
-4.581298700482165920e+00
-4.551039599095886068e+00
-4.551039599095886068e+00
-4.551039599095886068e+00
-4.551039599095886068e+00
-4.551039599095886068e+00
-4.551039599095886068e+00
-4.551039599095886068e+00
-4.551039599095886068e+00
-4.551039599095886068e+00
-4.571978038401265820e+00
-4.571978038401265820e+00
-4.571978038401265820e+00
-4.571978038401265820e+00
-4.571978038401265820e+00
-4.571978038401265820e+00
-4.571978038401265820e+00
-4.571978038401265820e+00
-4.571978038401265820e+00
-4.571978038401265820e+00
-4.571978038401265820e+00
-4.571978038401265820e+00
-4.571978038401265820e+00
-4.571978038401265820e+00
-4.571978038401265820e+00
-4.571978038401265820e+00
-4.571978038401265820e+00
-4.571978038401265820e+00
-4.571978038401265820e+00
-4.263432030468096379e+00
-4.263432030468096379e+00
-4.263432030468096379e+00
-4.263432030468096379e+00
-4.402420488871761961e+00
-4.402420488871761961e+00
-4.402420488871761961e+00
-4.402420488871761961e+00
-4.402420488871761961e+00
-4.480027787772009162e+00
-4.480027787772009162e+00
-4.480027787772009162e+00
-4.480027787772009162e+00
-4.573594087852346668e+00
-4.573594087852346668e+00
-4.573594087852346668e+00
-4.803295117263355785e+00
-4.803295117263355785e+00
-4.803295117263355785e+00
-4.803295117263355785e+00
-4.803295117263355785e+00
-4.803295117263355785e+00
-4.803295117263355785e+00
-4.803295117263355785e+00
-4.762656374141773341e+00
-4.762656374141773341e+00
-4.709715597032360535e+00
-4.709715597032360535e+00
-4.709715597032360535e+00
-4.709715597032360535e+00
-4.709715597032360535e+00
-4.709715597032360535e+00
-4.709715597032360535e+00
-4.747807409749659868e+00
-4.747807409749659868e+00
-4.747807409749659868e+00
-4.747807409749659868e+00
-4.747807409749659868e+00
-4.747807409749659868e+00
-4.747807409749659868e+00
-4.747807409749659868e+00
-4.747807409749659868e+00
-4.747807409749659868e+00
-4.747807409749659868e+00
-4.747807409749659868e+00
-4.747807409749659868e+00
-4.747807409749659868e+00
-4.747807409749659868e+00
-4.747807409749659868e+00
-4.747807409749659868e+00
-4.747807409749659868e+00
-4.747807409749659868e+00
-4.754479483026391229e+00
-4.754479483026391229e+00
-4.754479483026391229e+00
-4.754479483026391229e+00
-4.754479483026391229e+00
-4.856277834161061513e+00
-4.856277834161061513e+00
-4.856277834161061513e+00
-4.856277834161061513e+00
-4.856277834161061513e+00
-4.856277834161061513e+00
-4.842163727798607376e+00
-4.842163727798607376e+00
-4.842163727798607376e+00
-4.842163727798607376e+00
-4.842163727798607376e+00
-4.842163727798607376e+00
-4.842163727798607376e+00
-4.817044073947300831e+00
-4.817044073947300831e+00
-4.817044073947300831e+00
-4.817044073947300831e+00
-4.817044073947300831e+00
-4.817044073947300831e+00
-4.817044073947300831e+00
-4.817044073947300831e+00
-4.817044073947300831e+00
-4.817044073947300831e+00
-4.740361729725824702e+00
-4.740361729725824702e+00
-4.740361729725824702e+00
-4.740361729725824702e+00
-4.740361729725824702e+00
-4.740361729725824702e+00
-4.740361729725824702e+00
-4.740361729725824702e+00
-4.740361729725824702e+00
-4.740361729725824702e+00
-4.705770065861951679e+00
-4.705770065861951679e+00
-4.705770065861951679e+00
-4.705770065861951679e+00
-4.705770065861951679e+00
-4.705770065861951679e+00
-4.705770065861951679e+00
-4.705770065861951679e+00
-4.705770065861951679e+00
-4.705770065861951679e+00
-4.705770065861951679e+00
-4.705770065861951679e+00
-4.705770065861951679e+00
-4.705770065861951679e+00
-4.705770065861951679e+00
-4.705770065861951679e+00
-4.705770065861951679e+00
-4.705770065861951679e+00
-4.705770065861951679e+00
-5.033908337069743055e+00
-5.033908337069743055e+00
-5.033908337069743055e+00
-5.033908337069743055e+00
-5.033904690131630666e+00
-4.650569098857347150e+00
-4.650569098857347150e+00
-4.650569098857347150e+00
-4.650569098857347150e+00
-4.650569098857347150e+00
-4.650569098857347150e+00
-4.650569098857347150e+00
-4.650569098857347150e+00
-4.650569098857347150e+00
-4.650569098857347150e+00
-4.650569098857347150e+00
-4.650569098857347150e+00
-4.650569098857347150e+00
-4.802614507438119240e+00
-4.802614507438119240e+00
-4.802614507438119240e+00
-4.802614507438119240e+00
-4.571390425497897425e+00
-4.571390425497897425e+00
-4.571390425497897425e+00
-4.571390425497897425e+00
-4.571390425497897425e+00
-4.571390425497897425e+00
-4.571390425497897425e+00
-4.571390425497897425e+00
-4.571390425497897425e+00
-4.571390425497897425e+00
-4.571390425497897425e+00
-4.571390425497897425e+00
-4.571390425497897425e+00
-4.786201918330292848e+00
-4.786201918330292848e+00
-4.786201918330292848e+00
-4.786201918330292848e+00
-4.786201918330292848e+00
-4.786201918330292848e+00
-4.786201918330292848e+00
-4.786201918330292848e+00
-4.786201918330292848e+00
-4.786201918330292848e+00
-4.786201918330292848e+00
-4.786201918330292848e+00
-4.786201918330292848e+00
-4.786201918330292848e+00
-4.709574734047767386e+00
-4.709574734047767386e+00
-4.709574734047767386e+00
-4.709574734047767386e+00
-4.709574734047767386e+00
-4.709574734047767386e+00
-4.709574734047767386e+00
-4.709574734047767386e+00
-4.709574734047767386e+00
-4.709574734047767386e+00
-4.709574734047767386e+00
-4.709574734047767386e+00
-4.709574734047767386e+00
-4.709574734047767386e+00
-4.709574734047767386e+00
-4.709574734047767386e+00
-4.709574734047767386e+00
-4.709574734047767386e+00
-4.709574734047767386e+00
-4.709574734047767386e+00
-4.709574734047767386e+00
-4.709574734047767386e+00
-4.639865335497299625e+00
-4.639865335497299625e+00
-4.639865335497299625e+00
-4.639865335497299625e+00
-4.639865335497299625e+00
-4.647640607553047865e+00
-4.647640607553047865e+00
-4.612552048371353131e+00
-4.547951554249166861e+00
-4.547951554249166861e+00
-4.547951554249166861e+00
-4.547951554249166861e+00
-4.547951554249166861e+00
-4.547951554249166861e+00
-4.783497713719909505e+00
-4.783497713719909505e+00
-4.783497713719909505e+00
-4.796405595301670211e+00
-4.796405595301670211e+00
-4.976753067104128014e+00
-4.976753067104128014e+00
-4.976753067104128014e+00
-4.976753067104128014e+00
-4.820382389921986643e+00
-4.694146362363038172e+00
-4.694146362363038172e+00
-4.694146362363038172e+00
-4.694146362363038172e+00
-4.694146362363038172e+00
-4.694146362363038172e+00
-4.694146362363038172e+00
-4.694146362363038172e+00
-4.694146362363038172e+00
-4.694146362363038172e+00
-4.694146362363038172e+00
-4.694146362363038172e+00
-4.694146362363038172e+00
-4.694146362363038172e+00
