# Variable: dg_gbsa_00000223
# Sample shape: (2000,)
# Date: 2014-03-03 06:24:06.658949
-8.652270638008190407e-01
-8.652270638008190407e-01
-1.514722580663560692e+00
-5.210669501105868129e+00
-5.210669501105868129e+00
-5.210669501105868129e+00
-5.210669501105868129e+00
-5.210669501105868129e+00
-4.215975336545283447e+00
-4.215975336545283447e+00
-4.215975336545283447e+00
-4.215975336545283447e+00
-3.966669735443523415e+00
-3.966669735443523415e+00
-3.966669735443523415e+00
-3.966669735443523415e+00
-3.966669735443523415e+00
-3.966669735443523415e+00
-3.966669735443523415e+00
-3.966669735443523415e+00
-3.966669735443523415e+00
-3.966669735443523415e+00
-3.966669735443523415e+00
-3.957623961322849659e+00
-3.957623961322849659e+00
-3.957623961322849659e+00
-3.957623961322849659e+00
-3.957623961322849659e+00
-3.957623961322849659e+00
-3.957623961322849659e+00
-4.508094167618176940e+00
-4.508094167618176940e+00
-4.508094167618176940e+00
-4.733905737532255742e+00
-4.733905737532255742e+00
-4.733905737532255742e+00
-4.733905737532255742e+00
-4.398421165364194252e+00
-4.398421165364194252e+00
-4.398421165364194252e+00
-4.398421165364194252e+00
-4.398421165364194252e+00
-4.398421165364194252e+00
-4.398421165364194252e+00
-4.398421165364194252e+00
-4.404822909353339533e+00
-4.404822909353339533e+00
-4.404822909353339533e+00
-4.404822909353339533e+00
-4.404822909353339533e+00
-4.461355920503518036e+00
-4.461355920503518036e+00
-4.461355920503518036e+00
-4.461355920503518036e+00
-4.461355920503518036e+00
-4.235934572967471112e+00
-4.231575114321298514e+00
-4.231575114321298514e+00
-3.764497618374359256e+00
-3.764497618374359256e+00
-3.764497618374359256e+00
-3.764497618374359256e+00
-3.764497618374359256e+00
-3.764497618374359256e+00
-3.764497618374359256e+00
-3.764497618374359256e+00
-3.764497618374359256e+00
-3.764497618374359256e+00
-3.764497618374359256e+00
-3.764497618374359256e+00
-3.764497618374359256e+00
-3.764497618374359256e+00
-3.764497618374359256e+00
-3.764497618374359256e+00
-3.764497618374359256e+00
-3.764497618374359256e+00
-3.764497618374359256e+00
-3.764497618374359256e+00
-3.764497618374359256e+00
-4.174223365564874833e+00
-4.174223365564874833e+00
-4.174223365564874833e+00
-4.174223365564874833e+00
-4.174223365564874833e+00
-3.990042505938965700e+00
-3.990042505938965700e+00
-3.990042505938965700e+00
-3.990042505938965700e+00
-3.990042505938965700e+00
-3.902274837457426759e+00
-3.902274837457426759e+00
-3.902274837457426759e+00
-3.902274837457426759e+00
-3.902274837457426759e+00
-3.902274837457426759e+00
-3.902274837457426759e+00
-3.902274837457426759e+00
-3.902274837457426759e+00
-3.902274837457426759e+00
-3.902274837457426759e+00
-3.902274837457426759e+00
-3.902274837457426759e+00
-3.902274837457426759e+00
-3.902274837457426759e+00
-3.902274837457426759e+00
-3.902274837457426759e+00
-3.902274837457426759e+00
-3.902274837457426759e+00
-3.902274837457426759e+00
-3.902274837457426759e+00
-3.902274837457426759e+00
-3.902274837457426759e+00
-3.902274837457426759e+00
-3.902274837457426759e+00
-3.902274837457426759e+00
-3.902274837457426759e+00
-3.902274837457426759e+00
-3.902274837457426759e+00
-3.902274837457426759e+00
-3.902274837457426759e+00
-3.902274837457426759e+00
-3.902274837457426759e+00
-3.902274837457426759e+00
-3.902274837457426759e+00
-3.902274837457426759e+00
-3.902274837457426759e+00
-4.045232987996496554e+00
-4.045232987996496554e+00
-4.045232987996496554e+00
-4.045232987996496554e+00
-4.045232987996496554e+00
-4.220985773644529537e+00
-4.220985773644529537e+00
-4.220985773644529537e+00
-4.220985773644529537e+00
-4.220985773644529537e+00
-4.220985773644529537e+00
-4.220985773644529537e+00
-4.220985773644529537e+00
-4.220985773644529537e+00
-4.220985773644529537e+00
-4.220985773644529537e+00
-4.220985773644529537e+00
-4.220985773644529537e+00
-4.220985773644529537e+00
-4.220985773644529537e+00
-4.220985773644529537e+00
-4.220985773644529537e+00
-4.220985773644529537e+00
-4.220985773644529537e+00
-4.220985773644529537e+00
-4.220985773644529537e+00
-4.220985773644529537e+00
-4.220985773644529537e+00
-4.220985773644529537e+00
-4.220985773644529537e+00
-3.939762626049851058e+00
-3.939762626049851058e+00
-3.939762626049851058e+00
-3.939762626049851058e+00
-3.939762626049851058e+00
-3.939762626049851058e+00
-3.939762626049851058e+00
-3.939762626049851058e+00
-3.939762626049851058e+00
-3.939762626049851058e+00
-3.939762626049851058e+00
-3.939762626049851058e+00
-3.939762626049851058e+00
-3.939762626049851058e+00
-3.939762626049851058e+00
-3.939762626049851058e+00
-3.939762626049851058e+00
-3.939762626049851058e+00
-3.939762626049851058e+00
-3.939762626049851058e+00
-3.939762626049851058e+00
-3.939762626049851058e+00
-3.939762626049851058e+00
-3.939762626049851058e+00
-3.939762626049851058e+00
-3.939762626049851058e+00
-3.939762626049851058e+00
-3.939762626049851058e+00
-3.939762626049851058e+00
-3.939762626049851058e+00
-4.029422143677224177e+00
-4.029422143677224177e+00
-4.082509710045663098e+00
-4.082509710045663098e+00
-4.082509710045663098e+00
-4.082509710045663098e+00
-4.082509710045663098e+00
-4.082509710045663098e+00
-4.082509710045663098e+00
-4.082509710045663098e+00
-4.082509710045663098e+00
-4.082509710045663098e+00
-4.082509710045663098e+00
-4.082509710045663098e+00
-4.082509710045663098e+00
-4.081168548554808595e+00
-4.081168548554808595e+00
-4.081168548554808595e+00
-4.081168548554808595e+00
-4.081168548554808595e+00
-4.081168548554808595e+00
-4.081168548554808595e+00
-4.081168548554808595e+00
-4.147754800479225068e+00
-4.147754800479225068e+00
-3.633411618993113379e+00
-3.633411618993113379e+00
-3.633411618993113379e+00
-4.065975860245596429e+00
-4.065975860245596429e+00
-4.065975860245596429e+00
-4.065975860245596429e+00
-4.065975860245596429e+00
-4.065975860245596429e+00
-4.065975860245596429e+00
-4.065975860245596429e+00
-4.065975860245596429e+00
-4.065975860245596429e+00
-4.065975860245596429e+00
-4.091422370925232421e+00
-4.091422370925232421e+00
-4.091422370925232421e+00
-4.091422370925232421e+00
-4.091422370925232421e+00
-4.091422370925232421e+00
-3.956087688642979217e+00
-3.956087688642979217e+00
-3.956087688642979217e+00
-3.956087688642979217e+00
-3.956087688642979217e+00
-3.956087688642979217e+00
-3.956087688642979217e+00
-3.956087688642979217e+00
-3.956087688642979217e+00
-3.956087688642979217e+00
-3.956087688642979217e+00
-3.956087688642979217e+00
-3.956087688642979217e+00
-3.956087688642979217e+00
-3.956087688642979217e+00
-3.956087688642979217e+00
-3.956087688642979217e+00
-3.956087688642979217e+00
-3.956087688642979217e+00
-3.956087688642979217e+00
-3.956087688642979217e+00
-3.577858038659761153e+00
-3.658447165334201667e+00
-3.658447165334201667e+00
-3.658447165334201667e+00
-3.827532208444511141e+00
-3.827532208444511141e+00
-3.827532208444511141e+00
-3.827532208444511141e+00
-3.866614620726605445e+00
-3.866614620726605445e+00
-3.866614620726605445e+00
-3.866614620726605445e+00
-3.866614620726605445e+00
-3.866614620726605445e+00
-3.866614620726605445e+00
-3.863817875061618334e+00
-3.863817875061618334e+00
-3.863817875061618334e+00
-3.863817875061618334e+00
-3.863817875061618334e+00
-3.863817875061618334e+00
-3.863817875061618334e+00
-3.863817875061618334e+00
-3.863817875061618334e+00
-3.863817875061618334e+00
-3.863817875061618334e+00
-3.863817875061618334e+00
-3.863817875061618334e+00
-3.863817875061618334e+00
-3.863817875061618334e+00
-3.863817875061618334e+00
-3.863817875061618334e+00
-3.863817875061618334e+00
-3.863817875061618334e+00
-3.863817875061618334e+00
-3.863817875061618334e+00
-3.863817875061618334e+00
-3.765525371121174913e+00
-3.765525371121174913e+00
-3.765525371121174913e+00
-3.765525371121174913e+00
-3.765525371121174913e+00
-3.765525371121174913e+00
-3.765525371121174913e+00
-3.765525371121174913e+00
-3.765525371121174913e+00
-3.765525371121174913e+00
-3.765525371121174913e+00
-3.765525371121174913e+00
-3.765525371121174913e+00
-3.765525371121174913e+00
-3.765525371121174913e+00
-3.765525371121174913e+00
-3.765525371121174913e+00
-3.765525371121174913e+00
-3.765525371121174913e+00
-3.765525371121174913e+00
-3.765525371121174913e+00
-3.765525371121174913e+00
-3.889095714853552543e+00
-3.759434300672483520e+00
-3.759434300672483520e+00
-3.759434300672483520e+00
-3.759434300672483520e+00
-3.759434300672483520e+00
-3.759434300672483520e+00
-3.759434300672483520e+00
-3.759434300672483520e+00
-3.759434300672483520e+00
-3.759434300672483520e+00
-3.759434300672483520e+00
-3.759434300672483520e+00
-3.759434300672483520e+00
-3.759434300672483520e+00
-3.759434300672483520e+00
-3.759434300672483520e+00
-3.759434300672483520e+00
-3.750575660063705019e+00
-3.750575660063705019e+00
-3.750575660063705019e+00
-3.750575660063705019e+00
-3.750575660063705019e+00
-3.750575660063705019e+00
-3.750575660063705019e+00
-3.750575660063705019e+00
-3.750575660063705019e+00
-3.750575660063705019e+00
-3.925128375139108616e+00
-3.925128375139108616e+00
-3.925128375139108616e+00
-3.925128375139108616e+00
-3.925128375139108616e+00
-3.925128375139108616e+00
-3.925128375139108616e+00
-3.925128375139108616e+00
-3.598112905002688766e+00
-3.598112905002688766e+00
-3.598112905002688766e+00
-3.598112905002688766e+00
-3.598112905002688766e+00
-3.598112905002688766e+00
-3.598112905002688766e+00
-3.598112905002688766e+00
-3.598112905002688766e+00
-3.598112905002688766e+00
-3.598112905002688766e+00
-3.598112905002688766e+00
-3.625632244131988813e+00
-3.625632244131988813e+00
-3.625632244131988813e+00
-3.625632244131988813e+00
-3.625632244131988813e+00
-3.625632244131988813e+00
-3.738202510782683063e+00
-3.738202510782683063e+00
-3.541886920454853094e+00
-3.541886920454853094e+00
-3.541886920454853094e+00
-3.541886920454853094e+00
-3.541886920454853094e+00
-3.541886920454853094e+00
-3.541886920454853094e+00
-3.541886920454853094e+00
-3.541886920454853094e+00
-3.541886920454853094e+00
-3.541886920454853094e+00
-3.541886920454853094e+00
-3.541886920454853094e+00
-3.525829679879358025e+00
-3.525829679879358025e+00
-3.525829679879358025e+00
-3.525829679879358025e+00
-3.525829679879358025e+00
-3.525829679879358025e+00
-3.525829679879358025e+00
-3.525829679879358025e+00
-3.525829679879358025e+00
-3.525829679879358025e+00
-3.525829679879358025e+00
-3.525829679879358025e+00
-3.525829679879358025e+00
-3.525829679879358025e+00
-3.525829679879358025e+00
-3.525829679879358025e+00
-3.525829679879358025e+00
-3.525829679879358025e+00
-3.550040790273400138e+00
-3.637635457128229000e+00
-3.641211507881120468e+00
-3.641211507881120468e+00
-3.641211507881120468e+00
-3.641211507881120468e+00
-3.641211507881120468e+00
-3.641211507881120468e+00
-3.641211507881120468e+00
-3.641211507881120468e+00
-3.641211507881120468e+00
-3.641211507881120468e+00
-3.641211507881120468e+00
-3.641211507881120468e+00
-3.641211507881120468e+00
-3.641211507881120468e+00
-3.559170443970660180e+00
-3.559170443970660180e+00
-3.559170443970660180e+00
-3.559170443970660180e+00
-3.559170443970660180e+00
-3.559170443970660180e+00
-3.559170443970660180e+00
-3.559170443970660180e+00
-3.559170443970660180e+00
-3.559170443970660180e+00
-3.559170443970660180e+00
-3.559170443970660180e+00
-3.559170443970660180e+00
-3.559170443970660180e+00
-3.559170443970660180e+00
-3.559170443970660180e+00
-3.698561205234855542e+00
-3.698561205234855542e+00
-3.698561205234855542e+00
-3.698561205234855542e+00
-3.698561205234855542e+00
-3.698561205234855542e+00
-3.698561205234855542e+00
-3.698561205234855542e+00
-3.698561205234855542e+00
-3.698561205234855542e+00
-3.879584956123541595e+00
-3.879584956123541595e+00
-3.879584956123541595e+00
-3.879584956123541595e+00
-3.879584956123541595e+00
-3.854922537138083527e+00
-4.161312748779529613e+00
-4.161312748779529613e+00
-3.954390950686160977e+00
-3.954390950686160977e+00
-3.954390950686160977e+00
-3.954390950686160977e+00
-3.954390950686160977e+00
-3.954390950686160977e+00
-3.954390950686160977e+00
-3.954390950686160977e+00
-3.954390950686160977e+00
-3.954390950686160977e+00
-3.954390950686160977e+00
-3.838763866096335686e+00
-3.838763866096335686e+00
-3.838763866096335686e+00
-3.838763866096335686e+00
-3.838763866096335686e+00
-3.838763866096335686e+00
-3.838763866096335686e+00
-3.838763866096335686e+00
-3.838763866096335686e+00
-3.838763866096335686e+00
-3.838763866096335686e+00
-3.838763866096335686e+00
-3.838763866096335686e+00
-3.805759532045907445e+00
-3.805759532045907445e+00
-3.805759532045907445e+00
-3.805759532045907445e+00
-3.805759532045907445e+00
-3.805759532045907445e+00
-3.620914473816267964e+00
-3.620914473816267964e+00
-3.620914473816267964e+00
-3.620914473816267964e+00
-3.620914473816267964e+00
-3.620914473816267964e+00
-3.744402989374747914e+00
-3.744402989374747914e+00
-3.744402989374747914e+00
-3.744402989374747914e+00
-3.744402989374747914e+00
-3.767270886875247360e+00
-3.767270886875247360e+00
-3.767270886875247360e+00
-3.767270886875247360e+00
-3.767270886875247360e+00
-3.767270886875247360e+00
-3.767270886875247360e+00
-3.767270886875247360e+00
-3.767270886875247360e+00
-3.767270886875247360e+00
-3.767270886875247360e+00
-3.767270886875247360e+00
-3.767270886875247360e+00
-3.871362022414489790e+00
-3.871362022414489790e+00
-3.871362022414489790e+00
-3.871362022414489790e+00
-3.871362022414489790e+00
-3.871362022414489790e+00
-3.871362022414489790e+00
-3.871362022414489790e+00
-3.871362022414489790e+00
-3.871362022414489790e+00
-3.871362022414489790e+00
-3.871362022414489790e+00
-3.871362022414489790e+00
-3.871362022414489790e+00
-3.995563970241218232e+00
-3.722881495838639143e+00
-3.722881495838639143e+00
-3.619050888440804581e+00
-3.619050888440804581e+00
-3.619050888440804581e+00
-3.845017909091927422e+00
-3.845017909091927422e+00
-3.845017909091927422e+00
-3.845017909091927422e+00
-3.845017909091927422e+00
-3.801834514902380668e+00
-3.801834514902380668e+00
-3.801834514902380668e+00
-3.801834514902380668e+00
-4.166956385508549410e+00
-4.166956385508549410e+00
-4.166966414588358703e+00
-4.009176622613209950e+00
-4.009176622613209950e+00
-4.009176622613209950e+00
-4.009176622613209950e+00
-4.009176622613209950e+00
-4.009176622613209950e+00
-4.009176622613209950e+00
-4.009176622613209950e+00
-4.009176622613209950e+00
-4.173962153622570170e+00
-4.173962153622570170e+00
-4.173962153622570170e+00
-4.173962153622570170e+00
-4.173962153622570170e+00
-4.173962153622570170e+00
-4.173962153622570170e+00
-4.173962153622570170e+00
-4.173962153622570170e+00
-4.173962153622570170e+00
-4.173962153622570170e+00
-4.173962153622570170e+00
-4.173962153622570170e+00
-4.173951668675496940e+00
-4.173951668675496940e+00
-4.173951668675496940e+00
-4.173956683215402030e+00
-4.173956683215402030e+00
-4.173956683215402030e+00
-4.173956683215402030e+00
-4.173956683215402030e+00
-4.173956683215402030e+00
-4.173956683215402030e+00
-4.173956683215402030e+00
-4.173956683215402030e+00
-4.173956683215402030e+00
-4.173956683215402030e+00
-4.173956683215402030e+00
-4.173956683215402030e+00
-4.173956683215402030e+00
-4.173956683215402030e+00
-4.173956683215402030e+00
-4.173956683215402030e+00
-4.173956683215402030e+00
-4.173956683215402030e+00
-4.033731456924350312e+00
-4.033731456924350312e+00
-4.033731456924350312e+00
-4.033731456924350312e+00
-4.033731456924350312e+00
-4.033725986517182172e+00
-4.033725986517182172e+00
-4.033725986517182172e+00
-4.033725986517182172e+00
-4.033725986517182172e+00
-4.033725986517182172e+00
-4.033725986517182172e+00
-4.033725986517182172e+00
-4.033725986517182172e+00
-4.033731456924350312e+00
-4.033731456924350312e+00
-4.033731456924350312e+00
-4.033731456924350312e+00
-4.033731456924350312e+00
-4.033731456924350312e+00
-3.924284108966075824e+00
-3.924284108966075824e+00
-3.924284108966075824e+00
-3.924284108966075824e+00
-3.924284108966075824e+00
-3.924284108966075824e+00
-3.924284108966075824e+00
-3.924284108966075824e+00
-3.924284108966075824e+00
-3.924284108966075824e+00
-3.924284108966075824e+00
-3.924284108966075824e+00
-3.736539507003404648e+00
-3.736539507003404648e+00
-3.736539507003404648e+00
-3.736539507003404648e+00
-3.736539507003404648e+00
-3.736539507003404648e+00
-3.736539507003404648e+00
-3.736539507003404648e+00
-3.736539507003404648e+00
-3.736539507003404648e+00
-3.736539507003404648e+00
-3.736539507003404648e+00
-3.768010075643914991e+00
-3.768010075643914991e+00
-3.768010075643914991e+00
-3.768010075643914991e+00
-3.768010075643914991e+00
-3.768010075643914991e+00
-4.200746178854947388e+00
-4.200757119669284556e+00
-4.200757119669284556e+00
-4.200762134209189647e+00
-4.200762134209189647e+00
-4.200762134209189647e+00
-4.200762134209189647e+00
-4.200500010532357109e+00
-4.200500010532357109e+00
-4.200500010532357109e+00
-4.200500010532357109e+00
-4.200500010532357109e+00
-4.200500010532357109e+00
-4.200551979400459324e+00
-4.200551979400459324e+00
-4.109228090392015531e+00
-4.109228090392015531e+00
-4.109228090392015531e+00
-4.109228090392015531e+00
-4.109228090392015531e+00
-4.109228090392015531e+00
-4.109228090392015531e+00
-4.109238575339088761e+00
-4.109238575339088761e+00
-4.109238575339088761e+00
-4.109238575339088761e+00
-4.109238575339088761e+00
-4.101724515225645185e+00
-4.101724515225645185e+00
-4.101724515225645185e+00
-4.101724515225645185e+00
-4.232478187371394363e+00
-4.232478187371394363e+00
-4.232478187371394363e+00
-4.232478187371394363e+00
-4.232478187371394363e+00
-4.232478187371394363e+00
-4.232478187371394363e+00
-4.232478187371394363e+00
-4.232478187371394363e+00
-4.232478187371394363e+00
-4.232478187371394363e+00
-4.232478187371394363e+00
-4.232478187371394363e+00
-4.232478187371394363e+00
-4.232478187371394363e+00
-4.232503260070917150e+00
-4.232503260070917150e+00
-4.232503260070917150e+00
-4.232503260070917150e+00
-4.232503260070917150e+00
-4.232503260070917150e+00
-4.232498245531012948e+00
-4.232498245531012948e+00
-4.232498245531012948e+00
-4.232498245531012948e+00
-4.232498245531012948e+00
-4.232498245531012948e+00
-4.232498245531012948e+00
-4.232498245531012948e+00
-4.232498245531012948e+00
-4.232498245531012948e+00
-4.232498245531012948e+00
-4.232498245531012948e+00
-4.232498245531012948e+00
-4.232498245531012948e+00
-4.232498245531012948e+00
-4.232498245531012948e+00
-4.232498245531012948e+00
-4.232498245531012948e+00
-4.232498245531012948e+00
-4.232498245531012948e+00
-4.232498245531012948e+00
-4.232498245531012948e+00
-4.232498245531012948e+00
-4.232498245531012948e+00
-4.232498245531012948e+00
-4.232503260070917150e+00
-4.232503260070917150e+00
-4.232503260070917150e+00
-4.232503260070917150e+00
-4.232503260070917150e+00
-4.232503260070917150e+00
-4.232503260070917150e+00
-4.232503260070917150e+00
-4.232503260070917150e+00
-4.232503260070917150e+00
-4.232503260070917150e+00
-4.232503260070917150e+00
-4.232503260070917150e+00
-4.232503260070917150e+00
-4.232503260070917150e+00
-4.232503260070917150e+00
-4.232503260070917150e+00
-4.232503260070917150e+00
-4.232503260070917150e+00
-4.232503260070917150e+00
-4.232503260070917150e+00
-4.232503260070917150e+00
-4.232503260070917150e+00
-4.232503260070917150e+00
-4.232503260070917150e+00
-4.232503260070917150e+00
-4.232503260070917150e+00
-4.232462687884416042e+00
-4.232462687884416042e+00
-4.143247640839498480e+00
-4.143247640839498480e+00
-4.143263140326475913e+00
-4.143237611759689187e+00
-4.143282742618830561e+00
-4.143282742618830561e+00
-4.143282742618830561e+00
-4.143282742618830561e+00
-4.143282742618830561e+00
-4.143282742618830561e+00
-4.143282742618830561e+00
-4.143282742618830561e+00
-4.143282742618830561e+00
-4.143282742618830561e+00
-4.143282742618830561e+00
-4.143282742618830561e+00
-4.143282742618830561e+00
-4.143282742618830561e+00
-4.143282742618830561e+00
-4.143282742618830561e+00
-4.143282742618830561e+00
-4.143282742618830561e+00
-4.143282742618830561e+00
-4.143282742618830561e+00
-4.143282742618830561e+00
-4.143252655379402682e+00
-4.143252655379402682e+00
-4.143288213025998701e+00
-4.143288213025998701e+00
-4.143288213025998701e+00
-4.143288213025998701e+00
-4.143288213025998701e+00
-4.143288213025998701e+00
-4.143288213025998701e+00
-4.143288213025998701e+00
-4.143288213025998701e+00
-4.143288213025998701e+00
-4.143288213025998701e+00
-4.143288213025998701e+00
-4.143288213025998701e+00
-4.143268154866381003e+00
-4.143268154866381003e+00
-4.143268154866381003e+00
-4.143268154866381003e+00
-4.143268154866381003e+00
-4.143268154866381003e+00
-4.143181995953473695e+00
-4.143192025033282988e+00
-4.143192025033282988e+00
-4.216386072950198738e+00
-4.216396102030008031e+00
-4.216406131109817323e+00
-4.216406131109817323e+00
-4.216406131109817323e+00
-4.216406131109817323e+00
-4.216406131109817323e+00
-4.216406131109817323e+00
-4.216406131109817323e+00
-4.216447159163582370e+00
-4.216447159163582370e+00
-4.216447159163582370e+00
-4.216432115543868875e+00
-4.216432115543868875e+00
-4.216432115543868875e+00
-4.216432115543868875e+00
-4.216432115543868875e+00
-4.216432115543868875e+00
-4.216432115543868875e+00
-4.216432115543868875e+00
-4.529052209215911340e+00
-4.529052209215911340e+00
-4.529052209215911340e+00
-4.529052209215911340e+00
-4.529052209215911340e+00
-4.619858688879650899e+00
-4.619858688879650899e+00
-4.477896608312544657e+00
-4.477896608312544657e+00
-4.477896608312544657e+00
-4.424659517481495108e+00
-4.424659517481495108e+00
-4.424659517481495108e+00
-4.424659517481495108e+00
-4.424638547587348647e+00
-4.424638547587348647e+00
-4.424628518507539354e+00
-4.424628518507539354e+00
-4.424628518507539354e+00
-4.424628518507539354e+00
-4.424628518507539354e+00
-4.424628518507539354e+00
-4.424628518507539354e+00
-4.424628518507539354e+00
-4.424628518507539354e+00
-4.424628518507539354e+00
-4.424628518507539354e+00
-4.424628518507539354e+00
-4.424649488401685815e+00
-4.424649488401685815e+00
-4.424669546561304401e+00
-4.424669546561304401e+00
-4.547652505323945604e+00
-4.545658541910962747e+00
-4.545695011292087528e+00
-4.504724396802271436e+00
-4.504802350104424313e+00
-4.504802350104424313e+00
-4.504802350104424313e+00
-4.504802350104424313e+00
-4.504802350104424313e+00
-4.504802350104424313e+00
-4.504802350104424313e+00
-4.504802350104424313e+00
-4.504802350104424313e+00
-4.504445406036668764e+00
-4.504445406036668764e+00
-4.504445406036668764e+00
-4.504445406036668764e+00
-4.504445406036668764e+00
-4.504445406036668764e+00
-4.504445406036668764e+00
-4.504445406036668764e+00
-4.504445406036668764e+00
-4.504445406036668764e+00
-4.504445406036668764e+00
-4.504677898341337361e+00
-4.504776365670373650e+00
-4.504776365670373650e+00
-4.011252186266459852e+00
-4.011252186266459852e+00
-4.011252186266459852e+00
-4.105207341123037423e+00
-4.105207341123037423e+00
-4.105207341123037423e+00
-4.105207341123037423e+00
-4.105207341123037423e+00
-4.105207341123037423e+00
-4.437407389653571954e+00
-4.437351317980093413e+00
-4.437356332519997615e+00
-4.437356332519997615e+00
-4.437356332519997615e+00
-4.437356332519997615e+00
-4.436879495361794490e+00
-4.436874480821890288e+00
-4.437067768541849588e+00
-4.437275644014260223e+00
-4.437275644014260223e+00
-4.437275644014260223e+00
-3.910881155535550047e+00
-3.910881155535550047e+00
-3.910881155535550047e+00
-3.910881155535550047e+00
-3.910881155535550047e+00
-3.910881155535550047e+00
-3.910881155535550047e+00
-3.910881155535550047e+00
-3.910881155535550047e+00
-3.910881155535550047e+00
-3.910881155535550047e+00
-3.910881155535550047e+00
-3.910881155535550047e+00
-3.910881155535550047e+00
-3.910881155535550047e+00
-3.910881155535550047e+00
-3.910881155535550047e+00
-3.910881155535550047e+00
-3.910881155535550047e+00
-3.910881155535550047e+00
-4.174053327075381681e+00
-4.174044665597365089e+00
-4.174044665597365089e+00
-4.174044665597365089e+00
-4.174044665597365089e+00
-4.174044665597365089e+00
-4.174044665597365089e+00
-4.174044665597365089e+00
-4.174044665597365089e+00
-4.174058797482550709e+00
-4.174058797482550709e+00
-4.174058797482550709e+00
-4.174049224270005354e+00
-4.174049224270005354e+00
-4.174049224270005354e+00
-4.174049224270005354e+00
-4.174049224270005354e+00
-4.174035548252083672e+00
-4.174035548252083672e+00
-4.174035548252083672e+00
-4.174035548252083672e+00
-4.174035548252083672e+00
-4.174035548252083672e+00
-4.174035548252083672e+00
-4.174035548252083672e+00
-4.174035548252083672e+00
-4.174035548252083672e+00
-4.174035548252083672e+00
-4.174039195190196061e+00
-4.174039195190196061e+00
-4.174039195190196061e+00
-4.174039195190196061e+00
-4.174039195190196061e+00
-4.174039195190196061e+00
-4.174039195190196061e+00
-4.174039195190196061e+00
-4.174039195190196061e+00
-4.174039195190196061e+00
-4.174039195190196061e+00
-4.174035548252083672e+00
-4.174035548252083672e+00
-4.174035548252083672e+00
-4.118312157362869819e+00
-4.118312157362869819e+00
-4.118325377513527563e+00
-4.118325377513527563e+00
-4.118325377513527563e+00
-4.118325377513527563e+00
-4.118325377513527563e+00
-4.118325377513527563e+00
-4.118325377513527563e+00
-4.118325377513527563e+00
-4.118325377513527563e+00
-4.118325377513527563e+00
-4.118325377513527563e+00
-4.118325377513527563e+00
-4.267980674028851951e+00
-4.268035378100538679e+00
-4.268035378100538679e+00
-4.268035378100538679e+00
-4.268035378100538679e+00
-4.268035378100538679e+00
-4.268035378100538679e+00
-4.267976115356211686e+00
-4.267976115356211686e+00
-4.267976115356211686e+00
-4.267976115356211686e+00
-4.267976115356211686e+00
-4.267976115356211686e+00
-4.267976115356211686e+00
-4.267976115356211686e+00
-4.267947395718576509e+00
-4.268044495445820097e+00
-4.268044495445820097e+00
-4.268044495445820097e+00
-4.268044495445820097e+00
-4.268044495445820097e+00
-4.268044495445820097e+00
-4.268044495445820097e+00
-4.268044495445820097e+00
-4.268044495445820097e+00
-4.268044495445820097e+00
-4.268044495445820097e+00
-4.268044495445820097e+00
-4.268044495445820097e+00
-4.268044495445820097e+00
-4.268015319940920094e+00
-4.268015319940920094e+00
-4.268015319940920094e+00
-4.268015319940920094e+00
-4.268044495445820097e+00
-4.268044495445820097e+00
-4.268044495445820097e+00
-4.267947395718576509e+00
-4.268054524525629390e+00
-4.268039936773179832e+00
-4.268039936773179832e+00
-4.268039936773179832e+00
-4.287264771032971211e+00
-4.287264771032971211e+00
-4.287264771032971211e+00
-4.122750025178460120e+00
-4.122750025178460120e+00
-4.122750025178460120e+00
-4.122750025178460120e+00
-4.122750025178460120e+00
-4.122750025178460120e+00
-4.122750025178460120e+00
-4.122721761408088881e+00
-4.122721761408088881e+00
-4.122721761408088881e+00
-4.122721761408088881e+00
-4.122721761408088881e+00
-4.122721761408088881e+00
-4.122721761408088881e+00
-4.122721761408088881e+00
-4.137966874452667199e+00
-4.137966874452667199e+00
-4.137966874452667199e+00
-4.034581649371816070e+00
-4.034581649371816070e+00
-4.068802237282747036e+00
-4.402434620756947581e+00
-4.402434620756947581e+00
-4.402434620756947581e+00
-4.373033461561622204e+00
-4.373033461561622204e+00
-4.373033461561622204e+00
-4.373033461561622204e+00
-4.373033461561622204e+00
-4.383495615271719714e+00
-4.383495615271719714e+00
-4.383495615271719714e+00
-4.383495615271719714e+00
-4.383495615271719714e+00
-4.334898341454237247e+00
-4.402906899242510441e+00
-4.402906899242510441e+00
-4.402906899242510441e+00
-4.402906899242510441e+00
-4.402906899242510441e+00
-4.402921942862223936e+00
-4.402921942862223936e+00
-4.402921942862223936e+00
-3.920897471061400186e+00
-4.143360240053720389e+00
-4.143360240053720389e+00
-4.143360240053720389e+00
-4.143360240053720389e+00
-4.143360240053720389e+00
-4.143360240053720389e+00
-4.143360240053720389e+00
-4.238984780831272836e+00
-4.238984780831272836e+00
-4.238984780831272836e+00
-4.238984780831272836e+00
-4.238984780831272836e+00
-4.238984780831272836e+00
-4.238984780831272836e+00
-4.239028088221358459e+00
-4.239028088221358459e+00
-4.488497801538178678e+00
-4.235029220581054688e+00
-4.235029220581054688e+00
-4.235029220581054688e+00
-4.235029220581054688e+00
-4.235029220581054688e+00
-4.235029220581054688e+00
-3.866910022713713868e+00
-3.866910022713713868e+00
-3.866910022713713868e+00
-3.866910022713713868e+00
-3.866873097465325149e+00
-3.866873097465325149e+00
-3.866998916830204802e+00
-3.866998916830204802e+00
-3.866998916830204802e+00
-3.866998916830204802e+00
-3.866993902290300156e+00
-3.866993902290300156e+00
-4.476278735392408059e+00
-4.476278735392408059e+00
-4.476278735392408059e+00
-4.476278735392408059e+00
-4.476278735392408059e+00
-4.476278735392408059e+00
-4.466509499923676962e+00
-4.137402510779764953e+00
-4.082704821234679038e+00
-4.082704821234679038e+00
-4.082704821234679038e+00
-4.082704821234679038e+00
-4.082704821234679038e+00
-4.503383235311416932e+00
-4.503383235311416932e+00
-4.503383235311416932e+00
-4.503383235311416932e+00
-4.503383235311416932e+00
-4.408268810002343052e+00
-4.408268810002343052e+00
-4.408244193170084202e+00
-4.408244193170084202e+00
-4.408244193170084202e+00
-4.408244193170084202e+00
-4.527381911560408589e+00
-4.527381911560408589e+00
-4.527381911560408589e+00
-4.527381911560408589e+00
-4.527391940640217882e+00
-4.527391940640217882e+00
-4.527391940640217882e+00
-4.527391940640217882e+00
-4.527391940640217882e+00
-4.527381911560408589e+00
-4.527764384194951752e+00
-4.527764384194951752e+00
-4.527764384194951752e+00
-4.527764384194951752e+00
-4.527764384194951752e+00
-4.527759369655047550e+00
-4.527759369655047550e+00
-4.430856121201816045e+00
-4.430856121201816045e+00
-4.430856121201816045e+00
-4.430856121201816045e+00
-4.430856121201816045e+00
-4.430623628897146560e+00
-4.430623628897146560e+00
-4.430623628897146560e+00
-4.430623628897146560e+00
-4.430623628897146560e+00
-4.430623628897146560e+00
-4.430623628897146560e+00
-4.430623628897146560e+00
-4.430623628897146560e+00
-4.430798681926544802e+00
-4.430798681926544802e+00
-4.411227388546070216e+00
-4.411227388546070216e+00
-4.411227388546070216e+00
-4.411227388546070216e+00
-4.411227388546070216e+00
-4.411227388546070216e+00
-4.251797386154845704e+00
-4.535229666511141566e+00
-4.535229666511141566e+00
-4.535229666511141566e+00
-4.535229666511141566e+00
-4.535219637431332274e+00
-4.535219637431332274e+00
-4.535219637431332274e+00
-4.535224651971236476e+00
-4.535224651971236476e+00
-4.535224651971236476e+00
-4.535224651971236476e+00
-4.535224651971236476e+00
-4.535224651971236476e+00
-4.328751883132963663e+00
-4.328751883132963663e+00
-4.328751883132963663e+00
-4.328751883132963663e+00
-4.328751883132963663e+00
-4.328751883132963663e+00
-4.328751883132963663e+00
-4.328751883132963663e+00
-4.328751883132963663e+00
-4.328751883132963663e+00
-4.328751883132963663e+00
-4.328751883132963663e+00
-4.328751883132963663e+00
-4.328751883132963663e+00
-4.328751883132963663e+00
-4.328751883132963663e+00
-4.328751883132963663e+00
-4.328751883132963663e+00
-4.328746868593058572e+00
-4.328746868593058572e+00
-4.328746868593058572e+00
-4.328746868593058572e+00
-4.328746868593058572e+00
-4.328746868593058572e+00
-4.328751883132963663e+00
-4.328746868593058572e+00
-4.328746868593058572e+00
-4.328746868593058572e+00
-4.328746868593058572e+00
-4.528876244451986111e+00
-4.528876244451986111e+00
-4.528876244451986111e+00
-4.528876244451986111e+00
-4.528876244451986111e+00
-4.528894935009811995e+00
-4.528894935009811995e+00
-4.528876244451986111e+00
-4.528876244451986111e+00
-4.528876244451986111e+00
-4.528876244451986111e+00
-4.528876244451986111e+00
-4.528876244451986111e+00
-4.528876244451986111e+00
-4.528876244451986111e+00
-4.528876244451986111e+00
-4.528876244451986111e+00
-4.528876244451986111e+00
-4.541311847548183955e+00
-4.541311847548183955e+00
-4.541311847548183955e+00
-4.541363360549022232e+00
-4.541363360549022232e+00
-4.541363360549022232e+00
-4.532224133639217278e+00
-4.532224133639217278e+00
-4.490750697557146509e+00
-4.490750697557146509e+00
-4.490750697557146509e+00
-4.288161006074106218e+00
-4.288161006074106218e+00
-4.288161006074106218e+00
-4.301011448380595681e+00
-4.301011448380595681e+00
-4.301011448380595681e+00
-4.301011448380595681e+00
-4.227407119926029466e+00
-4.227407119926029466e+00
-4.227388885235467519e+00
-4.227388885235467519e+00
-4.227388885235467519e+00
-4.227401649518860438e+00
-4.227401649518860438e+00
-4.227401649518860438e+00
-4.227401649518860438e+00
-4.227401649518860438e+00
-4.227383870695562429e+00
-4.201325586147563129e+00
-4.201325586147563129e+00
-4.201325586147563129e+00
-4.294428269220355254e+00
-4.294428269220355254e+00
-4.294437386565636672e+00
-4.294437386565636672e+00
-4.294437386565636672e+00
-4.294428269220355254e+00
-4.294428269220355254e+00
-4.294428269220355254e+00
-4.294432827892996407e+00
-4.294432827892996407e+00
-4.319495042469031709e+00
-4.279206861273507911e+00
-4.279206861273507911e+00
-4.279206861273507911e+00
-4.279206861273507911e+00
-4.279206861273507911e+00
-4.279206861273507911e+00
-4.349854434653404489e+00
-4.349854434653404489e+00
-4.349854434653404489e+00
-4.349854434653404489e+00
-4.349854434653404489e+00
-4.475114450400007549e+00
-4.475114450400007549e+00
-4.475114450400007549e+00
-4.475114450400007549e+00
-4.475114450400007549e+00
-4.427734342177556570e+00
-4.427734342177556570e+00
-4.427734342177556570e+00
-4.427734342177556570e+00
-4.427734342177556570e+00
-4.427734342177556570e+00
-4.427734342177556570e+00
-4.427734342177556570e+00
-4.427734342177556570e+00
-4.427734342177556570e+00
-4.427734342177556570e+00
-4.427734342177556570e+00
-4.427734342177556570e+00
-4.427734342177556570e+00
-4.427734342177556570e+00
-4.427734342177556570e+00
-4.427734342177556570e+00
-4.427734342177556570e+00
-4.427734342177556570e+00
-4.384048582263019966e+00
-4.384048582263019966e+00
-4.384048582263019966e+00
-4.384048582263019966e+00
-4.384048582263019966e+00
-4.384048582263019966e+00
-4.384048582263019966e+00
-4.384048582263019966e+00
-4.384048582263019966e+00
-4.384048582263019966e+00
-4.384048582263019966e+00
-4.360576432704013961e+00
-4.360576432704013961e+00
-4.360576432704013961e+00
-4.360576432704013961e+00
-4.360576432704013961e+00
-4.360576432704013961e+00
-4.360576432704013961e+00
-4.268781632811799120e+00
-4.268781632811799120e+00
-4.268781632811799120e+00
-4.268781632811799120e+00
-4.268781632811799120e+00
-4.447110524369015216e+00
-4.505721834376026358e+00
-4.505711805296217065e+00
-4.505711805296217065e+00
-4.505711805296217065e+00
-4.505711805296217065e+00
-4.505711805296217065e+00
-4.185844333860203825e+00
-4.185844333860203825e+00
-4.185844333860203825e+00
-4.185835216514922408e+00
-4.185835216514922408e+00
-4.422330491629431037e+00
-4.422330491629431037e+00
-4.422330491629431037e+00
-4.422392489577342545e+00
-4.422397504117246747e+00
-4.422397504117246747e+00
-4.422397504117246747e+00
-4.422339608974711567e+00
-4.422339608974711567e+00
-4.422339608974711567e+00
-4.422359211267066215e+00
-4.422359211267066215e+00
-4.422349638054520859e+00
-4.353794495416644317e+00
-4.353799509956549407e+00
-4.353818656381639229e+00
-4.353790848478531927e+00
-4.353790848478531927e+00
-4.353790848478531927e+00
-4.353790848478531927e+00
-4.353799509956549407e+00
-4.353799509956549407e+00
-4.353799509956549407e+00
-4.353799509956549407e+00
-4.353790848478531927e+00
-4.353836891072202064e+00
-4.353832788266825737e+00
-4.353832788266825737e+00
-4.353832788266825737e+00
-4.353776260726082370e+00
-4.353776260726082370e+00
-4.353776260726082370e+00
-4.353776260726082370e+00
-4.353776260726082370e+00
-4.353776260726082370e+00
-4.443758532376407722e+00
-4.443758532376407722e+00
-4.443758532376407722e+00
-4.389168883372902563e+00
-4.389168883372902563e+00
-4.389168883372902563e+00
-4.389168883372902563e+00
-4.389168883372902563e+00
-4.389168883372902563e+00
-4.389177544850920043e+00
-4.389177544850920043e+00
-4.389183015258088183e+00
-4.389172986178279778e+00
-4.389172986178279778e+00
-4.389172986178279778e+00
-4.389172986178279778e+00
-4.389172986178279778e+00
-4.389172986178279778e+00
-4.389172986178279778e+00
-4.389172986178279778e+00
-4.389172986178279778e+00
-4.389172986178279778e+00
-4.389172986178279778e+00
-4.389172986178279778e+00
-4.389172986178279778e+00
-4.389172986178279778e+00
-4.389172986178279778e+00
-4.389172986178279778e+00
-4.389172986178279778e+00
-4.389163868832998361e+00
-4.389163868832998361e+00
-4.389163868832998361e+00
-4.389163868832998361e+00
-4.455736444739493152e+00
-4.455736444739493152e+00
-4.455736444739493152e+00
-4.455736444739493152e+00
-4.455732341934115937e+00
-4.455280577475436488e+00
-4.455280577475436488e+00
-4.376771117259621313e+00
-4.376793910622824413e+00
-4.576246779461891734e+00
-4.576246779461891734e+00
-4.549574897576472488e+00
-4.549574897576472488e+00
-4.549574897576472488e+00
-4.549612278692125145e+00
-4.549612278692125145e+00
-4.549612278692125145e+00
-4.549612278692125145e+00
-4.424163989765466098e+00
-4.424163989765466098e+00
-4.424163989765466098e+00
-4.424163989765466098e+00
-4.424163989765466098e+00
-4.424163989765466098e+00
-4.424163989765466098e+00
-4.424163989765466098e+00
-4.424163989765466098e+00
-4.424163989765466098e+00
-4.424163989765466098e+00
-4.507271783073818483e+00
-4.507271783073818483e+00
-4.507271783073818483e+00
-4.507271783073818483e+00
-4.507271783073818483e+00
-4.507271783073818483e+00
-4.507268136135706094e+00
-4.507268136135706094e+00
-4.507362500659366056e+00
-4.507362500659366056e+00
-4.507362500659366056e+00
-4.498865134857352288e+00
-4.498865134857352288e+00
-4.498865134857352288e+00
-4.498865134857352288e+00
-4.498879722609802734e+00
-4.498879722609802734e+00
-4.498879722609802734e+00
-4.498879722609802734e+00
-4.068669579908906542e+00
-4.068669579908906542e+00
-4.068669579908906542e+00
-4.079390666224988138e+00
-4.079390666224988138e+00
-4.549147294082787063e+00
-4.549152308622692154e+00
-4.549152308622692154e+00
-4.549152308622692154e+00
-4.549152308622692154e+00
-4.602783724637149909e+00
-4.602783724637149909e+00
-4.602783724637149909e+00
-4.602934160834288413e+00
-4.602934160834288413e+00
-4.602934160834288413e+00
-4.602934160834288413e+00
-4.602934160834288413e+00
-4.602934160834288413e+00
-4.602934160834288413e+00
-4.659650886491880861e+00
-4.659650886491880861e+00
-4.659650886491880861e+00
-4.659636298739431304e+00
-4.515949672312398633e+00
-4.645789330593713906e+00
-4.645789330593713906e+00
-4.645789330593713906e+00
-4.645789330593713906e+00
-4.645765169628718994e+00
-4.645765169628718994e+00
-4.645765169628718994e+00
-4.645765169628718994e+00
-4.645765169628718994e+00
-4.645765169628718994e+00
-4.645765169628718994e+00
-4.645765169628718994e+00
-4.645765169628718994e+00
-4.645765169628718994e+00
-4.645765169628718994e+00
-4.645765169628718994e+00
-4.645765169628718994e+00
-4.645765169628718994e+00
-4.645765169628718994e+00
-4.645765169628718994e+00
-4.645765169628718994e+00
-4.645765169628718994e+00
-4.268517685665910832e+00
-4.268517685665910832e+00
-4.268504465515253088e+00
-4.268504465515253088e+00
-4.236281487955417369e+00
-4.236281487955417369e+00
-4.236281487955417369e+00
-4.236281487955417369e+00
-4.236281487955417369e+00
-4.236307928256732858e+00
-4.236307928256732858e+00
-4.236307928256732858e+00
-4.236299266778716266e+00
-4.484942036878537763e+00
-4.484994461613904804e+00
-4.485004946560978034e+00
-4.274594852163048131e+00
-4.274594852163048131e+00
-4.274594852163048131e+00
-4.274594852163048131e+00
-4.274594852163048131e+00
-4.274557471047395474e+00
-4.168285238583274932e+00
-4.168285238583274932e+00
-4.168285238583274932e+00
-4.168285238583274932e+00
-4.168267915627240860e+00
-4.168267915627240860e+00
-4.168267915627240860e+00
-4.168267915627240860e+00
-4.168272474299881125e+00
-4.168272474299881125e+00
-4.168272474299881125e+00
-4.168272474299881125e+00
-4.168272474299881125e+00
-4.168272474299881125e+00
-4.168272474299881125e+00
-4.168272474299881125e+00
-4.168276577105257452e+00
-4.168276577105257452e+00
-4.168276577105257452e+00
-4.168276577105257452e+00
-4.168276577105257452e+00
-4.168290708990443072e+00
-4.168290708990443072e+00
-4.168290708990443072e+00
-4.168285238583274932e+00
-4.483993832969300541e+00
-4.483993832969300541e+00
-4.483993832969300541e+00
-4.483993832969300541e+00
-4.483993832969300541e+00
-4.483993832969300541e+00
-4.483993832969300541e+00
-4.483993832969300541e+00
-4.483993832969300541e+00
-4.483993832969300541e+00
-4.484046257704666694e+00
-4.484046257704666694e+00
-4.484046257704666694e+00
-4.484046257704666694e+00
-4.484046257704666694e+00
-4.484046257704666694e+00
-4.476594651406399450e+00
-4.421670851698340954e+00
-4.421670851698340954e+00
-4.421670851698340954e+00
-4.421670851698340954e+00
-4.421670851698340954e+00
-4.421785274381619502e+00
-4.421785274381619502e+00
-4.421765672089264854e+00
-4.421765672089264854e+00
-4.421765672089264854e+00
-4.421765672089264854e+00
-4.421765672089264854e+00
-4.421780715708978349e+00
-4.421780715708978349e+00
-4.421780715708978349e+00
-4.421751996071343171e+00
-4.421751996071343171e+00
-4.421751996071343171e+00
-4.421751996071343171e+00
-4.421751996071343171e+00
-4.421751996071343171e+00
-4.421751996071343171e+00
-4.421751996071343171e+00
-4.421751996071343171e+00
-4.421751996071343171e+00
-4.421751996071343171e+00
-4.421751996071343171e+00
-4.421751996071343171e+00
-4.421751996071343171e+00
-4.421751996071343171e+00
-4.368140182349239176e+00
-4.368140182349239176e+00
-4.368140182349239176e+00
-4.368140182349239176e+00
-4.368140182349239176e+00
-4.368140182349239176e+00
-4.368140182349239176e+00
-4.368140182349239176e+00
-4.368140182349239176e+00
-4.368064508383405986e+00
-4.354781903910590835e+00
-4.354729023307960745e+00
-4.354729023307960745e+00
-4.902312222220017723e+00
-4.902312222220017723e+00
-4.902312222220017723e+00
-4.902312222220017723e+00
-4.902312222220017723e+00
-4.902312222220017723e+00
-4.902312222220017723e+00
-4.902312222220017723e+00
-4.902312222220017723e+00
-4.759294808936620491e+00
-4.759294808936620491e+00
-4.759294808936620491e+00
-4.710190610721507909e+00
-4.710190610721507909e+00
-4.710190610721507909e+00
-4.710190610721507909e+00
-4.710190610721507909e+00
-4.710190610721507909e+00
-4.710190610721507909e+00
-4.710195625261412111e+00
-4.710195625261412111e+00
-4.490649495024525706e+00
-4.490649495024525706e+00
-4.490649495024525706e+00
-4.490649495024525706e+00
-4.490649495024525706e+00
-4.118190896670631318e+00
-4.118190896670631318e+00
-4.137048757782857855e+00
-4.137043287375688827e+00
-4.137043287375688827e+00
-4.137043287375688827e+00
-4.137043287375688827e+00
-4.137043287375688827e+00
-4.137043287375688827e+00
-4.137043287375688827e+00
-4.137043287375688827e+00
-4.137043287375688827e+00
-4.137043287375688827e+00
-4.132514701974550952e+00
-4.132514701974550952e+00
-4.132514701974550952e+00
-4.132514701974550952e+00
-4.132519716514456043e+00
-4.132519716514456043e+00
-4.132519716514456043e+00
-4.132519716514456043e+00
-4.132519716514456043e+00
-4.132519716514456043e+00
-4.132519716514456043e+00
-4.132519716514456043e+00
-4.132519716514456043e+00
-4.132519716514456043e+00
-4.132519716514456043e+00
-4.132523819319832370e+00
-4.132523819319832370e+00
-4.132527466257944759e+00
-4.132514701974550952e+00
-4.132514701974550952e+00
-4.132514701974550952e+00
-4.132514701974550952e+00
-4.132514701974550952e+00
-4.132514701974550952e+00
-4.132514701974550952e+00
-4.716173868562249183e+00
-4.716173868562249183e+00
-4.704293511793672167e+00
-4.704293511793672167e+00
-4.704293511793672167e+00
-4.704293511793672167e+00
-4.704293511793672167e+00
-4.704293511793672167e+00
-4.704293511793672167e+00
-4.704293511793672167e+00
-4.704293511793672167e+00
-4.704293511793672167e+00
-4.704293511793672167e+00
-4.704293511793672167e+00
-4.704293511793672167e+00
-4.704293511793672167e+00
-4.704293511793672167e+00
-4.704298070466313320e+00
-4.540867832832992335e+00
-4.540867832832992335e+00
-4.540863730027616008e+00
-4.540863730027616008e+00
-4.540863730027616008e+00
-4.540859171354975743e+00
-4.540859171354975743e+00
-4.540859171354975743e+00
-4.540859171354975743e+00
-4.540859171354975743e+00
-4.540859171354975743e+00
-4.540859171354975743e+00
-4.540859171354975743e+00
-4.540859171354975743e+00
-4.540859171354975743e+00
-4.540859171354975743e+00
-4.540859171354975743e+00
-4.540859171354975743e+00
-4.540859171354975743e+00
-4.540859171354975743e+00
-4.540859171354975743e+00
-4.540859171354975743e+00
-4.621140131758913583e+00
-4.621140131758913583e+00
-4.621126911608255838e+00
-4.621126911608255838e+00
-4.621126911608255838e+00
-4.453634896652192587e+00
-4.453634896652192587e+00
-4.453643102262945241e+00
-4.453648116802850332e+00
-4.453648116802850332e+00
-4.453643102262945241e+00
-4.453643102262945241e+00
-4.612335967288189842e+00
-4.612367877996674359e+00
-4.612367877996674359e+00
-4.612367877996674359e+00
-4.612367877996674359e+00
-4.612340981828094932e+00
-4.470829298117876327e+00
-4.470824283577971237e+00
-4.470824283577971237e+00
-4.470824283577971237e+00
-4.478382106948764374e+00
-4.478382106948764374e+00
-4.478382106948764374e+00
-4.478382106948764374e+00
-4.493281216739924311e+00
-4.494033853592881655e+00
-4.494033853592881655e+00
-4.533930900675844811e+00
-4.533930900675844811e+00
-4.533930900675844811e+00
-4.533930900675844811e+00
-4.470561248166610824e+00
-4.470561248166610824e+00
-4.470557601228498434e+00
-4.470557601228498434e+00
-4.470557601228498434e+00
-4.470557601228498434e+00
-4.470557601228498434e+00
-4.470557601228498434e+00
-4.470557601228498434e+00
-4.470557601228498434e+00
-4.470557601228498434e+00
-4.470557601228498434e+00
-4.470557601228498434e+00
-4.470557601228498434e+00
-4.470557601228498434e+00
-4.470557601228498434e+00
-4.470561248166610824e+00
-4.470561248166610824e+00
-4.470561248166610824e+00
-4.470561248166610824e+00
-4.470561248166610824e+00
-4.470561248166610824e+00
-4.470561248166610824e+00
-4.438788667463663629e+00
-4.438788667463663629e+00
-4.438788667463663629e+00
-4.438788667463663629e+00
-4.408490817359938418e+00
-4.408490817359938418e+00
-4.408490817359938418e+00
-4.408490817359938418e+00
-4.408490817359938418e+00
-4.408490817359938418e+00
-4.408490817359938418e+00
-4.408490817359938418e+00
-4.408490817359938418e+00
-4.429186735280841170e+00
-4.429186735280841170e+00
-4.429186735280841170e+00
-4.429186735280841170e+00
-4.429186735280841170e+00
-4.429186735280841170e+00
-4.429186735280841170e+00
-4.429186735280841170e+00
-4.429199955431498026e+00
-4.429212263847627895e+00
-4.429212263847627895e+00
-4.429212263847627895e+00
-4.429212263847627895e+00
-4.429212263847627895e+00
-4.429212263847627895e+00
-4.429212263847627895e+00
-4.429212263847627895e+00
-4.429212263847627895e+00
-4.429212263847627895e+00
-4.120411881981114632e+00
-4.120411881981114632e+00
-4.120411881981114632e+00
-4.120407779175738305e+00
-4.259473279147029778e+00
-4.259473279147029778e+00
-4.259491057970327788e+00
-4.259491057970327788e+00
-4.259491057970327788e+00
-4.337167648694711275e+00
-4.337167648694711275e+00
-4.337167648694711275e+00
-4.337167648694711275e+00
-4.409261688903458598e+00
-4.409261688903458598e+00
-4.409261688903458598e+00
-4.636515622841012707e+00
-4.636515622841012707e+00
-4.636515622841012707e+00
-4.636515622841012707e+00
-4.636515622841012707e+00
-4.636515622841012707e+00
-4.636515622841012707e+00
-4.636515622841012707e+00
-4.610941925194705249e+00
-4.610925058105935115e+00
-4.557969693244072751e+00
-4.557969693244072751e+00
-4.557969693244072751e+00
-4.557969693244072751e+00
-4.557969693244072751e+00
-4.557969693244072751e+00
-4.557969693244072751e+00
-4.581884945783742502e+00
-4.581884945783742502e+00
-4.581884945783742502e+00
-4.581884945783742502e+00
-4.581884945783742502e+00
-4.581884945783742502e+00
-4.581884945783742502e+00
-4.581884945783742502e+00
-4.581884945783742502e+00
-4.581871725633084758e+00
-4.581871725633084758e+00
-4.581871725633084758e+00
-4.581871725633084758e+00
-4.581871725633084758e+00
-4.581871725633084758e+00
-4.581871725633084758e+00
-4.581871725633084758e+00
-4.581871725633084758e+00
-4.581871725633084758e+00
-4.588478154023792221e+00
-4.588582091759996651e+00
-4.588582091759996651e+00
-4.588582091759996651e+00
-4.588565224671226517e+00
-4.689397137206097632e+00
-4.689397137206097632e+00
-4.689397137206097632e+00
-4.689397137206097632e+00
-4.689397137206097632e+00
-4.689397137206097632e+00
-4.675284398445435308e+00
-4.675284398445435308e+00
-4.675284398445435308e+00
-4.675284398445435308e+00
-4.675284398445435308e+00
-4.675284398445435308e+00
-4.675284398445435308e+00
-4.659585241605856964e+00
-4.659585241605856964e+00
-4.659585241605856964e+00
-4.659585241605856964e+00
-4.659585241605856964e+00
-4.659585241605856964e+00
-4.659585241605856964e+00
-4.659585241605856964e+00
-4.659585241605856964e+00
-4.659585241605856964e+00
-4.582875545348537472e+00
-4.582870530808632381e+00
-4.582870530808632381e+00
-4.582875545348537472e+00
-4.582880104021177736e+00
-4.582880104021177736e+00
-4.582880104021177736e+00
-4.582880104021177736e+00
-4.582880104021177736e+00
-4.582875545348537472e+00
-4.548277043475703607e+00
-4.548277043475703607e+00
-4.548277043475703607e+00
-4.548277043475703607e+00
-4.548277043475703607e+00
-4.548277043475703607e+00
-4.548277043475703607e+00
-4.548277043475703607e+00
-4.548277043475703607e+00
-4.548277043475703607e+00
-4.548277043475703607e+00
-4.548277043475703607e+00
-4.548277043475703607e+00
-4.548277043475703607e+00
-4.548277043475703607e+00
-4.548285249086456261e+00
-4.548285249086456261e+00
-4.548285249086456261e+00
-4.548285249086456261e+00
-4.876638689642882163e+00
-4.876638689642882163e+00
-4.876638689642882163e+00
-4.876368360355296971e+00
-4.876001387207731241e+00
-4.493061032851384695e+00
-4.493061032851384695e+00
-4.493061032851384695e+00
-4.493061032851384695e+00
-4.492927919610280263e+00
-4.492927919610280263e+00
-4.492927919610280263e+00
-4.492927919610280263e+00
-4.492927919610280263e+00
-4.492927919610280263e+00
-4.492927919610280263e+00
-4.492927919610280263e+00
-4.492927919610280263e+00
-4.644915888915781998e+00
-4.644915888915781998e+00
-4.645154763362147499e+00
-4.645154763362147499e+00
-4.413869595208541163e+00
-4.413869595208541163e+00
-4.413869595208541163e+00
-4.413869595208541163e+00
-4.413869595208541163e+00
-4.413869595208541163e+00
-4.413878256686558643e+00
-4.413878256686558643e+00
-4.413878256686558643e+00
-4.413878256686558643e+00
-4.413878256686558643e+00
-4.413878256686558643e+00
-4.413804862057045142e+00
-4.549868020227260779e+00
-4.549868020227260779e+00
-4.549868020227260779e+00
-4.549868020227260779e+00
-4.549868020227260779e+00
-4.549878961041597947e+00
-4.549878961041597947e+00
-4.549878961041597947e+00
-4.549878961041597947e+00
-4.549878961041597947e+00
-4.549878961041597947e+00
-4.549878961041597947e+00
-4.549803742943028695e+00
-4.549803742943028695e+00
-4.473561310631366972e+00
-4.473561310631366972e+00
-4.473561310631366972e+00
-4.473569972109384452e+00
-4.473569972109384452e+00
-4.473599147614283567e+00
-4.473599147614283567e+00
-4.473599147614283567e+00
-4.473599147614283567e+00
-4.473599147614283567e+00
-4.473582736392777370e+00
-4.473582736392777370e+00
-4.473582736392777370e+00
-4.473582736392777370e+00
-4.473582736392777370e+00
-4.473582736392777370e+00
-4.473582736392777370e+00
-4.473635616995408348e+00
-4.473635616995408348e+00
-4.473635616995408348e+00
-4.473635616995408348e+00
-4.473635616995408348e+00
-4.428861701921568361e+00
-4.428829791213084732e+00
-4.428785116221207296e+00
-4.428785116221207296e+00
-4.428785116221207296e+00
-4.434691788361587506e+00
-4.434642554697068917e+00
-4.399691667429119768e+00
-4.350794432951889057e+00
-4.350794432951889057e+00
-4.350794432951889057e+00
-4.350794432951889057e+00
-4.350794432951889057e+00
-4.350794432951889057e+00
-4.585761640997279009e+00
-4.585761640997279009e+00
-4.585773493546144941e+00
-4.598652199623005643e+00
-4.598652199623005643e+00
-4.778611728383751256e+00
-4.778611728383751256e+00
-4.778611728383751256e+00
-4.778735268412310333e+00
-4.622645861332092210e+00
-4.498261110732477697e+00
-4.498261110732477697e+00
-4.498261110732477697e+00
-4.498261110732477697e+00
-4.498261110732477697e+00
-4.498261110732477697e+00
-4.498261110732477697e+00
-4.498261110732477697e+00
-4.498261110732477697e+00
-4.498261110732477697e+00
-4.498261110732477697e+00
-4.498261110732477697e+00
-4.498261110732477697e+00
-4.498214156404279684e+00
