# Variable: dg_gbsa_00000020
# Sample shape: (2000,)
# Date: 2014-03-03 06:24:05.337333
-1.022978790859419229e+00
-1.022978790859419229e+00
-1.022978790859419229e+00
-1.022978790859419229e+00
-1.022978790859419229e+00
-1.022978790859419229e+00
-1.022978790859419229e+00
-1.022978790859419229e+00
-1.022978790859419229e+00
-1.022978790859419229e+00
-1.022978790859419229e+00
-1.022978790859419229e+00
-6.744302025716573112e-01
-6.744302025716573112e-01
-6.744302025716573112e-01
-6.744302025716573112e-01
-6.744302025716573112e-01
-6.744302025716573112e-01
-6.744302025716573112e-01
-6.744302025716573112e-01
-6.744302025716573112e-01
-6.744302025716573112e-01
-6.744302025716573112e-01
-6.628193773229537067e-01
-6.628193773229537067e-01
-6.628193773229537067e-01
-6.628193773229537067e-01
-6.628193773229537067e-01
-6.628193773229537067e-01
-6.628193773229537067e-01
-6.628193773229537067e-01
-6.628193773229537067e-01
-6.628193773229537067e-01
-7.957143149913838975e-01
-7.957143149913838975e-01
-7.957143149913838975e-01
-7.957143149913838975e-01
-7.957143149913838975e-01
-7.957143149913838975e-01
-7.957143149913838975e-01
-7.957143149913838975e-01
-7.957143149913838975e-01
-7.957143149913838975e-01
-7.957143149913838975e-01
-7.957143149913838975e-01
-8.042248439606470845e-01
-8.042248439606470845e-01
-8.042248439606470845e-01
-8.042248439606470845e-01
-8.042248439606470845e-01
-8.042248439606470845e-01
-8.042248439606470845e-01
-8.042248439606470845e-01
-8.042248439606470845e-01
-8.042248439606470845e-01
-8.042248439606470845e-01
-7.983474612919823077e-01
-7.983474612919823077e-01
-2.737013377377453538e-01
-2.737013377377453538e-01
-2.737013377377453538e-01
-2.737013377377453538e-01
-2.737013377377453538e-01
-2.737013377377453538e-01
-2.737013377377453538e-01
-2.737013377377453538e-01
-2.737013377377453538e-01
-2.737013377377453538e-01
-2.737013377377453538e-01
-2.737013377377453538e-01
-2.737013377377453538e-01
-2.737013377377453538e-01
-2.737013377377453538e-01
-2.737013377377453538e-01
-2.737013377377453538e-01
-2.737013377377453538e-01
-2.737013377377453538e-01
-2.737013377377453538e-01
-2.737013377377453538e-01
-4.470100765246505792e-01
-4.470100765246505792e-01
-4.470100765246505792e-01
-4.470100765246505792e-01
-4.470100765246505792e-01
-4.470100765246505792e-01
-4.470100765246505792e-01
-4.470100765246505792e-01
-4.470100765246505792e-01
-4.470100765246505792e-01
-4.067520110602588224e-01
-4.067520110602588224e-01
-4.067520110602588224e-01
-4.067520110602588224e-01
-4.067520110602588224e-01
-4.067520110602588224e-01
-4.067520110602588224e-01
-4.067520110602588224e-01
-4.067520110602588224e-01
-4.067520110602588224e-01
-4.067520110602588224e-01
-4.067520110602588224e-01
-4.067520110602588224e-01
-4.067520110602588224e-01
-4.067520110602588224e-01
-4.067520110602588224e-01
-4.067520110602588224e-01
-4.067520110602588224e-01
-4.067520110602588224e-01
-4.067520110602588224e-01
-4.067520110602588224e-01
-4.067520110602588224e-01
-4.067520110602588224e-01
-4.067520110602588224e-01
-4.067520110602588224e-01
-4.067520110602588224e-01
-4.067520110602588224e-01
-4.067520110602588224e-01
-4.067520110602588224e-01
-4.067520110602588224e-01
-4.067520110602588224e-01
-4.067520110602588224e-01
-4.067520110602588224e-01
-4.067520110602588224e-01
-4.067520110602588224e-01
-4.067520110602588224e-01
-4.067520110602588224e-01
-4.067520110602588224e-01
-4.067520110602588224e-01
-4.067520110602588224e-01
-4.067520110602588224e-01
-4.067520110602588224e-01
-4.067520110602588224e-01
-4.067520110602588224e-01
-4.067520110602588224e-01
-4.067520110602588224e-01
-4.067520110602588224e-01
-4.067520110602588224e-01
-4.067520110602588224e-01
-4.067520110602588224e-01
-4.067520110602588224e-01
-4.067520110602588224e-01
-4.067520110602588224e-01
-4.067520110602588224e-01
-4.067520110602588224e-01
-4.067520110602588224e-01
-4.067520110602588224e-01
-4.067520110602588224e-01
-4.067520110602588224e-01
-4.067520110602588224e-01
-4.067520110602588224e-01
-4.067520110602588224e-01
-4.067520110602588224e-01
-4.067520110602588224e-01
-4.067520110602588224e-01
-4.067520110602588224e-01
-4.067520110602588224e-01
-4.067520110602588224e-01
-4.067520110602588224e-01
-4.067520110602588224e-01
-4.067520110602588224e-01
-4.067520110602588224e-01
-4.067520110602588224e-01
-4.067520110602588224e-01
-4.067520110602588224e-01
-4.067520110602588224e-01
-4.067520110602588224e-01
-4.067520110602588224e-01
-4.067520110602588224e-01
-4.067520110602588224e-01
-4.067520110602588224e-01
-4.067520110602588224e-01
-4.067520110602588224e-01
-4.067520110602588224e-01
-4.067520110602588224e-01
-4.067520110602588224e-01
-4.067520110602588224e-01
-4.067520110602588224e-01
-4.067520110602588224e-01
-4.067520110602588224e-01
-4.067520110602588224e-01
-4.067520110602588224e-01
-4.067520110602588224e-01
-4.067520110602588224e-01
-4.067520110602588224e-01
-4.067520110602588224e-01
-4.067520110602588224e-01
-4.067520110602588224e-01
-4.067520110602588224e-01
-4.067520110602588224e-01
-4.067520110602588224e-01
-4.067520110602588224e-01
-4.067520110602588224e-01
-4.067520110602588224e-01
-4.067520110602588224e-01
-4.067520110602588224e-01
-4.067520110602588224e-01
-4.067520110602588224e-01
-4.067520110602588224e-01
-4.067520110602588224e-01
-4.067520110602588224e-01
-4.067520110602588224e-01
-4.053688527977033496e-01
-4.053688527977033496e-01
-4.053688527977033496e-01
-4.053688527977033496e-01
-4.053688527977033496e-01
-4.053688527977033496e-01
-4.053688527977033496e-01
-4.053688527977033496e-01
-4.353851763741691805e-01
-4.353851763741691805e-01
-4.353851763741691805e-01
-4.353851763741691805e-01
-4.353851763741691805e-01
-4.353851763741691805e-01
-4.353851763741691805e-01
-4.353851763741691805e-01
-4.353851763741691805e-01
-4.353851763741691805e-01
-4.353851763741691805e-01
-4.353851763741691805e-01
-4.353851763741691805e-01
-4.353851763741691805e-01
-4.353851763741691805e-01
-4.353851763741691805e-01
-4.353851763741691805e-01
-4.353851763741691805e-01
-4.353851763741691805e-01
-4.353851763741691805e-01
-4.353851763741691805e-01
-4.353851763741691805e-01
-3.009258162223130140e-01
-3.009258162223130140e-01
-3.009258162223130140e-01
-3.009258162223130140e-01
-3.009258162223130140e-01
-3.009258162223130140e-01
-3.009258162223130140e-01
-3.009258162223130140e-01
-3.009258162223130140e-01
-3.009258162223130140e-01
-3.009258162223130140e-01
-3.009258162223130140e-01
-3.009258162223130140e-01
-3.009258162223130140e-01
-3.009258162223130140e-01
-3.009258162223130140e-01
-3.009258162223130140e-01
-3.009258162223130140e-01
-3.009258162223130140e-01
-3.009258162223130140e-01
-3.009258162223130140e-01
-3.009258162223130140e-01
-3.009258162223130140e-01
-3.009258162223130140e-01
-3.009258162223130140e-01
-3.009258162223130140e-01
-3.009258162223130140e-01
-3.009258162223130140e-01
-3.009258162223130140e-01
-3.383779616930288614e-01
-3.383779616930288614e-01
-3.383779616930288614e-01
-3.383779616930288614e-01
-3.383779616930288614e-01
-3.383779616930288614e-01
-3.383779616930288614e-01
-3.383779616930288614e-01
-3.383779616930288614e-01
-3.383779616930288614e-01
-3.383779616930288614e-01
-3.383779616930288614e-01
-3.383779616930288614e-01
-3.383779616930288614e-01
-3.383779616930288614e-01
-3.383779616930288614e-01
-3.383779616930288614e-01
-3.383779616930288614e-01
-3.383779616930288614e-01
-3.383779616930288614e-01
-3.383779616930288614e-01
-3.383779616930288614e-01
-3.383779616930288614e-01
-3.383779616930288614e-01
-3.383779616930288614e-01
-3.383779616930288614e-01
-3.383779616930288614e-01
-3.383779616930288614e-01
-3.383779616930288614e-01
-3.383779616930288614e-01
-3.383779616930288614e-01
-3.383779616930288614e-01
-3.383779616930288614e-01
-3.383779616930288614e-01
-3.383779616930288614e-01
-3.383779616930288614e-01
-3.383779616930288614e-01
-3.383779616930288614e-01
-3.383779616930288614e-01
-3.383779616930288614e-01
-3.383779616930288614e-01
-3.383779616930288614e-01
-3.383779616930288614e-01
-3.383779616930288614e-01
-3.383779616930288614e-01
-3.383779616930288614e-01
-3.383779616930288614e-01
-3.383779616930288614e-01
-3.383779616930288614e-01
-3.383779616930288614e-01
-3.383779616930288614e-01
-3.779831682518836611e-01
-3.779831682518836611e-01
-3.779831682518836611e-01
-3.779831682518836611e-01
-3.779831682518836611e-01
-3.779831682518836611e-01
-3.779831682518836611e-01
-3.779831682518836611e-01
-3.779831682518836611e-01
-3.779831682518836611e-01
-3.779831682518836611e-01
-3.779831682518836611e-01
-3.779831682518836611e-01
-3.779831682518836611e-01
-3.779831682518836611e-01
-3.779831682518836611e-01
-3.779831682518836611e-01
-3.779831682518836611e-01
-3.779831682518836611e-01
-3.779831682518836611e-01
-3.779831682518836611e-01
-3.779831682518836611e-01
-3.779831682518836611e-01
-3.779831682518836611e-01
-3.779831682518836611e-01
-3.779831682518836611e-01
-3.779831682518836611e-01
-3.779831682518836611e-01
-4.570362501800857569e-01
-4.570362501800857569e-01
-4.570362501800857569e-01
-4.570362501800857569e-01
-4.570362501800857569e-01
-4.570362501800857569e-01
-4.570362501800857569e-01
-4.570362501800857569e-01
-1.518257090512014906e-01
-1.518257090512014906e-01
-1.518257090512014906e-01
-1.518257090512014906e-01
-1.518257090512014906e-01
-1.518257090512014906e-01
-1.518257090512014906e-01
-1.518257090512014906e-01
-1.518257090512014906e-01
-1.518257090512014906e-01
-1.518257090512014906e-01
-1.518257090512014906e-01
-1.594374814635252935e-01
-1.594374814635252935e-01
-1.594374814635252935e-01
-1.594374814635252935e-01
-1.594374814635252935e-01
-1.594374814635252935e-01
-2.509899451673372472e-01
-2.509899451673372472e-01
-2.509899451673372472e-01
-2.509899451673372472e-01
-2.509899451673372472e-01
-2.509899451673372472e-01
-2.509899451673372472e-01
-2.509899451673372472e-01
-2.509899451673372472e-01
-2.509899451673372472e-01
-2.509899451673372472e-01
-2.509899451673372472e-01
-2.509899451673372472e-01
-2.509899451673372472e-01
-2.509899451673372472e-01
-2.509899451673372472e-01
-2.509899451673372472e-01
-2.509899451673372472e-01
-2.509899451673372472e-01
-2.509899451673372472e-01
-2.509899451673372472e-01
-2.509899451673372472e-01
-2.509899451673372472e-01
-2.509899451673372472e-01
-2.509899451673372472e-01
-2.509899451673372472e-01
-2.509899451673372472e-01
-2.509899451673372472e-01
-2.509899451673372472e-01
-2.509899451673372472e-01
-2.509899451673372472e-01
-2.509899451673372472e-01
-2.509899451673372472e-01
-2.735353165785167628e-01
-3.067678406863094120e-01
-3.067678406863094120e-01
-3.067678406863094120e-01
-3.067678406863094120e-01
-3.067678406863094120e-01
-3.067678406863094120e-01
-3.067678406863094120e-01
-3.067678406863094120e-01
-3.067678406863094120e-01
-3.067678406863094120e-01
-3.067678406863094120e-01
-3.067678406863094120e-01
-3.067678406863094120e-01
-3.067678406863094120e-01
-3.067678406863094120e-01
-3.067678406863094120e-01
-3.067678406863094120e-01
-3.067678406863094120e-01
-3.067678406863094120e-01
-3.067678406863094120e-01
-3.067678406863094120e-01
-3.067678406863094120e-01
-3.067678406863094120e-01
-3.067678406863094120e-01
-3.067678406863094120e-01
-3.067678406863094120e-01
-3.067678406863094120e-01
-3.067678406863094120e-01
-3.067678406863094120e-01
-3.067678406863094120e-01
-3.067678406863094120e-01
-3.067678406863094120e-01
-3.067678406863094120e-01
-3.067678406863094120e-01
-3.067678406863094120e-01
-3.067678406863094120e-01
-3.067678406863094120e-01
-3.067678406863094120e-01
-3.067678406863094120e-01
-3.067678406863094120e-01
-3.067678406863094120e-01
-3.067678406863094120e-01
-3.067678406863094120e-01
-3.067678406863094120e-01
-3.067678406863094120e-01
-3.067678406863094120e-01
-2.832585094535783887e-01
-2.832585094535783887e-01
-2.832585094535783887e-01
-2.832585094535783887e-01
-2.832585094535783887e-01
-2.832585094535783887e-01
-2.832585094535783887e-01
-2.832585094535783887e-01
-2.832585094535783887e-01
-2.832585094535783887e-01
-2.832585094535783887e-01
-2.832585094535783887e-01
-2.832585094535783887e-01
-2.832585094535783887e-01
-1.822087920874528033e-01
-1.822087920874528033e-01
-1.822087920874528033e-01
-1.822087920874528033e-01
-1.822087920874528033e-01
-1.822087920874528033e-01
-1.822087920874528033e-01
-1.822087920874528033e-01
-1.822087920874528033e-01
-1.822087920874528033e-01
-1.822087920874528033e-01
-1.822087920874528033e-01
-1.822087920874528033e-01
-1.822087920874528033e-01
-1.822087920874528033e-01
-1.822087920874528033e-01
-1.822087920874528033e-01
-1.822087920874528033e-01
-1.822087920874528033e-01
-1.822087920874528033e-01
-1.822087920874528033e-01
-1.822087920874528033e-01
-1.822087920874528033e-01
-1.822087920874528033e-01
-1.822087920874528033e-01
-1.822087920874528033e-01
-1.822087920874528033e-01
-1.822087920874528033e-01
-1.822087920874528033e-01
-1.822087920874528033e-01
-2.009092507809115413e-01
-2.009092507809115413e-01
-2.009092507809115413e-01
-2.009092507809115413e-01
-2.009092507809115413e-01
-2.009092507809115413e-01
-2.009092507809115413e-01
-2.009092507809115413e-01
-2.009092507809115413e-01
-2.009092507809115413e-01
-2.009092507809115413e-01
-2.009092507809115413e-01
-2.009092507809115413e-01
-2.947801556687509872e-01
-2.947801556687509872e-01
-2.947801556687509872e-01
-2.947801556687509872e-01
-2.947801556687509872e-01
-2.947801556687509872e-01
-2.947801556687509872e-01
-2.947801556687509872e-01
-2.947801556687509872e-01
-2.947801556687509872e-01
-2.947801556687509872e-01
-2.947801556687509872e-01
-2.947801556687509872e-01
-2.947801556687509872e-01
-2.947801556687509872e-01
-2.947801556687509872e-01
-2.947801556687509872e-01
-2.947801556687509872e-01
-2.947801556687509872e-01
-2.947801556687509872e-01
-2.947801556687509872e-01
-2.947801556687509872e-01
-2.947801556687509872e-01
-2.947801556687509872e-01
-2.947801556687509872e-01
-2.947801556687509872e-01
-2.947801556687509872e-01
-2.947801556687509872e-01
-2.947801556687509872e-01
-2.947801556687509872e-01
-2.947801556687509872e-01
-2.947801556687509872e-01
-2.947801556687509872e-01
-2.947801556687509872e-01
-2.947801556687509872e-01
-2.947801556687509872e-01
-2.947801556687509872e-01
-2.947801556687509872e-01
-2.947801556687509872e-01
-2.947801556687509872e-01
-2.947801556687509872e-01
-2.947801556687509872e-01
-2.947801556687509872e-01
-2.947801556687509872e-01
-2.947801556687509872e-01
-2.947801556687509872e-01
-2.947801556687509872e-01
-2.947801556687509872e-01
-2.947801556687509872e-01
-2.947801556687509872e-01
-2.947801556687509872e-01
-2.947801556687509872e-01
-2.947801556687509872e-01
-2.947801556687509872e-01
-2.947801556687509872e-01
-2.947801556687509872e-01
-2.947801556687509872e-01
-2.947801556687509872e-01
-2.947801556687509872e-01
-2.947801556687509872e-01
-2.947801556687509872e-01
-2.947801556687509872e-01
-2.947801556687509872e-01
-2.947801556687509872e-01
-2.947801556687509872e-01
-2.947801556687509872e-01
-2.947801556687509872e-01
-2.947801556687509872e-01
-2.947801556687509872e-01
-2.947801556687509872e-01
-2.947801556687509872e-01
-2.947801556687509872e-01
-2.947801556687509872e-01
-2.947801556687509872e-01
-2.947801556687509872e-01
-2.947801556687509872e-01
-2.947801556687509872e-01
-2.947801556687509872e-01
-2.947801556687509872e-01
-2.947801556687509872e-01
-2.947801556687509872e-01
-2.947801556687509872e-01
-2.947801556687509872e-01
-2.947801556687509872e-01
-2.947801556687509872e-01
-2.947801556687509872e-01
-2.947801556687509872e-01
-2.947801556687509872e-01
-2.947801556687509872e-01
-2.947801556687509872e-01
-2.947801556687509872e-01
-2.947801556687509872e-01
-2.947801556687509872e-01
-2.947801556687509872e-01
-2.947801556687509872e-01
-2.947801556687509872e-01
-1.985992858788251381e-01
-1.985992858788251381e-01
-1.985992858788251381e-01
-1.985992858788251381e-01
-1.985992858788251381e-01
-1.985992858788251381e-01
-1.985992858788251381e-01
-1.985992858788251381e-01
-1.985992858788251381e-01
-1.985992858788251381e-01
-1.985992858788251381e-01
-1.985992858788251381e-01
-1.985992858788251381e-01
-1.985992858788251381e-01
-1.985992858788251381e-01
-1.985992858788251381e-01
-1.985992858788251381e-01
-1.985992858788251381e-01
-1.985992858788251381e-01
-1.985992858788251381e-01
-1.985992858788251381e-01
-1.985992858788251381e-01
-1.985992858788251381e-01
-1.985992858788251381e-01
-2.254932605969518222e-01
-2.254932605969518222e-01
-2.254932605969518222e-01
-2.254932605969518222e-01
-2.254932605969518222e-01
-2.254932605969518222e-01
-2.254932605969518222e-01
-2.254932605969518222e-01
-2.254932605969518222e-01
-2.254932605969518222e-01
-2.254932605969518222e-01
-2.254932605969518222e-01
-2.254932605969518222e-01
-2.254932605969518222e-01
-2.254932605969518222e-01
-2.254932605969518222e-01
-2.254932605969518222e-01
-2.254932605969518222e-01
-2.254932605969518222e-01
-2.254932605969518222e-01
-2.254932605969518222e-01
-1.975569453795598951e-01
-1.975569453795598951e-01
-1.975569453795598951e-01
-1.975569453795598951e-01
-1.975569453795598951e-01
-1.975569453795598951e-01
-1.975569453795598951e-01
-1.975569453795598951e-01
-1.975569453795598951e-01
-1.975569453795598951e-01
-1.975569453795598951e-01
-1.975569453795598951e-01
-1.975569453795598951e-01
-1.975569453795598951e-01
-1.975569453795598951e-01
-1.975569453795598951e-01
-1.975569453795598951e-01
-1.975569453795598951e-01
-1.975569453795598951e-01
-1.975569453795598951e-01
-1.975569453795598951e-01
-1.975569453795598951e-01
-1.975569453795598951e-01
-1.975569453795598951e-01
-1.975569453795598951e-01
-1.975569453795598951e-01
-1.975569453795598951e-01
-1.975569453795598951e-01
-1.975569453795598951e-01
-1.975569453795598951e-01
-1.975569453795598951e-01
-1.975569453795598951e-01
-1.975569453795598951e-01
-1.975569453795598951e-01
-1.975569453795598951e-01
-1.975569453795598951e-01
-1.975569453795598951e-01
-1.975569453795598951e-01
-1.975569453795598951e-01
-1.975569453795598951e-01
-1.975569453795598951e-01
-1.975569453795598951e-01
-1.975569453795598951e-01
-1.975569453795598951e-01
-1.975569453795598951e-01
-1.975569453795598951e-01
-1.975569453795598951e-01
-1.975569453795598951e-01
-1.975569453795598951e-01
-1.975569453795598951e-01
-1.975569453795598951e-01
-1.975569453795598951e-01
-1.975569453795598951e-01
-1.975569453795598951e-01
-1.975569453795598951e-01
-1.975569453795598951e-01
-1.975569453795598951e-01
-1.975569453795598951e-01
-1.975569453795598951e-01
-1.975569453795598951e-01
-1.975569453795598951e-01
-1.975569453795598951e-01
-1.975569453795598951e-01
-1.975569453795598951e-01
-1.975569453795598951e-01
-1.975569453795598951e-01
-1.975569453795598951e-01
-1.975569453795598951e-01
-1.975569453795598951e-01
-1.975569453795598951e-01
-1.975569453795598951e-01
-1.975569453795598951e-01
-1.975569453795598951e-01
-1.975569453795598951e-01
-1.975569453795598951e-01
-1.975569453795598951e-01
-1.975569453795598951e-01
-1.975569453795598951e-01
-1.975569453795598951e-01
-1.975569453795598951e-01
-1.975569453795598951e-01
-1.975569453795598951e-01
-1.975569453795598951e-01
-1.975569453795598951e-01
-1.975569453795598951e-01
-1.975569453795598951e-01
-1.975569453795598951e-01
-1.975569453795598951e-01
-1.975569453795598951e-01
-1.975569453795598951e-01
-1.975569453795598951e-01
-1.334287154970843770e-01
-1.334287154970843770e-01
-1.334287154970843770e-01
-1.334287154970843770e-01
-1.334287154970843770e-01
-1.334287154970843770e-01
-1.334287154970843770e-01
-1.334287154970843770e-01
-1.334287154970843770e-01
-1.334287154970843770e-01
-1.334287154970843770e-01
-1.334287154970843770e-01
-1.334287154970843770e-01
-1.334287154970843770e-01
-1.334287154970843770e-01
-1.334287154970843770e-01
-1.334287154970843770e-01
-1.334287154970843770e-01
-1.334287154970843770e-01
-1.334287154970843770e-01
-1.334287154970843770e-01
-1.334287154970843770e-01
-1.334287154970843770e-01
-1.334287154970843770e-01
-1.334287154970843770e-01
-1.334287154970843770e-01
-1.334287154970843770e-01
-1.334287154970843770e-01
-1.334287154970843770e-01
-1.334287154970843770e-01
-1.334287154970843770e-01
-1.334287154970843770e-01
-1.334287154970843770e-01
-1.334287154970843770e-01
-1.334287154970843770e-01
-1.334287154970843770e-01
-1.334287154970843770e-01
-1.334287154970843770e-01
-1.334287154970843770e-01
-1.334287154970843770e-01
-1.334287154970843770e-01
-1.334287154970843770e-01
-1.334287154970843770e-01
-1.334287154970843770e-01
-1.334287154970843770e-01
-1.334287154970843770e-01
-1.334287154970843770e-01
-1.334287154970843770e-01
-1.334287154970843770e-01
-1.853046579069206889e-01
-1.853046579069206889e-01
-1.853046579069206889e-01
-1.853046579069206889e-01
-1.853046579069206889e-01
-1.853046579069206889e-01
-1.853046579069206889e-01
-1.853046579069206889e-01
-1.853046579069206889e-01
-1.853046579069206889e-01
-1.853046579069206889e-01
-1.853046579069206889e-01
-1.853046579069206889e-01
-1.853046579069206889e-01
-1.853046579069206889e-01
-1.853046579069206889e-01
-1.853046579069206889e-01
-1.853046579069206889e-01
-1.853046579069206889e-01
-1.853046579069206889e-01
-1.853046579069206889e-01
-1.853046579069206889e-01
-1.853046579069206889e-01
-1.853046579069206889e-01
-1.853046579069206889e-01
-1.853046579069206889e-01
-1.853046579069206889e-01
-1.853046579069206889e-01
-1.853046579069206889e-01
-1.853046579069206889e-01
-1.468529522305009050e-01
-1.468529522305009050e-01
-1.468529522305009050e-01
-1.468529522305009050e-01
-1.468529522305009050e-01
-1.468529522305009050e-01
-1.468529522305009050e-01
-1.468529522305009050e-01
-1.468529522305009050e-01
-1.468529522305009050e-01
-1.468529522305009050e-01
-1.468529522305009050e-01
-1.468529522305009050e-01
-1.468529522305009050e-01
-1.468529522305009050e-01
-1.468529522305009050e-01
-1.468529522305009050e-01
-1.468529522305009050e-01
-1.468529522305009050e-01
-1.468529522305009050e-01
-1.468529522305009050e-01
-1.468529522305009050e-01
-1.798436245088595453e-01
-1.792929226080272609e-01
-1.792929226080272609e-01
-1.497024075478942118e-01
-1.497024075478942118e-01
-1.497024075478942118e-01
-1.497024075478942118e-01
-1.497024075478942118e-01
-1.497024075478942118e-01
-1.497024075478942118e-01
-1.497024075478942118e-01
-1.497024075478942118e-01
-1.497024075478942118e-01
-1.497024075478942118e-01
-1.497024075478942118e-01
-1.497024075478942118e-01
-1.497024075478942118e-01
-1.497024075478942118e-01
-1.497024075478942118e-01
-1.497024075478942118e-01
-1.497024075478942118e-01
-1.497024075478942118e-01
-1.497024075478942118e-01
-1.497024075478942118e-01
-1.497024075478942118e-01
-1.497024075478942118e-01
-1.497024075478942118e-01
-1.497024075478942118e-01
-1.497024075478942118e-01
-1.497024075478942118e-01
-1.497024075478942118e-01
-1.497024075478942118e-01
-1.497024075478942118e-01
-1.497024075478942118e-01
-1.497024075478942118e-01
-1.497024075478942118e-01
-1.497024075478942118e-01
-1.497024075478942118e-01
-1.497024075478942118e-01
-1.497024075478942118e-01
-1.497024075478942118e-01
-1.497024075478942118e-01
-1.497024075478942118e-01
-1.497024075478942118e-01
-1.497024075478942118e-01
-1.497024075478942118e-01
-1.497024075478942118e-01
-1.497024075478942118e-01
-1.497024075478942118e-01
-1.497024075478942118e-01
-1.497024075478942118e-01
-1.497024075478942118e-01
-1.497024075478942118e-01
-1.497024075478942118e-01
-1.497024075478942118e-01
-1.497024075478942118e-01
-1.497024075478942118e-01
-1.497024075478942118e-01
-1.497024075478942118e-01
-1.497024075478942118e-01
-1.497024075478942118e-01
-1.497024075478942118e-01
-1.497024075478942118e-01
-1.497024075478942118e-01
-1.497024075478942118e-01
-1.497024075478942118e-01
-1.497024075478942118e-01
-1.497024075478942118e-01
-1.497024075478942118e-01
-1.497024075478942118e-01
-1.497024075478942118e-01
-1.497024075478942118e-01
-1.497024075478942118e-01
-1.497024075478942118e-01
-1.497024075478942118e-01
-1.497024075478942118e-01
-1.497024075478942118e-01
-1.497024075478942118e-01
-1.497024075478942118e-01
-1.497024075478942118e-01
-1.497024075478942118e-01
-1.497024075478942118e-01
-1.497024075478942118e-01
-1.497024075478942118e-01
-1.497024075478942118e-01
-1.497024075478942118e-01
-1.497024075478942118e-01
-1.497024075478942118e-01
-1.497024075478942118e-01
-1.497024075478942118e-01
-1.497024075478942118e-01
-1.497024075478942118e-01
-1.497024075478942118e-01
-1.497024075478942118e-01
-1.497024075478942118e-01
-1.497024075478942118e-01
-1.497024075478942118e-01
-1.497024075478942118e-01
-1.497024075478942118e-01
-1.497024075478942118e-01
-1.497024075478942118e-01
-1.497024075478942118e-01
-1.497024075478942118e-01
-1.497024075478942118e-01
-1.497024075478942118e-01
-1.497024075478942118e-01
-1.497024075478942118e-01
-1.497024075478942118e-01
-1.497024075478942118e-01
-1.497024075478942118e-01
-1.111568359526347860e-01
-1.111568359526347860e-01
-1.111568359526347860e-01
-1.111568359526347860e-01
-1.111568359526347860e-01
-1.111568359526347860e-01
-1.111568359526347860e-01
-1.111568359526347860e-01
-1.111568359526347860e-01
-1.111568359526347860e-01
-1.111568359526347860e-01
-1.111568359526347860e-01
-1.111568359526347860e-01
-1.111568359526347860e-01
-1.111568359526347860e-01
-1.111568359526347860e-01
-1.111568359526347860e-01
-1.111568359526347860e-01
-1.111568359526347860e-01
-1.111568359526347860e-01
-1.111568359526347860e-01
-1.111568359526347860e-01
-1.111568359526347860e-01
-1.111568359526347860e-01
-1.111568359526347860e-01
-1.111568359526347860e-01
-1.111568359526347860e-01
-1.111568359526347860e-01
-1.111568359526347860e-01
-1.111568359526347860e-01
-1.111568359526347860e-01
-1.111568359526347860e-01
-1.111568359526347860e-01
-1.111568359526347860e-01
-1.111568359526347860e-01
-1.111568359526347860e-01
-1.111568359526347860e-01
-1.111568359526347860e-01
-1.111568359526347860e-01
-1.111568359526347860e-01
-1.111568359526347860e-01
-1.111568359526347860e-01
-1.111568359526347860e-01
-1.111568359526347860e-01
-1.111568359526347860e-01
-1.111568359526347860e-01
-1.111568359526347860e-01
-1.111568359526347860e-01
-1.111568359526347860e-01
-1.111568359526347860e-01
-1.111568359526347860e-01
-1.111568359526347860e-01
-1.111568359526347860e-01
-1.111568359526347860e-01
-1.111568359526347860e-01
-1.111568359526347860e-01
-1.111568359526347860e-01
-1.111568359526347860e-01
-1.111568359526347860e-01
-1.110585609426005954e-01
-1.110585609426005954e-01
-1.110585609426005954e-01
-1.110585609426005954e-01
-1.110585609426005954e-01
-1.110585609426005954e-01
-1.110585609426005954e-01
-1.110585609426005954e-01
-1.110585609426005954e-01
-1.110585609426005954e-01
-1.110585609426005954e-01
-1.110585609426005954e-01
-1.110585609426005954e-01
-1.110585609426005954e-01
-1.110585609426005954e-01
-1.110585609426005954e-01
-1.110585609426005954e-01
-1.110585609426005954e-01
-1.110585609426005954e-01
-1.110585609426005954e-01
-1.345658621414213552e-01
-1.345658621414213552e-01
-1.345658621414213552e-01
-1.345658621414213552e-01
-1.345658621414213552e-01
-1.345658621414213552e-01
-1.345658621414213552e-01
-1.345658621414213552e-01
-1.345658621414213552e-01
-1.345658621414213552e-01
-1.345658621414213552e-01
-1.345658621414213552e-01
-1.345658621414213552e-01
-1.345658621414213552e-01
-1.345658621414213552e-01
-1.345658621414213552e-01
-1.345658621414213552e-01
-1.345658621414213552e-01
-1.345658621414213552e-01
-1.345658621414213552e-01
-1.345658621414213552e-01
-1.345658621414213552e-01
-1.345658621414213552e-01
-1.345658621414213552e-01
-1.345658621414213552e-01
-1.345658621414213552e-01
-1.345658621414213552e-01
-1.345658621414213552e-01
-1.345658621414213552e-01
-1.345658621414213552e-01
-1.345658621414213552e-01
-1.345658621414213552e-01
-1.345658621414213552e-01
-1.345658621414213552e-01
-1.345658621414213552e-01
-1.345658621414213552e-01
-1.345658621414213552e-01
-1.345658621414213552e-01
-1.345658621414213552e-01
-1.345658621414213552e-01
-1.345658621414213552e-01
-1.345658621414213552e-01
-1.345658621414213552e-01
-1.345658621414213552e-01
-1.345658621414213552e-01
-1.345658621414213552e-01
-1.345658621414213552e-01
-1.345658621414213552e-01
-1.345658621414213552e-01
-1.345658621414213552e-01
-1.345658621414213552e-01
-1.345658621414213552e-01
-1.345658621414213552e-01
-1.345658621414213552e-01
-1.345658621414213552e-01
-1.345658621414213552e-01
-1.345658621414213552e-01
-1.345658621414213552e-01
-1.345658621414213552e-01
-1.345658621414213552e-01
-1.345658621414213552e-01
-1.345658621414213552e-01
-1.345658621414213552e-01
-1.345658621414213552e-01
-1.345658621414213552e-01
-1.278057067617631437e-01
-1.278057067617631437e-01
-1.278057067617631437e-01
-1.278057067617631437e-01
-1.278057067617631437e-01
-1.278057067617631437e-01
-1.278057067617631437e-01
-1.278057067617631437e-01
-1.278057067617631437e-01
-1.278057067617631437e-01
-1.278057067617631437e-01
-1.278057067617631437e-01
-1.278057067617631437e-01
-1.278057067617631437e-01
-1.278057067617631437e-01
-1.278057067617631437e-01
-1.278057067617631437e-01
-1.278057067617631437e-01
-1.278057067617631437e-01
-1.278057067617631437e-01
-1.278057067617631437e-01
-1.278057067617631437e-01
-1.278057067617631437e-01
-1.278057067617631437e-01
-1.278057067617631437e-01
-1.278057067617631437e-01
-1.278057067617631437e-01
-1.278057067617631437e-01
-1.278057067617631437e-01
-1.278057067617631437e-01
-1.278057067617631437e-01
-1.278057067617631437e-01
-1.278057067617631437e-01
-1.278057067617631437e-01
-1.278057067617631437e-01
-1.278057067617631437e-01
-1.278057067617631437e-01
-1.278057067617631437e-01
-1.278057067617631437e-01
-1.278057067617631437e-01
-1.278057067617631437e-01
-1.278057067617631437e-01
-1.278057067617631437e-01
-1.278057067617631437e-01
-1.278057067617631437e-01
-1.278057067617631437e-01
-1.278057067617631437e-01
-1.278057067617631437e-01
-1.278057067617631437e-01
-1.278057067617631437e-01
-1.278057067617631437e-01
-1.278057067617631437e-01
-1.278057067617631437e-01
-1.278057067617631437e-01
-1.278057067617631437e-01
-1.278057067617631437e-01
-1.278057067617631437e-01
-1.278057067617631437e-01
-1.278057067617631437e-01
-1.278057067617631437e-01
-1.278057067617631437e-01
-1.278057067617631437e-01
-1.278057067617631437e-01
-1.278057067617631437e-01
-1.278057067617631437e-01
-1.278057067617631437e-01
-1.278057067617631437e-01
-1.278057067617631437e-01
-1.278057067617631437e-01
-1.278057067617631437e-01
-1.278057067617631437e-01
-1.278057067617631437e-01
-1.278057067617631437e-01
-1.278057067617631437e-01
-1.278057067617631437e-01
-1.278057067617631437e-01
-1.278057067617631437e-01
-1.278057067617631437e-01
-1.278057067617631437e-01
-1.278057067617631437e-01
-1.278057067617631437e-01
-1.278057067617631437e-01
-1.278057067617631437e-01
-1.278057067617631437e-01
-1.278057067617631437e-01
-1.278057067617631437e-01
-1.278057067617631437e-01
-1.278057067617631437e-01
-1.278057067617631437e-01
-1.278057067617631437e-01
-1.278057067617631437e-01
-1.278057067617631437e-01
-1.278057067617631437e-01
-1.278057067617631437e-01
-1.278057067617631437e-01
-1.278057067617631437e-01
-1.278057067617631437e-01
-1.278057067617631437e-01
-1.278057067617631437e-01
-1.278057067617631437e-01
-1.278057067617631437e-01
-1.278057067617631437e-01
-1.278057067617631437e-01
-1.278057067617631437e-01
-1.278057067617631437e-01
-1.278057067617631437e-01
-1.278057067617631437e-01
-1.278057067617631437e-01
-1.278057067617631437e-01
-1.278057067617631437e-01
-1.278057067617631437e-01
-1.278057067617631437e-01
-1.278057067617631437e-01
-1.278057067617631437e-01
-1.278057067617631437e-01
-1.278057067617631437e-01
-1.278057067617631437e-01
-1.278057067617631437e-01
-1.309344235159470848e-01
-1.309344235159470848e-01
-1.309344235159470848e-01
-1.309344235159470848e-01
-1.309344235159470848e-01
-1.309344235159470848e-01
-1.245817849786513970e-01
-1.245817849786513970e-01
-1.245817849786513970e-01
-1.245817849786513970e-01
-1.245817849786513970e-01
-8.093685367595168656e-02
-8.093685367595168656e-02
-8.093685367595168656e-02
-7.951417029701728090e-02
-7.951417029701728090e-02
-7.951417029701728090e-02
-7.951417029701728090e-02
-7.951417029701728090e-02
-7.951417029701728090e-02
-7.951417029701728090e-02
-7.951417029701728090e-02
-7.951417029701728090e-02
-7.951417029701728090e-02
-7.951417029701728090e-02
-7.951417029701728090e-02
-7.951417029701728090e-02
-7.951417029701728090e-02
-7.951417029701728090e-02
-7.423291242829244130e-02
-7.423291242829244130e-02
-7.423291242829244130e-02
-1.359738366781639562e-01
-1.359738366781639562e-01
-1.359738366781639562e-01
-1.359738366781639562e-01
-1.359738366781639562e-01
-1.359738366781639562e-01
-1.359738366781639562e-01
-1.359738366781639562e-01
-1.359738366781639562e-01
-1.359738366781639562e-01
-1.548519553919367187e-01
-1.249610238047904193e-01
-1.249610238047904193e-01
-1.249610238047904193e-01
-1.249610238047904193e-01
-1.249610238047904193e-01
-1.249610238047904193e-01
-1.249610238047904193e-01
-1.249610238047904193e-01
-1.249610238047904193e-01
-1.249610238047904193e-01
-1.249610238047904193e-01
-1.249610238047904193e-01
-1.249610238047904193e-01
-1.249610238047904193e-01
-1.249610238047904193e-01
-1.249610238047904193e-01
-9.384547604201627646e-02
-9.384547604201627646e-02
-9.384547604201627646e-02
-9.384547604201627646e-02
-9.384547604201627646e-02
-9.384547604201627646e-02
-9.384547604201627646e-02
-9.384547604201627646e-02
-9.384547604201627646e-02
-9.384547604201627646e-02
-9.384547604201627646e-02
-9.384547604201627646e-02
-9.384547604201627646e-02
-9.384547604201627646e-02
-9.384547604201627646e-02
-9.384547604201627646e-02
-9.384547604201627646e-02
-9.384547604201627646e-02
-9.384547604201627646e-02
-9.384547604201627646e-02
-9.384547604201627646e-02
-9.384547604201627646e-02
-9.384547604201627646e-02
-9.384547604201627646e-02
-9.384547604201627646e-02
-9.384547604201627646e-02
-9.384547604201627646e-02
-9.384547604201627646e-02
-9.384547604201627646e-02
-9.384547604201627646e-02
-7.959069901397076985e-02
-7.959069901397076985e-02
-7.959069901397076985e-02
-7.959069901397076985e-02
-7.959069901397076985e-02
-7.959069901397076985e-02
-7.959069901397076985e-02
-7.959069901397076985e-02
-7.959069901397076985e-02
-7.959069901397076985e-02
-7.959069901397076985e-02
-7.959069901397076985e-02
-7.959069901397076985e-02
-9.138658500310339883e-02
-9.138658500310339883e-02
-9.138658500310339883e-02
-9.138658500310339883e-02
-9.138658500310339883e-02
-9.138658500310339883e-02
-9.138658500310339883e-02
-9.138658500310339883e-02
-9.138658500310339883e-02
-9.138658500310339883e-02
-9.138658500310339883e-02
-9.138658500310339883e-02
-9.138658500310339883e-02
-9.138658500310339883e-02
-9.138658500310339883e-02
-9.138658500310339883e-02
-9.138658500310339883e-02
-9.138658500310339883e-02
-9.138658500310339883e-02
-9.138658500310339883e-02
-9.138658500310339883e-02
-9.138658500310339883e-02
-9.138658500310339883e-02
-9.138658500310339883e-02
-9.138658500310339883e-02
-9.138658500310339883e-02
-9.138658500310339883e-02
-9.138658500310339883e-02
-9.138658500310339883e-02
-9.138658500310339883e-02
-9.138658500310339883e-02
-9.138658500310339883e-02
-9.138658500310339883e-02
-9.138658500310339883e-02
-9.138658500310339883e-02
-9.138658500310339883e-02
-9.138658500310339883e-02
-9.138658500310339883e-02
-9.138658500310339883e-02
-9.138658500310339883e-02
-9.138658500310339883e-02
-9.138658500310339883e-02
-9.138658500310339883e-02
-9.138658500310339883e-02
-9.138658500310339883e-02
-9.138658500310339883e-02
-1.533219651327989985e-01
-1.533219651327989985e-01
-1.533219651327989985e-01
-1.387980198541061416e-01
-1.387980198541061416e-01
-1.387980198541061416e-01
-1.387980198541061416e-01
-1.387980198541061416e-01
-1.387980198541061416e-01
-1.387980198541061416e-01
-1.387980198541061416e-01
-1.387980198541061416e-01
-1.387980198541061416e-01
-1.387980198541061416e-01
-1.387980198541061416e-01
-1.387980198541061416e-01
-1.387980198541061416e-01
-1.387980198541061416e-01
-1.387980198541061416e-01
-1.387980198541061416e-01
-1.387980198541061416e-01
-1.387980198541061416e-01
-1.387980198541061416e-01
-1.387980198541061416e-01
-1.387980198541061416e-01
-1.387980198541061416e-01
-1.387980198541061416e-01
-1.387980198541061416e-01
-1.387980198541061416e-01
-1.387980198541061416e-01
-1.387980198541061416e-01
-1.387980198541061416e-01
-1.387980198541061416e-01
-1.899604872581379666e-01
-1.899604872581379666e-01
-1.899604872581379666e-01
-1.899604872581379666e-01
-1.899604872581379666e-01
-1.899604872581379666e-01
-1.899604872581379666e-01
-1.664617549392962692e-01
-1.664617549392962692e-01
-1.664617549392962692e-01
-1.664617549392962692e-01
-1.465140719030828820e-01
-1.465140719030828820e-01
-1.465140719030828820e-01
-1.465140719030828820e-01
-1.465140719030828820e-01
-1.465140719030828820e-01
-1.465140719030828820e-01
-6.633022547224055876e-02
-6.633022547224055876e-02
-6.633022547224055876e-02
-6.633022547224055876e-02
-6.633022547224055876e-02
-6.633022547224055876e-02
-6.633022547224055876e-02
-6.633022547224055876e-02
-6.633022547224055876e-02
-6.633022547224055876e-02
-6.633022547224055876e-02
-6.633022547224055876e-02
-6.633022547224055876e-02
-6.633022547224055876e-02
-6.633022547224055876e-02
-6.633022547224055876e-02
-6.633022547224055876e-02
-6.633022547224055876e-02
-6.633022547224055876e-02
-6.633022547224055876e-02
-6.633022547224055876e-02
-6.633022547224055876e-02
-6.183687006310340656e-02
-6.183687006310340656e-02
-6.183687006310340656e-02
-6.183687006310340656e-02
-6.183687006310340656e-02
-6.183687006310340656e-02
-6.183687006310340656e-02
-6.183687006310340656e-02
-6.183687006310340656e-02
-6.183687006310340656e-02
-6.183687006310340656e-02
-6.391521878041911409e-02
-6.391521878041911409e-02
-6.391521878041911409e-02
-6.391521878041911409e-02
-6.391521878041911409e-02
-6.391521878041911409e-02
-6.391521878041911409e-02
-9.445430814194177849e-02
-9.445430814194177849e-02
-9.445430814194177849e-02
-9.445430814194177849e-02
-9.445430814194177849e-02
-9.445430814194177849e-02
-9.445430814194177849e-02
-9.445430814194177849e-02
-9.445430814194177849e-02
-9.445430814194177849e-02
-1.312526473579625486e-01
-1.312526473579625486e-01
-1.312526473579625486e-01
-1.312526473579625486e-01
-4.737481944989519606e-02
-1.218485900594444976e-01
-1.218485900594444976e-01
-1.218485900594444976e-01
-1.218485900594444976e-01
-1.218485900594444976e-01
-1.218485900594444976e-01
-1.218485900594444976e-01
-1.218485900594444976e-01
-1.218485900594444976e-01
-1.218485900594444976e-01
-1.218485900594444976e-01
-1.218485900594444976e-01
-1.218485900594444976e-01
-1.218485900594444976e-01
-1.218485900594444976e-01
-1.218485900594444976e-01
-1.218485900594444976e-01
-1.218485900594444976e-01
-1.218485900594444976e-01
-1.218485900594444976e-01
-1.218485900594444976e-01
-1.218485900594444976e-01
-1.218485900594444976e-01
-1.218485900594444976e-01
-1.218485900594444976e-01
-1.218485900594444976e-01
-9.982990204262232048e-02
-9.982990204262232048e-02
-9.982990204262232048e-02
-9.982990204262232048e-02
-9.982990204262232048e-02
-9.982990204262232048e-02
-9.982990204262232048e-02
-9.982990204262232048e-02
-9.982990204262232048e-02
-9.982990204262232048e-02
-9.982990204262232048e-02
-9.982990204262232048e-02
-9.982990204262232048e-02
-9.982990204262232048e-02
-9.982990204262232048e-02
-9.982990204262232048e-02
-9.982990204262232048e-02
-9.982990204262232048e-02
-9.982990204262232048e-02
-9.982990204262232048e-02
-9.982990204262232048e-02
-9.982990204262232048e-02
-9.982990204262232048e-02
-9.982990204262232048e-02
-9.982990204262232048e-02
-9.982990204262232048e-02
-9.982990204262232048e-02
-9.982990204262232048e-02
-9.982990204262232048e-02
-9.982990204262232048e-02
-9.982990204262232048e-02
-9.982990204262232048e-02
-9.982990204262232048e-02
-9.982990204262232048e-02
-9.982990204262232048e-02
-9.982990204262232048e-02
-9.982990204262232048e-02
-9.982990204262232048e-02
-9.982990204262232048e-02
-9.982990204262232048e-02
-9.982990204262232048e-02
-9.982990204262232048e-02
-9.982990204262232048e-02
-9.982990204262232048e-02
-9.982990204262232048e-02
-9.982990204262232048e-02
-9.982990204262232048e-02
-9.982990204262232048e-02
-9.982990204262232048e-02
-9.982990204262232048e-02
-9.982990204262232048e-02
-9.982990204262232048e-02
-9.982990204262232048e-02
-9.982990204262232048e-02
-9.982990204262232048e-02
-9.982990204262232048e-02
-9.982990204262232048e-02
-9.982990204262232048e-02
-9.982990204262232048e-02
-9.982990204262232048e-02
-9.982990204262232048e-02
-9.982990204262232048e-02
-9.982990204262232048e-02
-9.982990204262232048e-02
-9.982990204262232048e-02
-9.982990204262232048e-02
-9.982990204262232048e-02
-9.982990204262232048e-02
-9.982990204262232048e-02
-9.982990204262232048e-02
-9.982990204262232048e-02
-9.982990204262232048e-02
-9.982990204262232048e-02
-9.982990204262232048e-02
-9.982990204262232048e-02
-9.982990204262232048e-02
-9.982990204262232048e-02
-9.982990204262232048e-02
-9.982990204262232048e-02
-9.982990204262232048e-02
-9.982990204262232048e-02
-9.982990204262232048e-02
-9.982990204262232048e-02
-9.982990204262232048e-02
-9.982990204262232048e-02
-9.982990204262232048e-02
-9.982990204262232048e-02
-9.982990204262232048e-02
-9.982990204262232048e-02
-9.982990204262232048e-02
-8.815148022617025347e-02
-8.815148022617025347e-02
-8.815148022617025347e-02
-8.815148022617025347e-02
-8.815148022617025347e-02
-8.815148022617025347e-02
-8.815148022617025347e-02
-8.815148022617025347e-02
-8.815148022617025347e-02
-8.815148022617025347e-02
-8.815148022617025347e-02
-8.815148022617025347e-02
-8.815148022617025347e-02
-8.815148022617025347e-02
-8.815148022617025347e-02
-8.815148022617025347e-02
-8.815148022617025347e-02
-8.815148022617025347e-02
-8.815148022617025347e-02
-8.815148022617025347e-02
-8.815148022617025347e-02
-8.815148022617025347e-02
-8.815148022617025347e-02
-8.815148022617025347e-02
-8.815148022617025347e-02
-8.815148022617025347e-02
-8.815148022617025347e-02
-8.815148022617025347e-02
-8.815148022617025347e-02
-8.815148022617025347e-02
-8.815148022617025347e-02
-8.815148022617025347e-02
-8.815148022617025347e-02
-8.815148022617025347e-02
-8.815148022617025347e-02
-8.815148022617025347e-02
-8.815148022617025347e-02
-8.815148022617025347e-02
-8.815148022617025347e-02
-8.815148022617025347e-02
-8.815148022617025347e-02
-9.245988173876847072e-02
-9.245988173876847072e-02
-9.245988173876847072e-02
-9.245988173876847072e-02
-9.245988173876847072e-02
-9.245988173876847072e-02
-9.245988173876847072e-02
-9.245988173876847072e-02
-9.245988173876847072e-02
-9.245988173876847072e-02
-9.245988173876847072e-02
-8.958945652722856423e-02
-8.958945652722856423e-02
-8.958945652722856423e-02
-8.958945652722856423e-02
-8.958945652722856423e-02
-8.958945652722856423e-02
-8.958945652722856423e-02
-8.958945652722856423e-02
-8.958945652722856423e-02
-8.958945652722856423e-02
-8.958945652722856423e-02
-8.958945652722856423e-02
-8.958945652722856423e-02
-8.958945652722856423e-02
-8.958945652722856423e-02
-8.958945652722856423e-02
-8.958945652722856423e-02
-8.958945652722856423e-02
-8.958945652722856423e-02
-8.958945652722856423e-02
-8.958945652722856423e-02
-8.958945652722856423e-02
-8.958945652722856423e-02
-8.958945652722856423e-02
-8.958945652722856423e-02
-8.958945652722856423e-02
-8.958945652722856423e-02
-8.227485971058759451e-02
-8.227485971058759451e-02
-8.227485971058759451e-02
-8.227485971058759451e-02
-8.227485971058759451e-02
-8.227485971058759451e-02
-8.227485971058759451e-02
-8.227485971058759451e-02
-8.227485971058759451e-02
-8.227485971058759451e-02
-8.227485971058759451e-02
-8.227485971058759451e-02
-8.227485971058759451e-02
-8.227485971058759451e-02
-8.227485971058759451e-02
-8.227485971058759451e-02
-8.227485971058759451e-02
-8.227485971058759451e-02
-8.227485971058759451e-02
-8.227485971058759451e-02
-8.227485971058759451e-02
-8.227485971058759451e-02
-8.227485971058759451e-02
-8.227485971058759451e-02
-8.227485971058759451e-02
-8.227485971058759451e-02
-8.227485971058759451e-02
-8.227485971058759451e-02
-8.227485971058759451e-02
-8.227485971058759451e-02
-8.227485971058759451e-02
-8.227485971058759451e-02
-8.227485971058759451e-02
-8.227485971058759451e-02
-8.227485971058759451e-02
-8.227485971058759451e-02
-8.227485971058759451e-02
-8.227485971058759451e-02
-1.002568858417452607e-01
-1.002568858417452607e-01
-1.002568858417452607e-01
-1.002568858417452607e-01
-1.002568858417452607e-01
-1.002568858417452607e-01
-1.002568858417452607e-01
-1.002568858417452607e-01
-1.002568858417452607e-01
-1.002568858417452607e-01
-1.002568858417452607e-01
-1.002568858417452607e-01
-1.002568858417452607e-01
-1.002568858417452607e-01
-1.002568858417452607e-01
-1.002568858417452607e-01
-1.002568858417452607e-01
-1.002568858417452607e-01
-1.002568858417452607e-01
-1.002568858417452607e-01
-1.002568858417452607e-01
-1.002568858417452607e-01
-1.020766865910809063e-01
-1.020766865910809063e-01
-1.020766865910809063e-01
-1.020766865910809063e-01
-1.124706667764237000e-01
-1.129652328974430214e-01
-1.129652328974430214e-01
-1.129652328974430214e-01
-1.129652328974430214e-01
-1.129652328974430214e-01
-1.129652328974430214e-01
-7.149839976777537520e-02
-7.149839976777537520e-02
-7.149839976777537520e-02
-7.149839976777537520e-02
-7.149839976777537520e-02
-7.149839976777537520e-02
-7.149839976777537520e-02
-7.149839976777537520e-02
-7.149839976777537520e-02
-7.149839976777537520e-02
-7.149839976777537520e-02
-7.149839976777537520e-02
-7.149839976777537520e-02
-7.149839976777537520e-02
-7.149839976777537520e-02
-7.149839976777537520e-02
-7.149839976777537520e-02
-7.149839976777537520e-02
-7.149839976777537520e-02
-7.149839976777537520e-02
-7.149839976777537520e-02
-7.149839976777537520e-02
-7.149839976777537520e-02
-7.149839976777537520e-02
-7.149839976777537520e-02
-7.149839976777537520e-02
-7.149839976777537520e-02
-7.149839976777537520e-02
-7.149839976777537520e-02
-7.149839976777537520e-02
-7.149839976777537520e-02
-7.149839976777537520e-02
-7.149839976777537520e-02
-7.149839976777537520e-02
-7.149839976777537520e-02
-7.149839976777537520e-02
-7.149839976777537520e-02
-7.149839976777537520e-02
-7.149839976777537520e-02
-7.149839976777537520e-02
-7.149839976777537520e-02
-7.149839976777537520e-02
-7.149839976777537520e-02
-7.149839976777537520e-02
-7.149839976777537520e-02
-7.149839976777537520e-02
-7.149839976777537520e-02
-7.149839976777537520e-02
-7.149839976777537520e-02
-7.149839976777537520e-02
-7.149839976777537520e-02
-7.149839976777537520e-02
-7.149839976777537520e-02
-7.149839976777537520e-02
-7.149839976777537520e-02
-7.149839976777537520e-02
-7.149839976777537520e-02
-7.149839976777537520e-02
-7.149839976777537520e-02
-7.149839976777537520e-02
-7.149839976777537520e-02
-7.149839976777537520e-02
-7.149839976777537520e-02
-7.149839976777537520e-02
-7.149839976777537520e-02
-7.149839976777537520e-02
-7.149839976777537520e-02
-7.149839976777537520e-02
-8.701389908334720980e-02
-8.701389908334720980e-02
-8.701389908334720980e-02
-8.701389908334720980e-02
-8.701389908334720980e-02
-8.701389908334720980e-02
-8.701389908334720980e-02
-8.701389908334720980e-02
-8.701389908334720980e-02
-8.701389908334720980e-02
-8.701389908334720980e-02
-7.066050149058748786e-02
-7.066050149058748786e-02
-7.066050149058748786e-02
-7.066050149058748786e-02
-7.066050149058748786e-02
-7.066050149058748786e-02
-7.066050149058748786e-02
-7.066050149058748786e-02
-7.066050149058748786e-02
-8.605517461240633215e-02
-8.605517461240633215e-02
-8.605517461240633215e-02
-8.605517461240633215e-02
-8.605517461240633215e-02
-8.605517461240633215e-02
-8.605517461240633215e-02
-8.605517461240633215e-02
-8.605517461240633215e-02
-8.605517461240633215e-02
-8.605517461240633215e-02
-8.605517461240633215e-02
-8.605517461240633215e-02
-8.605517461240633215e-02
-8.605517461240633215e-02
-8.605517461240633215e-02
-8.605517461240633215e-02
-8.605517461240633215e-02
-8.605517461240633215e-02
-8.605517461240633215e-02
-8.605517461240633215e-02
-8.605517461240633215e-02
-8.605517461240633215e-02
-8.605517461240633215e-02
-8.605517461240633215e-02
-8.605517461240633215e-02
-8.605517461240633215e-02
-8.605517461240633215e-02
-8.605517461240633215e-02
-8.605517461240633215e-02
-8.605517461240633215e-02
-8.605517461240633215e-02
-8.605517461240633215e-02
-8.605517461240633215e-02
-8.605517461240633215e-02
-8.605517461240633215e-02
-8.605517461240633215e-02
-7.581122461742013929e-02
-7.581122461742013929e-02
-7.581122461742013929e-02
-7.581122461742013929e-02
-7.581122461742013929e-02
-7.581122461742013929e-02
-7.581122461742013929e-02
-7.581122461742013929e-02
-7.581122461742013929e-02
-7.581122461742013929e-02
-7.581122461742013929e-02
-7.581122461742013929e-02
-7.581122461742013929e-02
-7.581122461742013929e-02
-7.581122461742013929e-02
-7.581122461742013929e-02
-7.581122461742013929e-02
-7.581122461742013929e-02
-7.581122461742013929e-02
-7.581122461742013929e-02
-7.581122461742013929e-02
-7.581122461742013929e-02
-7.581122461742013929e-02
-7.581122461742013929e-02
-7.581122461742013929e-02
-7.581122461742013929e-02
-7.581122461742013929e-02
-7.581122461742013929e-02
-7.581122461742013929e-02
-7.581122461742013929e-02
-7.581122461742013929e-02
-7.581122461742013929e-02
-7.581122461742013929e-02
-7.581122461742013929e-02
-7.581122461742013929e-02
-7.581122461742013929e-02
-7.581122461742013929e-02
-7.581122461742013929e-02
-7.581122461742013929e-02
-7.581122461742013929e-02
-7.581122461742013929e-02
-7.581122461742013929e-02
-7.581122461742013929e-02
-7.581122461742013929e-02
-7.581122461742013929e-02
-7.581122461742013929e-02
-7.581122461742013929e-02
-7.581122461742013929e-02
-7.581122461742013929e-02
-7.581122461742013929e-02
-7.581122461742013929e-02
-7.581122461742013929e-02
-7.581122461742013929e-02
-7.581122461742013929e-02
-7.581122461742013929e-02
-7.581122461742013929e-02
-7.581122461742013929e-02
-7.581122461742013929e-02
-7.581122461742013929e-02
-7.581122461742013929e-02
-7.581122461742013929e-02
-7.581122461742013929e-02
-7.581122461742013929e-02
-7.581122461742013929e-02
-7.581122461742013929e-02
-7.581122461742013929e-02
-7.581122461742013929e-02
-7.581122461742013929e-02
-7.581122461742013929e-02
-7.581122461742013929e-02
-7.581122461742013929e-02
-7.581122461742013929e-02
-7.581122461742013929e-02
-7.581122461742013929e-02
-1.826578640801044817e-01
-1.826578640801044817e-01
-1.826578640801044817e-01
-1.826578640801044817e-01
-1.826578640801044817e-01
-1.826578640801044817e-01
-1.826578640801044817e-01
-1.826578640801044817e-01
-1.826578640801044817e-01
-1.826578640801044817e-01
-1.826578640801044817e-01
-1.826578640801044817e-01
-1.826578640801044817e-01
-1.826578640801044817e-01
-1.826578640801044817e-01
-1.826578640801044817e-01
-1.826578640801044817e-01
-1.826578640801044817e-01
-1.826578640801044817e-01
-1.826578640801044817e-01
-1.826578640801044817e-01
-1.826578640801044817e-01
-1.826578640801044817e-01
-1.826578640801044817e-01
-1.826578640801044817e-01
-1.826578640801044817e-01
-1.826578640801044817e-01
-1.826578640801044817e-01
-1.826578640801044817e-01
-1.826578640801044817e-01
-1.826578640801044817e-01
-1.826578640801044817e-01
-1.826578640801044817e-01
-1.826578640801044817e-01
-1.826578640801044817e-01
-1.826578640801044817e-01
-1.436677791648339475e-01
-1.436677791648339475e-01
-1.436677791648339475e-01
-1.436677791648339475e-01
-1.436677791648339475e-01
-1.454380827013894706e-01
-1.454380827013894706e-01
-1.454380827013894706e-01
-1.308657300175945781e-01
-1.308657300175945781e-01
-1.308657300175945781e-01
-1.308657300175945781e-01
-1.308657300175945781e-01
-1.308657300175945781e-01
-1.308657300175945781e-01
-1.308657300175945781e-01
-1.308657300175945781e-01
-1.308657300175945781e-01
-1.308657300175945781e-01
-1.308657300175945781e-01
-1.308657300175945781e-01
-1.308657300175945781e-01
-1.308657300175945781e-01
-1.308657300175945781e-01
-1.308657300175945781e-01
-1.308657300175945781e-01
-1.308657300175945781e-01
-1.308657300175945781e-01
-1.308657300175945781e-01
-1.308657300175945781e-01
-1.308657300175945781e-01
-1.308657300175945781e-01
-1.308657300175945781e-01
-1.308657300175945781e-01
-1.308657300175945781e-01
-1.308657300175945781e-01
-1.308657300175945781e-01
-1.308657300175945781e-01
