# Variable: dg_gbsa_00000143
# Sample shape: (2000,)
# Date: 2014-03-03 06:24:06.716160
-2.047704693008335131e+00
-2.047704693008335131e+00
-2.047704693008335131e+00
-2.514173150290494707e+00
-2.514173150290494707e+00
-2.514173150290494707e+00
-2.514173150290494707e+00
-2.514173150290494707e+00
-2.514173150290494707e+00
-2.514173150290494707e+00
-2.514173150290494707e+00
-2.514173150290494707e+00
-1.974531387051934095e+00
-1.974531387051934095e+00
-1.974531387051934095e+00
-1.974531387051934095e+00
-1.974531387051934095e+00
-1.974531387051934095e+00
-1.974531387051934095e+00
-1.974531387051934095e+00
-1.974531387051934095e+00
-1.974531387051934095e+00
-1.974531387051934095e+00
-1.955560926725485871e+00
-1.955560926725485871e+00
-1.955560926725485871e+00
-1.955560926725485871e+00
-1.955560926725485871e+00
-1.955560926725485871e+00
-1.955560926725485871e+00
-1.955560926725485871e+00
-1.995992706109187331e+00
-1.995992706109187331e+00
-2.145747837555339821e+00
-2.145747837555339821e+00
-2.145747837555339821e+00
-2.145747837555339821e+00
-2.145747837555339821e+00
-2.121996925164363113e+00
-2.348636122096336987e+00
-2.348636122096336987e+00
-2.348636122096336987e+00
-2.348636122096336987e+00
-2.348636122096336987e+00
-2.348636122096336987e+00
-2.362498133861767879e+00
-2.362498133861767879e+00
-2.362498133861767879e+00
-2.362498133861767879e+00
-2.362498133861767879e+00
-2.362498133861767879e+00
-2.467607676868912581e+00
-2.467607676868912581e+00
-2.467607676868912581e+00
-2.467607676868912581e+00
-2.467607676868912581e+00
-2.457833426860276838e+00
-2.457833426860276838e+00
-1.470510977859934565e+00
-1.470510977859934565e+00
-1.470510977859934565e+00
-1.470510977859934565e+00
-1.470510977859934565e+00
-1.470510977859934565e+00
-1.470510977859934565e+00
-1.470510977859934565e+00
-1.470510977859934565e+00
-1.470510977859934565e+00
-1.470510977859934565e+00
-1.470510977859934565e+00
-1.470510977859934565e+00
-1.611116283482392886e+00
-1.611116283482392886e+00
-1.611116283482392886e+00
-1.611116283482392886e+00
-1.611116283482392886e+00
-1.611116283482392886e+00
-1.611116283482392886e+00
-1.611116283482392886e+00
-2.054880499611849043e+00
-2.054880499611849043e+00
-2.054880499611849043e+00
-2.028392560167476599e+00
-1.875422652775197152e+00
-1.875422652775197152e+00
-1.875422652775197152e+00
-1.875422652775197152e+00
-1.875422652775197152e+00
-1.875422652775197152e+00
-1.780129185598165353e+00
-1.780129185598165353e+00
-1.780129185598165353e+00
-1.780129185598165353e+00
-1.908932201721016186e+00
-1.908932201721016186e+00
-1.908932201721016186e+00
-1.908932201721016186e+00
-1.908932201721016186e+00
-1.908932201721016186e+00
-1.908932201721016186e+00
-1.908932201721016186e+00
-1.908932201721016186e+00
-1.908932201721016186e+00
-1.908932201721016186e+00
-1.908932201721016186e+00
-1.908932201721016186e+00
-1.908932201721016186e+00
-1.908932201721016186e+00
-1.908932201721016186e+00
-1.908932201721016186e+00
-1.976027771346199780e+00
-1.976027771346199780e+00
-1.976027771346199780e+00
-1.976027771346199780e+00
-1.976027771346199780e+00
-1.976027771346199780e+00
-1.976027771346199780e+00
-1.976027771346199780e+00
-1.976027771346199780e+00
-1.976027771346199780e+00
-1.976027771346199780e+00
-1.976027771346199780e+00
-1.976027771346199780e+00
-1.976027771346199780e+00
-1.976027771346199780e+00
-1.976027771346199780e+00
-1.976027771346199780e+00
-1.976027771346199780e+00
-1.976027771346199780e+00
-1.976027771346199780e+00
-1.976027771346199780e+00
-1.976027771346199780e+00
-1.976027771346199780e+00
-1.976027771346199780e+00
-1.976027771346199780e+00
-1.976027771346199780e+00
-1.976027771346199780e+00
-1.976027771346199780e+00
-1.976027771346199780e+00
-1.986288431725584003e+00
-1.986288431725584003e+00
-1.986288431725584003e+00
-1.986288431725584003e+00
-1.986288431725584003e+00
-1.986288431725584003e+00
-1.986288431725584003e+00
-1.986288431725584003e+00
-1.986288431725584003e+00
-1.986288431725584003e+00
-1.986288431725584003e+00
-1.986288431725584003e+00
-1.986288431725584003e+00
-1.986288431725584003e+00
-1.986288431725584003e+00
-1.986288431725584003e+00
-1.986288431725584003e+00
-1.986288431725584003e+00
-1.986288431725584003e+00
-1.986288431725584003e+00
-1.986288431725584003e+00
-1.986288431725584003e+00
-1.986288431725584003e+00
-1.986288431725584003e+00
-1.986288431725584003e+00
-1.986288431725584003e+00
-1.986288431725584003e+00
-1.986288431725584003e+00
-1.986288431725584003e+00
-1.986288431725584003e+00
-1.986288431725584003e+00
-1.986288431725584003e+00
-1.986288431725584003e+00
-1.986288431725584003e+00
-1.974682507049968949e+00
-1.974682507049968949e+00
-1.974682507049968949e+00
-1.974682507049968949e+00
-1.974682507049968949e+00
-1.974682507049968949e+00
-1.974682507049968949e+00
-1.974682507049968949e+00
-1.974682507049968949e+00
-1.974682507049968949e+00
-1.897761972183023227e+00
-1.897761972183023227e+00
-1.897761972183023227e+00
-1.897761972183023227e+00
-1.897761972183023227e+00
-1.897761972183023227e+00
-1.897761972183023227e+00
-1.897761972183023227e+00
-1.897761972183023227e+00
-1.897761972183023227e+00
-1.897761972183023227e+00
-1.897761972183023227e+00
-1.936317401907867941e+00
-1.936317401907867941e+00
-1.936317401907867941e+00
-1.936317401907867941e+00
-1.936317401907867941e+00
-1.936317401907867941e+00
-1.933411931900403502e+00
-1.932588179754253455e+00
-1.932588179754253455e+00
-1.932588179754253455e+00
-1.843690986159198797e+00
-1.843690986159198797e+00
-1.883535494539979149e+00
-1.883535494539979149e+00
-1.957060957957863945e+00
-1.994227588062760459e+00
-1.994227588062760459e+00
-1.994227588062760459e+00
-1.994227588062760459e+00
-1.994227588062760459e+00
-1.994227588062760459e+00
-1.994227588062760459e+00
-1.994227588062760459e+00
-1.994227588062760459e+00
-1.994227588062760459e+00
-1.994227588062760459e+00
-1.994227588062760459e+00
-1.994227588062760459e+00
-1.994227588062760459e+00
-1.994227588062760459e+00
-1.994227588062760459e+00
-1.994227588062760459e+00
-1.994227588062760459e+00
-1.994227588062760459e+00
-1.939348691280211812e+00
-1.939348691280211812e+00
-1.652072538153391168e+00
-1.652072538153391168e+00
-1.652072538153391168e+00
-1.652072538153391168e+00
-1.652072538153391168e+00
-1.652072538153391168e+00
-1.652072538153391168e+00
-1.652072538153391168e+00
-1.652072538153391168e+00
-1.652072538153391168e+00
-1.652072538153391168e+00
-1.587854402698932521e+00
-1.587854402698932521e+00
-1.587854402698932521e+00
-1.587854402698932521e+00
-1.563546534478094552e+00
-1.563546534478094552e+00
-1.563546534478094552e+00
-1.563546534478094552e+00
-1.563546534478094552e+00
-1.563546534478094552e+00
-1.563546534478094552e+00
-1.563546534478094552e+00
-1.563546534478094552e+00
-1.563546534478094552e+00
-1.563546534478094552e+00
-1.563546534478094552e+00
-1.563546534478094552e+00
-1.563546534478094552e+00
-1.644679966665818505e+00
-1.644679966665818505e+00
-1.644679966665818505e+00
-1.748692237168379515e+00
-1.748692237168379515e+00
-1.748692237168379515e+00
-1.748692237168379515e+00
-1.748692237168379515e+00
-1.748692237168379515e+00
-1.748692237168379515e+00
-1.748692237168379515e+00
-1.748692237168379515e+00
-1.748692237168379515e+00
-1.748692237168379515e+00
-1.748692237168379515e+00
-1.703470090607156262e+00
-1.703470090607156262e+00
-1.703470090607156262e+00
-1.703470090607156262e+00
-1.703470090607156262e+00
-1.703470090607156262e+00
-1.703470090607156262e+00
-1.703470090607156262e+00
-1.703470090607156262e+00
-1.703470090607156262e+00
-1.703470090607156262e+00
-1.703470090607156262e+00
-1.703470090607156262e+00
-1.703470090607156262e+00
-1.703470090607156262e+00
-1.702761103044732272e+00
-1.702761103044732272e+00
-1.702761103044732272e+00
-1.702761103044732272e+00
-1.702761103044732272e+00
-1.702761103044732272e+00
-1.702761103044732272e+00
-1.702761103044732272e+00
-1.702761103044732272e+00
-1.702761103044732272e+00
-1.702761103044732272e+00
-1.702761103044732272e+00
-1.702761103044732272e+00
-1.756396735831382783e+00
-1.756396735831382783e+00
-1.756396735831382783e+00
-1.756396735831382783e+00
-1.756396735831382783e+00
-1.756396735831382783e+00
-1.777567325540983845e+00
-1.777567325540983845e+00
-1.881957965872711691e+00
-1.881957965872711691e+00
-1.881957965872711691e+00
-1.942795503663742984e+00
-1.942795503663742984e+00
-1.942795503663742984e+00
-1.942795503663742984e+00
-1.942795503663742984e+00
-1.942795503663742984e+00
-1.942795503663742984e+00
-1.942795503663742984e+00
-1.942795503663742984e+00
-1.942795503663742984e+00
-1.735454421654258006e+00
-1.735454421654258006e+00
-1.735454421654258006e+00
-1.735454421654258006e+00
-1.735454421654258006e+00
-1.735454421654258006e+00
-1.735454421654258006e+00
-1.735454421654258006e+00
-1.735454421654258006e+00
-1.735454421654258006e+00
-1.735454421654258006e+00
-2.016775694677524378e+00
-2.016775694677524378e+00
-2.016775694677524378e+00
-2.016775694677524378e+00
-2.228469283357405128e+00
-2.228469283357405128e+00
-2.228469283357405128e+00
-2.186619072981591749e+00
-2.186619072981591749e+00
-2.186619072981591749e+00
-2.186619072981591749e+00
-2.186619072981591749e+00
-1.446725305590073285e+00
-1.446725305590073285e+00
-1.446725305590073285e+00
-1.446725305590073285e+00
-1.446725305590073285e+00
-1.446725305590073285e+00
-1.446725305590073285e+00
-1.446725305590073285e+00
-1.446725305590073285e+00
-1.446725305590073285e+00
-1.446725305590073285e+00
-1.446725305590073285e+00
-1.475681652302495817e+00
-1.475681652302495817e+00
-1.475681652302495817e+00
-1.475681652302495817e+00
-1.475681652302495817e+00
-1.475681652302495817e+00
-1.723738405034373367e+00
-1.723738405034373367e+00
-1.723738405034373367e+00
-1.723738405034373367e+00
-1.723738405034373367e+00
-1.723738405034373367e+00
-1.723738405034373367e+00
-1.723738405034373367e+00
-1.723738405034373367e+00
-1.723738405034373367e+00
-1.723738405034373367e+00
-1.723738405034373367e+00
-1.723738405034373367e+00
-1.723738405034373367e+00
-1.723738405034373367e+00
-1.723738405034373367e+00
-1.723738405034373367e+00
-1.723738405034373367e+00
-1.723738405034373367e+00
-1.723738405034373367e+00
-1.723738405034373367e+00
-1.723738405034373367e+00
-1.627805811953134230e+00
-1.751149589655276229e+00
-1.751149589655276229e+00
-1.751149589655276229e+00
-1.751149589655276229e+00
-1.751149589655276229e+00
-1.751149589655276229e+00
-1.751149589655276229e+00
-1.751149589655276229e+00
-1.751149589655276229e+00
-1.751149589655276229e+00
-1.807797707289628075e+00
-1.911861604759843569e+00
-1.911861604759843569e+00
-1.911861604759843569e+00
-1.911861604759843569e+00
-1.911861604759843569e+00
-1.911861604759843569e+00
-1.911861604759843569e+00
-1.911861604759843569e+00
-1.911861604759843569e+00
-1.911861604759843569e+00
-1.911861604759843569e+00
-1.911861604759843569e+00
-1.911861604759843569e+00
-2.075757168902949701e+00
-2.075757168902949701e+00
-2.075757168902949701e+00
-2.075757168902949701e+00
-2.075757168902949701e+00
-2.024338076720957780e+00
-2.024338076720957780e+00
-1.908047021461034554e+00
-1.908047021461034554e+00
-1.908047021461034554e+00
-1.908047021461034554e+00
-1.908047021461034554e+00
-1.908047021461034554e+00
-1.908047021461034554e+00
-1.908047021461034554e+00
-1.908047021461034554e+00
-1.959966655898960131e+00
-1.959966655898960131e+00
-1.959966655898960131e+00
-1.959966655898960131e+00
-1.959966655898960131e+00
-1.959966655898960131e+00
-1.959966655898960131e+00
-1.959966655898960131e+00
-1.868097435675889040e+00
-1.868097435675889040e+00
-1.868097435675889040e+00
-1.868097435675889040e+00
-1.868097435675889040e+00
-1.917422387613620938e+00
-1.917422387613620938e+00
-1.917422387613620938e+00
-1.917422387613620938e+00
-1.860248996924259712e+00
-1.860248996924259712e+00
-1.860248996924259712e+00
-1.778990087272104281e+00
-1.778990087272104281e+00
-1.778990087272104281e+00
-1.778990087272104281e+00
-1.778990087272104281e+00
-1.835015148323307033e+00
-1.835015148323307033e+00
-1.835015148323307033e+00
-1.835015148323307033e+00
-1.835015148323307033e+00
-1.781147023231987703e+00
-1.521005001396339651e+00
-1.521005001396339651e+00
-1.521005001396339651e+00
-1.521005001396339651e+00
-1.521005001396339651e+00
-1.521005001396339651e+00
-1.521005001396339651e+00
-1.521005001396339651e+00
-1.521005001396339651e+00
-1.521005001396339651e+00
-1.521005001396339651e+00
-1.521005001396339651e+00
-1.521005001396339651e+00
-1.595702043682849514e+00
-1.595702043682849514e+00
-1.595702043682849514e+00
-1.595702043682849514e+00
-1.595702043682849514e+00
-1.595702043682849514e+00
-1.595702043682849514e+00
-1.595702043682849514e+00
-1.595702043682849514e+00
-1.595702043682849514e+00
-1.646591646037639523e+00
-1.646591646037639523e+00
-1.646591646037639523e+00
-1.646591646037639523e+00
-1.646591646037639523e+00
-1.646591646037639523e+00
-1.646591646037639523e+00
-1.699739044984485581e+00
-1.895194413785040943e+00
-1.895194413785040943e+00
-1.895194413785040943e+00
-1.895194413785040943e+00
-1.895194413785040943e+00
-1.895194413785040943e+00
-1.637131716507570500e+00
-1.637131716507570500e+00
-1.637131716507570500e+00
-1.637131716507570500e+00
-1.637131716507570500e+00
-1.637131716507570500e+00
-1.878345331771879678e+00
-1.878345331771879678e+00
-1.878345331771879678e+00
-1.817704272771656582e+00
-1.817704272771656582e+00
-1.817704272771656582e+00
-1.817704272771656582e+00
-1.817704272771656582e+00
-1.817704272771656582e+00
-1.817704272771656582e+00
-1.625517928121650524e+00
-1.627950093942208243e+00
-1.627950093942208243e+00
-1.627950093942208243e+00
-1.627950093942208243e+00
-1.627950093942208243e+00
-1.627950093942208243e+00
-1.627950093942208243e+00
-1.627950093942208243e+00
-1.627950093942208243e+00
-1.627950093942208243e+00
-1.627950093942208243e+00
-1.627950093942208243e+00
-1.627950093942208243e+00
-1.627780397353163044e+00
-1.627831340519921399e+00
-1.627831340519921399e+00
-1.627831340519921399e+00
-1.690266351171022974e+00
-1.734952853696979824e+00
-1.734952853696979824e+00
-1.735640187564361003e+00
-1.735640187564361003e+00
-1.735640187564361003e+00
-1.735640187564361003e+00
-1.735640187564361003e+00
-1.735640187564361003e+00
-1.735640187564361003e+00
-1.735640187564361003e+00
-1.735640187564361003e+00
-1.735640187564361003e+00
-1.735709707322129702e+00
-1.735709707322129702e+00
-1.735709707322129702e+00
-1.735709707322129702e+00
-1.735709707322129702e+00
-1.735709707322129702e+00
-1.735709707322129702e+00
-1.735709707322129702e+00
-1.533571666330953764e+00
-1.533571666330953764e+00
-1.533571666330953764e+00
-1.533571666330953764e+00
-1.533571666330953764e+00
-1.533567791459209184e+00
-1.533567791459209184e+00
-1.533567791459209184e+00
-1.533567791459209184e+00
-1.533567791459209184e+00
-1.781452112398457466e+00
-1.781452112398457466e+00
-1.781452112398457466e+00
-1.781452112398457466e+00
-1.781452112398457466e+00
-1.781452112398457466e+00
-1.787670939647900470e+00
-1.741828585673928398e+00
-1.741828585673928398e+00
-1.741828585673928398e+00
-1.741828585673928398e+00
-1.741828585673928398e+00
-1.741828585673928398e+00
-1.741828585673928398e+00
-1.741828585673928398e+00
-1.741828585673928398e+00
-1.741828585673928398e+00
-1.741828585673928398e+00
-1.741828585673928398e+00
-1.741828585673928398e+00
-1.741828585673928398e+00
-1.741851834904395213e+00
-1.741483836055485623e+00
-1.741483836055485623e+00
-1.741483836055485623e+00
-1.882198891721765577e+00
-1.882198891721765577e+00
-1.918021397198591327e+00
-1.918021397198591327e+00
-1.918021397198591327e+00
-1.918021397198591327e+00
-1.770937875853441756e+00
-1.786357244159705759e+00
-1.858669302887487884e+00
-1.858669302887487884e+00
-1.858669302887487884e+00
-1.858669302887487884e+00
-1.612737917307457858e+00
-1.612737917307457858e+00
-1.612737917307457858e+00
-1.612737917307457858e+00
-1.612737917307457858e+00
-1.612737917307457858e+00
-1.612737917307457858e+00
-1.612737917307457858e+00
-1.612737917307457858e+00
-1.612737917307457858e+00
-1.612676375226810288e+00
-1.612676375226810288e+00
-1.612296979696299148e+00
-1.612296979696299148e+00
-1.612296979696299148e+00
-1.612296979696299148e+00
-1.612296979696299148e+00
-1.612296979696299148e+00
-1.630338724439048370e+00
-1.630338724439048370e+00
-1.630338724439048370e+00
-1.630338724439048370e+00
-1.630338724439048370e+00
-1.630338724439048370e+00
-1.702900028593453463e+00
-1.702900028593453463e+00
-1.702900028593453463e+00
-1.702900028593453463e+00
-1.702900028593453463e+00
-1.702900028593453463e+00
-1.702900028593453463e+00
-1.702900028593453463e+00
-1.702900028593453463e+00
-1.702900028593453463e+00
-1.702900028593453463e+00
-1.702900028593453463e+00
-1.702900028593453463e+00
-1.699451164807233905e+00
-1.699451164807233905e+00
-1.699451164807233905e+00
-1.699451164807233905e+00
-1.699451164807233905e+00
-1.699451164807233905e+00
-1.699638526252761128e+00
-1.699638526252761128e+00
-1.604001449125446621e+00
-1.604001449125446621e+00
-1.536753505867252345e+00
-1.536747237692371426e+00
-1.536747237692371426e+00
-1.536747237692371426e+00
-1.536747237692371426e+00
-1.536766156183829946e+00
-1.536766156183829946e+00
-1.536766156183829946e+00
-1.536766156183829946e+00
-1.536766156183829946e+00
-1.536766156183829946e+00
-1.536766156183829946e+00
-1.536766156183829946e+00
-1.536766156183829946e+00
-1.536766156183829946e+00
-1.537415311167846355e+00
-1.537415311167846355e+00
-1.627203611297315611e+00
-1.627203611297315611e+00
-1.627203611297315611e+00
-1.627203611297315611e+00
-1.627203611297315611e+00
-1.627203611297315611e+00
-1.627203611297315611e+00
-1.627203611297315611e+00
-1.627203611297315611e+00
-1.559724657303060535e+00
-1.559724657303060535e+00
-1.559724657303060535e+00
-1.506847815577432081e+00
-1.506847815577432081e+00
-1.506847815577432081e+00
-1.506847815577432081e+00
-1.506847815577432081e+00
-1.506847815577432081e+00
-1.506847815577432081e+00
-1.393316238833658849e+00
-1.393316238833658849e+00
-1.393316238833658849e+00
-1.393316238833658849e+00
-1.393316238833658849e+00
-1.393316238833658849e+00
-1.393316238833658849e+00
-1.393316238833658849e+00
-1.393316238833658849e+00
-1.393316238833658849e+00
-1.393316238833658849e+00
-1.600023209478841357e+00
-1.600023209478841357e+00
-1.600023209478841357e+00
-1.599816587641407661e+00
-1.599816587641407661e+00
-1.599816587641407661e+00
-1.599816587641407661e+00
-1.599816587641407661e+00
-1.599816587641407661e+00
-1.599816587641407661e+00
-1.599816587641407661e+00
-1.599816587641407661e+00
-1.599816587641407661e+00
-1.602220375724777712e+00
-1.602220375724777712e+00
-1.602220375724777712e+00
-1.599579878564546309e+00
-1.599579878564546309e+00
-1.599579878564546309e+00
-1.599579878564546309e+00
-1.599579878564546309e+00
-1.599579878564546309e+00
-1.599579878564546309e+00
-1.599579878564546309e+00
-1.599579878564546309e+00
-1.599579878564546309e+00
-1.599579878564546309e+00
-1.599579878564546309e+00
-1.599579878564546309e+00
-1.599579878564546309e+00
-1.599579878564546309e+00
-1.599579878564546309e+00
-1.599579878564546309e+00
-1.599579878564546309e+00
-1.599579878564546309e+00
-1.599579878564546309e+00
-1.599579878564546309e+00
-1.599579878564546309e+00
-1.599579878564546309e+00
-1.599579878564546309e+00
-1.598507450825853438e+00
-1.598507450825853438e+00
-1.411192845660003581e+00
-1.411192845660003581e+00
-1.411192845660003581e+00
-1.409522206104052433e+00
-1.410824390943829831e+00
-1.410824390943829831e+00
-1.410824390943829831e+00
-1.410824390943829831e+00
-1.410824390943829831e+00
-1.410824390943829831e+00
-1.410824390943829831e+00
-1.410824390943829831e+00
-1.410824390943829831e+00
-1.403292552007088023e+00
-1.403292552007088023e+00
-1.403292552007088023e+00
-1.403292552007088023e+00
-1.460272085142409138e+00
-1.460272085142409138e+00
-1.460272085142409138e+00
-1.460272085142409138e+00
-1.460272085142409138e+00
-1.460272085142409138e+00
-1.460272085142409138e+00
-1.492501558810757301e+00
-1.511982932373396871e+00
-1.508331663521936150e+00
-1.530909515475679772e+00
-1.530909515475679772e+00
-1.530909515475679772e+00
-1.530909515475679772e+00
-1.530909515475679772e+00
-1.530909515475679772e+00
-1.530909515475679772e+00
-1.530909515475679772e+00
-1.530909515475679772e+00
-1.530909515475679772e+00
-1.530909515475679772e+00
-1.530909515475679772e+00
-1.530909515475679772e+00
-1.530909515475679772e+00
-1.530909515475679772e+00
-1.530909515475679772e+00
-1.530909515475679772e+00
-1.530909515475679772e+00
-1.530909515475679772e+00
-1.524403605816696983e+00
-1.524447027173598368e+00
-1.524447027173598368e+00
-1.683733545343460980e+00
-1.684534162225960197e+00
-1.684534162225960197e+00
-1.684534162225960197e+00
-1.684534162225960197e+00
-1.684534162225960197e+00
-1.684534162225960197e+00
-1.684534162225960197e+00
-1.684534162225960197e+00
-1.688127991802149896e+00
-1.688127991802149896e+00
-1.688127991802149896e+00
-1.688127991802149896e+00
-1.688127991802149896e+00
-1.688127991802149896e+00
-1.688127991802149896e+00
-1.688127991802149896e+00
-1.654839880379846306e+00
-1.654839880379846306e+00
-1.654839880379846306e+00
-1.654839880379846306e+00
-1.683736052613413303e+00
-1.683736052613413303e+00
-1.683736052613413303e+00
-1.683736052613413303e+00
-1.662918418133007892e+00
-1.662918418133007892e+00
-1.662918418133007892e+00
-1.662918418133007892e+00
-1.662918418133007892e+00
-1.547287344704622480e+00
-1.547287344704622480e+00
-1.547287344704622480e+00
-1.709666124493396389e+00
-1.707377784794648745e+00
-1.703088301773508784e+00
-1.702369740998539660e+00
-1.707813479932270617e+00
-1.707813479932270617e+00
-1.707813479932270617e+00
-1.707813479932270617e+00
-1.707813479932270617e+00
-1.707813479932270617e+00
-1.707813479932270617e+00
-1.707813479932270617e+00
-1.707813479932270617e+00
-1.707813479932270617e+00
-1.707813479932270617e+00
-1.710911439891982910e+00
-1.449831699094170423e+00
-1.449837625368603167e+00
-1.449837625368603167e+00
-1.575948061496304176e+00
-1.573879335852015782e+00
-1.571028797849870262e+00
-1.484411510409178181e+00
-1.484436583108701413e+00
-1.484436583108701413e+00
-1.484436583108701413e+00
-1.646427305888947146e+00
-1.671410541461485044e+00
-1.671410541461485044e+00
-1.430331065139624602e+00
-1.430331065139624602e+00
-1.430331065139624602e+00
-1.430320466225735165e+00
-1.430320466225735165e+00
-1.430320466225735165e+00
-1.430320466225735165e+00
-1.430320466225735165e+00
-1.430320466225735165e+00
-1.597331769151851599e+00
-1.597331769151851599e+00
-1.597331769151851599e+00
-1.597331769151851599e+00
-1.597331769151851599e+00
-1.597615432556910742e+00
-1.598018761118784825e+00
-1.598018761118784825e+00
-1.598018761118784825e+00
-1.598008276171711595e+00
-1.598008276171711595e+00
-1.598008276171711595e+00
-1.598008276171711595e+00
-1.625648762026434824e+00
-1.632277527913080784e+00
-1.632277527913080784e+00
-1.632277527913080784e+00
-1.632277527913080784e+00
-1.631882177028327607e+00
-1.631893573709929157e+00
-1.631893573709929157e+00
-1.631893573709929157e+00
-1.631893573709929157e+00
-1.629739372953630028e+00
-1.629739372953630028e+00
-1.648548000401338198e+00
-1.649925403339684848e+00
-1.649925403339684848e+00
-1.649925403339684848e+00
-1.649925403339684848e+00
-1.650240293652331935e+00
-1.650240293652331935e+00
-1.650240293652331935e+00
-1.650240293652331935e+00
-1.650240293652331935e+00
-1.650240293652331935e+00
-1.650240293652331935e+00
-1.650240293652331935e+00
-1.650240293652331935e+00
-1.650240293652331935e+00
-1.650240293652331935e+00
-1.650240293652331935e+00
-1.650022617033745087e+00
-1.650022617033745087e+00
-1.650022617033745087e+00
-1.650022617033745087e+00
-1.650022617033745087e+00
-1.650022617033745087e+00
-1.650022617033745087e+00
-1.650022617033745087e+00
-1.649787959359571898e+00
-1.649787959359571898e+00
-1.649260634901874578e+00
-1.649260634901874578e+00
-1.649260634901874578e+00
-1.649260634901874578e+00
-1.649260634901874578e+00
-1.649260634901874578e+00
-1.649694962437704415e+00
-1.649694962437704415e+00
-1.649694962437704415e+00
-1.649322518882970101e+00
-1.649322518882970101e+00
-1.632994151252177506e+00
-1.632994151252177506e+00
-1.632994151252177506e+00
-1.632820921691836125e+00
-1.632820921691836125e+00
-1.632820921691836125e+00
-1.632820921691836125e+00
-1.632820921691836125e+00
-1.632820921691836125e+00
-1.632820921691836125e+00
-1.632820921691836125e+00
-1.650971618710694644e+00
-1.650971618710694644e+00
-1.650971618710694644e+00
-1.650971618710694644e+00
-1.650971618710694644e+00
-1.650971618710694644e+00
-1.650971618710694644e+00
-1.651621571462423166e+00
-1.651621571462423166e+00
-1.651621571462423166e+00
-1.651621571462423166e+00
-1.651621571462423166e+00
-1.651621571462423166e+00
-1.651621571462423166e+00
-1.651621571462423166e+00
-1.651621571462423166e+00
-1.651621571462423166e+00
-1.522722139413224429e+00
-1.522722139413224429e+00
-1.522722139413224429e+00
-1.522722139413224429e+00
-1.499422991480927614e+00
-1.499422991480927614e+00
-1.499422991480927614e+00
-1.499422991480927614e+00
-1.499422991480927614e+00
-1.499422991480927614e+00
-1.499422991480927614e+00
-1.499422991480927614e+00
-1.499422991480927614e+00
-1.499422991480927614e+00
-1.541547861883334702e+00
-1.542633167872237365e+00
-1.542633167872237365e+00
-1.542633167872237365e+00
-1.542633167872237365e+00
-1.542633167872237365e+00
-1.542633167872237365e+00
-1.541430931930104276e+00
-1.541430931930104276e+00
-1.541430931930104276e+00
-1.541430931930104276e+00
-1.541430931930104276e+00
-1.541430931930104276e+00
-1.541430931930104276e+00
-1.541430931930104276e+00
-1.541430931930104276e+00
-1.543114335769449008e+00
-1.543114335769449008e+00
-1.543114335769449008e+00
-1.543114335769449008e+00
-1.543114335769449008e+00
-1.543114335769449008e+00
-1.543114335769449008e+00
-1.543114335769449008e+00
-1.543114335769449008e+00
-1.543114335769449008e+00
-1.543114335769449008e+00
-1.543114335769449008e+00
-1.538643873444478727e+00
-1.538643873444478727e+00
-1.537260088364435173e+00
-1.537260088364435173e+00
-1.537260088364435173e+00
-1.537260088364435173e+00
-1.538620054379931767e+00
-1.538620054379931767e+00
-1.538620054379931767e+00
-1.541424321854775403e+00
-1.544023221127161616e+00
-1.543001508621594908e+00
-1.543001508621594908e+00
-1.543001508621594908e+00
-1.543001508621594908e+00
-1.475944801680672436e+00
-1.475944801680672436e+00
-1.475487566814823737e+00
-1.545045617433624452e+00
-1.545045617433624452e+00
-1.545045617433624452e+00
-1.545045617433624452e+00
-1.545045617433624452e+00
-1.545045617433624452e+00
-1.543374066143145207e+00
-1.543374066143145207e+00
-1.543374066143145207e+00
-1.543374066143145207e+00
-1.543374066143145207e+00
-1.543374066143145207e+00
-1.543374066143145207e+00
-1.543374066143145207e+00
-1.543374066143145207e+00
-1.543374066143145207e+00
-1.549243699068320934e+00
-1.550199310820599585e+00
-1.550199310820599585e+00
-1.631142418425580054e+00
-1.631142418425580054e+00
-1.631142418425580054e+00
-1.631142418425580054e+00
-1.631142418425580054e+00
-1.631142418425580054e+00
-1.631142418425580054e+00
-1.631142418425580054e+00
-1.631142418425580054e+00
-1.631142418425580054e+00
-1.631142418425580054e+00
-1.616947965457836034e+00
-1.616947965457836034e+00
-1.616947965457836034e+00
-1.616947965457836034e+00
-1.615225698934230403e+00
-1.615225698934230403e+00
-1.615225698934230403e+00
-1.615225698934230403e+00
-1.416012958176505299e+00
-1.416014439745113318e+00
-1.416014439745113318e+00
-1.416014439745113318e+00
-1.416014439745113318e+00
-1.416014439745113318e+00
-1.416014439745113318e+00
-1.416014439745113318e+00
-1.402346171566906552e+00
-1.402346171566906552e+00
-1.402346171566906552e+00
-1.502729510713945560e+00
-1.502729510713945560e+00
-1.502729510713945560e+00
-1.502729510713945560e+00
-1.519589191640996040e+00
-1.656999551543314020e+00
-1.656999551543314020e+00
-1.656999551543314020e+00
-1.662131819168878533e+00
-1.662131819168878533e+00
-1.662131819168878533e+00
-1.662131819168878533e+00
-1.662131819168878533e+00
-1.590565559285092689e+00
-1.590565559285092689e+00
-1.590565559285092689e+00
-1.481036611086551824e+00
-1.484381309202934540e+00
-1.484538469442217901e+00
-1.484538469442217901e+00
-1.484538469442217901e+00
-1.484198620396863788e+00
-1.560879027182467738e+00
-1.560879027182467738e+00
-1.560879027182467738e+00
-1.560879027182467738e+00
-1.502749796807196114e+00
-1.502749796807196114e+00
-1.502749796807196114e+00
-1.502749796807196114e+00
-1.505655836648740475e+00
-1.505655836648740475e+00
-1.505655836648740475e+00
-1.558984898700312760e+00
-1.558984898700312760e+00
-1.521932577311878587e+00
-1.612831939930669645e+00
-1.612831939930669645e+00
-1.612831939930669645e+00
-1.612831939930669645e+00
-1.612831939930669645e+00
-1.612831939930669645e+00
-1.612831939930669645e+00
-1.612831939930669645e+00
-1.611719395872739602e+00
-1.611719395872739602e+00
-1.589260069407650855e+00
-1.589260069407650855e+00
-1.589260069407650855e+00
-1.585138117606051722e+00
-1.599596061852420315e+00
-1.599596061852420315e+00
-1.599596061852420315e+00
-1.594650016004223181e+00
-1.594650016004223181e+00
-1.594650016004223181e+00
-1.594650016004223181e+00
-1.567185722847057816e+00
-1.567185722847057816e+00
-1.567185722847057816e+00
-1.567185722847057816e+00
-1.567185722847057816e+00
-1.567185722847057816e+00
-1.577381764041762002e+00
-1.577381764041762002e+00
-1.577381764041762002e+00
-1.577381764041762002e+00
-1.577381764041762002e+00
-1.576998493639506504e+00
-1.576998493639506504e+00
-1.576998493639506504e+00
-1.576998493639506504e+00
-1.576998493639506504e+00
-1.576998493639506504e+00
-1.576998493639506504e+00
-1.566773732807166697e+00
-1.566773732807166697e+00
-1.566773732807166697e+00
-1.566773732807166697e+00
-1.566773732807166697e+00
-1.566773732807166697e+00
-1.566773732807166697e+00
-1.566773732807166697e+00
-1.566773732807166697e+00
-1.569733564985869689e+00
-1.569733564985869689e+00
-1.568105776952739783e+00
-1.568105776952739783e+00
-1.568105776952739783e+00
-1.568105776952739783e+00
-1.568105776952739783e+00
-1.568105776952739783e+00
-1.568105776952739783e+00
-1.568105776952739783e+00
-1.568105776952739783e+00
-1.568105776952739783e+00
-1.568105776952739783e+00
-1.568105776952739783e+00
-1.568105776952739783e+00
-1.568105776952739783e+00
-1.568105776952739783e+00
-1.568105776952739783e+00
-1.568105776952739783e+00
-1.568105776952739783e+00
-1.568105776952739783e+00
-1.568105776952739783e+00
-1.568105776952739783e+00
-1.568105776952739783e+00
-1.568105776952739783e+00
-1.457324219479387617e+00
-1.457324219479387617e+00
-1.454079812161097163e+00
-1.454079812161097163e+00
-1.454079812161097163e+00
-1.454079812161097163e+00
-1.579426442687871468e+00
-1.579426442687871468e+00
-1.579426442687871468e+00
-1.504832540369854366e+00
-1.445513952302659222e+00
-1.445513952302659222e+00
-1.445513952302659222e+00
-1.445513952302659222e+00
-1.445513952302659222e+00
-1.445336733903757054e+00
-1.445336733903757054e+00
-1.445336733903757054e+00
-1.445336733903757054e+00
-1.445336733903757054e+00
-1.445336733903757054e+00
-1.445336733903757054e+00
-1.445336733903757054e+00
-1.445336733903757054e+00
-1.445336733903757054e+00
-1.445336733903757054e+00
-1.445336733903757054e+00
-1.445336733903757054e+00
-1.445336733903757054e+00
-1.445336733903757054e+00
-1.437169757901368472e+00
-1.437169757901368472e+00
-1.437169757901368472e+00
-1.437169757901368472e+00
-1.437169757901368472e+00
-1.437169757901368472e+00
-1.437169757901368472e+00
-1.437169757901368472e+00
-1.469266916096324316e+00
-1.471504540561945795e+00
-1.471504540561945795e+00
-1.471504540561945795e+00
-1.471504540561945795e+00
-1.471504540561945795e+00
-1.485036846328647853e+00
-1.522524748887887913e+00
-1.522524748887887913e+00
-1.522701055552261984e+00
-1.522701055552261984e+00
-1.522701055552261984e+00
-1.501827577332009778e+00
-1.501827577332009778e+00
-1.501827577332009778e+00
-1.501827577332009778e+00
-1.501827577332009778e+00
-1.346902683177823912e+00
-1.346902683177823912e+00
-1.502326182152071476e+00
-1.499683177721887750e+00
-1.499683177721887750e+00
-1.499683177721887750e+00
-1.380551385605996106e+00
-1.380551385605996106e+00
-1.380551385605996106e+00
-1.380184298491614614e+00
-1.380048450046925890e+00
-1.380048450046925890e+00
-1.380277523347114288e+00
-1.380277523347114288e+00
-1.380277523347114288e+00
-1.380277523347114288e+00
-1.380277523347114288e+00
-1.380038648900748566e+00
-1.351437878654290214e+00
-1.356041340253549166e+00
-1.356041340253549166e+00
-1.577144371164004522e+00
-1.577144371164004522e+00
-1.577144371164004522e+00
-1.577144371164004522e+00
-1.577144371164004522e+00
-1.577144371164004522e+00
-1.597603238107597301e+00
-1.597603238107597301e+00
-1.597655434909331706e+00
-1.597655434909331706e+00
-1.658140929205695668e+00
-1.560963362626318185e+00
-1.560963362626318185e+00
-1.560963362626318185e+00
-1.560963362626318185e+00
-1.560963362626318185e+00
-1.560963362626318185e+00
-1.561490915017647696e+00
-1.561490915017647696e+00
-1.561490915017647696e+00
-1.561490915017647696e+00
-1.561490915017647696e+00
-1.561490915017647696e+00
-1.537211538500813157e+00
-1.537211538500813157e+00
-1.537211538500813157e+00
-1.537211538500813157e+00
-1.427998734249895429e+00
-1.427998734249895429e+00
-1.427998734249895429e+00
-1.427998734249895429e+00
-1.427998734249895429e+00
-1.427998734249895429e+00
-1.427998734249895429e+00
-1.528475070318801921e+00
-1.528475070318801921e+00
-1.528475070318801921e+00
-1.528475070318801921e+00
-1.528475070318801921e+00
-1.528475070318801921e+00
-1.528024559495097856e+00
-1.528024559495097856e+00
-1.528024559495097856e+00
-1.528024559495097856e+00
-1.466675994501059010e+00
-1.466675994501059010e+00
-1.555666640885245311e+00
-1.555666640885245311e+00
-1.555666640885245311e+00
-1.555666640885245311e+00
-1.555666640885245311e+00
-1.555666640885245311e+00
-1.555666640885245311e+00
-1.555666640885245311e+00
-1.555666640885245311e+00
-1.604498458410084316e+00
-1.604498458410084316e+00
-1.546984762808104819e+00
-1.546984762808104819e+00
-1.546984762808104819e+00
-1.546984762808104819e+00
-1.546984762808104819e+00
-1.546984762808104819e+00
-1.423345697085670380e+00
-1.423416128577967177e+00
-1.423416128577967177e+00
-1.423416128577967177e+00
-1.423416128577967177e+00
-1.423416128577967177e+00
-1.423404617929549643e+00
-1.486334358528968558e+00
-1.486334358528968558e+00
-1.486334358528968558e+00
-1.486410260428433938e+00
-1.486396584410512256e+00
-1.486396584410512256e+00
-1.486396584410512256e+00
-1.431902553565643332e+00
-1.431902553565643332e+00
-1.431873605994375742e+00
-1.431873605994375742e+00
-1.431873605994375742e+00
-1.513332527408636219e+00
-1.513305061405976870e+00
-1.479861271312997939e+00
-1.479891130618793627e+00
-1.479891130618793627e+00
-1.479891130618793627e+00
-1.479891130618793627e+00
-1.479891130618793627e+00
-1.479891130618793627e+00
-1.479891130618793627e+00
-1.479891130618793627e+00
-1.479851242233188868e+00
-1.479851242233188868e+00
-1.479883380875304688e+00
-1.480095701053539159e+00
-1.479843036622435770e+00
-1.479843036622435770e+00
-1.479843036622435770e+00
-1.479675049535631004e+00
-1.479751179368728353e+00
-1.529727223726349061e+00
-1.464234255467956380e+00
-1.579331280396499615e+00
-1.579331280396499615e+00
-1.598359635865483019e+00
-1.598359635865483019e+00
-1.598359635865483019e+00
-1.598359635865483019e+00
-1.576762126463093105e+00
-1.576762126463093105e+00
-1.576762126463093105e+00
-1.576762126463093105e+00
-1.576762126463093105e+00
-1.576762126463093105e+00
-1.830624690703178681e+00
-1.830624690703178681e+00
-1.782783244809502454e+00
-1.720095227826849538e+00
-1.720095227826849538e+00
-1.720095227826849538e+00
-1.720095227826849538e+00
-1.720095227826849538e+00
-1.720095227826849538e+00
-1.721260994387858068e+00
-1.721260994387858068e+00
-1.721260994387858068e+00
-1.720589843808350894e+00
-1.720634518800228552e+00
-1.720634518800228552e+00
-1.769811769744406238e+00
-1.769811769744406238e+00
-1.769811769744406238e+00
-1.769811769744406238e+00
-1.769811769744406238e+00
-1.787091532355284729e+00
-1.787091532355284729e+00
-1.787091532355284729e+00
-1.762349564532248891e+00
-1.762349564532248891e+00
-1.791467288256147317e+00
-1.791467288256147317e+00
-1.791467288256147317e+00
-1.791467288256147317e+00
-1.574985269834616730e+00
-1.575758420714456598e+00
-1.575758420714456598e+00
-1.575758420714456598e+00
-1.731805090238669464e+00
-1.731805090238669464e+00
-1.731805090238669464e+00
-1.731805090238669464e+00
-1.958466624666582279e+00
-1.892412255872503835e+00
-1.892412255872503835e+00
-1.836632451409363487e+00
-1.836632451409363487e+00
-1.836632451409363487e+00
-1.836632451409363487e+00
-1.771303595366031214e+00
-1.771303595366031214e+00
-1.771303595366031214e+00
-1.776320072706525144e+00
-1.776320072706525144e+00
-1.776320072706525144e+00
-1.776320072706525144e+00
-1.470899376768910694e+00
-1.470899376768910694e+00
-1.470899376768910694e+00
-1.470899376768910694e+00
-1.470899376768910694e+00
-1.470899376768910694e+00
-1.470899376768910694e+00
-1.347461234543109176e+00
-1.347461234543109176e+00
-1.347461234543109176e+00
-1.347461234543109176e+00
-1.345485049953424106e+00
-1.345485049953424106e+00
-1.335051843814594408e+00
-1.335051843814594408e+00
-1.335051843814594408e+00
-1.335051843814594408e+00
-1.334608057033035422e+00
-1.334608057033035422e+00
-1.339866941791191479e+00
-1.352745761834868388e+00
-1.352745761834868388e+00
-1.333393626641588892e+00
-1.333393626641588892e+00
-1.333393626641588892e+00
-1.333393626641588892e+00
-1.333393626641588892e+00
-1.333393626641588892e+00
-1.317041439946249337e+00
-1.317041439946249337e+00
-1.317041439946249337e+00
-1.315345385790327004e+00
-1.315345385790327004e+00
-1.325394865659637045e+00
-1.325394865659637045e+00
-1.325394865659637045e+00
-1.325394865659637045e+00
-1.325394865659637045e+00
-1.325394865659637045e+00
-1.325394865659637045e+00
-1.435045188517233061e+00
-1.435045188517233061e+00
-1.435045188517233061e+00
-1.435045188517233061e+00
-1.435045188517233061e+00
-1.435045188517233061e+00
-1.435045188517233061e+00
-1.435045188517233061e+00
-1.430622478288172683e+00
-1.420241013083813453e+00
-1.548774725620422954e+00
-1.548774725620422954e+00
-1.548774725620422954e+00
-1.548774725620422954e+00
-1.226115067192063091e+00
-1.517255151249026657e+00
-1.517255151249026657e+00
-1.517255151249026657e+00
-1.517255151249026657e+00
-1.517255151249026657e+00
-1.517255151249026657e+00
-1.517255151249026657e+00
-1.517255151249026657e+00
-1.517255151249026657e+00
-1.535118309991081453e+00
-1.535118309991081453e+00
-1.535118309991081453e+00
-1.535118309991081453e+00
-1.535118309991081453e+00
-1.530336376357944506e+00
-1.530336376357944506e+00
-1.530336376357944506e+00
-1.530336376357944506e+00
-1.530336376357944506e+00
-1.530336376357944506e+00
-1.530336376357944506e+00
-1.530336376357944506e+00
-1.530336376357944506e+00
-1.530336376357944506e+00
-1.526595187688648769e+00
-1.526595187688648769e+00
-1.449287165647255016e+00
-1.449287165647255016e+00
-1.449287165647255016e+00
-1.449287165647255016e+00
-1.449287165647255016e+00
-1.455373449489673732e+00
-1.455373449489673732e+00
-1.455373449489673732e+00
-1.452435612906461282e+00
-1.452435612906461282e+00
-1.458867558101850870e+00
-1.458867558101850870e+00
-1.458867558101850870e+00
-1.458867558101850870e+00
-1.404821416843917481e+00
-1.404821416843917481e+00
-1.404821416843917481e+00
-1.404617416243252315e+00
-1.404617416243252315e+00
-1.404617416243252315e+00
-1.404617416243252315e+00
-1.404617416243252315e+00
-1.384210746101393941e+00
-1.384210746101393941e+00
-1.384210746101393941e+00
-1.384210746101393941e+00
-1.384210746101393941e+00
-1.382372803259533933e+00
-1.382372803259533933e+00
-1.382118087425742381e+00
-1.382118087425742381e+00
-1.382118087425742381e+00
-1.382118087425742381e+00
-1.382118087425742381e+00
-1.382145667395217936e+00
-1.382145667395217936e+00
-1.382145667395217936e+00
-1.382145667395217936e+00
-1.382145667395217936e+00
-1.326947891461461637e+00
-1.326947891461461637e+00
-1.326947891461461637e+00
-1.326860934780842882e+00
-1.326860934780842882e+00
-1.326860934780842882e+00
-1.326860934780842882e+00
-1.457243758907281528e+00
-1.457243758907281528e+00
-1.457243758907281528e+00
-1.457243758907281528e+00
-1.457243758907281528e+00
-1.457243758907281528e+00
-1.457243758907281528e+00
-1.386638809116574889e+00
-1.386638809116574889e+00
-1.386638809116574889e+00
-1.386638809116574889e+00
-1.386638809116574889e+00
-1.469167992900024089e+00
-1.469167992900024089e+00
-1.469167992900024089e+00
-1.469167992900024089e+00
-1.469167992900024089e+00
-1.469167992900024089e+00
-1.469167992900024089e+00
-1.379483972407207881e+00
-1.379483972407207881e+00
-1.379483972407207881e+00
-1.379483972407207881e+00
-1.379483972407207881e+00
-1.379483972407207881e+00
-1.400470619675762141e+00
-1.400703339914062928e+00
-1.400703339914062928e+00
-1.400703339914062928e+00
-1.400363262935076625e+00
-1.400363262935076625e+00
-1.400363262935076625e+00
-1.400363262935076625e+00
-1.400363262935076625e+00
-1.400363262935076625e+00
-1.400363262935076625e+00
-1.400363262935076625e+00
-1.400363262935076625e+00
-1.400363262935076625e+00
-1.400363262935076625e+00
-1.400363262935076625e+00
-1.400363262935076625e+00
-1.400363262935076625e+00
-1.400363262935076625e+00
-1.343987981858262515e+00
-1.343987981858262515e+00
-1.343987981858262515e+00
-1.343987981858262515e+00
-1.343987981858262515e+00
-1.343987981858262515e+00
-1.343987981858262515e+00
-1.343987981858262515e+00
-1.343987981858262515e+00
-1.307240179802217961e+00
-1.400534555059546049e+00
-1.400038115608988498e+00
-1.400038115608988498e+00
-1.400038115608988498e+00
-1.493588232401451998e+00
-1.493588232401451998e+00
-1.493588232401451998e+00
-1.493588232401451998e+00
-1.493588232401451998e+00
-1.493588232401451998e+00
-1.493588232401451998e+00
-1.493588232401451998e+00
-1.493588232401451998e+00
-1.493588232401451998e+00
-1.493588232401451998e+00
-1.402454781942568118e+00
-1.402454781942568118e+00
-1.402454781942568118e+00
-1.402454781942568118e+00
-1.402454781942568118e+00
-1.402454781942568118e+00
-1.402454781942568118e+00
-1.402454781942568118e+00
-1.402454781942568118e+00
-1.402454781942568118e+00
-1.402454781942568118e+00
-1.402454781942568118e+00
-1.402454781942568118e+00
-1.403337454932597428e+00
-1.402282464116754612e+00
-1.394241649379693637e+00
-1.410292849713939978e+00
-1.410292849713939978e+00
-1.410292849713939978e+00
-1.410292849713939978e+00
-1.410292849713939978e+00
-1.410292849713939978e+00
-1.410201904194760658e+00
-1.410201904194760658e+00
-1.410201904194760658e+00
-1.411012094289805008e+00
-1.425050754620057925e+00
-1.409489041760592309e+00
-1.409489041760592309e+00
-1.409489041760592309e+00
-1.409489041760592309e+00
-1.410219113183978745e+00
-1.395071441767092635e+00
-1.395071441767092635e+00
-1.397500986350881824e+00
-1.374039093805316636e+00
-1.405233634817440569e+00
-1.405233634817440569e+00
-1.405233634817440569e+00
-1.405233634817440569e+00
-1.405233634817440569e+00
-1.405233634817440569e+00
-1.288609454554307865e+00
-1.288609454554307865e+00
-1.288609454554307865e+00
-1.288581646651200563e+00
-1.288581646651200563e+00
-1.319231654216408867e+00
-1.319231654216408867e+00
-1.319231654216408867e+00
-1.319231654216408867e+00
-1.319231654216408867e+00
-1.317736409590303470e+00
-1.317736409590303470e+00
-1.290602620199579054e+00
-1.290602620199579054e+00
-1.290602620199579054e+00
-1.290602620199579054e+00
-1.401378593298946651e+00
-1.401378593298946651e+00
-1.401378593298946651e+00
-1.396479729712579276e+00
-1.396960897609790919e+00
-1.396960897609790919e+00
-1.396960897609790919e+00
-1.396960897609790919e+00
-1.396960897609790919e+00
-1.396960897609790919e+00
-1.488103807314403948e+00
-1.491886024037464953e+00
-1.491886024037464953e+00
-1.491886024037464953e+00
-1.491886024037464953e+00
-1.491886024037464953e+00
-1.491886024037464953e+00
-1.490334365837432617e+00
-1.490334365837432617e+00
-1.490334365837432617e+00
-1.490334365837432617e+00
-1.459726298060517458e+00
-1.459726298060517458e+00
-1.459726298060517458e+00
-1.459726298060517458e+00
-1.459726298060517458e+00
-1.459726298060517458e+00
-1.459726298060517458e+00
-1.459726298060517458e+00
-1.459726298060517458e+00
-1.459726298060517458e+00
-1.459726298060517458e+00
-1.459726298060517458e+00
-1.351647691562572362e+00
-1.525112821312752942e+00
-1.525112821312752942e+00
-1.524914405086072344e+00
-1.524914405086072344e+00
-1.524914405086072344e+00
-1.524908250878007632e+00
-1.524908250878007632e+00
-1.533666600688693649e+00
-1.533666600688693649e+00
-1.533666600688693649e+00
-1.533666600688693649e+00
-1.533666600688693649e+00
-1.533495878398304368e+00
-1.533495878398304368e+00
-1.533495878398304368e+00
-1.533495878398304368e+00
-1.533495878398304368e+00
-1.648854685103232187e+00
-1.648854685103232187e+00
-1.648854685103232187e+00
-1.648854685103232187e+00
-1.648677124803882066e+00
-1.656899032811589567e+00
-1.656899032811589567e+00
-1.656899032811589567e+00
-1.656899032811589567e+00
-1.696067376072958321e+00
-1.711459848210642898e+00
-1.711459848210642898e+00
-1.711459848210642898e+00
-1.693389953664338199e+00
-1.693389953664338199e+00
-1.693389953664338199e+00
-1.528264117742359707e+00
-1.528264117742359707e+00
-1.528264117742359707e+00
-1.528264117742359707e+00
-1.528264117742359707e+00
-1.528264117742359707e+00
-1.528264117742359707e+00
-1.528264117742359707e+00
-1.526185021117813845e+00
-1.526185021117813845e+00
-1.526185021117813845e+00
-1.526309017013637304e+00
-1.531436839933377092e+00
-1.531436839933377092e+00
-1.531436839933377092e+00
-1.531436839933377092e+00
-1.532122578265334045e+00
-1.532122578265334045e+00
-1.532122578265334045e+00
-1.532122578265334045e+00
-1.532122578265334045e+00
-1.532122578265334045e+00
-1.476215244935073834e+00
-1.476215244935073834e+00
-1.476215244935073834e+00
-1.476215244935073834e+00
-1.476215244935073834e+00
-1.476215244935073834e+00
-1.475608941473878666e+00
-1.475623415259512461e+00
-1.386176445744005559e+00
-1.386176445744005559e+00
-1.386176445744005559e+00
-1.386176445744005559e+00
-1.386176445744005559e+00
-1.386176445744005559e+00
-1.382935343463379763e+00
-1.382935343463379763e+00
-1.382935343463379763e+00
-1.382935343463379763e+00
-1.382935343463379763e+00
-1.382935343463379763e+00
-1.406467895434873716e+00
-1.420145508891993646e+00
-1.420893701039126267e+00
-1.371733773050982874e+00
-1.371733773050982874e+00
-1.371733773050982874e+00
-1.431118803771914250e+00
-1.431118803771914250e+00
-1.431118803771914250e+00
-1.431118803771914250e+00
-1.324484498733316196e+00
-1.324484498733316196e+00
-1.324484498733316196e+00
-1.324484498733316196e+00
-1.324464212640065641e+00
-1.324464212640065641e+00
-1.324185677741727130e+00
-1.324185677741727130e+00
-1.324185677741727130e+00
-1.324507520030151042e+00
-1.324507520030151042e+00
-1.324507520030151042e+00
-1.324507520030151042e+00
-1.324507520030151042e+00
-1.324507520030151042e+00
-1.324507520030151042e+00
-1.406392905269936433e+00
-1.406392905269936433e+00
-1.406392905269936433e+00
-1.406392905269936433e+00
-1.542602054931465405e+00
-1.542602054931465405e+00
-1.535259286942491030e+00
-1.535259286942491030e+00
-1.535259286942491030e+00
-1.535259286942491030e+00
-1.534216718509593846e+00
-1.467672406373470739e+00
-1.467536785862413762e+00
-1.467536785862413762e+00
-1.467536785862413762e+00
-1.467536785862413762e+00
-1.467536785862413762e+00
-1.512403469924489041e+00
-1.512403469924489041e+00
-1.512403469924489041e+00
-1.557682941794167331e+00
-1.557682941794167331e+00
-1.557682941794167331e+00
-1.557682941794167331e+00
-1.557682941794167331e+00
-1.557682941794167331e+00
-1.557682941794167331e+00
-1.557682941794167331e+00
-1.557682941794167331e+00
-1.557682941794167331e+00
-1.557682941794167331e+00
-1.566297009615779556e+00
-1.566297009615779556e+00
-1.566297009615779556e+00
-1.566297009615779556e+00
-1.566297009615779556e+00
-1.566297009615779556e+00
-1.592201666895791456e+00
-1.592201666895791456e+00
-1.592201666895791456e+00
-1.690520953037998542e+00
-1.663129826576714265e+00
-1.681600542414940502e+00
-1.681600542414940502e+00
-1.681600542414940502e+00
-1.681600542414940502e+00
-1.681600542414940502e+00
-1.681600542414940502e+00
-1.681600542414940502e+00
-1.681600542414940502e+00
-1.681600542414940502e+00
-1.681600542414940502e+00
-1.681600542414940502e+00
-1.681600542414940502e+00
-1.681600542414940502e+00
-1.681600542414940502e+00
-1.681600542414940502e+00
-1.638239018091963928e+00
-1.638239018091963928e+00
-1.638239018091963928e+00
-1.638239018091963928e+00
-1.638239018091963928e+00
-1.638239018091963928e+00
-1.638239018091963928e+00
-1.638239018091963928e+00
-1.638239018091963928e+00
-1.638239018091963928e+00
-1.638239018091963928e+00
-1.638239018091963928e+00
-1.638239018091963928e+00
-1.638239018091963928e+00
-1.640375440024964826e+00
-1.640375440024964826e+00
-1.640375440024964826e+00
-1.640375440024964826e+00
-1.640375440024964826e+00
-1.640375440024964826e+00
-1.640375440024964826e+00
-1.640375440024964826e+00
-1.640375440024964826e+00
-1.640375440024964826e+00
-1.640375440024964826e+00
-1.640375440024964826e+00
-1.640375440024964826e+00
-1.640375440024964826e+00
-1.640375440024964826e+00
-1.640375440024964826e+00
-1.640375440024964826e+00
-1.640375440024964826e+00
-1.640375440024964826e+00
-1.640375440024964826e+00
-1.640375440024964826e+00
-1.646960670587893416e+00
-1.646960670587893416e+00
-1.646960670587893416e+00
-1.646960670587893416e+00
-1.646960670587893416e+00
-1.646960670587893416e+00
-1.646960670587893416e+00
-1.601205387261355861e+00
-1.588938341086042927e+00
-1.621373752790928657e+00
-1.621373752790928657e+00
-1.616154984352009549e+00
-1.616154984352009549e+00
-1.618852578887064020e+00
-1.618852578887064020e+00
-1.618852578887064020e+00
-1.618852578887064020e+00
-1.618852578887064020e+00
-1.618852578887064020e+00
-1.618852578887064020e+00
-1.618852578887064020e+00
-1.618852578887064020e+00
-1.618852578887064020e+00
-1.618852578887064020e+00
-1.645391119597746643e+00
-1.645391119597746643e+00
-1.645391119597746643e+00
-1.645391119597746643e+00
-1.645391119597746643e+00
-1.645311456793352889e+00
-1.616256870685526259e+00
-1.616256870685526259e+00
-1.617608972990717930e+00
-1.613439041159576925e+00
-1.613439041159576925e+00
-1.613439041159576925e+00
-1.605184196742041269e+00
-1.605184196742041269e+00
-1.590658670173776157e+00
-1.975792543837946447e+00
-1.975792543837946447e+00
-1.988813480501192998e+00
-1.988813480501192998e+00
-1.988813480501192998e+00
-1.988813480501192998e+00
-1.988813480501192998e+00
-1.988813480501192998e+00
-1.988813480501192998e+00
-1.988813480501192998e+00
-1.988813480501192998e+00
-1.988813480501192998e+00
-1.982951027485426065e+00
-1.982951027485426065e+00
-1.982951027485426065e+00
-1.983405755081322441e+00
-1.983405755081322441e+00
-1.964352782780079965e+00
-1.964352782780079965e+00
-1.964352782780079965e+00
-1.964352782780079965e+00
-1.964352782780079965e+00
-1.964352782780079965e+00
-1.964352782780079965e+00
-1.964352782780079965e+00
-1.964352782780079965e+00
-1.964352782780079965e+00
-1.964352782780079965e+00
-1.964352782780079965e+00
-1.964352782780079965e+00
-1.843009008732170217e+00
-1.843009008732170217e+00
-1.843009008732170217e+00
-1.843009008732170217e+00
-1.843009008732170217e+00
-1.843009008732170217e+00
-1.719780793381466610e+00
-1.719780793381466610e+00
-1.719780793381466610e+00
-1.719780793381466610e+00
-1.719780793381466610e+00
-1.727054497479936446e+00
-1.727054497479936446e+00
-1.727054497479936446e+00
-1.665817961866039587e+00
-1.665817961866039587e+00
-1.665817961866039587e+00
-1.636250069218885272e+00
-1.636250069218885272e+00
-1.636250069218885272e+00
-1.636250069218885272e+00
-1.636250069218885272e+00
-1.636250069218885272e+00
-1.636250069218885272e+00
-1.636250069218885272e+00
-1.636250069218885272e+00
-1.636250069218885272e+00
-1.636250069218885272e+00
-1.637950454113816123e+00
-1.637950454113816123e+00
-1.637950454113816123e+00
-1.637950454113816123e+00
-1.637950454113816123e+00
-1.637950454113816123e+00
-1.630682904223411001e+00
-1.630682904223411001e+00
-1.630682904223411001e+00
-1.632473208936176867e+00
-1.632473208936176867e+00
-1.632473208936176867e+00
-1.632473208936176867e+00
-1.632473208936176867e+00
-1.632473208936176867e+00
-1.629575830572649764e+00
