# Variable: dg_gbsa_00000184
# Sample shape: (2000,)
# Date: 2014-03-03 06:24:07.341586
-1.280749961021525385e+00
-3.213581345961153080e+00
-3.213581345961153080e+00
-3.213581345961153080e+00
-3.213581345961153080e+00
-2.976082023197560655e+00
-2.976082023197560655e+00
-2.752289945263251436e+00
-2.752289945263251436e+00
-2.752289945263251436e+00
-2.752289945263251436e+00
-2.752289945263251436e+00
-2.899582025881707104e+00
-2.899582025881707104e+00
-2.899582025881707104e+00
-2.966116764805284856e+00
-2.966116764805284856e+00
-2.955029161208901911e+00
-2.955029161208901911e+00
-2.955029161208901911e+00
-2.966116764805284856e+00
-2.966116764805284856e+00
-2.966116764805284856e+00
-2.971801201654437730e+00
-2.971801201654437730e+00
-2.971801201654437730e+00
-2.971801201654437730e+00
-2.971801201654437730e+00
-2.971801201654437730e+00
-2.971703190192665378e+00
-2.870922562725001459e+00
-2.870922562725001459e+00
-2.870314891662014034e+00
-2.909110107567752568e+00
-2.909110107567752568e+00
-2.909110107567752568e+00
-2.909110107567752568e+00
-2.909110107567752568e+00
-2.909110107567752568e+00
-2.909110107567752568e+00
-2.909110107567752568e+00
-2.846409668202154020e+00
-2.846409668202154020e+00
-2.635624850913169670e+00
-2.636274005897186523e+00
-2.632703197617831670e+00
-2.929683625128255198e+00
-2.929683625128255198e+00
-2.929683625128255198e+00
-2.929683625128255198e+00
-2.927307872881624640e+00
-2.765639562223882741e+00
-2.765625430338697122e+00
-3.071662116916867635e+00
-3.071662116916867635e+00
-3.072800873342480976e+00
-3.075438977199576041e+00
-3.075438977199576041e+00
-3.346938476051928291e+00
-3.346938476051928291e+00
-3.026184570720956923e+00
-3.026184570720956923e+00
-3.030093404576609473e+00
-3.031468528178636213e+00
-3.031468528178636213e+00
-3.031468528178636213e+00
-3.031468528178636213e+00
-3.031468528178636213e+00
-3.020394144732911013e+00
-3.020394144732911013e+00
-3.020399615140079597e+00
-2.738248093862150512e+00
-2.738248093862150512e+00
-2.495341957413215628e+00
-2.495341957413215628e+00
-2.495341957413215628e+00
-2.495341957413215628e+00
-2.495341957413215628e+00
-2.485972745468693734e+00
-2.482147107388731566e+00
-2.482147107388731566e+00
-2.482147107388731566e+00
-2.478597269003523174e+00
-2.405756290282619503e+00
-2.758318333963134972e+00
-2.930952303724124519e+00
-2.930952303724124519e+00
-2.930952303724124519e+00
-2.930952303724124519e+00
-2.913480962895526272e+00
-2.913480962895526272e+00
-2.913480962895526272e+00
-2.857149673009693469e+00
-2.857149673009693469e+00
-2.857149673009693469e+00
-2.857149673009693469e+00
-2.844963429306934355e+00
-2.844963429306934355e+00
-2.844963429306934355e+00
-2.844963429306934355e+00
-2.844963429306934355e+00
-2.844767634317022065e+00
-2.822024872380506366e+00
-2.822024872380506366e+00
-2.822024872380506366e+00
-2.822024872380506366e+00
-2.822117413435109690e+00
-2.822117413435109690e+00
-2.822117413435109690e+00
-2.573536641283199256e+00
-2.573536641283199256e+00
-2.718758400721942081e+00
-2.718758400721942081e+00
-2.822127214581287014e+00
-2.822127214581287014e+00
-2.822127214581287014e+00
-2.822127214581287014e+00
-2.822127214581287014e+00
-2.822127214581287014e+00
-2.822127214581287014e+00
-2.822127214581287014e+00
-2.822127214581287014e+00
-2.822127214581287014e+00
-2.822127214581287014e+00
-2.822127214581287014e+00
-2.822127214581287014e+00
-2.822127214581287014e+00
-2.822127214581287014e+00
-2.492832863991848669e+00
-2.492832863991848669e+00
-2.492832863991848669e+00
-2.492832863991848669e+00
-2.492832863991848669e+00
-2.492832863991848669e+00
-2.492832863991848669e+00
-2.492832863991848669e+00
-2.492832863991848669e+00
-2.492832863991848669e+00
-3.157259629287865632e+00
-3.157259629287865632e+00
-2.704813421114452776e+00
-2.704813421114452776e+00
-2.704813421114452776e+00
-2.704813421114452776e+00
-2.704813421114452776e+00
-2.704813421114452776e+00
-2.704813421114452776e+00
-2.704813421114452776e+00
-2.704813421114452776e+00
-2.704813421114452776e+00
-2.704813421114452776e+00
-2.704813421114452776e+00
-2.704813421114452776e+00
-2.704813421114452776e+00
-2.704785385277713505e+00
-2.704785385277713505e+00
-2.704785385277713505e+00
-2.704785385277713505e+00
-2.704785385277713505e+00
-2.704785385277713505e+00
-2.704785385277713505e+00
-2.583542471861975720e+00
-2.583534950052118973e+00
-2.583534950052118973e+00
-2.583534950052118973e+00
-2.583534950052118973e+00
-2.790217645765490584e+00
-2.790217645765490584e+00
-2.791699214373674298e+00
-2.791699214373674298e+00
-2.947561827490023934e+00
-2.947561827490023934e+00
-2.947561827490023934e+00
-2.947561827490023934e+00
-2.947561827490023934e+00
-2.947561827490023934e+00
-2.947561827490023934e+00
-2.947561827490023934e+00
-2.947561827490023934e+00
-2.947561827490023934e+00
-2.947561827490023934e+00
-2.947561827490023934e+00
-2.947561827490023934e+00
-2.947561827490023934e+00
-2.947561827490023934e+00
-2.947561827490023934e+00
-2.947561827490023934e+00
-2.947561827490023934e+00
-2.947561827490023934e+00
-2.947561827490023934e+00
-2.947561827490023934e+00
-2.947561827490023934e+00
-2.947561827490023934e+00
-2.947561827490023934e+00
-2.947561827490023934e+00
-2.947561827490023934e+00
-2.947561827490023934e+00
-2.947561827490023934e+00
-2.947561827490023934e+00
-2.947561827490023934e+00
-2.947561827490023934e+00
-2.948453959725782614e+00
-2.948453959725782614e+00
-2.948453959725782614e+00
-2.948453959725782614e+00
-2.948453959725782614e+00
-2.948453959725782614e+00
-2.948453959725782614e+00
-2.948453959725782614e+00
-2.961488116539686910e+00
-2.961488116539686910e+00
-2.961488116539686910e+00
-2.961488116539686910e+00
-2.961488116539686910e+00
-2.641327294519252966e+00
-2.641327294519252966e+00
-2.835168893205048057e+00
-2.835168893205048057e+00
-2.835168893205048057e+00
-2.835168893205048057e+00
-2.835168893205048057e+00
-2.835168893205048057e+00
-2.835168893205048057e+00
-2.835168893205048057e+00
-2.835168893205048057e+00
-2.835168893205048057e+00
-2.835168893205048057e+00
-2.835168893205048057e+00
-2.835168893205048057e+00
-2.835168893205048057e+00
-2.835168893205048057e+00
-2.926077259202304326e+00
-2.926077259202304326e+00
-2.926077259202304326e+00
-2.926077259202304326e+00
-2.926077259202304326e+00
-2.926077259202304326e+00
-2.926077259202304326e+00
-2.926077259202304326e+00
-2.926077259202304326e+00
-2.926077259202304326e+00
-2.926077259202304326e+00
-2.926077259202304326e+00
-2.926077259202304326e+00
-2.926077259202304326e+00
-2.925309806663265011e+00
-2.925309806663265011e+00
-2.925309806663265011e+00
-2.925309806663265011e+00
-2.925309806663265011e+00
-2.925959873381809739e+00
-2.926077259202304326e+00
-2.926077259202304326e+00
-2.926077259202304326e+00
-2.926077259202304326e+00
-2.926077259202304326e+00
-2.926077259202304326e+00
-2.926077259202304326e+00
-2.926077259202304326e+00
-2.926077259202304326e+00
-2.898692628849532493e+00
-2.898692628849532493e+00
-2.898692628849532493e+00
-2.898692628849532493e+00
-2.898692628849532493e+00
-2.898692628849532493e+00
-2.898692628849532493e+00
-2.898692628849532493e+00
-2.898692628849532493e+00
-3.146298528857258248e+00
-3.146298528857258248e+00
-2.731266258779492695e+00
-2.731266258779492695e+00
-2.731266258779492695e+00
-2.731266258779492695e+00
-2.731266258779492695e+00
-2.603798249939431653e+00
-2.603798249939431653e+00
-2.603798249939431653e+00
-2.603798249939431653e+00
-2.603798249939431653e+00
-2.603798249939431653e+00
-2.603798249939431653e+00
-2.603798249939431653e+00
-2.603798249939431653e+00
-3.127496283551246758e+00
-2.944662283756992682e+00
-2.944662283756992682e+00
-2.944662283756992682e+00
-2.840545391717330670e+00
-2.840545391717330670e+00
-2.840545391717330670e+00
-2.840545391717330670e+00
-2.840545391717330670e+00
-2.840545391717330670e+00
-2.840545391717330670e+00
-2.840545391717330670e+00
-2.840545391717330670e+00
-2.840545391717330670e+00
-2.866312832950861811e+00
-2.866312832950861811e+00
-2.866312832950861811e+00
-2.866312832950861811e+00
-2.866312832950861811e+00
-2.866312832950861811e+00
-2.637265745130141337e+00
-2.637265745130141337e+00
-2.637265745130141337e+00
-2.637265745130141337e+00
-2.637265745130141337e+00
-2.637265745130141337e+00
-2.865691257936320735e+00
-2.865691257936320735e+00
-2.865691257936320735e+00
-2.865691257936320735e+00
-2.865691257936320735e+00
-2.865691257936320735e+00
-2.865691257936320735e+00
-2.865675302582078920e+00
-3.013740078213110074e+00
-3.014005620894422588e+00
-3.014005620894422588e+00
-3.014005620894422588e+00
-3.014005620894422588e+00
-3.014005620894422588e+00
-2.888110809982620708e+00
-2.888110809982620708e+00
-2.888110809982620708e+00
-2.888110809982620708e+00
-2.875768431741922093e+00
-2.875768431741922093e+00
-2.875768431741922093e+00
-2.875768431741922093e+00
-2.875768431741922093e+00
-2.875768431741922093e+00
-2.875768431741922093e+00
-2.875768431741922093e+00
-2.888094626694746481e+00
-2.888094626694746481e+00
-2.923836215732202426e+00
-3.074362674589138589e+00
-3.074370652266259718e+00
-3.074243693233219776e+00
-3.073950342648799516e+00
-3.074370652266259718e+00
-3.074370652266259718e+00
-3.074370652266259718e+00
-3.324004021930876629e+00
-3.324004021930876629e+00
-3.324004021930876629e+00
-2.831367871957344740e+00
-2.831367871957344740e+00
-2.831367871957344740e+00
-2.831367871957344740e+00
-2.831367871957344740e+00
-2.831367871957344740e+00
-2.831367871957344740e+00
-2.831367871957344740e+00
-2.817702338982722488e+00
-2.823570490339289751e+00
-2.823570490339289751e+00
-2.823570490339289751e+00
-2.823570490339289751e+00
-2.823570490339289751e+00
-2.823570490339289751e+00
-2.739939589345432136e+00
-2.739939589345432136e+00
-2.739939589345432136e+00
-2.739939589345432136e+00
-2.739939589345432136e+00
-2.739939589345432136e+00
-2.739939589345432136e+00
-2.739939589345432136e+00
-2.739939589345432136e+00
-2.739939589345432136e+00
-2.739939589345432136e+00
-2.739939589345432136e+00
-2.739939589345432136e+00
-2.739939589345432136e+00
-2.739939589345432136e+00
-2.739939589345432136e+00
-2.739939589345432136e+00
-2.739939589345432136e+00
-2.739939589345432136e+00
-2.739939589345432136e+00
-2.739939589345432136e+00
-2.739939589345432136e+00
-2.739939589345432136e+00
-2.739939589345432136e+00
-2.739939589345432136e+00
-3.440186352848322748e+00
-3.440186352848322748e+00
-3.437724213755153357e+00
-3.437724213755153357e+00
-2.967104857100127280e+00
-3.121862220034772317e+00
-3.121862220034772317e+00
-3.121862220034772317e+00
-3.102867142876065021e+00
-3.122652465937014288e+00
-3.122707170008701016e+00
-3.122707170008701016e+00
-3.122707170008701016e+00
-3.122707170008701016e+00
-3.144700942030372204e+00
-3.144700942030372204e+00
-3.144700942030372204e+00
-3.039227616946510224e+00
-3.039227616946510224e+00
-3.039227616946510224e+00
-3.039227616946510224e+00
-3.039227616946510224e+00
-3.039227616946510224e+00
-3.039227616946510224e+00
-3.039227616946510224e+00
-3.039227616946510224e+00
-3.039227616946510224e+00
-3.039227616946510224e+00
-3.039227616946510224e+00
-3.039227616946510224e+00
-3.039227616946510224e+00
-3.039227616946510224e+00
-3.039227616946510224e+00
-3.039227616946510224e+00
-3.039227616946510224e+00
-3.039227616946510224e+00
-3.039227616946510224e+00
-3.039227616946510224e+00
-3.039227616946510224e+00
-3.039227616946510224e+00
-3.039227616946510224e+00
-3.039227616946510224e+00
-3.039227616946510224e+00
-3.039227616946510224e+00
-3.039227616946510224e+00
-3.039227616946510224e+00
-3.039227616946510224e+00
-3.039204367716043187e+00
-3.039204367716043187e+00
-3.039227616946510224e+00
-3.039227616946510224e+00
-3.039227616946510224e+00
-3.039227616946510224e+00
-2.942699547251597103e+00
-2.942699547251597103e+00
-2.960821638599636429e+00
-2.960821638599636429e+00
-2.960821638599636429e+00
-2.960821638599636429e+00
-2.960821638599636429e+00
-2.960821638599636429e+00
-2.960821638599636429e+00
-2.960821638599636429e+00
-2.960821638599636429e+00
-2.960821638599636429e+00
-2.960821638599636429e+00
-2.960821638599636429e+00
-2.960821638599636429e+00
-2.960821638599636429e+00
-3.050618144339858340e+00
-3.050618144339858340e+00
-3.050618144339858340e+00
-3.050618144339858340e+00
-3.050618144339858340e+00
-3.050618144339858340e+00
-3.050618144339858340e+00
-3.050618144339858340e+00
-3.050618144339858340e+00
-2.937494454830599899e+00
-2.937494454830599899e+00
-2.937494454830599899e+00
-2.937494454830599899e+00
-2.937494454830599899e+00
-2.937494454830599899e+00
-2.937494454830599899e+00
-2.937494454830599899e+00
-2.937494454830599899e+00
-2.937494454830599899e+00
-2.937494454830599899e+00
-2.937494454830599899e+00
-2.937494454830599899e+00
-2.937494454830599899e+00
-2.937494454830599899e+00
-2.937494454830599899e+00
-2.869053506942369491e+00
-2.869053506942369491e+00
-2.869053506942369491e+00
-2.869053506942369491e+00
-2.869053506942369491e+00
-2.851180319120505402e+00
-2.851180319120505402e+00
-2.690644610680311910e+00
-2.690644610680311910e+00
-2.690644610680311910e+00
-2.690644610680311910e+00
-2.690644610680311910e+00
-2.690644610680311910e+00
-2.690644610680311910e+00
-2.690644610680311910e+00
-2.690644610680311910e+00
-2.690644610680311910e+00
-2.950814668352699677e+00
-2.871487382265167199e+00
-2.871487382265167199e+00
-2.871487382265167199e+00
-2.871480544256206358e+00
-2.871487382265167199e+00
-2.871487382265167199e+00
-2.871487382265167199e+00
-2.871487382265167199e+00
-2.871487382265167199e+00
-2.868384293798734497e+00
-2.192361632906911773e+00
-2.862049790231037338e+00
-2.862049790231037338e+00
-2.692570421937318770e+00
-3.018625607682003498e+00
-3.018625607682003498e+00
-3.018625607682003498e+00
-3.018625607682003498e+00
-3.018625607682003498e+00
-3.018625607682003498e+00
-3.018625607682003498e+00
-3.018516655405893978e+00
-3.018516655405893978e+00
-3.018516655405893978e+00
-3.015459153665867031e+00
-3.015597053513244141e+00
-3.015597053513244141e+00
-3.015597053513244141e+00
-3.015597053513244141e+00
-3.018625607682003498e+00
-3.018625607682003498e+00
-3.018625607682003498e+00
-3.018625607682003498e+00
-3.018625607682003498e+00
-3.018625607682003498e+00
-3.018625607682003498e+00
-3.018625607682003498e+00
-3.018625607682003498e+00
-3.018625607682003498e+00
-3.018625607682003498e+00
-3.018625607682003498e+00
-3.018625607682003498e+00
-3.018625607682003498e+00
-3.018625607682003498e+00
-3.018618541739410688e+00
-3.018618541739410688e+00
-3.018618541739410688e+00
-3.018618541739410688e+00
-3.018618541739410688e+00
-3.018618541739410688e+00
-3.018618541739410688e+00
-3.018618541739410688e+00
-1.608551118387546719e+00
-1.608551118387546719e+00
-1.512690552334028604e+00
-1.512690552334028604e+00
-1.512690552334028604e+00
-1.512690552334028604e+00
-1.512690552334028604e+00
-1.512690552334028604e+00
-1.512690552334028604e+00
-3.011606619417325437e+00
-3.011606619417325437e+00
-2.936148506733473162e+00
-2.936148506733473162e+00
-2.936148506733473162e+00
-2.936148506733473162e+00
-2.936148506733473162e+00
-2.932139154146095716e+00
-2.932139154146095716e+00
-2.932139154146095716e+00
-2.932139154146095716e+00
-2.932139154146095716e+00
-2.932139154146095716e+00
-2.932139154146095716e+00
-2.932139154146095716e+00
-2.932139154146095716e+00
-2.932139154146095716e+00
-2.932139154146095716e+00
-2.932139154146095716e+00
-2.728996951539019555e+00
-2.728895521072766783e+00
-2.728895521072766783e+00
-2.728895521072766783e+00
-2.728895521072766783e+00
-2.728895521072766783e+00
-2.728895521072766783e+00
-2.730986356279362148e+00
-2.730986356279362148e+00
-2.730986356279362148e+00
-2.730986356279362148e+00
-2.730986356279362148e+00
-2.730986356279362148e+00
-2.730986356279362148e+00
-2.730986356279362148e+00
-2.730986356279362148e+00
-2.810414389032250604e+00
-2.810414389032250604e+00
-2.810414389032250604e+00
-2.810414389032250604e+00
-2.810414389032250604e+00
-2.810414389032250604e+00
-2.810414389032250604e+00
-2.810414389032250604e+00
-2.810414389032250604e+00
-2.810414389032250604e+00
-2.810414389032250604e+00
-2.810414389032250604e+00
-2.810414389032250604e+00
-2.810414389032250604e+00
-2.810414389032250604e+00
-2.810414389032250604e+00
-2.810414389032250604e+00
-2.810414389032250604e+00
-2.810414389032250604e+00
-2.810331649123824604e+00
-2.778523966641544440e+00
-3.254523240813333551e+00
-3.254523240813333551e+00
-3.254523240813333551e+00
-3.228688559158354288e+00
-3.228688559158354288e+00
-3.228688559158354288e+00
-3.228688559158354288e+00
-3.228688559158354288e+00
-3.228688559158354288e+00
-3.228688559158354288e+00
-3.228688559158354288e+00
-3.228688559158354288e+00
-3.228688559158354288e+00
-3.228688559158354288e+00
-3.228688559158354288e+00
-3.228688559158354288e+00
-3.225497260376326558e+00
-3.225497260376326558e+00
-3.225497260376326558e+00
-3.225497260376326558e+00
-3.225497260376326558e+00
-3.225497260376326558e+00
-3.225497260376326558e+00
-3.225497260376326558e+00
-3.207293796721653489e+00
-3.207293796721653489e+00
-3.207293796721653489e+00
-3.207293796721653489e+00
-3.207293796721653489e+00
-3.207293796721653489e+00
-3.209909791016441805e+00
-3.209909791016441805e+00
-3.209909791016441805e+00
-3.209909791016441805e+00
-3.209909791016441805e+00
-3.209909791016441805e+00
-3.209909791016441805e+00
-3.209909791016441805e+00
-3.209909791016441805e+00
-3.209909791016441805e+00
-3.209909791016441805e+00
-3.209909791016441805e+00
-3.209909791016441805e+00
-3.209909791016441805e+00
-3.209909791016441805e+00
-3.209909791016441805e+00
-3.209909791016441805e+00
-3.209909791016441805e+00
-3.209909791016441805e+00
-3.209909791016441805e+00
-3.209909791016441805e+00
-3.209909791016441805e+00
-3.209909791016441805e+00
-3.209909791016441805e+00
-3.209909791016441805e+00
-3.209909791016441805e+00
-3.209909791016441805e+00
-3.209909791016441805e+00
-3.209909791016441805e+00
-3.209909791016441805e+00
-2.752082981525370009e+00
-2.752082981525370009e+00
-2.752082981525370009e+00
-2.752082981525370009e+00
-2.752082981525370009e+00
-2.752082981525370009e+00
-2.752082981525370009e+00
-2.752082981525370009e+00
-2.752082981525370009e+00
-2.752082981525370009e+00
-3.228805033244320555e+00
-3.228805033244320555e+00
-3.228805033244320555e+00
-3.228805033244320555e+00
-3.228805033244320555e+00
-3.228805033244320555e+00
-3.228805033244320555e+00
-3.228805033244320555e+00
-3.228805033244320555e+00
-3.228805033244320555e+00
-3.228805033244320555e+00
-3.228805033244320555e+00
-3.228805033244320555e+00
-3.228805033244320555e+00
-3.228805033244320555e+00
-3.432179044355169850e+00
-3.432179044355169850e+00
-3.432179044355169850e+00
-3.432179044355169850e+00
-3.432179044355169850e+00
-3.432179044355169850e+00
-3.432179044355169850e+00
-3.432179044355169850e+00
-3.432179044355169850e+00
-3.432179044355169850e+00
-3.432179044355169850e+00
-3.432179044355169850e+00
-3.432179044355169850e+00
-3.432179044355169850e+00
-3.432179044355169850e+00
-3.432179044355169850e+00
-3.058856805469519990e+00
-3.058856805469519990e+00
-3.058856805469519990e+00
-3.058856805469519990e+00
-3.058856805469519990e+00
-3.058856805469519990e+00
-3.058856805469519990e+00
-3.058856805469519990e+00
-3.058856805469519990e+00
-3.058856805469519990e+00
-3.058856805469519990e+00
-3.058849739526927181e+00
-3.058849739526927181e+00
-3.058849739526927181e+00
-2.432610063206397388e+00
-2.432610063206397388e+00
-2.432610063206397388e+00
-2.292951024057304110e+00
-2.411172221313242936e+00
-3.126275243084471356e+00
-3.126275243084471356e+00
-3.127212278245739885e+00
-3.127212278245739885e+00
-3.127212278245739885e+00
-2.873182524686561656e+00
-2.873182524686561656e+00
-2.873182524686561656e+00
-2.873182524686561656e+00
-2.873182524686561656e+00
-2.873182524686561656e+00
-2.873182524686561656e+00
-2.923047337431752712e+00
-2.923047337431752712e+00
-2.923047337431752712e+00
-2.923047337431752712e+00
-2.923047337431752712e+00
-2.923047337431752712e+00
-3.058544764327273402e+00
-3.050149056925144375e+00
-3.050149056925144375e+00
-3.050149056925144375e+00
-3.050149056925144375e+00
-3.050149056925144375e+00
-3.050149056925144375e+00
-3.050149056925144375e+00
-3.050149056925144375e+00
-3.122910030941206116e+00
-3.122910030941206116e+00
-3.122910030941206116e+00
-3.122910030941206116e+00
-3.122910030941206116e+00
-3.122910030941206116e+00
-3.122910030941206116e+00
-3.122910030941206116e+00
-3.122910030941206116e+00
-3.122910030941206116e+00
-3.491478258063642759e+00
-3.491478258063642759e+00
-3.491478258063642759e+00
-3.491478258063642759e+00
-3.491478258063642759e+00
-3.491478258063642759e+00
-3.491478258063642759e+00
-3.431970029214599816e+00
-3.431970029214599816e+00
-3.120755830184906987e+00
-3.120755830184906987e+00
-3.120755830184906987e+00
-3.120755830184906987e+00
-3.120755830184906987e+00
-3.120755830184906987e+00
-3.120755830184906987e+00
-3.120755830184906987e+00
-3.120188275441156733e+00
-3.120188275441156733e+00
-3.120188275441156733e+00
-3.120188275441156733e+00
-3.120188275441156733e+00
-3.120188275441156733e+00
-3.120188275441156733e+00
-3.120188275441156733e+00
-3.120188275441156733e+00
-3.120188275441156733e+00
-3.120188275441156733e+00
-3.120188275441156733e+00
-3.120188275441156733e+00
-3.120188275441156733e+00
-3.120188275441156733e+00
-3.120188275441156733e+00
-3.120755830184906987e+00
-3.120755830184906987e+00
-3.120755830184906987e+00
-3.120755830184906987e+00
-3.161911982651194108e+00
-3.161911982651194108e+00
-3.161911982651194108e+00
-3.237569765196703475e+00
-3.237569765196703475e+00
-3.236742821979704754e+00
-3.236742821979704754e+00
-3.236742821979704754e+00
-3.236742821979704754e+00
-3.236742821979704754e+00
-3.236742821979704754e+00
-3.236742821979704754e+00
-3.236742821979704754e+00
-3.236742821979704754e+00
-3.236742821979704754e+00
-3.236742821979704754e+00
-3.236742821979704754e+00
-3.236742821979704754e+00
-3.236762424272059402e+00
-3.236762424272059402e+00
-3.236877074888969474e+00
-3.236877074888969474e+00
-3.262592775188029925e+00
-3.262175200774154238e+00
-3.262175200774154238e+00
-3.294631126505922492e+00
-3.295329743088089458e+00
-3.295329743088089458e+00
-3.295329743088089458e+00
-3.295329743088089458e+00
-3.295329743088089458e+00
-3.295329743088089458e+00
-3.295329743088089458e+00
-3.295329743088089458e+00
-3.295329743088089458e+00
-3.294373333568098694e+00
-3.294373333568098694e+00
-3.294373333568098694e+00
-3.294373333568098694e+00
-3.294373333568098694e+00
-3.294373333568098694e+00
-3.294373333568098694e+00
-2.978336286818319856e+00
-2.978336286818319856e+00
-2.978336286818319856e+00
-2.978336286818319856e+00
-2.978380733876565323e+00
-2.978471451462112896e+00
-2.978471451462112896e+00
-2.978471451462112896e+00
-2.978471451462112896e+00
-2.978471451462112896e+00
-2.978471451462112896e+00
-2.978471451462112896e+00
-2.978471451462112896e+00
-2.978471451462112896e+00
-2.978471451462112896e+00
-2.827863392364910133e+00
-2.827863392364910133e+00
-2.827851083948780708e+00
-2.827851083948780708e+00
-2.827851083948780708e+00
-2.827851083948780708e+00
-2.827851083948780708e+00
-2.827782020058275947e+00
-2.827782020058275947e+00
-2.827782020058275947e+00
-2.827819173240296635e+00
-2.827914221564852504e+00
-2.827914221564852504e+00
-2.827914221564852504e+00
-2.827914221564852504e+00
-2.827914221564852504e+00
-2.827914221564852504e+00
-2.827914221564852504e+00
-2.827914221564852504e+00
-2.827914221564852504e+00
-2.827914221564852504e+00
-2.827876156648303940e+00
-2.827876156648303940e+00
-2.827914221564852504e+00
-2.827914221564852504e+00
-2.827914221564852504e+00
-2.827914221564852504e+00
-2.827914221564852504e+00
-2.824454189030663365e+00
-2.824454189030663365e+00
-2.822415322692170658e+00
-2.825797629857838000e+00
-2.825797629857838000e+00
-2.825797629857838000e+00
-1.396782197642280732e+00
-1.396782197642280732e+00
-1.396782197642280732e+00
-2.413810325170338000e+00
-2.822484158649043451e+00
-2.822484158649043451e+00
-2.825797629857838000e+00
-2.825797629857838000e+00
-2.825797629857838000e+00
-2.825797629857838000e+00
-2.825797629857838000e+00
-2.825797629857838000e+00
-2.825797629857838000e+00
-2.825797629857838000e+00
-2.825778939300011672e+00
-2.825778939300011672e+00
-2.825778939300011672e+00
-2.825778939300011672e+00
-2.825778939300011672e+00
-2.825797629857838000e+00
-2.825797629857838000e+00
-2.825797629857838000e+00
-2.825797629857838000e+00
-2.825797629857838000e+00
-2.825797629857838000e+00
-2.825797629857838000e+00
-2.825797629857838000e+00
-2.825797629857838000e+00
-2.825797629857838000e+00
-2.825797629857838000e+00
-2.825797629857838000e+00
-2.825797629857838000e+00
-2.825797629857838000e+00
-2.825797629857838000e+00
-2.825778939300011672e+00
-2.825797629857838000e+00
-2.825797629857838000e+00
-2.446700236537488138e+00
-2.446700236537488138e+00
-2.446700236537488138e+00
-2.446700236537488138e+00
-2.867314829197257886e+00
-2.867314829197257886e+00
-2.867314829197257886e+00
-3.024799645972753304e+00
-3.024799645972753304e+00
-3.024799645972753304e+00
-3.024799645972753304e+00
-3.024799645972753304e+00
-3.024799645972753304e+00
-3.024799645972753304e+00
-3.024799645972753304e+00
-3.024799645972753304e+00
-3.024799645972753304e+00
-3.024799645972753304e+00
-3.024799645972753304e+00
-3.025885065928471729e+00
-3.025885065928471729e+00
-3.072268648311695216e+00
-3.072268648311695216e+00
-3.075169103779254787e+00
-3.075169103779254787e+00
-3.073780760026570746e+00
-3.073780760026570746e+00
-3.065883543477687212e+00
-3.065883543477687212e+00
-3.065883543477687212e+00
-3.096007024352910530e+00
-3.096007024352910530e+00
-3.096007024352910530e+00
-3.096007024352910530e+00
-3.096007024352910530e+00
-3.095979672317067166e+00
-3.095979672317067166e+00
-3.095979672317067166e+00
-3.095979672317067166e+00
-3.095979672317067166e+00
-3.095979672317067166e+00
-3.095979672317067166e+00
-3.095979672317067166e+00
-3.095979672317067166e+00
-3.095979672317067166e+00
-3.095979672317067166e+00
-3.095979672317067166e+00
-3.095979672317067166e+00
-3.095979672317067166e+00
-3.095999958410317721e+00
-3.095999958410317721e+00
-3.095999958410317721e+00
-3.095999958410317721e+00
-3.095999958410317721e+00
-3.095999958410317721e+00
-3.095999958410317721e+00
-3.095999958410317721e+00
-3.095999958410317721e+00
-3.095999958410317721e+00
-3.095999958410317721e+00
-3.095999958410317721e+00
-3.095999958410317721e+00
-3.095999958410317721e+00
-3.095909696692034530e+00
-3.095909696692034530e+00
-3.095909696692034530e+00
-3.142969558161485377e+00
-3.142969558161485377e+00
-3.142969558161485377e+00
-3.142969558161485377e+00
-3.142969558161485377e+00
-3.142969558161485377e+00
-3.142969558161485377e+00
-3.309399858259562066e+00
-3.309399858259562066e+00
-3.309399858259562066e+00
-3.309399858259562066e+00
-3.309399858259562066e+00
-3.309399858259562066e+00
-3.309399858259562066e+00
-3.309399858259562066e+00
-3.185292502890125554e+00
-3.185292502890125554e+00
-3.222734248888879716e+00
-3.222734248888879716e+00
-3.222734248888879716e+00
-3.222734248888879716e+00
-3.222734248888879716e+00
-3.222734248888879716e+00
-3.222734248888879716e+00
-3.222734248888879716e+00
-3.222734248888879716e+00
-3.222734248888879716e+00
-3.183696283665031324e+00
-3.348394971960589217e+00
-3.132487118358137757e+00
-3.132487118358137757e+00
-3.132487118358137757e+00
-3.132487118358137757e+00
-3.132487118358137757e+00
-3.132487118358137757e+00
-3.132487118358137757e+00
-3.132487118358137757e+00
-3.132487118358137757e+00
-3.132487118358137757e+00
-3.474013071443109002e+00
-3.474013071443109002e+00
-3.038793859244760309e+00
-3.038793859244760309e+00
-3.038793859244760309e+00
-3.038793859244760309e+00
-3.038793859244760309e+00
-3.038793859244760309e+00
-3.038793859244760309e+00
-3.038793859244760309e+00
-3.038793859244760309e+00
-3.038793859244760309e+00
-3.038793859244760309e+00
-3.038793859244760309e+00
-3.038793859244760309e+00
-3.038793859244760309e+00
-3.038793859244760309e+00
-3.038793859244760309e+00
-3.038793859244760309e+00
-3.038793859244760309e+00
-3.038793859244760309e+00
-3.038793859244760309e+00
-3.038793859244760309e+00
-2.945721263411396063e+00
-2.945721263411396063e+00
-3.532981553451508550e+00
-3.532981553451508550e+00
-3.532959443889201800e+00
-3.532959443889201800e+00
-3.532959443889201800e+00
-3.532959443889201800e+00
-3.532981553451508550e+00
-3.532981553451508550e+00
-2.749802277603295320e+00
-2.749802277603295320e+00
-2.757451046493267555e+00
-2.757451046493267555e+00
-2.757451046493267555e+00
-2.989233109964695156e+00
-3.465878120116020256e+00
-3.465878120116020256e+00
-3.465878120116020256e+00
-3.465878120116020256e+00
-3.474445689476698629e+00
-3.474445689476698629e+00
-3.474445689476698629e+00
-3.474445689476698629e+00
-3.474445689476698629e+00
-3.474445689476698629e+00
-3.474445689476698629e+00
-2.916082141504233061e+00
-2.916082141504233061e+00
-2.916082141504233061e+00
-2.916082141504233061e+00
-3.017768349291945373e+00
-3.017768349291945373e+00
-3.017768349291945373e+00
-3.017768349291945373e+00
-3.017768349291945373e+00
-3.017887102714232217e+00
-3.017887102714232217e+00
-3.017881632307063189e+00
-3.017881632307063189e+00
-2.901389767517323026e+00
-2.901389767517323026e+00
-2.901389767517323026e+00
-2.901389767517323026e+00
-2.901389767517323026e+00
-3.771967003495925397e+00
-3.771967003495925397e+00
-3.772551425328445784e+00
-3.772558263337406625e+00
-3.772558263337406625e+00
-3.467379746883822556e+00
-3.467379746883822556e+00
-3.467379746883822556e+00
-3.467379746883822556e+00
-3.467379746883822556e+00
-2.905467044327044501e+00
-2.900398484151632150e+00
-2.900398484151632150e+00
-2.900398484151632150e+00
-2.900398484151632150e+00
-2.999546650946709914e+00
-2.999546650946709914e+00
-2.999546650946709914e+00
-2.999546650946709914e+00
-2.999546650946709914e+00
-2.999546650946709914e+00
-2.999546650946709914e+00
-2.999546650946709914e+00
-2.999546650946709914e+00
-2.992237731102091569e+00
-2.992237731102091569e+00
-2.991452043872490307e+00
-3.170079072620398897e+00
-3.170079072620398897e+00
-3.228951594569714700e+00
-3.228951594569714700e+00
-3.228951594569714700e+00
-3.382209610072878014e+00
-3.384795289194606482e+00
-3.385459943665600768e+00
-3.385459943665600768e+00
-3.287773059385456165e+00
-3.287773059385456165e+00
-3.287758699566638576e+00
-3.287471275256650838e+00
-3.287471275256650838e+00
-3.287471275256650838e+00
-3.287471275256650838e+00
-3.287471275256650838e+00
-3.287471275256650838e+00
-3.287471275256650838e+00
-3.287471275256650838e+00
-3.287471275256650838e+00
-3.287471275256650838e+00
-3.287471275256650838e+00
-3.287471275256650838e+00
-3.452958385985394507e+00
-3.452958385985394507e+00
-2.925325989951139238e+00
-2.925325989951139238e+00
-3.403716743790168753e+00
-3.403716743790168753e+00
-3.440976598750564719e+00
-3.440976598750564719e+00
-3.423044148184373192e+00
-3.423044148184373192e+00
-3.423044148184373192e+00
-3.423044148184373192e+00
-3.423044148184373192e+00
-3.391952861107558004e+00
-3.441711000912959673e+00
-3.441711000912959673e+00
-3.441711000912959673e+00
-3.441711000912959673e+00
-3.441711000912959673e+00
-3.444422499399567794e+00
-3.647551937723250592e+00
-3.183541060861620142e+00
-3.183541060861620142e+00
-3.183541060861620142e+00
-3.183541060861620142e+00
-3.183541060861620142e+00
-3.183541060861620142e+00
-3.183541060861620142e+00
-3.182828996195163906e+00
-3.182828996195163906e+00
-3.182828996195163906e+00
-3.183541060861620142e+00
-3.183541060861620142e+00
-3.183541060861620142e+00
-3.183541060861620142e+00
-3.183541060861620142e+00
-3.183541060861620142e+00
-3.183541060861620142e+00
-3.183541060861620142e+00
-3.183541060861620142e+00
-3.183541060861620142e+00
-3.183477467378284409e+00
-3.186380202182164112e+00
-3.186380202182164112e+00
-3.186392738531925950e+00
-3.186392738531925950e+00
-3.186392738531925950e+00
-3.186392738531925950e+00
-3.194180091070171201e+00
-3.194180091070171201e+00
-3.194180091070171201e+00
-3.194180091070171201e+00
-3.194180091070171201e+00
-3.254385796833220379e+00
-3.254385796833220379e+00
-3.254385796833220379e+00
-3.269513296123672141e+00
-3.269513296123672141e+00
-3.268619796286121648e+00
-3.268619796286121648e+00
-3.269513296123672141e+00
-3.269513296123672141e+00
-3.536703937596162195e+00
-3.536703937596162195e+00
-3.536703937596162195e+00
-3.536703937596162195e+00
-3.536703937596162195e+00
-3.536703937596162195e+00
-3.536703937596162195e+00
-3.536703937596162195e+00
-3.536703937596162195e+00
-3.530021379372357604e+00
-3.526179330070889240e+00
-3.529917669569784699e+00
-3.441841834817743973e+00
-3.441841834817743973e+00
-3.441841834817743973e+00
-3.441841834817743973e+00
-3.441841834817743973e+00
-3.441944632885788558e+00
-3.441944632885788558e+00
-3.441944632885788558e+00
-3.441944632885788558e+00
-3.441944632885788558e+00
-3.255254907772144435e+00
-3.290828281789162979e+00
-3.290828281789162979e+00
-3.290828281789162979e+00
-3.290828281789162979e+00
-3.290828281789162979e+00
-3.290828281789162979e+00
-3.247992486388459721e+00
-3.247992486388459721e+00
-3.247992486388459721e+00
-3.247992486388459721e+00
-3.247992486388459721e+00
-3.247992486388459721e+00
-3.247992486388459721e+00
-3.016784131868847307e+00
-3.020394828533806919e+00
-3.020394828533806919e+00
-3.060762786500540233e+00
-3.061916358612235545e+00
-3.129905314108153647e+00
-3.129905314108153647e+00
-3.129905314108153647e+00
-3.129905314108153647e+00
-3.129905314108153647e+00
-3.129905314108153647e+00
-3.129905314108153647e+00
-3.129905314108153647e+00
-3.129905314108153647e+00
-3.129905314108153647e+00
-3.312345900453527392e+00
-3.312345900453527392e+00
-3.312856699722902754e+00
-3.312856699722902754e+00
-3.265087964657843678e+00
-3.265087964657843678e+00
-3.265087964657843678e+00
-3.265087964657843678e+00
-3.265087964657843678e+00
-3.265087964657843678e+00
-3.265087964657843678e+00
-3.265087964657843678e+00
-3.265087964657843678e+00
-3.265087964657843678e+00
-3.525753094178996516e+00
-3.500396389350380222e+00
-3.500396389350380222e+00
-3.500396389350380222e+00
-3.522540141701925975e+00
-3.522540141701925975e+00
-3.522540141701925975e+00
-3.522540141701925975e+00
-3.522540141701925975e+00
-3.522540141701925975e+00
-3.522540141701925975e+00
-3.522540141701925975e+00
-3.522540141701925975e+00
-3.522540141701925975e+00
-3.522540141701925975e+00
-3.522540141701925975e+00
-3.522540141701925975e+00
-3.536676129693054893e+00
-3.536676129693054893e+00
-3.536676129693054893e+00
-3.536676129693054893e+00
-3.536676129693054893e+00
-3.536676129693054893e+00
-3.671104775787995322e+00
-3.671104775787995322e+00
-3.671104775787995322e+00
-3.405272390828761431e+00
-3.405272390828761431e+00
-3.405272390828761431e+00
-3.405272390828761431e+00
-3.405272390828761431e+00
-3.405272390828761431e+00
-3.405272390828761431e+00
-3.405272390828761431e+00
-3.405272390828761431e+00
-3.405272390828761431e+00
-3.405272390828761431e+00
-3.405272390828761431e+00
-3.405279000904090303e+00
-3.402448065194299431e+00
-3.402448065194299431e+00
-3.402448065194299431e+00
-3.402448065194299431e+00
-3.402669388750998891e+00
-3.402448065194299431e+00
-3.402448065194299431e+00
-3.402448065194299431e+00
-3.402448065194299431e+00
-3.402456498738684498e+00
-3.402456498738684498e+00
-3.330887389684498157e+00
-3.330887389684498157e+00
-3.330887389684498157e+00
-3.652149814948524753e+00
-3.652149814948524753e+00
-3.652149814948524753e+00
-3.652149814948524753e+00
-3.165064760649409337e+00
-3.168364327906650235e+00
-3.168364327906650235e+00
-3.168364327906650235e+00
-3.168364327906650235e+00
-3.168364327906650235e+00
-3.090617305689970173e+00
-3.272128378683932581e+00
-3.184911397857374205e+00
-3.172088307586728106e+00
-3.030365557333251303e+00
-3.030365557333251303e+00
-3.030365557333251303e+00
-3.030365557333251303e+00
-3.030365557333251303e+00
-3.030365557333251303e+00
-3.030365557333251303e+00
-3.030365557333251303e+00
-3.030365557333251303e+00
-3.030365557333251303e+00
-3.030365557333251303e+00
-3.030365557333251303e+00
-3.030365557333251303e+00
-3.116440590663348331e+00
-3.116440590663348331e+00
-3.116440590663348331e+00
-3.116440590663348331e+00
-3.116440590663348331e+00
-3.116440590663348331e+00
-3.016154807110817071e+00
-3.016154807110817071e+00
-2.989595296505988209e+00
-2.989595296505988209e+00
-2.989595296505988209e+00
-3.031233756537647039e+00
-3.311382197057311849e+00
-3.311382197057311849e+00
-3.311382197057311849e+00
-3.311382197057311849e+00
-3.255052730640535241e+00
-3.255052730640535241e+00
-3.255052730640535241e+00
-3.255011474653138226e+00
-3.255011474653138226e+00
-3.254943778364425722e+00
-3.254842347898172950e+00
-3.236663729009391144e+00
-1.317018532616230475e+00
-3.235388896205456888e+00
-3.235388896205456888e+00
-3.257750553109221681e+00
-3.259152117012563465e+00
-3.259152117012563465e+00
-2.856789082003825087e+00
-3.058795263388872421e+00
-3.572254974117242465e+00
-3.572254974117242465e+00
-3.689543694884553471e+00
-3.357807035427931908e+00
-3.357807035427931908e+00
-3.669501490620308282e+00
-2.833617576905463675e+00
-4.162465637090329018e+00
-4.162457887346840302e+00
-3.050692906571163654e+00
-3.050692906571163654e+00
-3.050692906571163654e+00
-3.050692906571163654e+00
-3.050692906571163654e+00
-3.050692906571163654e+00
-3.050692906571163654e+00
-3.050692906571163654e+00
-3.050692906571163654e+00
-3.050692906571163654e+00
-3.050692906571163654e+00
-3.050692906571163654e+00
-3.050692906571163654e+00
-3.050692906571163654e+00
-3.050692906571163654e+00
-2.944978199770983629e+00
-2.944978199770983629e+00
-2.944978199770983629e+00
-2.944978199770983629e+00
-2.944978199770983629e+00
-2.940063950664454584e+00
-2.940063950664454584e+00
-2.940063950664454584e+00
-2.940063950664454584e+00
-2.940063950664454584e+00
-2.601440960316995010e+00
-2.586776850100457104e+00
-2.586776850100457104e+00
-2.924005570420799227e+00
-2.924005570420799227e+00
-2.924005570420799227e+00
-2.924005570420799227e+00
-2.924005570420799227e+00
-3.106885384875091471e+00
-3.106885384875091471e+00
-3.106885384875091471e+00
-3.106885384875091471e+00
-3.106885384875091471e+00
-3.106885384875091471e+00
-3.106885384875091471e+00
-3.106885384875091471e+00
-3.143997310908301035e+00
-3.108639334173548985e+00
-3.061152553011308619e+00
-3.247570809169207262e+00
-3.247570809169207262e+00
-3.247570809169207262e+00
-3.376193073921859966e+00
-3.259371617100206731e+00
-3.259371617100206731e+00
-3.394953835306842027e+00
-3.394953835306842027e+00
-3.395329014065160411e+00
-3.395329014065160411e+00
-3.395329014065160411e+00
-3.395329014065160411e+00
-3.395329014065160411e+00
-3.395329014065160411e+00
-3.395329014065160411e+00
-3.395329014065160411e+00
-3.395329014065160411e+00
-3.395329014065160411e+00
-3.395329014065160411e+00
-3.395329014065160411e+00
-3.395329014065160411e+00
-3.395329014065160411e+00
-3.395329014065160411e+00
-3.395329014065160411e+00
-3.395329014065160411e+00
-3.395329014065160411e+00
-3.395329014065160411e+00
-3.395316021848135080e+00
-3.395316021848135080e+00
-3.395316021848135080e+00
-3.411980705552985160e+00
-3.411980705552985160e+00
-3.411980705552985160e+00
-3.425338756058001533e+00
-3.425338756058001533e+00
-3.425338756058001533e+00
-3.425338756058001533e+00
-3.425338756058001533e+00
-3.425338756058001533e+00
-3.425338756058001533e+00
-3.425338756058001533e+00
-3.425338756058001533e+00
-3.425338756058001533e+00
-3.425338756058001533e+00
-3.425338756058001533e+00
-3.425338756058001533e+00
-3.425338756058001533e+00
-3.425338756058001533e+00
-3.471405510692705754e+00
-3.471405510692705754e+00
-3.471405510692705754e+00
-3.471405510692705754e+00
-3.471405510692705754e+00
-3.471405510692705754e+00
-3.471405510692705754e+00
-3.471405510692705754e+00
-3.471405510692705754e+00
-3.471405510692705754e+00
-3.471405510692705754e+00
-3.471405510692705754e+00
-3.471405510692705754e+00
-3.471405510692705754e+00
-3.471405510692705754e+00
-3.471405510692705754e+00
-3.471405510692705754e+00
-3.471405510692705754e+00
-3.471405510692705754e+00
-3.471405510692705754e+00
-3.471405510692705754e+00
-3.471405510692705754e+00
-3.471405510692705754e+00
-3.471405510692705754e+00
-3.471405510692705754e+00
-3.471405510692705754e+00
-3.471405510692705754e+00
-3.471405510692705754e+00
-3.471405510692705754e+00
-3.471405510692705754e+00
-3.170175716480378991e+00
-3.170175716480378991e+00
-3.170175716480378991e+00
-3.170175716480378991e+00
-3.170175716480378991e+00
-3.170175716480378991e+00
-3.170175716480378991e+00
-3.170175716480378991e+00
-3.170175716480378991e+00
-3.170175716480378991e+00
-3.170175716480378991e+00
-3.170175716480378991e+00
-2.020702307356474936e+00
-2.020702307356474936e+00
-2.020702307356474936e+00
-2.020702307356474936e+00
-1.837869675164012895e+00
-3.229131206271753207e+00
-3.229131206271753207e+00
-3.229131206271753207e+00
-3.229131206271753207e+00
-3.229131206271753207e+00
-3.229131206271753207e+00
-3.385461995068289376e+00
-3.385461995068289376e+00
-3.385461995068289376e+00
-3.385461995068289376e+00
-3.385461995068289376e+00
-3.125175919177199280e+00
-3.101551282018365718e+00
-3.101551282018365718e+00
-3.321974272937664896e+00
-3.321974272937664896e+00
-3.321928230343995203e+00
-3.321928230343995203e+00
-3.321928230343995203e+00
-3.321974272937664896e+00
-3.321974272937664896e+00
-3.321974272937664896e+00
-3.321974272937664896e+00
-3.321974272937664896e+00
-3.321974272937664896e+00
-3.309570808483583093e+00
-3.309570808483583093e+00
-3.309570808483583093e+00
-3.309570808483583093e+00
-3.520594044351668561e+00
-3.520594044351668561e+00
-3.520594044351668561e+00
-3.520594044351668561e+00
-3.520594044351668561e+00
-3.520594044351668561e+00
-3.520594044351668561e+00
-3.838528182720818638e+00
-3.672986367920388684e+00
-3.672986367920388684e+00
-3.282225382715520556e+00
-3.282225382715520556e+00
-3.282225382715520556e+00
-3.282225382715520556e+00
-3.282225382715520556e+00
-3.282225382715520556e+00
-3.282225382715520556e+00
-3.467718228327384633e+00
-3.467718228327384633e+00
-3.467718228327384633e+00
-3.467718228327384633e+00
-2.685640555722763612e+00
-2.685640555722763612e+00
-2.856753980224492562e+00
-2.856753980224492562e+00
-2.856753980224492562e+00
-2.856753980224492562e+00
-2.939627685692752568e+00
-2.939627685692752568e+00
-2.939627685692752568e+00
-2.939627685692752568e+00
-2.939627685692752568e+00
-2.939627685692752568e+00
-2.939627685692752568e+00
-2.948386491370702522e+00
-2.948386491370702522e+00
-2.948386491370702522e+00
-2.917735800004598090e+00
-2.917735800004598090e+00
-3.355685657114645171e+00
-3.355685657114645171e+00
-3.355685657114645171e+00
-3.355685657114645171e+00
-3.355685657114645171e+00
-3.355685657114645171e+00
-3.355685657114645171e+00
-3.208117548867803315e+00
-3.208117548867803315e+00
-3.212287366732128557e+00
-3.212287366732128557e+00
-3.212287366732128557e+00
-3.212287366732128557e+00
-3.212287366732128557e+00
-3.212287366732128557e+00
-3.212287366732128557e+00
-3.212287366732128557e+00
-3.212287366732128557e+00
-3.212287366732128557e+00
-3.603262153683838953e+00
-3.603262153683838953e+00
-3.603262153683838953e+00
-3.603262153683838953e+00
-3.603262153683838953e+00
-3.603262153683838953e+00
-3.603262153683838953e+00
-3.603262153683838953e+00
-3.603262153683838953e+00
-3.603262153683838953e+00
-3.603262153683838953e+00
-3.603262153683838953e+00
-3.603262153683838953e+00
-3.603113768889388613e+00
-3.603113768889388613e+00
-3.603113768889388613e+00
-3.603113768889388613e+00
-3.614714679025099020e+00
-3.614714679025099020e+00
-3.614863291753181773e+00
-3.614863291753181773e+00
-3.164454126449205429e+00
-3.168140497079998674e+00
-3.168140497079998674e+00
-3.168140497079998674e+00
-3.168140497079998674e+00
-3.168140497079998674e+00
-3.168140497079998674e+00
-3.305303207091117912e+00
-2.585489480946761454e+00
-2.585489480946761454e+00
-3.306400935462966206e+00
-3.306400935462966206e+00
-3.306400935462966206e+00
-3.306400935462966206e+00
-3.306400935462966206e+00
-3.306400935462966206e+00
-3.306400935462966206e+00
-3.306400935462966206e+00
-3.306400935462966206e+00
-3.306400935462966206e+00
-3.306400935462966206e+00
-3.306400935462966206e+00
-3.306400935462966206e+00
-3.306400935462966206e+00
-3.306400935462966206e+00
-3.306400935462966206e+00
-3.306400935462966206e+00
-3.306400935462966206e+00
-3.306232492508897280e+00
-3.306232492508897280e+00
-3.306232492508897280e+00
-3.306232492508897280e+00
-3.306232492508897280e+00
-3.306232492508897280e+00
-3.325705546493967546e+00
-2.384399136895203331e+00
-2.384399136895203331e+00
-2.384399136895203331e+00
-1.989007452022049094e+00
-2.691625181165297587e+00
-2.691625181165297587e+00
-2.691864967346191406e+00
-2.691864967346191406e+00
-2.691864967346191406e+00
-2.691864967346191406e+00
-3.384786399782957478e+00
-2.985939013114622842e+00
-2.985939013114622842e+00
-3.610102669914639240e+00
-3.794509867637152478e+00
-3.794509867637152478e+00
-3.794509867637152478e+00
-3.823933820195680955e+00
-3.823933820195680955e+00
-3.823933820195680955e+00
-3.823832161795796658e+00
-3.817110171053650802e+00
-3.722373431772848296e+00
-3.722373431772848296e+00
-3.722373431772848296e+00
-3.707569826173508609e+00
-3.903996192246504293e+00
-3.903996192246504293e+00
-3.903996192246504293e+00
-3.903996192246504293e+00
-3.903996192246504293e+00
-3.036942354351794826e+00
-3.095664668037604095e+00
-3.095664668037604095e+00
-3.095664668037604095e+00
-3.095664668037604095e+00
-3.110178114123371529e+00
-3.110178114123371529e+00
-3.110178114123371529e+00
-3.110178114123371529e+00
-3.110178114123371529e+00
-3.110178114123371529e+00
-3.662288302901142156e+00
-3.662288302901142156e+00
-3.662288302901142156e+00
-3.662288302901142156e+00
-3.662288302901142156e+00
-3.662288302901142156e+00
-3.634561088299431919e+00
-3.634561088299431919e+00
-3.662934266814310114e+00
-3.662934266814310114e+00
-3.121331818473042752e+00
-3.121331818473042752e+00
-3.121331818473042752e+00
-3.121331818473042752e+00
-3.121331818473042752e+00
-3.121331818473042752e+00
-3.121331818473042752e+00
-3.121331818473042752e+00
-3.496136537701404201e+00
-3.496136537701404201e+00
-3.496136537701404201e+00
-3.496136537701404201e+00
-3.496136537701404201e+00
-3.496136537701404201e+00
-3.496136537701404201e+00
-3.496136537701404201e+00
-3.652993853187925577e+00
-3.652993853187925577e+00
-3.652993853187925577e+00
-3.652993853187925577e+00
-3.652993853187925577e+00
-3.652993853187925577e+00
-3.652993853187925577e+00
-3.652993853187925577e+00
-3.652993853187925577e+00
-3.448113428703001748e+00
-3.448113428703001748e+00
-3.448113428703001748e+00
-3.448113428703001748e+00
-3.448113428703001748e+00
-3.448113428703001748e+00
-3.448113428703001748e+00
-3.448113428703001748e+00
-3.448113428703001748e+00
-3.448113428703001748e+00
-3.448113428703001748e+00
-3.448113428703001748e+00
-3.448113428703001748e+00
-3.448113428703001748e+00
-3.448113428703001748e+00
-3.448113428703001748e+00
-3.448113428703001748e+00
-3.448113428703001748e+00
-3.448113428703001748e+00
-3.448113428703001748e+00
-3.448113428703001748e+00
-3.448113428703001748e+00
-2.990536434472632621e+00
-3.466896299650290558e+00
-3.466896299650290558e+00
-3.466896299650290558e+00
-3.466896299650290558e+00
-3.466896299650290558e+00
-3.639445706033797467e+00
-3.639445706033797467e+00
-3.639445706033797467e+00
-3.639291167031282637e+00
-3.639291167031282637e+00
-3.639291167031282637e+00
-3.666115308582896581e+00
-3.666115308582896581e+00
-3.666115308582896581e+00
-3.666115308582896581e+00
-3.666115308582896581e+00
-3.666115308582896581e+00
-3.666115308582896581e+00
-3.666115308582896581e+00
-3.666115308582896581e+00
-3.318162766742888348e+00
-3.318162766742888348e+00
-3.318162766742888348e+00
-3.318162766742888348e+00
-3.318162766742888348e+00
-3.318162766742888348e+00
-3.318162766742888348e+00
-3.318162766742888348e+00
-3.318162766742888348e+00
-3.318162766742888348e+00
-3.318186927707883260e+00
-3.318186927707883260e+00
-3.318186927707883260e+00
-3.318186927707883260e+00
-3.318186927707883260e+00
-3.318186927707883260e+00
-3.318186927707883260e+00
-3.318186927707883260e+00
-3.318186927707883260e+00
-3.318186927707883260e+00
-3.318186927707883260e+00
-3.318186927707883260e+00
-3.318186927707883260e+00
-3.318186927707883260e+00
-3.318186927707883260e+00
-3.318186927707883260e+00
-3.318186927707883260e+00
-3.318186927707883260e+00
-3.318186927707883260e+00
-3.318186927707883260e+00
-3.318186927707883260e+00
-3.318186927707883260e+00
-3.318186927707883260e+00
-3.318186927707883260e+00
-3.318175303092650186e+00
-3.318175303092650186e+00
-3.318175303092650186e+00
-3.333989110549139046e+00
-3.333989110549139046e+00
-3.333989110549139046e+00
-3.249770596651912147e+00
-3.286211714006062934e+00
-3.286211714006062934e+00
-3.286211714006062934e+00
-4.071569351575570650e+00
-3.767748407834346391e+00
-3.767748407834346391e+00
-3.767748407834346391e+00
-3.767748407834346391e+00
-3.767748407834346391e+00
-3.767748407834346391e+00
-3.767748407834346391e+00
-3.762330197467402382e+00
-3.762330197467402382e+00
-3.758905950513442118e+00
-3.758905950513442118e+00
-3.758905950513442118e+00
-3.758905950513442118e+00
-3.758905950513442118e+00
-3.758905950513442118e+00
-3.758905950513442118e+00
-3.767748407834346391e+00
-3.767748407834346391e+00
-3.767748407834346391e+00
-3.767748407834346391e+00
-3.531320373141286773e+00
-3.531320373141286773e+00
-3.531320373141286773e+00
-3.531320373141286773e+00
-3.531320373141286773e+00
-3.531320373141286773e+00
-3.531320373141286773e+00
-3.531320373141286773e+00
-3.531320373141286773e+00
-3.585322865108686585e+00
-3.585322865108686585e+00
-3.585322865108686585e+00
-3.585322865108686585e+00
-3.584852865959444301e+00
-3.584852865959444301e+00
-3.584852865959444301e+00
-3.584852865959444301e+00
-3.584852865959444301e+00
-3.584852865959444301e+00
-3.584852865959444301e+00
-3.584852865959444301e+00
-3.584852865959444301e+00
-3.584852865959444301e+00
-3.584835087136146292e+00
-3.584835087136146292e+00
-3.584835087136146292e+00
-3.770952470899767484e+00
-3.771061651109509416e+00
-3.771061651109509416e+00
-3.742590005265594932e+00
-3.742590005265594932e+00
-3.742590005265594932e+00
-3.742576785114937188e+00
-3.742576785114937188e+00
-3.742576785114937188e+00
-3.742576785114937188e+00
-3.742576785114937188e+00
-3.742576785114937188e+00
-3.742576785114937188e+00
-3.742576785114937188e+00
-3.742576785114937188e+00
-3.742576785114937188e+00
-3.742576785114937188e+00
-3.742576785114937188e+00
-4.199705889758370780e+00
-4.199561835702928292e+00
-4.050647779358960143e+00
-4.050647779358960143e+00
-4.050647779358960143e+00
-4.050855654831369890e+00
-4.050855654831369890e+00
-4.050855654831369890e+00
-4.050855654831369890e+00
-4.050855654831369890e+00
-4.050868874982027634e+00
-4.050868874982027634e+00
-4.042647764742032024e+00
-4.042647764742032024e+00
-4.041529978210565588e+00
-4.041529978210565588e+00
-4.041529978210565588e+00
-4.041529978210565588e+00
-4.041529978210565588e+00
-4.041529978210565588e+00
-3.675179773261396665e+00
-3.675179773261396665e+00
-3.675179773261396665e+00
-3.675179773261396665e+00
-3.751307782889779840e+00
-3.751307782889779840e+00
-3.751307782889779840e+00
-3.751307782889779840e+00
-3.751307782889779840e+00
-3.751307782889779840e+00
-3.751307782889779840e+00
-3.751307782889779840e+00
-3.752393430779130679e+00
-3.752393430779130679e+00
-3.752393430779130679e+00
-3.752393430779130679e+00
-3.752393430779130679e+00
-3.752393430779130679e+00
-3.797764076101620034e+00
-3.797764076101620034e+00
-3.797764076101620034e+00
-3.797764076101620034e+00
-3.797764076101620034e+00
-3.799409984858496347e+00
-3.799409984858496347e+00
-3.799409984858496347e+00
-3.785683593604122432e+00
-3.785683593604122432e+00
-3.785683593604122432e+00
-3.785683593604122432e+00
-3.785683593604122432e+00
-3.782490471353038508e+00
-3.782490471353038508e+00
-3.782490471353038508e+00
-3.782490471353038508e+00
-3.782490471353038508e+00
-3.782490471353038508e+00
-3.782490471353038508e+00
-3.782490471353038508e+00
-3.782490471353038508e+00
-3.783266585370094415e+00
-3.783266585370094415e+00
-3.691976886406455272e+00
-3.691976886406455272e+00
-3.675431867858419910e+00
-3.675431867858419910e+00
-3.675431867858419910e+00
-3.676974294746354843e+00
-3.676974294746354843e+00
-3.676974294746354843e+00
-3.676974294746354843e+00
-3.676974294746354843e+00
-3.676974294746354843e+00
-3.676974294746354843e+00
-3.676974294746354843e+00
-3.676974294746354843e+00
