# Variable: dg_gbsa_00000335
# Sample shape: (2000,)
# Date: 2014-03-03 06:24:04.297782
-2.185197906785895761e+00
-2.185197906785895761e+00
-2.960361440596571025e+00
-6.432466707539603590e+00
-6.432466707539603590e+00
-6.432466707539603590e+00
-6.432466707539603590e+00
-6.432466707539603590e+00
-5.479613408075919345e+00
-5.479613408075919345e+00
-5.479613408075919345e+00
-5.479613408075919345e+00
-5.363519059540436729e+00
-5.363519059540436729e+00
-5.363519059540436729e+00
-5.363519059540436729e+00
-5.363519059540436729e+00
-5.363519059540436729e+00
-5.363519059540436729e+00
-5.363519059540436729e+00
-5.363519059540436729e+00
-5.363519059540436729e+00
-5.363519059540436729e+00
-5.359269920772165463e+00
-5.359269920772165463e+00
-5.359269920772165463e+00
-5.359269920772165463e+00
-5.359269920772165463e+00
-5.359269920772165463e+00
-5.359269920772165463e+00
-5.899901143907360535e+00
-5.839723018113787134e+00
-5.839723018113787134e+00
-6.205791725027401284e+00
-6.205791725027401284e+00
-6.205791725027401284e+00
-6.205791725027401284e+00
-5.876547975704273341e+00
-5.876547975704273341e+00
-5.562227953004563297e+00
-5.562227953004563297e+00
-5.562227953004563297e+00
-5.562227953004563297e+00
-5.562227953004563297e+00
-5.562227953004563297e+00
-5.565131827476602844e+00
-5.565131827476602844e+00
-5.565131827476602844e+00
-5.565131827476602844e+00
-5.565131827476602844e+00
-5.619406016333380549e+00
-5.619406016333380549e+00
-5.619406016333380549e+00
-5.619406016333380549e+00
-5.619406016333380549e+00
-5.373985316055910566e+00
-5.372005028660848502e+00
-5.372005028660848502e+00
-5.156622790013854818e+00
-5.156622790013854818e+00
-5.156622790013854818e+00
-5.156622790013854818e+00
-5.156622790013854818e+00
-5.156622790013854818e+00
-5.156622790013854818e+00
-5.156622790013854818e+00
-5.156622790013854818e+00
-5.156622790013854818e+00
-5.156622790013854818e+00
-5.156622790013854818e+00
-5.156622790013854818e+00
-4.937535262244608703e+00
-4.937535262244608703e+00
-4.937535262244608703e+00
-4.937535262244608703e+00
-4.937535262244608703e+00
-4.937535262244608703e+00
-4.937535262244608703e+00
-4.937535262244608703e+00
-5.599877118608463711e+00
-5.599877118608463711e+00
-5.599877118608463711e+00
-5.599877118608463711e+00
-5.599877118608463711e+00
-5.416043173970501279e+00
-5.416043173970501279e+00
-5.416043173970501279e+00
-5.416043173970501279e+00
-5.416043173970501279e+00
-5.273471143004087480e+00
-5.273471143004087480e+00
-5.273471143004087480e+00
-5.273471143004087480e+00
-5.273471143004087480e+00
-5.273471143004087480e+00
-5.273471143004087480e+00
-5.273471143004087480e+00
-5.273471143004087480e+00
-5.273471143004087480e+00
-5.273471143004087480e+00
-5.273471143004087480e+00
-5.273471143004087480e+00
-5.273471143004087480e+00
-5.273471143004087480e+00
-5.273471143004087480e+00
-5.273471143004087480e+00
-5.273471143004087480e+00
-5.273471143004087480e+00
-5.273471143004087480e+00
-5.273471143004087480e+00
-5.273471143004087480e+00
-5.273471143004087480e+00
-5.273471143004087480e+00
-5.273471143004087480e+00
-5.273471143004087480e+00
-5.273471143004087480e+00
-5.273471143004087480e+00
-5.273471143004087480e+00
-5.273471143004087480e+00
-5.273471143004087480e+00
-5.273471143004087480e+00
-5.273471143004087480e+00
-5.273471143004087480e+00
-5.273471143004087480e+00
-5.273471143004087480e+00
-5.273471143004087480e+00
-5.415858091861294632e+00
-5.415858091861294632e+00
-5.415858091861294632e+00
-5.415858091861294632e+00
-5.415858091861294632e+00
-5.608941583286963350e+00
-5.608941583286963350e+00
-5.608941583286963350e+00
-5.608941583286963350e+00
-5.608941583286963350e+00
-5.608941583286963350e+00
-5.608941583286963350e+00
-5.608941583286963350e+00
-5.594001901309303193e+00
-5.594001901309303193e+00
-5.594001901309303193e+00
-5.594001901309303193e+00
-5.594001901309303193e+00
-5.594001901309303193e+00
-5.594001901309303193e+00
-5.594001901309303193e+00
-5.594001901309303193e+00
-5.594001901309303193e+00
-5.594001901309303193e+00
-5.594001901309303193e+00
-5.594001901309303193e+00
-5.594001901309303193e+00
-5.594001901309303193e+00
-5.594001901309303193e+00
-5.594001901309303193e+00
-5.314549798035484329e+00
-5.314549798035484329e+00
-5.314549798035484329e+00
-5.314549798035484329e+00
-5.314549798035484329e+00
-5.314549798035484329e+00
-5.314549798035484329e+00
-5.314549798035484329e+00
-5.314549798035484329e+00
-5.314549798035484329e+00
-5.314549798035484329e+00
-5.314549798035484329e+00
-5.314549798035484329e+00
-5.314549798035484329e+00
-5.314549798035484329e+00
-5.314549798035484329e+00
-5.314549798035484329e+00
-5.331074986357533518e+00
-5.331074986357533518e+00
-5.331074986357533518e+00
-5.331074986357533518e+00
-5.331074986357533518e+00
-5.331074986357533518e+00
-5.331074986357533518e+00
-5.331074986357533518e+00
-5.331074986357533518e+00
-5.331074986357533518e+00
-5.331074986357533518e+00
-5.331074986357533518e+00
-5.331074986357533518e+00
-5.420491526733164811e+00
-5.420491526733164811e+00
-5.473346144929670309e+00
-5.473346144929670309e+00
-5.473346144929670309e+00
-5.473346144929670309e+00
-5.473346144929670309e+00
-5.473346144929670309e+00
-5.473346144929670309e+00
-5.473346144929670309e+00
-5.473346144929670309e+00
-5.473346144929670309e+00
-5.473346144929670309e+00
-5.473346144929670309e+00
-5.473346144929670309e+00
-5.472722518512441070e+00
-5.472722518512441070e+00
-5.472722518512441070e+00
-5.472722518512441070e+00
-5.472722518512441070e+00
-5.472722518512441070e+00
-5.472722518512441070e+00
-5.472722518512441070e+00
-5.580440306070885370e+00
-5.580440306070885370e+00
-5.064472413655676242e+00
-5.064472413655676242e+00
-5.064472413655676242e+00
-5.498831860194014709e+00
-5.498831860194014709e+00
-5.498831860194014709e+00
-5.498831860194014709e+00
-5.498831860194014709e+00
-5.498831860194014709e+00
-5.498831860194014709e+00
-5.498831860194014709e+00
-5.498831860194014709e+00
-5.498831860194014709e+00
-5.498831860194014709e+00
-5.524241901492525031e+00
-5.524241901492525031e+00
-5.524241901492525031e+00
-5.524241901492525031e+00
-5.524241901492525031e+00
-5.524241901492525031e+00
-5.460780163795952546e+00
-5.460780163795952546e+00
-5.460780163795952546e+00
-5.460780163795952546e+00
-5.460780163795952546e+00
-5.460780163795952546e+00
-5.460780163795952546e+00
-5.460780163795952546e+00
-5.460780163795952546e+00
-5.460780163795952546e+00
-5.460780163795952546e+00
-5.460780163795952546e+00
-5.460780163795952546e+00
-5.460780163795952546e+00
-5.460780163795952546e+00
-5.460780163795952546e+00
-5.460780163795952546e+00
-5.460780163795952546e+00
-5.460780163795952546e+00
-5.460780163795952546e+00
-5.460780163795952546e+00
-5.076572042578264998e+00
-5.158761719216808039e+00
-5.158761719216808039e+00
-5.158761719216808039e+00
-5.330621854297061368e+00
-5.330621854297061368e+00
-5.330621854297061368e+00
-5.330621854297061368e+00
-5.349118668536155141e+00
-5.349118668536155141e+00
-5.349118668536155141e+00
-5.349118668536155141e+00
-5.349118668536155141e+00
-5.349118668536155141e+00
-5.349118668536155141e+00
-5.346293203233532410e+00
-5.346293203233532410e+00
-5.346293203233532410e+00
-5.346293203233532410e+00
-5.346293203233532410e+00
-5.346293203233532410e+00
-5.346293203233532410e+00
-5.346293203233532410e+00
-5.346293203233532410e+00
-5.346293203233532410e+00
-5.346293203233532410e+00
-5.346293203233532410e+00
-5.346293203233532410e+00
-5.346293203233532410e+00
-5.346293203233532410e+00
-5.346293203233532410e+00
-5.346293203233532410e+00
-5.346293203233532410e+00
-5.346293203233532410e+00
-5.346293203233532410e+00
-5.346293203233532410e+00
-5.346293203233532410e+00
-5.236934749391748412e+00
-5.236934749391748412e+00
-5.236934749391748412e+00
-5.236934749391748412e+00
-5.236934749391748412e+00
-5.236934749391748412e+00
-5.236934749391748412e+00
-5.236934749391748412e+00
-5.236934749391748412e+00
-5.236934749391748412e+00
-5.236934749391748412e+00
-5.236934749391748412e+00
-5.236934749391748412e+00
-5.236934749391748412e+00
-5.236934749391748412e+00
-5.236934749391748412e+00
-5.236934749391748412e+00
-5.236934749391748412e+00
-5.236934749391748412e+00
-5.236934749391748412e+00
-5.236934749391748412e+00
-5.236934749391748412e+00
-5.424351354857931184e+00
-5.292651302272001423e+00
-5.292651302272001423e+00
-5.292651302272001423e+00
-5.292651302272001423e+00
-5.292651302272001423e+00
-5.292651302272001423e+00
-5.292651302272001423e+00
-5.292651302272001423e+00
-5.292651302272001423e+00
-5.292651302272001423e+00
-5.292651302272001423e+00
-5.292651302272001423e+00
-5.292651302272001423e+00
-5.292651302272001423e+00
-5.292651302272001423e+00
-5.292651302272001423e+00
-5.292651302272001423e+00
-5.283637438859811297e+00
-5.283637438859811297e+00
-5.283637438859811297e+00
-5.283637438859811297e+00
-5.283637438859811297e+00
-5.283637438859811297e+00
-4.893521733767215665e+00
-4.893521733767215665e+00
-4.893521733767215665e+00
-4.893521733767215665e+00
-5.167397212799830442e+00
-5.167397212799830442e+00
-5.167397212799830442e+00
-5.223366772011634573e+00
-5.223366772011634573e+00
-5.223366772011634573e+00
-5.223366772011634573e+00
-5.223366772011634573e+00
-5.070177136598079670e+00
-5.070177136598079670e+00
-5.070177136598079670e+00
-5.070177136598079670e+00
-5.070177136598079670e+00
-5.070177136598079670e+00
-5.070177136598079670e+00
-5.070177136598079670e+00
-5.070177136598079670e+00
-5.070177136598079670e+00
-5.070177136598079670e+00
-5.070177136598079670e+00
-5.115337171244575210e+00
-5.115337171244575210e+00
-5.115337171244575210e+00
-5.115337171244575210e+00
-5.115337171244575210e+00
-5.115337171244575210e+00
-5.168547821774309270e+00
-5.168547821774309270e+00
-4.968629512458640818e+00
-4.968629512458640818e+00
-4.968629512458640818e+00
-4.968629512458640818e+00
-4.968629512458640818e+00
-4.968629512458640818e+00
-4.968629512458640818e+00
-4.968629512458640818e+00
-4.968629512458640818e+00
-4.968629512458640818e+00
-4.968629512458640818e+00
-4.968629512458640818e+00
-4.968629512458640818e+00
-4.950931377666173638e+00
-4.950931377666173638e+00
-4.950931377666173638e+00
-4.950931377666173638e+00
-4.950931377666173638e+00
-4.950931377666173638e+00
-4.950931377666173638e+00
-4.950931377666173638e+00
-4.877759211377933113e+00
-4.877759211377933113e+00
-4.877759211377933113e+00
-4.877759211377933113e+00
-4.877759211377933113e+00
-4.877759211377933113e+00
-4.877759211377933113e+00
-4.877759211377933113e+00
-4.877759211377933113e+00
-4.877759211377933113e+00
-4.889156348846610101e+00
-5.029967820439238402e+00
-5.033875058759466725e+00
-5.033875058759466725e+00
-5.033875058759466725e+00
-5.033875058759466725e+00
-5.033875058759466725e+00
-5.033875058759466725e+00
-5.033875058759466725e+00
-5.033875058759466725e+00
-5.033875058759466725e+00
-5.033875058759466725e+00
-5.033875058759466725e+00
-5.033875058759466725e+00
-5.033875058759466725e+00
-5.033875058759466725e+00
-4.950587653749075834e+00
-4.950587653749075834e+00
-4.950587653749075834e+00
-4.950587653749075834e+00
-4.950587653749075834e+00
-4.950587653749075834e+00
-4.950587653749075834e+00
-4.950587653749075834e+00
-4.950587653749075834e+00
-4.950587653749075834e+00
-4.950587653749075834e+00
-4.950587653749075834e+00
-4.950587653749075834e+00
-4.950587653749075834e+00
-4.950587653749075834e+00
-4.950587653749075834e+00
-5.091999958395729386e+00
-5.091999958395729386e+00
-5.091999958395729386e+00
-5.091999958395729386e+00
-5.091999958395729386e+00
-5.091999958395729386e+00
-5.091999958395729386e+00
-5.091999958395729386e+00
-5.091999958395729386e+00
-5.091999958395729386e+00
-5.288853472095146557e+00
-5.288853472095146557e+00
-5.288853472095146557e+00
-5.288853472095146557e+00
-5.288853472095146557e+00
-5.277294045880465134e+00
-5.608143359707600695e+00
-5.608143359707600695e+00
-5.522291245469626908e+00
-5.522291245469626908e+00
-5.522291245469626908e+00
-5.522291245469626908e+00
-5.522291245469626908e+00
-5.522291245469626908e+00
-5.522291245469626908e+00
-5.522291245469626908e+00
-5.522291245469626908e+00
-5.522291245469626908e+00
-5.522291245469626908e+00
-5.466808096628572144e+00
-5.466808096628572144e+00
-5.466808096628572144e+00
-5.466808096628572144e+00
-5.466808096628572144e+00
-5.466808096628572144e+00
-5.466808096628572144e+00
-5.466808096628572144e+00
-5.466808096628572144e+00
-5.466808096628572144e+00
-5.466808096628572144e+00
-5.466808096628572144e+00
-5.466808096628572144e+00
-5.430631838154837965e+00
-5.430631838154837965e+00
-5.430631838154837965e+00
-5.430631838154837965e+00
-5.430631838154837965e+00
-5.430631838154837965e+00
-5.227189674888012227e+00
-5.227189674888012227e+00
-5.227189674888012227e+00
-5.227189674888012227e+00
-5.227189674888012227e+00
-5.227189674888012227e+00
-5.363260126934452643e+00
-5.363260126934452643e+00
-5.363260126934452643e+00
-5.363260126934452643e+00
-5.363260126934452643e+00
-5.374303511406221645e+00
-5.082934581982701872e+00
-5.082934581982701872e+00
-5.082934581982701872e+00
-5.082934581982701872e+00
-5.082934581982701872e+00
-5.082934581982701872e+00
-5.473462846949268545e+00
-5.473462846949268545e+00
-5.473462846949268545e+00
-5.473462846949268545e+00
-5.473462846949268545e+00
-5.473462846949268545e+00
-5.523962454859658422e+00
-5.523962454859658422e+00
-5.523962454859658422e+00
-5.523962454859658422e+00
-5.523962454859658422e+00
-5.523962454859658422e+00
-5.523962454859658422e+00
-5.523962454859658422e+00
-5.523962454859658422e+00
-5.523962454859658422e+00
-5.523962454859658422e+00
-5.523962454859658422e+00
-5.523962454859658422e+00
-5.523962454859658422e+00
-5.651572010485208963e+00
-5.370928726050411051e+00
-5.370928726050411051e+00
-5.263589764188397524e+00
-5.263589764188397524e+00
-5.263589764188397524e+00
-5.496849749329896895e+00
-5.496849749329896895e+00
-5.496849749329896895e+00
-5.496849749329896895e+00
-5.496849749329896895e+00
-5.452370324508637900e+00
-5.452370324508637900e+00
-5.452370324508637900e+00
-5.452370324508637900e+00
-5.827101877041117817e+00
-5.827101877041117817e+00
-5.827101877041117817e+00
-5.665536136517788535e+00
-5.665536136517788535e+00
-5.665536136517788535e+00
-5.665536136517788535e+00
-5.665536136517788535e+00
-5.665536136517788535e+00
-5.665536136517788535e+00
-5.665536136517788535e+00
-5.665536136517788535e+00
-5.834251699210580178e+00
-5.834251699210580178e+00
-5.834251699210580178e+00
-5.834251699210580178e+00
-5.834251699210580178e+00
-5.834251699210580178e+00
-5.834251699210580178e+00
-5.834251699210580178e+00
-5.834251699210580178e+00
-5.834251699210580178e+00
-5.834251699210580178e+00
-5.834251699210580178e+00
-5.834251699210580178e+00
-5.834251699210580178e+00
-5.834251699210580178e+00
-5.834251699210580178e+00
-5.834251699210580178e+00
-5.834251699210580178e+00
-5.834251699210580178e+00
-5.834251699210580178e+00
-5.834251699210580178e+00
-5.834251699210580178e+00
-5.834251699210580178e+00
-5.834251699210580178e+00
-5.834251699210580178e+00
-5.834251699210580178e+00
-5.834251699210580178e+00
-5.834251699210580178e+00
-5.834251699210580178e+00
-5.834251699210580178e+00
-5.834251699210580178e+00
-5.834251699210580178e+00
-5.834251699210580178e+00
-5.834251699210580178e+00
-5.834251699210580178e+00
-5.690715508980686899e+00
-5.690715508980686899e+00
-5.690715508980686899e+00
-5.690715508980686899e+00
-5.690715508980686899e+00
-5.690715508980686899e+00
-5.690715508980686899e+00
-5.690715508980686899e+00
-5.473414069152014783e+00
-5.473414069152014783e+00
-5.473414069152014783e+00
-5.473414069152014783e+00
-5.473414069152014783e+00
-5.473414069152014783e+00
-5.473414069152014783e+00
-5.473414069152014783e+00
-5.473414069152014783e+00
-5.473414069152014783e+00
-5.473414069152014783e+00
-5.473414069152014783e+00
-5.421951669579938127e+00
-5.421951669579938127e+00
-5.421951669579938127e+00
-5.421951669579938127e+00
-5.421951669579938127e+00
-5.421951669579938127e+00
-5.421951669579938127e+00
-5.421951669579938127e+00
-5.421951669579938127e+00
-5.421951669579938127e+00
-5.421951669579938127e+00
-5.421951669579938127e+00
-5.230148709299003329e+00
-5.230148709299003329e+00
-5.230148709299003329e+00
-5.230148709299003329e+00
-5.230148709299003329e+00
-5.230148709299003329e+00
-5.230148709299003329e+00
-5.230148709299003329e+00
-5.230148709299003329e+00
-5.230148709299003329e+00
-5.230148709299003329e+00
-5.230148709299003329e+00
-5.245133978003069686e+00
-5.245133978003069686e+00
-5.245133978003069686e+00
-5.245133978003069686e+00
-5.245133978003069686e+00
-5.245133978003069686e+00
-5.684610078713177472e+00
-5.684610078713177472e+00
-5.684610078713177472e+00
-5.684610078713177472e+00
-5.684610078713177472e+00
-5.684610078713177472e+00
-5.684610078713177472e+00
-5.684610078713177472e+00
-5.684610078713177472e+00
-5.684610078713177472e+00
-5.684610078713177472e+00
-5.684610078713177472e+00
-5.684610078713177472e+00
-5.684610078713177472e+00
-5.684610078713177472e+00
-5.539080380937565273e+00
-5.539080380937565273e+00
-5.539080380937565273e+00
-5.539080380937565273e+00
-5.539080380937565273e+00
-5.539080380937565273e+00
-5.539080380937565273e+00
-5.539080380937565273e+00
-5.539080380937565273e+00
-5.539080380937565273e+00
-5.539080380937565273e+00
-5.539080380937565273e+00
-5.531505690478002002e+00
-5.531505690478002002e+00
-5.531505690478002002e+00
-5.531505690478002002e+00
-5.672150314651984715e+00
-5.672150314651984715e+00
-5.672150314651984715e+00
-5.672150314651984715e+00
-5.672150314651984715e+00
-5.672150314651984715e+00
-5.672150314651984715e+00
-5.672150314651984715e+00
-5.672150314651984715e+00
-5.672150314651984715e+00
-5.672150314651984715e+00
-5.672150314651984715e+00
-5.672150314651984715e+00
-5.672150314651984715e+00
-5.672150314651984715e+00
-5.760754043695802906e+00
-5.760754043695802906e+00
-5.760754043695802906e+00
-5.760754043695802906e+00
-5.760754043695802906e+00
-5.760754043695802906e+00
-5.760754043695802906e+00
-5.760754043695802906e+00
-5.760754043695802906e+00
-5.760754043695802906e+00
-5.760754043695802906e+00
-5.760754043695802906e+00
-5.760754043695802906e+00
-5.760754043695802906e+00
-5.760754043695802906e+00
-5.760754043695802906e+00
-5.760754043695802906e+00
-5.760754043695802906e+00
-5.760754043695802906e+00
-5.760754043695802906e+00
-5.760754043695802906e+00
-5.760754043695802906e+00
-5.760754043695802906e+00
-5.760754043695802906e+00
-5.760754043695802906e+00
-5.760754043695802906e+00
-5.760754043695802906e+00
-5.760754043695802906e+00
-5.760754043695802906e+00
-5.760754043695802906e+00
-5.760754043695802906e+00
-5.760754043695802906e+00
-5.760754043695802906e+00
-5.760754043695802906e+00
-5.760754043695802906e+00
-5.760754043695802906e+00
-5.760754043695802906e+00
-5.760754043695802906e+00
-5.760754043695802906e+00
-5.760754043695802906e+00
-5.760754043695802906e+00
-5.760754043695802906e+00
-5.760754043695802906e+00
-5.760754043695802906e+00
-5.760754043695802906e+00
-5.760754043695802906e+00
-5.760754043695802906e+00
-5.760754043695802906e+00
-5.760754043695802906e+00
-5.760754043695802906e+00
-5.760754043695802906e+00
-5.760754043695802906e+00
-5.760754043695802906e+00
-5.760754043695802906e+00
-5.760754043695802906e+00
-5.760754043695802906e+00
-5.760754043695802906e+00
-5.760754043695802906e+00
-5.760754043695802906e+00
-5.760754043695802906e+00
-5.718803314588265962e+00
-5.718803314588265962e+00
-5.718803314588265962e+00
-5.718803314588265962e+00
-5.718803314588265962e+00
-5.718803314588265962e+00
-5.718803314588265962e+00
-5.718803314588265962e+00
-5.718803314588265962e+00
-5.718803314588265962e+00
-5.718803314588265962e+00
-5.718803314588265962e+00
-5.718803314588265962e+00
-5.732194415469925808e+00
-5.732194415469925808e+00
-5.732194415469925808e+00
-5.732194415469925808e+00
-5.732194415469925808e+00
-5.732194415469925808e+00
-5.732194415469925808e+00
-5.732194415469925808e+00
-5.732194415469925808e+00
-5.732194415469925808e+00
-5.732194415469925808e+00
-5.667972291176907262e+00
-5.615379340789969476e+00
-5.615379340789969476e+00
-5.615379340789969476e+00
-5.615379340789969476e+00
-5.615379340789969476e+00
-5.615379340789969476e+00
-5.615379340789969476e+00
-5.615379340789969476e+00
-5.615379340789969476e+00
-5.615379340789969476e+00
-5.615379340789969476e+00
-5.615379340789969476e+00
-5.615379340789969476e+00
-5.615379340789969476e+00
-5.615379340789969476e+00
-5.615379340789969476e+00
-5.615379340789969476e+00
-5.615379340789969476e+00
-5.615379340789969476e+00
-5.615379340789969476e+00
-5.615379340789969476e+00
-5.615379340789969476e+00
-5.615379340789969476e+00
-5.615379340789969476e+00
-5.649429434344143353e+00
-5.649429434344143353e+00
-5.649429434344143353e+00
-5.649429434344143353e+00
-5.649429434344143353e+00
-5.649429434344143353e+00
-5.649429434344143353e+00
-5.649429434344143353e+00
-5.649429434344143353e+00
-5.649429434344143353e+00
-5.649429434344143353e+00
-5.649429434344143353e+00
-5.649429434344143353e+00
-5.649429434344143353e+00
-5.649429434344143353e+00
-5.649429434344143353e+00
-5.649429434344143353e+00
-5.649429434344143353e+00
-5.649429434344143353e+00
-5.649429434344143353e+00
-5.983480759834011842e+00
-5.983480759834011842e+00
-5.983480759834011842e+00
-5.983480759834011842e+00
-5.983480759834011842e+00
-6.080019770343262131e+00
-6.080019770343262131e+00
-5.937699378106607639e+00
-5.937699378106607639e+00
-5.937699378106607639e+00
-5.912948065004658638e+00
-5.912948065004658638e+00
-5.912948065004658638e+00
-5.633532431111964556e+00
-5.633532431111964556e+00
-5.633532431111964556e+00
-5.633532431111964556e+00
-5.633532431111964556e+00
-5.633532431111964556e+00
-5.633532431111964556e+00
-5.633532431111964556e+00
-5.633532431111964556e+00
-5.633532431111964556e+00
-5.633532431111964556e+00
-5.633532431111964556e+00
-5.633532431111964556e+00
-5.633532431111964556e+00
-5.633532431111964556e+00
-5.633532431111964556e+00
-5.633532431111964556e+00
-5.633532431111964556e+00
-5.633532431111964556e+00
-5.821946474151903139e+00
-5.818900824960740792e+00
-5.818900824960740792e+00
-5.800313749003364272e+00
-5.800313749003364272e+00
-5.800313749003364272e+00
-5.800313749003364272e+00
-5.800313749003364272e+00
-5.800313749003364272e+00
-5.800313749003364272e+00
-5.800313749003364272e+00
-5.800313749003364272e+00
-5.800313749003364272e+00
-5.800313749003364272e+00
-5.800313749003364272e+00
-5.800313749003364272e+00
-5.800313749003364272e+00
-5.800313749003364272e+00
-5.800313749003364272e+00
-5.800313749003364272e+00
-5.800313749003364272e+00
-5.800313749003364272e+00
-5.800313749003364272e+00
-5.800313749003364272e+00
-5.800313749003364272e+00
-5.800313749003364272e+00
-5.800313749003364272e+00
-5.307238142987282359e+00
-5.307238142987282359e+00
-5.307238142987282359e+00
-5.401446760042674988e+00
-5.401446760042674988e+00
-5.401446760042674988e+00
-5.401446760042674988e+00
-5.401446760042674988e+00
-5.401446760042674988e+00
-5.733250659920744674e+00
-5.733250659920744674e+00
-5.733250659920744674e+00
-5.733250659920744674e+00
-5.733250659920744674e+00
-5.733250659920744674e+00
-5.733250659920744674e+00
-5.733250659920744674e+00
-5.733250659920744674e+00
-5.733250659920744674e+00
-5.733250659920744674e+00
-5.733250659920744674e+00
-5.206405774585147306e+00
-5.206405774585147306e+00
-5.206405774585147306e+00
-5.206405774585147306e+00
-5.206405774585147306e+00
-5.206405774585147306e+00
-5.206405774585147306e+00
-5.206405774585147306e+00
-5.206405774585147306e+00
-5.206405774585147306e+00
-5.206405774585147306e+00
-5.206405774585147306e+00
-5.206405774585147306e+00
-5.206405774585147306e+00
-5.206405774585147306e+00
-5.206405774585147306e+00
-5.206405774585147306e+00
-5.206405774585147306e+00
-5.206405774585147306e+00
-5.206405774585147306e+00
-5.470390301589527660e+00
-5.470390301589527660e+00
-5.470390301589527660e+00
-5.470390301589527660e+00
-5.470390301589527660e+00
-5.470390301589527660e+00
-5.470390301589527660e+00
-5.470390301589527660e+00
-5.470390301589527660e+00
-5.470390301589527660e+00
-5.470390301589527660e+00
-5.470390301589527660e+00
-5.470390301589527660e+00
-5.470390301589527660e+00
-5.470390301589527660e+00
-5.470390301589527660e+00
-5.470390301589527660e+00
-5.470390301589527660e+00
-5.470390301589527660e+00
-5.470390301589527660e+00
-5.470390301589527660e+00
-5.470390301589527660e+00
-5.470390301589527660e+00
-5.470390301589527660e+00
-5.470390301589527660e+00
-5.470390301589527660e+00
-5.470390301589527660e+00
-5.470390301589527660e+00
-5.470390301589527660e+00
-5.470390301589527660e+00
-5.470390301589527660e+00
-5.470390301589527660e+00
-5.470390301589527660e+00
-5.470390301589527660e+00
-5.470390301589527660e+00
-5.470390301589527660e+00
-5.470390301589527660e+00
-5.470390301589527660e+00
-5.470390301589527660e+00
-5.470390301589527660e+00
-5.470390301589527660e+00
-5.470390301589527660e+00
-5.444620581019676386e+00
-5.444620581019676386e+00
-5.444620581019676386e+00
-5.444620581019676386e+00
-5.444620581019676386e+00
-5.444620581019676386e+00
-5.444620581019676386e+00
-5.444620581019676386e+00
-5.444620581019676386e+00
-5.444620581019676386e+00
-5.444620581019676386e+00
-5.444620581019676386e+00
-5.444620581019676386e+00
-5.444620581019676386e+00
-5.595074556981628255e+00
-5.595074556981628255e+00
-5.595074556981628255e+00
-5.595074556981628255e+00
-5.595074556981628255e+00
-5.595074556981628255e+00
-5.595074556981628255e+00
-5.595074556981628255e+00
-5.595074556981628255e+00
-5.595074556981628255e+00
-5.595074556981628255e+00
-5.595074556981628255e+00
-5.595074556981628255e+00
-5.595074556981628255e+00
-5.595074556981628255e+00
-5.595074556981628255e+00
-5.595074556981628255e+00
-5.595074556981628255e+00
-5.595074556981628255e+00
-5.595074556981628255e+00
-5.595074556981628255e+00
-5.595074556981628255e+00
-5.595074556981628255e+00
-5.595074556981628255e+00
-5.595074556981628255e+00
-5.595074556981628255e+00
-5.595074556981628255e+00
-5.595074556981628255e+00
-5.595074556981628255e+00
-5.595074556981628255e+00
-5.595074556981628255e+00
-5.595074556981628255e+00
-5.595074556981628255e+00
-5.595074556981628255e+00
-5.595074556981628255e+00
-5.595074556981628255e+00
-5.595074556981628255e+00
-5.595074556981628255e+00
-5.595074556981628255e+00
-5.595074556981628255e+00
-5.595074556981628255e+00
-5.595074556981628255e+00
-5.615279961726405311e+00
-5.615279961726405311e+00
-5.615279961726405311e+00
-5.449727661978902127e+00
-5.449727661978902127e+00
-5.449727661978902127e+00
-5.449727661978902127e+00
-5.449727661978902127e+00
-5.449727661978902127e+00
-5.449727661978902127e+00
-5.449727661978902127e+00
-5.449727661978902127e+00
-5.449727661978902127e+00
-5.449727661978902127e+00
-5.449727661978902127e+00
-5.449727661978902127e+00
-5.449727661978902127e+00
-5.449727661978902127e+00
-5.465071242352516734e+00
-5.465071242352516734e+00
-5.465071242352516734e+00
-5.360926086542482594e+00
-5.360926086542482594e+00
-5.376843603801544802e+00
-5.710967412186398029e+00
-5.710967412186398029e+00
-5.710967412186398029e+00
-5.681592237425123315e+00
-5.681592237425123315e+00
-5.681592237425123315e+00
-5.681592237425123315e+00
-5.681592237425123315e+00
-5.692049832462580561e+00
-5.692049832462580561e+00
-5.692049832462580561e+00
-5.692049832462580561e+00
-5.692049832462580561e+00
-5.643472616804716679e+00
-5.711559583762407577e+00
-5.711559583762407577e+00
-5.711559583762407577e+00
-5.711559583762407577e+00
-5.711559583762407577e+00
-5.711559583762407577e+00
-5.711559583762407577e+00
-5.711559583762407577e+00
-5.228085454061883297e+00
-5.451699287895946711e+00
-5.451699287895946711e+00
-5.451699287895946711e+00
-5.474700526571182557e+00
-5.474700526571182557e+00
-5.474700526571182557e+00
-5.474700526571182557e+00
-5.570717113195823522e+00
-5.570717113195823522e+00
-5.570717113195823522e+00
-5.570717113195823522e+00
-5.570717113195823522e+00
-5.570717113195823522e+00
-5.570717113195823522e+00
-5.570717113195823522e+00
-5.570717113195823522e+00
-5.820469464216359690e+00
-5.554026445056922334e+00
-5.554026445056922334e+00
-5.554026445056922334e+00
-5.554026445056922334e+00
-5.554026445056922334e+00
-5.554026445056922334e+00
-5.183637939949107931e+00
-5.183637939949107931e+00
-5.183637939949107931e+00
-5.183637939949107931e+00
-5.183637939949107931e+00
-5.183637939949107931e+00
-5.183760112375875195e+00
-5.183760112375875195e+00
-5.183760112375875195e+00
-5.278965255270496648e+00
-5.278965255270496648e+00
-5.278965255270496648e+00
-5.925879651684149430e+00
-5.925879651684149430e+00
-5.925879651684149430e+00
-5.925879651684149430e+00
-5.835864557590812574e+00
-5.835864557590812574e+00
-5.831338251525995275e+00
-5.500772031269838713e+00
-5.445650841036444589e+00
-5.445650841036444589e+00
-5.445650841036444589e+00
-5.445650841036444589e+00
-5.445650841036444589e+00
-5.868267146852685912e+00
-5.868267146852685912e+00
-5.868267146852685912e+00
-5.868267146852685912e+00
-5.852127166368765288e+00
-5.752520625039678315e+00
-5.752520625039678315e+00
-5.752520625039678315e+00
-5.752520625039678315e+00
-5.752520625039678315e+00
-5.752520625039678315e+00
-5.871948275009942542e+00
-5.871948275009942542e+00
-5.871948275009942542e+00
-5.871948275009942542e+00
-5.871948275009942542e+00
-5.871948275009942542e+00
-5.871948275009942542e+00
-5.871948275009942542e+00
-5.871948275009942542e+00
-5.871948275009942542e+00
-5.871948275009942542e+00
-5.871948275009942542e+00
-5.871948275009942542e+00
-5.871948275009942542e+00
-5.871948275009942542e+00
-5.871948275009942542e+00
-5.871948275009942542e+00
-5.775068275787178074e+00
-5.775068275787178074e+00
-5.775068275787178074e+00
-5.775068275787178074e+00
-5.775068275787178074e+00
-5.775068275787178074e+00
-5.775068275787178074e+00
-5.775068275787178074e+00
-5.775068275787178074e+00
-5.775068275787178074e+00
-5.775068275787178074e+00
-5.775068275787178074e+00
-5.775068275787178074e+00
-5.775068275787178074e+00
-5.775068275787178074e+00
-5.775068275787178074e+00
-5.755535275256884020e+00
-5.755535275256884020e+00
-5.755535275256884020e+00
-5.755535275256884020e+00
-5.755535275256884020e+00
-5.755535275256884020e+00
-5.595668096159429616e+00
-5.892785511782702379e+00
-5.892785511782702379e+00
-5.892785511782702379e+00
-5.892785511782702379e+00
-5.892785511782702379e+00
-5.892785511782702379e+00
-5.892785511782702379e+00
-5.892785511782702379e+00
-5.892785511782702379e+00
-5.892785511782702379e+00
-5.892785511782702379e+00
-5.892785511782702379e+00
-5.892785511782702379e+00
-5.686019164426376449e+00
-5.686019164426376449e+00
-5.686019164426376449e+00
-5.686019164426376449e+00
-5.686019164426376449e+00
-5.686019164426376449e+00
-5.686019164426376449e+00
-5.686019164426376449e+00
-5.686019164426376449e+00
-5.477696486230561490e+00
-5.477696486230561490e+00
-5.477696486230561490e+00
-5.600246826959613067e+00
-5.600246826959613067e+00
-5.600246826959613067e+00
-5.600246826959613067e+00
-5.600246826959613067e+00
-5.600246826959613067e+00
-5.600246826959613067e+00
-5.600246826959613067e+00
-5.600246826959613067e+00
-5.600246826959613067e+00
-5.600246826959613067e+00
-5.600246826959613067e+00
-5.600246826959613067e+00
-5.600246826959613067e+00
-5.600246826959613067e+00
-5.600246826959613067e+00
-5.600246826959613067e+00
-5.799385147386481698e+00
-5.799385147386481698e+00
-5.799385147386481698e+00
-5.799385147386481698e+00
-5.799385147386481698e+00
-5.799385147386481698e+00
-5.799385147386481698e+00
-5.799385147386481698e+00
-5.799385147386481698e+00
-5.799385147386481698e+00
-5.799385147386481698e+00
-5.799385147386481698e+00
-5.799385147386481698e+00
-5.799385147386481698e+00
-5.799385147386481698e+00
-5.799385147386481698e+00
-5.799385147386481698e+00
-5.799385147386481698e+00
-5.818513793653557364e+00
-5.818513793653557364e+00
-5.818513793653557364e+00
-5.818513793653557364e+00
-5.818513793653557364e+00
-5.818513793653557364e+00
-5.814308874009899597e+00
-5.814308874009899597e+00
-5.771169698944966342e+00
-5.771169698944966342e+00
-5.771169698944966342e+00
-5.604847439388471741e+00
-5.604847439388471741e+00
-5.604847439388471741e+00
-5.636199710473959179e+00
-5.636199710473959179e+00
-5.636199710473959179e+00
-5.636199710473959179e+00
-5.562088001754498023e+00
-5.562088001754498023e+00
-5.562088001754498023e+00
-5.562088001754498023e+00
-5.562088001754498023e+00
-5.562088001754498023e+00
-5.562088001754498023e+00
-5.562088001754498023e+00
-5.562088001754498023e+00
-5.562088001754498023e+00
-5.562088001754498023e+00
-5.521120122468266445e+00
-5.521120122468266445e+00
-5.521120122468266445e+00
-5.564607580122938657e+00
-5.564607580122938657e+00
-5.564607580122938657e+00
-5.564607580122938657e+00
-5.564607580122938657e+00
-5.564607580122938657e+00
-5.532041334513268183e+00
-5.532041334513268183e+00
-5.532041334513268183e+00
-5.532041334513268183e+00
-5.543613069144079475e+00
-5.524997729416330827e+00
-5.524997729416330827e+00
-5.524997729416330827e+00
-5.524997729416330827e+00
-5.524997729416330827e+00
-5.524997729416330827e+00
-5.595297020206487559e+00
-5.595297020206487559e+00
-5.595297020206487559e+00
-5.595297020206487559e+00
-5.595297020206487559e+00
-5.719761091710048539e+00
-5.759370486549391543e+00
-5.759370486549391543e+00
-5.759370486549391543e+00
-5.759370486549391543e+00
-5.737466064511475672e+00
-5.737466064511475672e+00
-5.737466064511475672e+00
-5.737466064511475672e+00
-5.737466064511475672e+00
-5.737466064511475672e+00
-5.737466064511475672e+00
-5.737466064511475672e+00
-5.737466064511475672e+00
-5.737466064511475672e+00
-5.737466064511475672e+00
-5.737466064511475672e+00
-5.737466064511475672e+00
-5.737466064511475672e+00
-5.737466064511475672e+00
-5.737466064511475672e+00
-5.737466064511475672e+00
-5.737466064511475672e+00
-5.737466064511475672e+00
-5.693739276543174022e+00
-5.693739276543174022e+00
-5.693739276543174022e+00
-5.693739276543174022e+00
-5.693739276543174022e+00
-5.693739276543174022e+00
-5.693739276543174022e+00
-5.693739276543174022e+00
-5.693739276543174022e+00
-5.599450882716570987e+00
-5.599450882716570987e+00
-5.588658681107296466e+00
-5.588658681107296466e+00
-5.588658681107296466e+00
-5.588658681107296466e+00
-5.588658681107296466e+00
-5.588658681107296466e+00
-5.588658681107296466e+00
-5.493360085423543815e+00
-5.493360085423543815e+00
-5.493360085423543815e+00
-5.493360085423543815e+00
-5.493360085423543815e+00
-5.671042557200327572e+00
-5.760713927376566623e+00
-5.760713927376566623e+00
-5.760713927376566623e+00
-5.760713927376566623e+00
-5.760713927376566623e+00
-5.760713927376566623e+00
-5.441137755122285036e+00
-5.441137755122285036e+00
-5.441137755122285036e+00
-5.441137755122285036e+00
-5.441137755122285036e+00
-5.677580149634161799e+00
-5.677580149634161799e+00
-5.677580149634161799e+00
-5.677580149634161799e+00
-5.677580149634161799e+00
-5.677580149634161799e+00
-5.677580149634161799e+00
-5.677580149634161799e+00
-5.677580149634161799e+00
-5.677580149634161799e+00
-5.677580149634161799e+00
-5.677580149634161799e+00
-5.677580149634161799e+00
-5.609133047537866901e+00
-5.609133047537866901e+00
-5.609133047537866901e+00
-5.609133047537866901e+00
-5.609133047537866901e+00
-5.609133047537866901e+00
-5.609133047537866901e+00
-5.609133047537866901e+00
-5.527325843533867911e+00
-5.634983912480720392e+00
-5.634983912480720392e+00
-5.634983912480720392e+00
-5.634983912480720392e+00
-5.634983912480720392e+00
-5.634983912480720392e+00
-5.634983912480720392e+00
-5.634983912480720392e+00
-5.634983912480720392e+00
-5.634983912480720392e+00
-5.634983912480720392e+00
-5.634983912480720392e+00
-5.634983912480720392e+00
-5.608331177020391856e+00
-5.608331177020391856e+00
-5.608331177020391856e+00
-5.525920404758781324e+00
-5.525920404758781324e+00
-5.525920404758781324e+00
-5.525920404758781324e+00
-5.525920404758781324e+00
-5.525920404758781324e+00
-5.525920404758781324e+00
-5.525920404758781324e+00
-5.525920404758781324e+00
-5.525920404758781324e+00
-5.525920404758781324e+00
-5.525920404758781324e+00
-5.525920404758781324e+00
-5.525920404758781324e+00
-5.525920404758781324e+00
-5.525920404758781324e+00
-5.525920404758781324e+00
-5.525920404758781324e+00
-5.525920404758781324e+00
-5.525920404758781324e+00
-5.525920404758781324e+00
-5.525920404758781324e+00
-5.525920404758781324e+00
-5.525920404758781324e+00
-5.525920404758781324e+00
-5.525920404758781324e+00
-5.898793386455703391e+00
-5.898793386455703391e+00
-5.898793386455703391e+00
-5.898793386455703391e+00
-5.930235007524945701e+00
-5.930235007524945701e+00
-5.930235007524945701e+00
-5.930235007524945701e+00
-5.535889310089169513e+00
-5.535889310089169513e+00
-5.535889310089169513e+00
-5.417946419797937452e+00
-5.417946419797937452e+00
-5.623631905871184777e+00
-5.623631905871184777e+00
-5.611699580234505547e+00
-5.611699580234505547e+00
-5.611699580234505547e+00
-5.611699580234505547e+00
-5.611699580234505547e+00
-5.611699580234505547e+00
-5.611699580234505547e+00
-5.555084057109533013e+00
-5.555084057109533013e+00
-5.555084057109533013e+00
-5.555084057109533013e+00
-5.555084057109533013e+00
-5.555084057109533013e+00
-5.555084057109533013e+00
-5.813180146664095993e+00
-5.813180146664095993e+00
-5.813180146664095993e+00
-5.813180146664095993e+00
-5.896953506177971427e+00
-5.896953506177971427e+00
-5.896953506177971427e+00
-5.896953506177971427e+00
-5.896953506177971427e+00
-5.896953506177971427e+00
-5.896953506177971427e+00
-5.896953506177971427e+00
-5.896953506177971427e+00
-5.896953506177971427e+00
-5.896953506177971427e+00
-5.892970138024645088e+00
-5.892970138024645088e+00
-5.892970138024645088e+00
-5.892970138024645088e+00
-5.892970138024645088e+00
-5.892970138024645088e+00
-5.892970138024645088e+00
-5.892970138024645088e+00
-5.457952875024274064e+00
-5.457952875024274064e+00
-5.457952875024274064e+00
-5.475246199686258031e+00
-5.475246199686258031e+00
-5.950230713328257259e+00
-5.950230713328257259e+00
-5.950230713328257259e+00
-5.950230713328257259e+00
-5.950230713328257259e+00
-5.975332588356265795e+00
-5.975332588356265795e+00
-5.975332588356265795e+00
-5.975332588356265795e+00
-5.975332588356265795e+00
-5.975332588356265795e+00
-5.975332588356265795e+00
-5.975332588356265795e+00
-5.975332588356265795e+00
-5.975332588356265795e+00
-6.001601483580258467e+00
-6.001601483580258467e+00
-6.001601483580258467e+00
-6.001601483580258467e+00
-5.934673787075063878e+00
-5.995202930661961638e+00
-5.995202930661961638e+00
-5.995202930661961638e+00
-5.995202930661961638e+00
-5.995202930661961638e+00
-5.995202930661961638e+00
-5.995202930661961638e+00
-5.995202930661961638e+00
-5.995202930661961638e+00
-5.995202930661961638e+00
-5.995202930661961638e+00
-5.995202930661961638e+00
-5.995202930661961638e+00
-5.995202930661961638e+00
-5.995202930661961638e+00
-5.995202930661961638e+00
-5.995202930661961638e+00
-5.995202930661961638e+00
-5.995202930661961638e+00
-5.995202930661961638e+00
-5.995202930661961638e+00
-5.995202930661961638e+00
-5.617862905644549265e+00
-5.617862905644549265e+00
-5.617862905644549265e+00
-5.617862905644549265e+00
-5.602650159175719402e+00
-5.602650159175719402e+00
-5.602650159175719402e+00
-5.602650159175719402e+00
-5.602650159175719402e+00
-5.602650159175719402e+00
-5.602650159175719402e+00
-5.602650159175719402e+00
-5.602650159175719402e+00
-5.852474537223976370e+00
-5.852474537223976370e+00
-5.852474537223976370e+00
-5.631501998317856916e+00
-5.631501998317856916e+00
-5.631501998317856916e+00
-5.631501998317856916e+00
-5.631501998317856916e+00
-5.631501998317856916e+00
-5.524519980523599827e+00
-5.524519980523599827e+00
-5.524519980523599827e+00
-5.524519980523599827e+00
-5.524519980523599827e+00
-5.524519980523599827e+00
-5.524519980523599827e+00
-5.524519980523599827e+00
-5.524519980523599827e+00
-5.524519980523599827e+00
-5.524519980523599827e+00
-5.524519980523599827e+00
-5.524519980523599827e+00
-5.524519980523599827e+00
-5.524519980523599827e+00
-5.524519980523599827e+00
-5.524519980523599827e+00
-5.524519980523599827e+00
-5.524519980523599827e+00
-5.524519980523599827e+00
-5.524519980523599827e+00
-5.524519980523599827e+00
-5.524519980523599827e+00
-5.524519980523599827e+00
-5.524519980523599827e+00
-5.841869697060229072e+00
-5.841869697060229072e+00
-5.841869697060229072e+00
-5.841869697060229072e+00
-5.841869697060229072e+00
-5.841869697060229072e+00
-5.841869697060229072e+00
-5.841869697060229072e+00
-5.841869697060229072e+00
-5.841869697060229072e+00
-5.841869697060229072e+00
-5.841869697060229072e+00
-5.841869697060229072e+00
-5.841869697060229072e+00
-5.841869697060229072e+00
-5.841869697060229072e+00
-5.834057955623356939e+00
-5.778952264876939360e+00
-5.778952264876939360e+00
-5.778952264876939360e+00
-5.778952264876939360e+00
-5.778952264876939360e+00
-5.778952264876939360e+00
-5.778952264876939360e+00
-5.778952264876939360e+00
-5.778952264876939360e+00
-5.778952264876939360e+00
-5.778952264876939360e+00
-5.778952264876939360e+00
-5.778952264876939360e+00
-5.778952264876939360e+00
-5.778952264876939360e+00
-5.778952264876939360e+00
-5.778952264876939360e+00
-5.778952264876939360e+00
-5.778952264876939360e+00
-5.778952264876939360e+00
-5.778952264876939360e+00
-5.778952264876939360e+00
-5.778952264876939360e+00
-5.778952264876939360e+00
-5.778952264876939360e+00
-5.778952264876939360e+00
-5.778952264876939360e+00
-5.778952264876939360e+00
-5.778952264876939360e+00
-5.778952264876939360e+00
-5.694724861568063901e+00
-5.694724861568063901e+00
-5.694724861568063901e+00
-5.694724861568063901e+00
-5.694724861568063901e+00
-5.694724861568063901e+00
-5.694724861568063901e+00
-5.694724861568063901e+00
-5.694724861568063901e+00
-5.694724861568063901e+00
-5.521500315766489031e+00
-5.521500315766489031e+00
-5.521500315766489031e+00
-6.088441006312178772e+00
-6.088441006312178772e+00
-6.088441006312178772e+00
-6.088441006312178772e+00
-6.088441006312178772e+00
-6.088441006312178772e+00
-6.088441006312178772e+00
-6.088441006312178772e+00
-6.088441006312178772e+00
-5.947712958428873264e+00
-5.947712958428873264e+00
-5.947712958428873264e+00
-6.092120311000378763e+00
-6.092120311000378763e+00
-6.092120311000378763e+00
-6.092120311000378763e+00
-6.092120311000378763e+00
-6.092120311000378763e+00
-6.092120311000378763e+00
-6.092120311000378763e+00
-6.092120311000378763e+00
-5.872271029032894774e+00
-5.872271029032894774e+00
-5.872271029032894774e+00
-5.872271029032894774e+00
-5.872271029032894774e+00
-5.479807607530407410e+00
-5.479807607530407410e+00
-5.510010637243208720e+00
-5.510010637243208720e+00
-5.510010637243208720e+00
-5.510010637243208720e+00
-5.510010637243208720e+00
-5.510010637243208720e+00
-5.510010637243208720e+00
-5.510010637243208720e+00
-5.510010637243208720e+00
-5.510010637243208720e+00
-5.510010637243208720e+00
-5.507863958296766782e+00
-5.507863958296766782e+00
-5.507863958296766782e+00
-5.507863958296766782e+00
-5.507863958296766782e+00
-5.507863958296766782e+00
-5.507863958296766782e+00
-5.507863958296766782e+00
-5.507863958296766782e+00
-5.507863958296766782e+00
-5.507863958296766782e+00
-5.507863958296766782e+00
-5.507863958296766782e+00
-5.507863958296766782e+00
-5.507863958296766782e+00
-5.507863958296766782e+00
-5.507863958296766782e+00
-5.507863958296766782e+00
-5.507863958296766782e+00
-5.507863958296766782e+00
-5.507863958296766782e+00
-5.507863958296766782e+00
-5.507863958296766782e+00
-5.507863958296766782e+00
-5.507863958296766782e+00
-6.121441237557230686e+00
-6.121441237557230686e+00
-6.115814012049716197e+00
-6.115814012049716197e+00
-6.115814012049716197e+00
-6.115814012049716197e+00
-5.919036628183397042e+00
-5.919036628183397042e+00
-5.919036628183397042e+00
-5.919036628183397042e+00
-5.919036628183397042e+00
-5.919036628183397042e+00
-5.919036628183397042e+00
-5.919036628183397042e+00
-5.919036628183397042e+00
-5.919036628183397042e+00
-5.919036628183397042e+00
-5.919036628183397042e+00
-5.749756701817704041e+00
-5.749756701817704041e+00
-5.749756701817704041e+00
-5.749756701817704041e+00
-5.749756701817704041e+00
-5.749756701817704041e+00
-5.749756701817704041e+00
-5.749756701817704041e+00
-5.749756701817704041e+00
-5.749756701817704041e+00
-5.749756701817704041e+00
-5.749756701817704041e+00
-5.749756701817704041e+00
-5.749756701817704041e+00
-5.749756701817704041e+00
-5.749756701817704041e+00
-5.749756701817704041e+00
-5.749756701817704041e+00
-5.749756701817704041e+00
-5.749756701817704041e+00
-5.749756701817704041e+00
-5.749756701817704041e+00
-5.873539251761499713e+00
-5.873539251761499713e+00
-5.873539251761499713e+00
-5.873539251761499713e+00
-5.873539251761499713e+00
-5.707074305751355325e+00
-5.707074305751355325e+00
-5.707074305751355325e+00
-5.707074305751355325e+00
-5.707074305751355325e+00
-5.707074305751355325e+00
-5.707074305751355325e+00
-5.871616859508973718e+00
-5.871616859508973718e+00
-5.871616859508973718e+00
-5.871616859508973718e+00
-5.871616859508973718e+00
-5.676228959063498891e+00
-5.533529741130412738e+00
-5.533529741130412738e+00
-5.533529741130412738e+00
-5.533529741130412738e+00
-5.544886306412588617e+00
-5.544886306412588617e+00
-5.544886306412588617e+00
-5.544886306412588617e+00
-5.551679640381559366e+00
-5.551996468130078632e+00
-5.551996468130078632e+00
-5.591021897004165631e+00
-5.591021897004165631e+00
-5.591021897004165631e+00
-5.591021897004165631e+00
-5.562083898949121696e+00
-5.562083898949121696e+00
-5.562083898949121696e+00
-5.562083898949121696e+00
-5.562083898949121696e+00
-5.562083898949121696e+00
-5.562083898949121696e+00
-5.562083898949121696e+00
-5.562083898949121696e+00
-5.562083898949121696e+00
-5.562083898949121696e+00
-5.562083898949121696e+00
-5.562083898949121696e+00
-5.562083898949121696e+00
-5.562083898949121696e+00
-5.562083898949121696e+00
-5.562083898949121696e+00
-5.562083898949121696e+00
-5.562083898949121696e+00
-5.562083898949121696e+00
-5.562083898949121696e+00
-5.562083898949121696e+00
-5.562083898949121696e+00
-5.529478448754742814e+00
-5.529478448754742814e+00
-5.529478448754742814e+00
-5.529478448754742814e+00
-5.499625980968001038e+00
-5.499625980968001038e+00
-5.499625980968001038e+00
-5.647558099225191697e+00
-5.647558099225191697e+00
-5.647558099225191697e+00
-5.647558099225191697e+00
-5.647558099225191697e+00
-5.647558099225191697e+00
-5.669051784858193166e+00
-5.669051784858193166e+00
-5.669051784858193166e+00
-5.669051784858193166e+00
-5.669051784858193166e+00
-5.669051784858193166e+00
-5.669051784858193166e+00
-5.669051784858193166e+00
-5.669051784858193166e+00
-5.669051784858193166e+00
-5.669051784858193166e+00
-5.669051784858193166e+00
-5.669051784858193166e+00
-5.669051784858193166e+00
-5.669051784858193166e+00
-5.669051784858193166e+00
-5.669051784858193166e+00
-5.669051784858193166e+00
-5.669051784858193166e+00
-5.360486630499932126e+00
-5.360486630499932126e+00
-5.360486630499932126e+00
-5.360486630499932126e+00
-5.499652877136580464e+00
-5.499652877136580464e+00
-5.499652877136580464e+00
-5.499652877136580464e+00
-5.499652877136580464e+00
-5.577237838540888504e+00
-5.577237838540888504e+00
-5.577237838540888504e+00
-5.577237838540888504e+00
-5.689445006915761383e+00
-5.689445006915761383e+00
-5.689445006915761383e+00
-5.924282748658160180e+00
-5.696129388608622612e+00
-5.696129388608622612e+00
-5.696129388608622612e+00
-5.696129388608622612e+00
-5.696129388608622612e+00
-5.696129388608622612e+00
-5.696129388608622612e+00
-5.684408585382464629e+00
-5.684408585382464629e+00
-5.632328941534855637e+00
-5.632328941534855637e+00
-5.632328941534855637e+00
-5.632328941534855637e+00
-5.632328941534855637e+00
-5.632328941534855637e+00
-5.632328941534855637e+00
-5.643321724740314238e+00
-5.643321724740314238e+00
-5.643321724740314238e+00
-5.643321724740314238e+00
-5.643321724740314238e+00
-5.643321724740314238e+00
-5.643321724740314238e+00
-5.643321724740314238e+00
-5.643321724740314238e+00
-5.643321724740314238e+00
-5.643321724740314238e+00
-5.643321724740314238e+00
-5.643321724740314238e+00
-5.643321724740314238e+00
-5.643321724740314238e+00
-5.643321724740314238e+00
-5.643321724740314238e+00
-5.602503825783957225e+00
-5.602503825783957225e+00
-5.609228323796054738e+00
-5.609228323796054738e+00
-5.609228323796054738e+00
-5.609228323796054738e+00
-5.609228323796054738e+00
-5.711791620199812236e+00
-5.711791620199812236e+00
-5.711791620199812236e+00
-5.711791620199812236e+00
-5.711791620199812236e+00
-5.711791620199812236e+00
-5.698008017603799047e+00
-5.698008017603799047e+00
-5.698008017603799047e+00
-5.698008017603799047e+00
-5.698008017603799047e+00
-5.698008017603799047e+00
-5.698008017603799047e+00
-5.690837225540190225e+00
-5.690837225540190225e+00
-5.690837225540190225e+00
-5.690837225540190225e+00
-5.690837225540190225e+00
-5.690837225540190225e+00
-5.690837225540190225e+00
-5.690837225540190225e+00
-5.690837225540190225e+00
-5.690837225540190225e+00
-5.615744490468478567e+00
-5.615744490468478567e+00
-5.615744490468478567e+00
-5.615744490468478567e+00
-5.615744490468478567e+00
-5.615744490468478567e+00
-5.615744490468478567e+00
-5.615744490468478567e+00
-5.615744490468478567e+00
-5.615744490468478567e+00
-5.581848480049556471e+00
-5.581848480049556471e+00
-5.581848480049556471e+00
-5.581848480049556471e+00
-5.581848480049556471e+00
-5.581848480049556471e+00
-5.581848480049556471e+00
-5.581848480049556471e+00
-5.581848480049556471e+00
-5.581848480049556471e+00
-5.581848480049556471e+00
-5.581848480049556471e+00
-5.581848480049556471e+00
-5.581848480049556471e+00
-5.581848480049556471e+00
-5.581848480049556471e+00
-5.581848480049556471e+00
-5.581848480049556471e+00
-5.581848480049556471e+00
-5.902872942601745443e+00
-5.902872942601745443e+00
-5.902872942601745443e+00
-5.902872942601745443e+00
-5.902872942601745443e+00
-5.527732021266142048e+00
-5.527732021266142048e+00
-5.527732021266142048e+00
-5.527732021266142048e+00
-5.527732021266142048e+00
-5.527732021266142048e+00
-5.527732021266142048e+00
-5.527732021266142048e+00
-5.527732021266142048e+00
-5.527732021266142048e+00
-5.527732021266142048e+00
-5.527732021266142048e+00
-5.527732021266142048e+00
-5.676711266628870156e+00
-5.676711266628870156e+00
-5.676711266628870156e+00
-5.676711266628870156e+00
-5.450048592532797720e+00
-5.450048592532797720e+00
-5.450048592532797720e+00
-5.450048592532797720e+00
-5.450048592532797720e+00
-5.450048592532797720e+00
-5.450048592532797720e+00
-5.450048592532797720e+00
-5.450048592532797720e+00
-5.450048592532797720e+00
-5.450048592532797720e+00
-5.450048592532797720e+00
-5.450048592532797720e+00
-5.512343765900650006e+00
-5.512343765900650006e+00
-5.512343765900650006e+00
-5.512343765900650006e+00
-5.512343765900650006e+00
-5.512343765900650006e+00
-5.512343765900650006e+00
-5.512343765900650006e+00
-5.512343765900650006e+00
-5.512343765900650006e+00
-5.512343765900650006e+00
-5.512343765900650006e+00
-5.512343765900650006e+00
-5.512343765900650006e+00
-5.438545237991595727e+00
-5.438545237991595727e+00
-5.438545237991595727e+00
-5.438545237991595727e+00
-5.438545237991595727e+00
-5.438545237991595727e+00
-5.438545237991595727e+00
-5.438545237991595727e+00
-5.438545237991595727e+00
-5.438545237991595727e+00
-5.438545237991595727e+00
-5.438545237991595727e+00
-5.438545237991595727e+00
-5.438545237991595727e+00
-5.438545237991595727e+00
-5.438545237991595727e+00
-5.622059619677454378e+00
-5.622059619677454378e+00
-5.622059619677454378e+00
-5.622059619677454378e+00
-5.622059619677454378e+00
-5.622059619677454378e+00
-5.601105680885095417e+00
-5.601105680885095417e+00
-5.601105680885095417e+00
-5.601105680885095417e+00
-5.601105680885095417e+00
-5.610095839199554568e+00
-5.610095839199554568e+00
-5.575590790115851902e+00
-5.500650770577600213e+00
-5.500650770577600213e+00
-5.500650770577600213e+00
-5.529645296173387514e+00
-5.529645296173387514e+00
-5.529645296173387514e+00
-5.761510783354137466e+00
-5.761510783354137466e+00
-5.761510783354137466e+00
-5.774198025180094618e+00
-5.774198025180094618e+00
-5.951273281761154443e+00
-5.951273281761154443e+00
-5.951273281761154443e+00
-5.951273281761154443e+00
-5.797760892324648196e+00
-5.669447477643394073e+00
-5.669447477643394073e+00
-5.669447477643394073e+00
-5.669447477643394073e+00
-5.669447477643394073e+00
-5.669447477643394073e+00
-5.669447477643394073e+00
-5.669447477643394073e+00
-5.669447477643394073e+00
-5.669447477643394073e+00
-5.669447477643394073e+00
-5.669447477643394073e+00
-5.669447477643394073e+00
-5.669447477643394073e+00
