# Variable: dg_gbsa_00000416
# Sample shape: (2000,)
# Date: 2014-03-03 06:24:07.779729
-2.004442205848474767e+00
-2.004442205848474767e+00
-2.577667026629183233e+00
-4.678951394717506318e+00
-4.678951394717506318e+00
-4.678951394717506318e+00
-4.678951394717506318e+00
-4.678951394717506318e+00
-3.994864213990891422e+00
-3.994864213990891422e+00
-3.994864213990891422e+00
-3.994864213990891422e+00
-3.463582828441495565e+00
-3.463582828441495565e+00
-3.463582828441495565e+00
-3.463582828441495565e+00
-3.463582828441495565e+00
-3.463582828441495565e+00
-3.463582828441495565e+00
-3.463582828441495565e+00
-3.463582828441495565e+00
-3.463582828441495565e+00
-3.463582828441495565e+00
-3.444660690045037388e+00
-3.444660690045037388e+00
-3.444660690045037388e+00
-3.444660690045037388e+00
-3.444660690045037388e+00
-3.444660690045037388e+00
-3.444660690045037388e+00
-3.810146798595187345e+00
-3.872116482736503329e+00
-3.872116482736503329e+00
-4.138004255568319856e+00
-4.138004255568319856e+00
-4.138004255568319856e+00
-4.138004255568319856e+00
-3.911046635352402490e+00
-3.877138772384614018e+00
-4.211380194523593801e+00
-4.211380194523593801e+00
-4.211380194523593801e+00
-4.211380194523593801e+00
-4.211380194523593801e+00
-4.211380194523593801e+00
-4.225321983060235098e+00
-4.225321983060235098e+00
-4.225321983060235098e+00
-4.225321983060235098e+00
-4.225321983060235098e+00
-4.264982435033152441e+00
-4.413692262842823233e+00
-4.413692262842823233e+00
-4.413692262842823233e+00
-4.413692262842823233e+00
-4.413692262842823233e+00
-4.403872881975045672e+00
-4.403872881975045672e+00
-3.393171622238013274e+00
-3.393171622238013274e+00
-3.393171622238013274e+00
-3.393171622238013274e+00
-3.393171622238013274e+00
-3.393171622238013274e+00
-3.393171622238013274e+00
-3.393171622238013274e+00
-3.393171622238013274e+00
-3.393171622238013274e+00
-3.393171622238013274e+00
-3.393171622238013274e+00
-3.393171622238013274e+00
-3.627248977383965123e+00
-3.627248977383965123e+00
-3.627248977383965123e+00
-3.627248977383965123e+00
-3.627248977383965123e+00
-3.627248977383965123e+00
-3.627248977383965123e+00
-3.627248977383965123e+00
-4.379848221292003352e+00
-4.379848221292003352e+00
-4.379848221292003352e+00
-4.338634629550444544e+00
-4.099299301380864513e+00
-3.966054770504311211e+00
-3.966054770504311211e+00
-3.966054770504311211e+00
-3.966054770504311211e+00
-3.966054770504311211e+00
-3.809440432269532106e+00
-3.809440432269532106e+00
-3.809440432269532106e+00
-3.809440432269532106e+00
-4.008966923671744453e+00
-4.008966923671744453e+00
-4.008966923671744453e+00
-4.008966923671744453e+00
-4.008966923671744453e+00
-4.008966923671744453e+00
-4.008966923671744453e+00
-4.008966923671744453e+00
-4.008966923671744453e+00
-4.008966923671744453e+00
-4.008966923671744453e+00
-4.008966923671744453e+00
-4.008966923671744453e+00
-4.008966923671744453e+00
-4.008966923671744453e+00
-4.008966923671744453e+00
-4.008966923671744453e+00
-4.112247299281862389e+00
-4.112247299281862389e+00
-4.112247299281862389e+00
-4.112247299281862389e+00
-4.112247299281862389e+00
-4.112247299281862389e+00
-4.112247299281862389e+00
-4.112247299281862389e+00
-4.112247299281862389e+00
-4.112247299281862389e+00
-4.112247299281862389e+00
-4.112247299281862389e+00
-4.112247299281862389e+00
-4.112247299281862389e+00
-4.112247299281862389e+00
-4.112247299281862389e+00
-4.218232791236891543e+00
-4.218232791236891543e+00
-4.218232791236891543e+00
-4.218232791236891543e+00
-4.218232791236891543e+00
-4.218232791236891543e+00
-4.218232791236891543e+00
-4.218232791236891543e+00
-4.218232791236891543e+00
-4.218232791236891543e+00
-4.218232791236891543e+00
-4.218232791236891543e+00
-4.218232791236891543e+00
-4.234703275487254004e+00
-4.234703275487254004e+00
-4.234703275487254004e+00
-4.234703275487254004e+00
-4.234703275487254004e+00
-4.234703275487254004e+00
-4.234703275487254004e+00
-4.234703275487254004e+00
-4.234703275487254004e+00
-4.234703275487254004e+00
-4.234703275487254004e+00
-4.234703275487254004e+00
-4.234703275487254004e+00
-4.234703275487254004e+00
-4.234703275487254004e+00
-4.234703275487254004e+00
-4.234703275487254004e+00
-4.030431433799845919e+00
-4.030431433799845919e+00
-4.030431433799845919e+00
-4.030431433799845919e+00
-4.030431433799845919e+00
-4.030431433799845919e+00
-4.030431433799845919e+00
-4.030431433799845919e+00
-4.030431433799845919e+00
-4.030431433799845919e+00
-4.030431433799845919e+00
-4.030431433799845919e+00
-4.030431433799845919e+00
-4.030431433799845919e+00
-4.030431433799845919e+00
-4.030431433799845919e+00
-4.030431433799845919e+00
-4.012245065167574509e+00
-4.012245065167574509e+00
-4.012245065167574509e+00
-4.012245065167574509e+00
-4.012245065167574509e+00
-4.012245065167574509e+00
-4.012245065167574509e+00
-4.012245065167574509e+00
-4.012245065167574509e+00
-4.012245065167574509e+00
-3.895059826269204439e+00
-3.895059826269204439e+00
-3.895059826269204439e+00
-3.959197159251108822e+00
-3.959197159251108822e+00
-3.997179107957770317e+00
-3.997179107957770317e+00
-3.997179107957770317e+00
-3.997179107957770317e+00
-3.997179107957770317e+00
-3.997179107957770317e+00
-3.997179107957770317e+00
-4.056659300970073545e+00
-4.056659300970073545e+00
-4.056659300970073545e+00
-4.056659300970073545e+00
-4.056659300970073545e+00
-4.056659300970073545e+00
-4.053737647674735101e+00
-4.052468057344338348e+00
-4.052468057344338348e+00
-4.052468057344338348e+00
-3.915040488452801615e+00
-3.915040488452801615e+00
-3.976733917032099441e+00
-3.976733917032099441e+00
-4.097219634922239173e+00
-4.154477019155002893e+00
-3.782772881123121156e+00
-3.782772881123121156e+00
-3.782772881123121156e+00
-4.095345564599702115e+00
-4.095345564599702115e+00
-4.095345564599702115e+00
-4.095345564599702115e+00
-4.095345564599702115e+00
-4.095345564599702115e+00
-4.095345564599702115e+00
-4.095345564599702115e+00
-4.095345564599702115e+00
-4.095345564599702115e+00
-4.095345564599702115e+00
-4.113743911509759599e+00
-4.113743911509759599e+00
-4.113743911509759599e+00
-4.113743911509759599e+00
-4.029522434475317105e+00
-4.029522434475317105e+00
-3.740474097359476335e+00
-3.740474097359476335e+00
-3.740474097359476335e+00
-3.740474097359476335e+00
-3.740474097359476335e+00
-3.740474097359476335e+00
-3.740474097359476335e+00
-3.740474097359476335e+00
-3.740474097359476335e+00
-3.740474097359476335e+00
-3.740474097359476335e+00
-3.637272130918776103e+00
-3.637272130918776103e+00
-3.637272130918776103e+00
-3.637272130918776103e+00
-3.598060936134586107e+00
-3.598060936134586107e+00
-3.598060936134586107e+00
-3.598060936134586107e+00
-3.598060936134586107e+00
-3.598060936134586107e+00
-3.335882555230397450e+00
-3.391700538576902790e+00
-3.391700538576902790e+00
-3.391700538576902790e+00
-3.508892615484233701e+00
-3.508892615484233701e+00
-3.508892615484233701e+00
-3.508892615484233701e+00
-3.590327831800763203e+00
-3.590327831800763203e+00
-3.590327831800763203e+00
-3.753601251095248337e+00
-3.753601251095248337e+00
-3.753601251095248337e+00
-3.753601251095248337e+00
-3.751615037425753751e+00
-3.751615037425753751e+00
-3.751615037425753751e+00
-3.751615037425753751e+00
-3.751615037425753751e+00
-3.751615037425753751e+00
-3.751615037425753751e+00
-3.751615037425753751e+00
-3.680799932826317455e+00
-3.680799932826317455e+00
-3.680799932826317455e+00
-3.680799932826317455e+00
-3.680799932826317455e+00
-3.680799932826317455e+00
-3.680799932826317455e+00
-3.680799932826317455e+00
-3.680799932826317455e+00
-3.680799932826317455e+00
-3.680799932826317455e+00
-3.680799932826317455e+00
-3.680799932826317455e+00
-3.680799932826317455e+00
-3.680799932826317455e+00
-3.679687388768387191e+00
-3.679687388768387191e+00
-3.679687388768387191e+00
-3.679687388768387191e+00
-3.679687388768387191e+00
-3.679687388768387191e+00
-3.679687388768387191e+00
-3.679687388768387191e+00
-3.679687388768387191e+00
-3.679687388768387191e+00
-3.679687388768387191e+00
-3.679687388768387191e+00
-3.679687388768387191e+00
-3.763656999139439296e+00
-3.763656999139439296e+00
-3.763656999139439296e+00
-3.763656999139439296e+00
-3.763656999139439296e+00
-3.763656999139439296e+00
-3.796711250655281589e+00
-3.796711250655281589e+00
-3.966507902564783361e+00
-3.872202641649410193e+00
-3.872202641649410193e+00
-3.965561066257337952e+00
-3.965561066257337952e+00
-3.965561066257337952e+00
-3.965561066257337952e+00
-3.965561066257337952e+00
-3.965561066257337952e+00
-3.965561066257337952e+00
-3.965561066257337952e+00
-3.965561066257337952e+00
-3.965561066257337952e+00
-3.645910359705383019e+00
-3.645910359705383019e+00
-3.645910359705383019e+00
-3.645910359705383019e+00
-3.645910359705383019e+00
-3.639635574749277236e+00
-3.639635574749277236e+00
-3.639635574749277236e+00
-3.639635574749277236e+00
-3.639635574749277236e+00
-3.639635574749277236e+00
-4.083294713474368010e+00
-4.083294713474368010e+00
-4.083294713474368010e+00
-4.083294713474368010e+00
-4.412020597585528670e+00
-4.412020597585528670e+00
-4.412020597585528670e+00
-4.347484836614838422e+00
-4.347484836614838422e+00
-4.347484836614838422e+00
-4.347484836614838422e+00
-4.347484836614838422e+00
-3.636754493640439900e+00
-3.636754493640439900e+00
-3.636754493640439900e+00
-3.636754493640439900e+00
-3.636754493640439900e+00
-3.636754493640439900e+00
-3.636754493640439900e+00
-3.636754493640439900e+00
-3.636754493640439900e+00
-3.636754493640439900e+00
-3.636754493640439900e+00
-3.636754493640439900e+00
-3.685562606067547708e+00
-3.685562606067547708e+00
-3.685562606067547708e+00
-3.685562606067547708e+00
-3.685562606067547708e+00
-3.685562606067547708e+00
-3.922556372035301830e+00
-3.922556372035301830e+00
-3.777028497728744938e+00
-3.777028497728744938e+00
-3.777028497728744938e+00
-3.777028497728744938e+00
-3.777028497728744938e+00
-3.777028497728744938e+00
-3.777028497728744938e+00
-3.777028497728744938e+00
-3.777028497728744938e+00
-3.777028497728744938e+00
-3.777028497728744938e+00
-3.777028497728744938e+00
-3.777028497728744938e+00
-3.777028497728744938e+00
-3.777028497728744938e+00
-3.777028497728744938e+00
-3.777028497728744938e+00
-3.777028497728744938e+00
-3.777028497728744938e+00
-3.777028497728744938e+00
-3.623839546116086385e+00
-3.822721441206922588e+00
-3.822721441206922588e+00
-3.822721441206922588e+00
-3.822721441206922588e+00
-3.822721441206922588e+00
-3.822721441206922588e+00
-3.822721441206922588e+00
-3.822721441206922588e+00
-3.822721441206922588e+00
-3.822721441206922588e+00
-3.875954885099859304e+00
-4.037983786763470029e+00
-4.037983786763470029e+00
-4.037983786763470029e+00
-4.037983786763470029e+00
-4.037983786763470029e+00
-4.037983786763470029e+00
-4.037983786763470029e+00
-4.037983786763470029e+00
-4.037983786763470029e+00
-4.037983786763470029e+00
-4.037983786763470029e+00
-4.037983786763470029e+00
-4.037983786763470029e+00
-4.293443140062729313e+00
-4.293443140062729313e+00
-4.229862876877501954e+00
-4.229862876877501954e+00
-4.229862876877501954e+00
-4.150486812992715713e+00
-4.150486812992715713e+00
-3.970124753437807907e+00
-3.970124753437807907e+00
-3.970124753437807907e+00
-3.970124753437807907e+00
-3.970124753437807907e+00
-3.970124753437807907e+00
-3.970124753437807907e+00
-3.970124753437807907e+00
-3.970124753437807907e+00
-4.050797759688834709e+00
-4.050797759688834709e+00
-4.156841602653663870e+00
-4.156841602653663870e+00
-4.156841602653663870e+00
-4.156841602653663870e+00
-4.156841602653663870e+00
-4.156841602653663870e+00
-4.012324386071520088e+00
-4.012324386071520088e+00
-4.012324386071520088e+00
-4.012324386071520088e+00
-4.012324386071520088e+00
-4.090016476282881897e+00
-4.090016476282881897e+00
-4.090016476282881897e+00
-4.090016476282881897e+00
-4.036174449592429880e+00
-4.036174449592429880e+00
-4.036174449592429880e+00
-3.760045390739951365e+00
-3.760045390739951365e+00
-3.760045390739951365e+00
-3.760045390739951365e+00
-3.760045390739951365e+00
-3.847852491739830683e+00
-3.847852491739830683e+00
-3.847852491739830683e+00
-3.847852491739830683e+00
-3.847852491739830683e+00
-3.763431572777363066e+00
-3.521777247835527369e+00
-3.521777247835527369e+00
-3.521777247835527369e+00
-3.521777247835527369e+00
-3.521777247835527369e+00
-3.521777247835527369e+00
-3.521777247835527369e+00
-3.521777247835527369e+00
-3.521777247835527369e+00
-3.521777247835527369e+00
-3.521777247835527369e+00
-3.521777247835527369e+00
-3.521777247835527369e+00
-3.643822715569636550e+00
-3.643822715569636550e+00
-3.643822715569636550e+00
-3.643822715569636550e+00
-3.643822715569636550e+00
-3.643822715569636550e+00
-3.643822715569636550e+00
-3.643822715569636550e+00
-3.643822715569636550e+00
-3.643822715569636550e+00
-3.726531169154675638e+00
-3.726531169154675638e+00
-3.726531169154675638e+00
-3.726531169154675638e+00
-3.726531169154675638e+00
-3.726531169154675638e+00
-3.726531169154675638e+00
-3.775295518324434330e+00
-4.094881491724892797e+00
-4.094881491724892797e+00
-4.094881491724892797e+00
-4.094881491724892797e+00
-4.094881491724892797e+00
-4.094881491724892797e+00
-3.671562010653843799e+00
-3.671562010653843799e+00
-3.671562010653843799e+00
-3.671562010653843799e+00
-3.671562010653843799e+00
-3.671562010653843799e+00
-3.895500649913546720e+00
-3.895500649913546720e+00
-3.895500649913546720e+00
-3.800856451687347537e+00
-3.800856451687347537e+00
-3.800856451687347537e+00
-3.800856451687347537e+00
-3.800856451687347537e+00
-3.800856451687347537e+00
-3.800856451687347537e+00
-3.502236953429008537e+00
-3.502270459672916836e+00
-3.502270459672916836e+00
-3.502270459672916836e+00
-3.586752236915136116e+00
-3.401448348284223488e+00
-3.401448348284223488e+00
-3.331062214780263986e+00
-3.331062214780263986e+00
-3.331062214780263986e+00
-3.484368324279785156e+00
-3.484368324279785156e+00
-3.484368324279785156e+00
-3.484368324279785156e+00
-3.484059702142018544e+00
-3.454811258480152247e+00
-3.454811258480152247e+00
-3.454811258480152247e+00
-3.552793772681037243e+00
-3.876172789652078343e+00
-3.876172789652078343e+00
-3.877312457812219559e+00
-3.767596376101783662e+00
-3.767596376101783662e+00
-3.767596376101783662e+00
-3.767596376101783662e+00
-3.767596376101783662e+00
-3.767596376101783662e+00
-3.767596376101783662e+00
-3.767596376101783662e+00
-3.767596376101783662e+00
-3.882296454610149716e+00
-3.882296454610149716e+00
-3.882296454610149716e+00
-3.882296454610149716e+00
-3.882296454610149716e+00
-3.882296454610149716e+00
-3.882296454610149716e+00
-3.882296454610149716e+00
-3.554593080772268543e+00
-3.554593080772268543e+00
-3.554593080772268543e+00
-3.554593080772268543e+00
-3.554593080772268543e+00
-3.554583507559723188e+00
-3.554583507559723188e+00
-3.554583507559723188e+00
-3.554583507559723188e+00
-3.554583507559723188e+00
-3.955716156822773222e+00
-3.955716156822773222e+00
-3.955716156822773222e+00
-3.955716156822773222e+00
-3.955716156822773222e+00
-3.954467080519258548e+00
-3.965392395369637057e+00
-3.892060219671712229e+00
-3.892060219671712229e+00
-3.892060219671712229e+00
-3.892060219671712229e+00
-3.892060219671712229e+00
-3.892060219671712229e+00
-3.892060219671712229e+00
-3.892060219671712229e+00
-3.892060219671712229e+00
-3.892060219671712229e+00
-3.794473626189660109e+00
-3.794473626189660109e+00
-3.794473626189660109e+00
-3.794473626189660109e+00
-3.794514426309793187e+00
-3.793932967614489282e+00
-3.793932967614489282e+00
-3.793932967614489282e+00
-4.021934067997832152e+00
-4.021934067997832152e+00
-4.078034005247156202e+00
-4.078034005247156202e+00
-4.078034005247156202e+00
-4.078034005247156202e+00
-3.846512697850768880e+00
-3.870936242389861004e+00
-3.985050303530282445e+00
-3.985050303530282445e+00
-3.985050303530282445e+00
-3.985050303530282445e+00
-3.755089429778760923e+00
-3.755089429778760923e+00
-3.755089429778760923e+00
-3.755089429778760923e+00
-3.755089429778760923e+00
-3.755089429778760923e+00
-3.755089429778760923e+00
-3.755089429778760923e+00
-3.755089429778760923e+00
-3.755089429778760923e+00
-3.754988455179772089e+00
-3.754988455179772089e+00
-3.622272502395892158e+00
-3.622272502395892158e+00
-3.622272502395892158e+00
-3.622272502395892158e+00
-3.622272502395892158e+00
-3.622272502395892158e+00
-3.651372333329676589e+00
-3.651372333329676589e+00
-3.651372333329676589e+00
-3.651372333329676589e+00
-3.651372333329676589e+00
-3.651372333329676589e+00
-3.718017847998420056e+00
-3.718017847998420056e+00
-3.718017847998420056e+00
-3.718017847998420056e+00
-3.718017847998420056e+00
-3.718017847998420056e+00
-4.025065420234636093e+00
-4.024816516708461300e+00
-4.024816516708461300e+00
-4.024816516708461300e+00
-4.024816516708461300e+00
-4.024816516708461300e+00
-4.024816516708461300e+00
-4.017988080960158470e+00
-4.017988080960158470e+00
-4.017988080960158470e+00
-4.017988080960158470e+00
-4.017988080960158470e+00
-4.017988080960158470e+00
-4.018236072751805388e+00
-4.018236072751805388e+00
-3.861787442267510695e+00
-3.861787442267510695e+00
-3.750366644923134984e+00
-3.750353196838845715e+00
-3.750353196838845715e+00
-3.750353196838845715e+00
-3.750353196838845715e+00
-3.750384195812801469e+00
-3.750384195812801469e+00
-3.750384195812801469e+00
-3.750384195812801469e+00
-3.750384195812801469e+00
-3.745167250842938333e+00
-3.745167250842938333e+00
-3.745167250842938333e+00
-3.745167250842938333e+00
-3.745167250842938333e+00
-3.746246516590592268e+00
-3.746246516590592268e+00
-3.894592562323546225e+00
-3.894592562323546225e+00
-3.894592562323546225e+00
-3.894592562323546225e+00
-3.894592562323546225e+00
-3.894592562323546225e+00
-3.894592562323546225e+00
-3.894592562323546225e+00
-3.894592562323546225e+00
-3.783321061508149175e+00
-3.783321061508149175e+00
-3.783321061508149175e+00
-3.692137351683403068e+00
-3.692137351683403068e+00
-3.692137351683403068e+00
-3.692137351683403068e+00
-3.692137351683403068e+00
-3.692137351683403068e+00
-3.692137351683403068e+00
-3.501180253110925733e+00
-3.501180253110925733e+00
-3.501180253110925733e+00
-3.501180253110925733e+00
-3.501180253110925733e+00
-3.501180253110925733e+00
-3.501180253110925733e+00
-3.501180253110925733e+00
-3.501180253110925733e+00
-3.501180253110925733e+00
-3.501180253110925733e+00
-3.846597033294619106e+00
-3.846597033294619106e+00
-3.846597033294619106e+00
-3.846200884642154261e+00
-3.846200884642154261e+00
-3.846200884642154261e+00
-3.846200884642154261e+00
-3.846200884642154261e+00
-3.846200884642154261e+00
-3.846200884642154261e+00
-3.846200884642154261e+00
-3.846200884642154261e+00
-3.846200884642154261e+00
-3.850452758614009152e+00
-3.850452758614009152e+00
-3.850452758614009152e+00
-3.846103329047645847e+00
-3.846103329047645847e+00
-3.846103329047645847e+00
-3.846103329047645847e+00
-3.846103329047645847e+00
-3.846103329047645847e+00
-3.846103329047645847e+00
-3.846103329047645847e+00
-3.846103329047645847e+00
-3.846103329047645847e+00
-3.846103329047645847e+00
-3.846103329047645847e+00
-3.846103329047645847e+00
-3.846103329047645847e+00
-3.846103329047645847e+00
-3.846103329047645847e+00
-3.846103329047645847e+00
-3.846103329047645847e+00
-3.846103329047645847e+00
-3.846103329047645847e+00
-3.846103329047645847e+00
-3.846103329047645847e+00
-3.846103329047645847e+00
-3.846103329047645847e+00
-3.844247949282936005e+00
-3.844247949282936005e+00
-3.665334863826831935e+00
-3.665334863826831935e+00
-3.665334863826831935e+00
-3.661779327100822989e+00
-3.664329676509586964e+00
-3.664329676509586964e+00
-3.664329676509586964e+00
-3.664329676509586964e+00
-3.664329676509586964e+00
-3.664329676509586964e+00
-3.664329676509586964e+00
-3.664329676509586964e+00
-3.664329676509586964e+00
-3.650876805613647136e+00
-3.650876805613647136e+00
-3.650876805613647136e+00
-3.650876805613647136e+00
-3.748999726931861787e+00
-3.748999726931861787e+00
-3.748999726931861787e+00
-3.748999726931861787e+00
-3.748999726931861787e+00
-3.748999726931861787e+00
-3.748999726931861787e+00
-3.806437406667559475e+00
-3.840646597896889336e+00
-3.834326454148009766e+00
-3.874364820082830008e+00
-3.874364820082830008e+00
-3.874364820082830008e+00
-3.874364820082830008e+00
-3.874482433836957007e+00
-3.874482433836957007e+00
-3.874482433836957007e+00
-3.874482433836957007e+00
-3.874482433836957007e+00
-3.874482433836957007e+00
-3.874482433836957007e+00
-3.874482433836957007e+00
-3.874482433836957007e+00
-3.874482433836957007e+00
-3.874482433836957007e+00
-3.874482433836957007e+00
-3.874482433836957007e+00
-3.874482433836957007e+00
-3.874482433836957007e+00
-3.868719815752018398e+00
-3.868743064982484992e+00
-3.868743064982484992e+00
-4.019133675394733096e+00
-4.019599115871334227e+00
-4.019599115871334227e+00
-4.019599115871334227e+00
-4.019599115871334227e+00
-4.019599115871334227e+00
-4.019599115871334227e+00
-4.019599115871334227e+00
-4.019599115871334227e+00
-4.023447091447235557e+00
-4.023447091447235557e+00
-4.023447091447235557e+00
-4.034568885088422263e+00
-4.034568885088422263e+00
-4.034568885088422263e+00
-4.034568885088422263e+00
-4.034568885088422263e+00
-3.969589565269805664e+00
-3.969589565269805664e+00
-3.969589565269805664e+00
-3.969589565269805664e+00
-4.023423386349504582e+00
-4.023423386349504582e+00
-4.023423386349504582e+00
-4.023423386349504582e+00
-3.983866416245527731e+00
-3.983866416245527731e+00
-3.888122894112056027e+00
-3.888122894112056027e+00
-3.888122894112056027e+00
-3.779919835851023535e+00
-3.779919835851023535e+00
-3.779919835851023535e+00
-4.062126061200639349e+00
-4.059873165181672405e+00
-4.054083195060890432e+00
-4.053723971656813418e+00
-4.065866907969486910e+00
-4.065866907969486910e+00
-4.065866907969486910e+00
-4.065866907969486910e+00
-4.065866907969486910e+00
-4.057422422770104120e+00
-4.057422422770104120e+00
-4.057422422770104120e+00
-4.057422422770104120e+00
-4.057422422770104120e+00
-4.057422422770104120e+00
-4.060079673052289451e+00
-3.622642666614306339e+00
-3.622648592888738861e+00
-3.622648592888738861e+00
-3.829832058791676541e+00
-3.826469581851995372e+00
-3.821713518686093547e+00
-3.741443043229228493e+00
-3.741492276893746638e+00
-3.741492276893746638e+00
-3.741492276893746638e+00
-4.014068078356536340e+00
-4.055739816698471500e+00
-4.055739816698471500e+00
-3.649459058422431124e+00
-3.649459058422431124e+00
-3.649459058422431124e+00
-3.649440823731869177e+00
-3.649440823731869177e+00
-3.649440823731869177e+00
-3.649440823731869177e+00
-3.649453132147998602e+00
-3.649453132147998602e+00
-3.932760960741207068e+00
-3.932760960741207068e+00
-3.932760960741207068e+00
-3.932760960741207068e+00
-3.932760960741207068e+00
-3.933024452019831863e+00
-3.933432909088426133e+00
-3.933432909088426133e+00
-3.600035525188847174e+00
-3.600021849170925492e+00
-3.600021849170925492e+00
-3.663386715073886357e+00
-3.663386715073886357e+00
-3.708557462601087096e+00
-3.719402544812991707e+00
-3.719402544812991707e+00
-3.719402544812991707e+00
-3.945383469415668198e+00
-3.945006467188293175e+00
-3.945100375844689200e+00
-3.945100375844689200e+00
-3.945100375844689200e+00
-3.945100375844689200e+00
-3.942873008392508982e+00
-3.942873008392508982e+00
-3.974608663847067902e+00
-3.976094335260627943e+00
-3.976094335260627943e+00
-3.976094335260627943e+00
-3.616521280992555099e+00
-3.616867740113238305e+00
-3.616867740113238305e+00
-3.616867740113238305e+00
-3.616867740113238305e+00
-3.616867740113238305e+00
-3.616867740113238305e+00
-3.616867740113238305e+00
-3.616867740113238305e+00
-3.616867740113238305e+00
-3.616867740113238305e+00
-3.616867740113238305e+00
-3.616867740113238305e+00
-3.616627270131448135e+00
-3.616627270131448135e+00
-3.616627270131448135e+00
-3.616627270131448135e+00
-3.616627270131448135e+00
-3.616627270131448135e+00
-3.616627270131448135e+00
-3.796181304960815961e+00
-3.795942202580818492e+00
-3.795942202580818492e+00
-3.795342509194951752e+00
-3.795342509194951752e+00
-3.795342509194951752e+00
-3.795342509194951752e+00
-3.795342509194951752e+00
-3.795342509194951752e+00
-3.795786979777406867e+00
-3.795786979777406867e+00
-3.795786979777406867e+00
-3.795404051275599322e+00
-3.795404051275599322e+00
-3.768163247044638009e+00
-3.768163247044638009e+00
-3.768163247044638009e+00
-3.767992068886984569e+00
-3.767992068886984569e+00
-3.767992068886984569e+00
-3.767992068886984569e+00
-3.767992068886984569e+00
-3.767992068886984569e+00
-3.767992068886984569e+00
-3.767992068886984569e+00
-3.798351005204092967e+00
-3.798351005204092967e+00
-3.798351005204092967e+00
-3.798351005204092967e+00
-3.798351005204092967e+00
-3.798351005204092967e+00
-3.798351005204092967e+00
-3.799092245375448762e+00
-3.799092245375448762e+00
-3.799092245375448762e+00
-3.799092245375448762e+00
-3.799092245375448762e+00
-3.799092245375448762e+00
-3.799092245375448762e+00
-3.799092245375448762e+00
-3.799092245375448762e+00
-3.798954573461703621e+00
-3.683555422503907106e+00
-3.683555422503907106e+00
-3.683555422503907106e+00
-3.683555422503907106e+00
-3.644215901084884912e+00
-3.644215901084884912e+00
-3.644215901084884912e+00
-3.644215901084884912e+00
-3.644215901084884912e+00
-3.644219092155733364e+00
-3.644219092155733364e+00
-3.644219092155733364e+00
-3.644219092155733364e+00
-3.644219092155733364e+00
-3.816845540106866164e+00
-3.818381812786736607e+00
-3.818381812786736607e+00
-3.818381812786736607e+00
-3.818381812786736607e+00
-3.818381812786736607e+00
-3.817925261721784036e+00
-3.816203223131810596e+00
-3.816203223131810596e+00
-3.816203223131810596e+00
-3.816203223131810596e+00
-3.816203223131810596e+00
-3.816203223131810596e+00
-3.816203223131810596e+00
-3.816203223131810596e+00
-3.816203223131810596e+00
-3.818724852902939393e+00
-3.818724852902939393e+00
-3.818724852902939393e+00
-3.818724852902939393e+00
-3.818724852902939393e+00
-3.818724852902939393e+00
-3.818823776099239620e+00
-3.818823776099239620e+00
-3.818823776099239620e+00
-3.818823776099239620e+00
-3.818823776099239620e+00
-3.818823776099239620e+00
-3.811128964615597248e+00
-3.811128964615597248e+00
-3.808895898822616477e+00
-3.808895898822616477e+00
-3.808895898822616477e+00
-3.808895898822616477e+00
-3.811085429291880100e+00
-3.811085429291880100e+00
-3.811085429291880100e+00
-3.816313087142447991e+00
-3.820350703500196676e+00
-3.818637098454608303e+00
-3.818637098454608303e+00
-3.818637098454608303e+00
-3.818637098454608303e+00
-3.705439786382204392e+00
-3.705439786382204392e+00
-3.594579021971722632e+00
-3.710119947648640615e+00
-3.710119947648640615e+00
-3.710119947648640615e+00
-3.710119947648640615e+00
-3.710119947648640615e+00
-3.710119947648640615e+00
-3.707568458571716352e+00
-3.707568458571716352e+00
-3.710062052506105434e+00
-3.710062052506105434e+00
-3.710062052506105434e+00
-3.710062052506105434e+00
-3.710062052506105434e+00
-3.710062052506105434e+00
-3.720456509927490441e+00
-3.720456509927490441e+00
-3.730570836915112487e+00
-3.661041733867579584e+00
-3.661041733867579584e+00
-3.731862764741448846e+00
-3.960471764121411109e+00
-3.960471764121411109e+00
-3.960471764121411109e+00
-3.940294167279740911e+00
-3.940294167279740911e+00
-3.940294167279740911e+00
-3.940294167279740911e+00
-3.940294167279740911e+00
-3.947479091228535797e+00
-3.947479091228535797e+00
-3.923119823973675757e+00
-3.923119823973675757e+00
-3.923119823973675757e+00
-3.889898497105556352e+00
-3.934189648746760248e+00
-3.934189648746760248e+00
-3.934189648746760248e+00
-3.934189648746760248e+00
-3.595865251457257994e+00
-3.595865251457257994e+00
-3.595865251457257994e+00
-3.595865251457257994e+00
-3.280463911607205851e+00
-3.425777528299656094e+00
-3.425777528299656094e+00
-3.425777528299656094e+00
-3.402211014216990126e+00
-3.402211014216990126e+00
-3.402211014216990126e+00
-3.569261521727815190e+00
-3.632942759512031383e+00
-3.632942759512031383e+00
-3.632942759512031383e+00
-3.661110341890819964e+00
-3.897134934055189515e+00
-3.897134934055189515e+00
-3.897134934055189515e+00
-3.904491719962533747e+00
-3.904491719962533747e+00
-4.078533179901297601e+00
-4.078533179901297601e+00
-4.078533179901297601e+00
-3.952386046458840507e+00
-3.952386046458840507e+00
-3.952386046458840507e+00
-3.762539440541604385e+00
-3.516090075782790425e+00
-3.516310259671329597e+00
-3.516310259671329597e+00
-3.516310259671329597e+00
-3.515879920974060102e+00
-3.643528681184319939e+00
-3.643611649026378352e+00
-3.643611649026378352e+00
-3.643611649026378352e+00
-3.544579728383634887e+00
-3.544579728383634887e+00
-3.544579728383634887e+00
-3.544579728383634887e+00
-3.548681622025615212e+00
-3.548681622025615212e+00
-3.548681622025615212e+00
-3.639312592792693035e+00
-3.639312592792693035e+00
-3.594985199703996770e+00
-3.535210516439112993e+00
-3.499167827073748072e+00
-3.499167827073748072e+00
-3.499167827073748072e+00
-3.499167827073748072e+00
-3.499167827073748072e+00
-3.777414161434136997e+00
-3.777414161434136997e+00
-3.774309249498648100e+00
-3.774309249498648100e+00
-3.743576957892277512e+00
-3.743576957892277512e+00
-3.743576957892277512e+00
-3.740274427497819687e+00
-3.761131266562933728e+00
-3.761131266562933728e+00
-3.761131266562933728e+00
-3.834294543439525693e+00
-3.834294543439525693e+00
-3.834294543439525693e+00
-3.834294543439525693e+00
-3.775451880796005799e+00
-3.775451880796005799e+00
-3.775451880796005799e+00
-3.775451880796005799e+00
-3.775451880796005799e+00
-3.775451880796005799e+00
-3.789444270598956610e+00
-3.789444270598956610e+00
-3.789444270598956610e+00
-3.789444270598956610e+00
-3.789444270598956610e+00
-3.789028519654137117e+00
-3.789028519654137117e+00
-3.725360502020578668e+00
-3.725360502020578668e+00
-3.725360502020578668e+00
-3.725360502020578668e+00
-3.725360502020578668e+00
-3.710997720065581706e+00
-3.710997720065581706e+00
-3.710997720065581706e+00
-3.710997720065581706e+00
-3.710997720065581706e+00
-3.710997720065581706e+00
-3.710997720065581706e+00
-3.710997720065581706e+00
-3.710997720065581706e+00
-3.714652863788786785e+00
-3.714652863788786785e+00
-3.699651867664111027e+00
-3.699651867664111027e+00
-3.699651867664111027e+00
-3.699651867664111027e+00
-3.699651867664111027e+00
-3.697170354212218957e+00
-3.592440092768769411e+00
-3.592440092768769411e+00
-3.592440092768769411e+00
-3.592440092768769411e+00
-3.592440092768769411e+00
-3.592440092768769411e+00
-3.592440092768769411e+00
-3.592440092768769411e+00
-3.592440092768769411e+00
-3.592440092768769411e+00
-3.592440092768769411e+00
-3.592440092768769411e+00
-3.592440092768769411e+00
-3.592440092768769411e+00
-3.461604364515490584e+00
-3.461604364515490584e+00
-3.461604364515490584e+00
-3.283781713555009585e+00
-3.283781713555009585e+00
-3.278232897216913244e+00
-3.278232897216913244e+00
-3.278232897216913244e+00
-3.278232897216913244e+00
-3.485274360467097488e+00
-3.485274360467097488e+00
-3.485274360467097488e+00
-3.362443433437019014e+00
-3.266958843909531396e+00
-3.266958843909531396e+00
-3.266958843909531396e+00
-3.266958843909531396e+00
-3.266958843909531396e+00
-3.266625604939506378e+00
-3.266625604939506378e+00
-3.266625604939506378e+00
-3.266625604939506378e+00
-3.266625604939506378e+00
-3.266625604939506378e+00
-3.266625604939506378e+00
-3.266625604939506378e+00
-3.266625604939506378e+00
-3.266625604939506378e+00
-3.266625604939506378e+00
-3.390110245626241525e+00
-3.390110245626241525e+00
-3.390110245626241525e+00
-3.390110245626241525e+00
-3.376676065288127582e+00
-3.376676065288127582e+00
-3.376676065288127582e+00
-3.376676065288127582e+00
-3.376676065288127582e+00
-3.376676065288127582e+00
-3.376676065288127582e+00
-3.376676065288127582e+00
-3.429396430575368804e+00
-3.433199959093024223e+00
-3.433199959093024223e+00
-3.433199959093024223e+00
-3.433199959093024223e+00
-3.433199959093024223e+00
-3.454396647203492599e+00
-3.515750910538331997e+00
-3.515750910538331997e+00
-3.516035599644735665e+00
-3.516035599644735665e+00
-3.516035599644735665e+00
-3.497831680122798215e+00
-3.497831680122798215e+00
-3.497831680122798215e+00
-3.497831680122798215e+00
-3.497831680122798215e+00
-3.280036991914417221e+00
-3.280036991914417221e+00
-3.537732374143873759e+00
-3.551169973486468123e+00
-3.551169973486468123e+00
-3.551169973486468123e+00
-3.353656591922329344e+00
-3.307391307094128763e+00
-3.307391307094128763e+00
-3.306790246106470210e+00
-3.306547496788360352e+00
-3.306547496788360352e+00
-3.306929057688375639e+00
-3.306929057688375639e+00
-3.306929057688375639e+00
-3.306929057688375639e+00
-3.306929057688375639e+00
-3.306527666562373735e+00
-3.261641608141576221e+00
-3.269316361465600007e+00
-3.269316361465600007e+00
-3.456989620201446289e+00
-3.456989620201446289e+00
-3.456989620201446289e+00
-3.456989620201446289e+00
-3.456989620201446289e+00
-3.456989620201446289e+00
-3.490453468454043584e+00
-3.490453468454043584e+00
-3.490543046371430425e+00
-3.490543046371430425e+00
-3.542379712967298033e+00
-3.459152710369394423e+00
-3.459152710369394423e+00
-3.459152710369394423e+00
-3.459152710369394423e+00
-3.459152710369394423e+00
-3.459152710369394423e+00
-3.504929305490526392e+00
-3.504929305490526392e+00
-3.504929305490526392e+00
-3.504929305490526392e+00
-3.504929305490526392e+00
-3.584626983730104577e+00
-3.543885898407740598e+00
-3.543885898407740598e+00
-3.543885898407740598e+00
-3.543885898407740598e+00
-3.449453450525695519e+00
-3.449453450525695519e+00
-3.449453450525695519e+00
-3.449453450525695519e+00
-3.449453450525695519e+00
-3.449453450525695519e+00
-3.449453450525695519e+00
-3.616538603948589170e+00
-3.616538603948589170e+00
-3.616538603948589170e+00
-3.616538603948589170e+00
-3.616538603948589170e+00
-3.616538603948589170e+00
-3.615802150383506053e+00
-3.615802150383506053e+00
-3.615802150383506053e+00
-3.615802150383506053e+00
-3.513857465857073592e+00
-3.513857465857073592e+00
-3.634836887994186139e+00
-3.634836887994186139e+00
-3.634836887994186139e+00
-3.634836887994186139e+00
-3.634836887994186139e+00
-3.634836887994186139e+00
-3.634836887994186139e+00
-3.634836887994186139e+00
-3.634836887994186139e+00
-3.718360204313726491e+00
-3.718360204313726491e+00
-3.669869147568769918e+00
-3.669869147568769918e+00
-3.669869147568769918e+00
-3.669869147568769918e+00
-3.669869147568769918e+00
-3.669869147568769918e+00
-3.461845290364544248e+00
-3.461963587919566709e+00
-3.461963587919566709e+00
-3.461963587919566709e+00
-3.461963587919566709e+00
-3.461963587919566709e+00
-3.576685548056607544e+00
-3.677649662098054772e+00
-3.677649662098054772e+00
-3.677649662098054772e+00
-3.677786194343639625e+00
-3.677765452383125133e+00
-3.677493299626483303e+00
-3.470471438668653708e+00
-3.380832663001795080e+00
-3.380832663001795080e+00
-3.380765422580346957e+00
-3.380765422580346957e+00
-3.532019901457981614e+00
-3.668337889428804122e+00
-3.668285692627069494e+00
-3.612518766414138938e+00
-3.612583043698371021e+00
-3.612583043698371021e+00
-3.612583043698371021e+00
-3.612583043698371021e+00
-3.612583043698371021e+00
-3.612583043698371021e+00
-3.612583043698371021e+00
-3.612583043698371021e+00
-3.612494833382775994e+00
-3.568161058152382825e+00
-3.568234680715527851e+00
-3.568612594677430749e+00
-3.568144191063612691e+00
-3.568144191063612691e+00
-3.568144191063612691e+00
-3.567829414717781589e+00
-3.567990335861993767e+00
-3.653681073088490550e+00
-3.541275146586488898e+00
-3.729895241629781033e+00
-3.729895241629781033e+00
-3.760676766900669765e+00
-3.760676766900669765e+00
-3.760676766900669765e+00
-3.760676766900669765e+00
-3.727918601172831803e+00
-3.727918601172831803e+00
-3.727918601172831803e+00
-3.727918601172831803e+00
-3.727918601172831803e+00
-3.727918601172831803e+00
-3.970954887725654636e+00
-3.970954887725654636e+00
-3.894562930951382729e+00
-3.799615580994585962e+00
-3.799615580994585962e+00
-3.799615580994585962e+00
-3.799615580994585962e+00
-3.799615580994585962e+00
-3.799615580994585962e+00
-3.801493982056130871e+00
-3.801493982056130871e+00
-3.801493982056130871e+00
-3.800474434920068312e+00
-3.800527771389962783e+00
-3.800527771389962783e+00
-3.878481757344524716e+00
-3.878481757344524716e+00
-3.878481757344524716e+00
-3.878481757344524716e+00
-3.878481757344524716e+00
-3.905952774543834938e+00
-3.905952774543834938e+00
-3.905952774543834938e+00
-3.866670236532820049e+00
-3.866670236532820049e+00
-3.913190123227996420e+00
-3.913190123227996420e+00
-3.912518174880776911e+00
-3.912518174880776911e+00
-3.555662317440113185e+00
-3.556336545123652382e+00
-3.556336545123652382e+00
-3.556336545123652382e+00
-3.694072280285690901e+00
-3.694072280285690901e+00
-3.703591700493719330e+00
-3.703591700493719330e+00
-4.079501441970154296e+00
-3.993251355610659470e+00
-3.993251355610659470e+00
-3.900342871992355409e+00
-3.900342871992355409e+00
-3.900342871992355409e+00
-3.883715113535893604e+00
-3.827064488631589434e+00
-3.827064488631589434e+00
-3.827064488631589434e+00
-3.831467710535111149e+00
-3.831467710535111149e+00
-3.831467710535111149e+00
-3.831467710535111149e+00
-3.570469114110300879e+00
-3.570469114110300879e+00
-3.570469114110300879e+00
-3.570469114110300879e+00
-3.570469114110300879e+00
-3.570469114110300879e+00
-3.570469114110300879e+00
-3.351472759793866718e+00
-3.351472759793866718e+00
-3.351472759793866718e+00
-3.351472759793866718e+00
-3.401957779951806593e+00
-3.401957779951806593e+00
-3.381425518378700534e+00
-3.381425518378700534e+00
-3.381425518378700534e+00
-3.381425518378700534e+00
-3.381164306436396316e+00
-3.381164306436396316e+00
-3.387232127654620673e+00
-3.408933688760031444e+00
-3.408933688760031444e+00
-3.392228660802312223e+00
-3.392228660802312223e+00
-3.392228660802312223e+00
-3.392228660802312223e+00
-3.392228660802312223e+00
-3.392228660802312223e+00
-3.364098231605544331e+00
-3.364098231605544331e+00
-3.096309036415347826e+00
-3.093611441880293356e+00
-3.093611441880293356e+00
-3.109064430397281420e+00
-3.109064430397281420e+00
-3.401700898748510671e+00
-3.401700898748510671e+00
-3.401700898748510671e+00
-3.401700898748510671e+00
-3.401700898748510671e+00
-3.487477339020650380e+00
-3.487477339020650380e+00
-3.482237828621217002e+00
-3.482237828621217002e+00
-3.482237828621217002e+00
-3.482237828621217002e+00
-3.482237828621217002e+00
-3.482237828621217002e+00
-3.475824004149573376e+00
-3.457299154073740333e+00
-3.570719385238267929e+00
-3.570719385238267929e+00
-3.570719385238267929e+00
-3.570719385238267929e+00
-3.288483984383752556e+00
-3.542800706385654141e+00
-3.542800706385654141e+00
-3.542800706385654141e+00
-3.542800706385654141e+00
-3.542800706385654141e+00
-3.542800706385654141e+00
-3.542800706385654141e+00
-3.542800706385654141e+00
-3.542800706385654141e+00
-3.574114228753697109e+00
-3.574114228753697109e+00
-3.574114228753697109e+00
-3.574114228753697109e+00
-3.574114228753697109e+00
-3.565719888953359895e+00
-3.565719888953359895e+00
-3.565719888953359895e+00
-3.565719888953359895e+00
-3.565719888953359895e+00
-3.565719888953359895e+00
-3.565719888953359895e+00
-3.565719888953359895e+00
-3.329544176790955490e+00
-3.329544176790955490e+00
-3.324201412456213145e+00
-3.324201412456213145e+00
-3.258266594852133657e+00
-3.258266594852133657e+00
-3.258266594852133657e+00
-3.258266594852133657e+00
-3.258266594852133657e+00
-3.267604807822699353e+00
-3.267604807822699353e+00
-3.267604807822699353e+00
-3.262865155878303725e+00
-3.417762925930278417e+00
-3.429293632507324219e+00
-3.429293632507324219e+00
-3.429293632507324219e+00
-3.429293632507324219e+00
-3.342246234302994612e+00
-3.342246234302994612e+00
-3.342246234302994612e+00
-3.341908892527592823e+00
-3.274918970140854313e+00
-3.274918970140854313e+00
-3.274918970140854313e+00
-3.274918970140854313e+00
-3.241696047737311126e+00
-3.241696047737311126e+00
-3.241696047737311126e+00
-3.241696047737311126e+00
-3.242410847607351876e+00
-3.239367705686142518e+00
-3.239367705686142518e+00
-3.238946484334153997e+00
-3.238946484334153997e+00
-3.238946484334153997e+00
-3.238946484334153997e+00
-3.238946484334153997e+00
-3.238982041980750459e+00
-3.238982041980750459e+00
-3.238982041980750459e+00
-3.238982041980750459e+00
-3.238982041980750459e+00
-3.147946489016822724e+00
-3.147946489016822724e+00
-3.147946489016822724e+00
-3.147799243890532228e+00
-3.343703869879815382e+00
-3.343703869879815382e+00
-3.343703869879815382e+00
-3.564751626884504088e+00
-3.564751626884504088e+00
-3.564751626884504088e+00
-3.564751626884504088e+00
-3.564751626884504088e+00
-3.564751626884504088e+00
-3.564751626884504088e+00
-3.444974782589972584e+00
-3.444974782589972584e+00
-3.444974782589972584e+00
-3.444974782589972584e+00
-3.444974782589972584e+00
-3.585198869212863571e+00
-3.585198869212863571e+00
-3.549651707563527658e+00
-3.549651707563527658e+00
-3.549651707563527658e+00
-3.549651707563527658e+00
-3.549651707563527658e+00
-3.398169522987496638e+00
-3.398169522987496638e+00
-3.398169522987496638e+00
-3.398169522987496638e+00
-3.398169522987496638e+00
-3.398169522987496638e+00
-3.433428348592316492e+00
-3.433795321739882223e+00
-3.433795321739882223e+00
-3.433795321739882223e+00
-3.433261957040936174e+00
-3.433261957040936174e+00
-3.433261957040936174e+00
-3.433261957040936174e+00
-3.433261957040936174e+00
-3.433261957040936174e+00
-3.433261957040936174e+00
-3.433261957040936174e+00
-3.433261957040936174e+00
-3.433261957040936174e+00
-3.433261957040936174e+00
-3.433261957040936174e+00
-3.433261957040936174e+00
-3.433261957040936174e+00
-3.433261957040936174e+00
-3.341387836244776199e+00
-3.341387836244776199e+00
-3.341387836244776199e+00
-3.341387836244776199e+00
-3.341387836244776199e+00
-3.341387836244776199e+00
-3.341387836244776199e+00
-3.341387836244776199e+00
-3.341387836244776199e+00
-3.279347492677531672e+00
-3.433792586536297708e+00
-3.433059551975695012e+00
-3.433059551975695012e+00
-3.433059551975695012e+00
-3.592438041366080803e+00
-3.592438041366080803e+00
-3.592438041366080803e+00
-3.592438041366080803e+00
-3.592438041366080803e+00
-3.592438041366080803e+00
-3.592438041366080803e+00
-3.592438041366080803e+00
-3.503484890064363366e+00
-3.503484890064363366e+00
-3.503484890064363366e+00
-3.316499307096345994e+00
-3.316499307096345994e+00
-3.316499307096345994e+00
-3.316499307096345994e+00
-3.316499307096345994e+00
-3.316499307096345994e+00
-3.316499307096345994e+00
-3.316499307096345994e+00
-3.316499307096345994e+00
-3.184541917439856373e+00
-3.184541917439856373e+00
-3.184461228934118093e+00
-3.184461228934118093e+00
-3.185806721163980892e+00
-3.184041147250290305e+00
-3.170909890709141976e+00
-3.195511223481216412e+00
-3.195511223481216412e+00
-3.196337710830950751e+00
-3.196337710830950751e+00
-3.196337710830950751e+00
-3.196337710830950751e+00
-3.196194112642773089e+00
-3.196194112642773089e+00
-3.196194112642773089e+00
-3.197438858207279466e+00
-3.220179796674738970e+00
-3.205011497264154574e+00
-3.205011497264154574e+00
-3.205011497264154574e+00
-3.205011497264154574e+00
-3.205611190650020870e+00
-3.180198642081557558e+00
-3.180198642081557558e+00
-3.184194318651013322e+00
-3.145809611216557666e+00
-3.197020827926139397e+00
-3.197020827926139397e+00
-3.197020827926139397e+00
-3.197020827926139397e+00
-3.197020827926139397e+00
-3.197020827926139397e+00
-3.006149660332936513e+00
-3.006149660332936513e+00
-3.006149660332936513e+00
-3.006091765190401333e+00
-3.006091765190401333e+00
-3.056327198021270508e+00
-3.056327198021270508e+00
-3.056327198021270508e+00
-3.056327198021270508e+00
-3.056327198021270508e+00
-3.053881926016871251e+00
-3.053881926016871251e+00
-3.030715663392046899e+00
-3.030715663392046899e+00
-3.030715663392046899e+00
-3.030715663392046899e+00
-3.218262874829381559e+00
-3.218262874829381559e+00
-3.218262874829381559e+00
-3.210295226788201450e+00
-3.211095045902988776e+00
-3.211095045902988776e+00
-3.211095045902988776e+00
-3.211095045902988776e+00
-3.211095045902988776e+00
-3.211095045902988776e+00
-3.359591071965817299e+00
-3.366132311337764360e+00
-3.366132311337764360e+00
-3.366132311337764360e+00
-3.366132311337764360e+00
-3.366132311337764360e+00
-3.366654507288741272e+00
-3.364180515646706393e+00
-3.364180515646706393e+00
-3.364180515646706393e+00
-3.364180515646706393e+00
-3.313226636007684522e+00
-3.313226636007684522e+00
-3.313226636007684522e+00
-3.313226636007684522e+00
-3.313226636007684522e+00
-3.313226636007684522e+00
-3.313226636007684522e+00
-3.313226636007684522e+00
-3.313226636007684522e+00
-3.313226636007684522e+00
-3.313226636007684522e+00
-3.313226636007684522e+00
-3.137259136878281396e+00
-3.411940361300116464e+00
-3.411940361300116464e+00
-3.411695104712054061e+00
-3.411695104712054061e+00
-3.411695104712054061e+00
-3.310001830981748494e+00
-3.310001830981748494e+00
-3.323813469414500954e+00
-3.324231043828377086e+00
-3.324231043828377086e+00
-3.324231043828377086e+00
-3.324231043828377086e+00
-3.324017470015166342e+00
-3.324017470015166342e+00
-3.324017470015166342e+00
-3.324017470015166342e+00
-3.324017470015166342e+00
-3.511361364652731964e+00
-3.479050632644565599e+00
-3.479050632644565599e+00
-3.479050632644565599e+00
-3.478878086885120346e+00
-3.490932812882198810e+00
-3.490932812882198810e+00
-3.490932812882198810e+00
-3.490932812882198810e+00
-3.522827338078281745e+00
-3.545613635338515035e+00
-3.545613635338515035e+00
-3.570420108379414703e+00
-3.542086362382877773e+00
-3.542086362382877773e+00
-3.542086362382877773e+00
-3.408105377941240910e+00
-3.408105377941240910e+00
-3.408105377941240910e+00
-3.408105377941240910e+00
-3.408105377941240910e+00
-3.408105377941240910e+00
-3.408105377941240910e+00
-3.408105377941240910e+00
-3.404768201634714941e+00
-3.404768201634714941e+00
-3.404768201634714941e+00
-3.404927527243502894e+00
-3.413190805205423395e+00
-3.413190805205423395e+00
-3.413190805205423395e+00
-3.413190805205423395e+00
-3.414305628599673792e+00
-3.414305628599673792e+00
-3.414305628599673792e+00
-3.414305628599673792e+00
-3.414305628599673792e+00
-3.414305628599673792e+00
-3.324217139876822991e+00
-3.324217139876822991e+00
-3.324217139876822991e+00
-3.324217139876822991e+00
-3.324345238578023221e+00
-3.305882614383733653e+00
-3.304917543385726297e+00
-3.304946035089729506e+00
-3.155792648432131475e+00
-3.155792648432131475e+00
-3.155792648432131475e+00
-3.155792648432131475e+00
-3.155792648432131475e+00
-3.155792648432131475e+00
-3.150515301049781058e+00
-3.150515301049781058e+00
-3.150515301049781058e+00
-3.150515301049781058e+00
-3.150515301049781058e+00
-3.150515301049781058e+00
-3.189408528417291500e+00
-3.211318420862376399e+00
-3.212443501270068058e+00
-3.132294058571809980e+00
-3.132294058571809980e+00
-3.132294058571809980e+00
-3.229591176341186198e+00
-3.229591176341186198e+00
-3.229591176341186198e+00
-3.229591176341186198e+00
-3.055196647206410265e+00
-3.055196647206410265e+00
-3.055196647206410265e+00
-2.874928268374266072e+00
-2.874893850395829897e+00
-2.874893850395829897e+00
-2.874392396405367478e+00
-2.955446507689145630e+00
-2.955446507689145630e+00
-2.956009959627519557e+00
-2.956009959627519557e+00
-2.956009959627519557e+00
-3.001377641812792874e+00
-3.001377641812792874e+00
-3.001377641812792874e+00
-3.001377641812792874e+00
-3.124186687214196567e+00
-3.124186687214196567e+00
-3.124186687214196567e+00
-3.124186687214196567e+00
-3.347931582886675805e+00
-3.347931582886675805e+00
-3.336278931816494708e+00
-3.336278931816494708e+00
-3.336278931816494708e+00
-3.336278931816494708e+00
-3.334592906740381668e+00
-3.281837439673808365e+00
-3.281514457717224165e+00
-3.250065314838124664e+00
-3.250065314838124664e+00
-3.250065314838124664e+00
-3.250065314838124664e+00
-3.321462561933761659e+00
-3.321462561933761659e+00
-3.321462561933761659e+00
-3.342732416740111123e+00
-3.342732416740111123e+00
-3.343464083698921563e+00
-3.343464083698921563e+00
-3.343464083698921563e+00
-3.343464083698921563e+00
-3.343464083698921563e+00
-3.343464083698921563e+00
-3.343464083698921563e+00
-3.343464083698921563e+00
-3.343464083698921563e+00
-3.357073089132800892e+00
-3.357073089132800892e+00
-3.357073089132800892e+00
-3.357073089132800892e+00
-3.357073089132800892e+00
-3.357073089132800892e+00
-3.398980054982989163e+00
-3.398980054982989163e+00
-3.398980054982989163e+00
-3.556048892880033119e+00
-3.511030860886291016e+00
-3.544455960421443397e+00
-3.544455960421443397e+00
-3.544455960421443397e+00
-3.544455960421443397e+00
-3.552355684240279032e+00
-3.552355684240279032e+00
-3.552355684240279032e+00
-3.552355684240279032e+00
-3.543566335455637262e+00
-3.543566335455637262e+00
-3.543566335455637262e+00
-3.543566335455637262e+00
-3.543566335455637262e+00
-3.543566335455637262e+00
-3.543566335455637262e+00
-3.509511683228822676e+00
-3.509511683228822676e+00
-3.509511683228822676e+00
-3.509511683228822676e+00
-3.509511683228822676e+00
-3.509511683228822676e+00
-3.509511683228822676e+00
-3.509511683228822676e+00
-3.509511683228822676e+00
-3.509511683228822676e+00
-3.461850532838080863e+00
-3.461850532838080863e+00
-3.461850532838080863e+00
-3.461850532838080863e+00
-3.463710699209063382e+00
-3.463710699209063382e+00
-3.463710699209063382e+00
-3.463710699209063382e+00
-3.463710699209063382e+00
-3.463710699209063382e+00
-3.442251203620866562e+00
-3.442251203620866562e+00
-3.442251203620866562e+00
-3.442251203620866562e+00
-3.442251203620866562e+00
-3.442251203620866562e+00
-3.442251203620866562e+00
-3.442251203620866562e+00
-3.442251203620866562e+00
-3.442251203620866562e+00
-3.442251203620866562e+00
-3.442251203620866562e+00
-3.442251203620866562e+00
-3.442251203620866562e+00
-3.442251203620866562e+00
-3.450325980469099996e+00
-3.450325980469099996e+00
-3.450325980469099996e+00
-3.450325980469099996e+00
-3.654757603632560414e+00
-3.654757603632560414e+00
-3.654757603632560414e+00
-3.585617355361267133e+00
-3.571598753190632802e+00
-3.375323735049303941e+00
-3.375323735049303941e+00
-3.367682260035556485e+00
-3.367682260035556485e+00
-3.372075680792901320e+00
-3.372075680792901320e+00
-3.372075680792901320e+00
-3.372075680792901320e+00
-3.372075680792901320e+00
-3.372075680792901320e+00
-3.372075680792901320e+00
-3.372075680792901320e+00
-3.372075680792901320e+00
-3.465455531162239922e+00
-3.465455531162239922e+00
-3.504768384346314658e+00
-3.504768384346314658e+00
-3.363345138885322605e+00
-3.363345138885322605e+00
-3.363345138885322605e+00
-3.363281317468354903e+00
-3.316168119529009140e+00
-3.316168119529009140e+00
-3.317088515535139059e+00
-3.310612465181952402e+00
-3.310612465181952402e+00
-3.310612465181952402e+00
-3.297810572739084733e+00
-3.297810572739084733e+00
-3.274971166942588940e+00
-3.580346618054245589e+00
-3.580346618054245589e+00
-3.600151999274813441e+00
-3.600151999274813441e+00
-3.600151999274813441e+00
-3.600151999274813441e+00
-3.600151999274813441e+00
-3.600151999274813441e+00
-3.600151999274813441e+00
-3.600151999274813441e+00
-3.600151999274813441e+00
-3.600151999274813441e+00
-3.592493201305031914e+00
-3.592493201305031914e+00
-3.545620473347475876e+00
-3.546468386458621058e+00
-3.546468386458621058e+00
-3.517157944848842810e+00
-3.517157944848842810e+00
-3.517157944848842810e+00
-3.517157944848842810e+00
-3.517157944848842810e+00
-3.517157944848842810e+00
-3.517157944848842810e+00
-3.517157944848842810e+00
-3.517157944848842810e+00
-3.517157944848842810e+00
-3.517157944848842810e+00
-3.517157944848842810e+00
-3.517157944848842810e+00
-3.338046785066505873e+00
-3.338046785066505873e+00
-3.338046785066505873e+00
-3.338046785066505873e+00
-3.338046785066505873e+00
-3.338046785066505873e+00
-3.239048826534934644e+00
-3.239048826534934644e+00
-3.239048826534934644e+00
-3.239048826534934644e+00
-3.239048826534934644e+00
-3.249084516419507018e+00
-3.249084516419507018e+00
-3.228579834815876737e+00
-3.143898387712000808e+00
-3.143898387712000808e+00
-3.143898387712000808e+00
-3.099131766514386044e+00
-3.099131766514386044e+00
-3.098800123079784807e+00
-3.234861001913679424e+00
-3.234861001913679424e+00
-3.234861001913679424e+00
-3.242340644048686826e+00
-3.242340644048686826e+00
-3.347144528055281842e+00
-3.347144528055281842e+00
-3.347144528055281842e+00
-3.349555154147612956e+00
-3.258697845283931027e+00
-3.258697845283931027e+00
-3.258697845283931027e+00
-3.258697845283931027e+00
-3.258697845283931027e+00
-3.247899717400224429e+00
-3.247899717400224429e+00
-3.247899717400224429e+00
-3.250558335284202016e+00
-3.250558335284202016e+00
-3.250558335284202016e+00
-3.250558335284202016e+00
-3.250558335284202016e+00
-3.250558335284202016e+00
-3.246382363211812283e+00
