# Variable: dg_gbsa_00000309
# Sample shape: (2000,)
# Date: 2014-03-03 06:24:07.953967
-4.054963018880519243e+00
-4.054963018880519243e+00
-4.054963018880519243e+00
-3.931807286424800818e+00
-3.931807286424800818e+00
-3.931807286424800818e+00
-3.931807286424800818e+00
-3.931807286424800818e+00
-3.931807286424800818e+00
-3.931807286424800818e+00
-3.931807286424800818e+00
-3.931807286424800818e+00
-3.651318313058885767e+00
-3.651318313058885767e+00
-3.651318313058885767e+00
-3.651318313058885767e+00
-3.651318313058885767e+00
-3.651318313058885767e+00
-3.651318313058885767e+00
-3.651318313058885767e+00
-3.651318313058885767e+00
-3.651318313058885767e+00
-3.651318313058885767e+00
-3.641086600250769134e+00
-3.641086600250769134e+00
-3.641086600250769134e+00
-3.641086600250769134e+00
-3.641086600250769134e+00
-3.641086600250769134e+00
-3.641086600250769134e+00
-3.641086600250769134e+00
-3.630099515386110642e+00
-3.630099515386110642e+00
-3.953028819301160013e+00
-3.953028819301160013e+00
-3.953028819301160013e+00
-3.953028819301160013e+00
-3.953028819301160013e+00
-3.920101982685621156e+00
-3.859392771529421839e+00
-3.859392771529421839e+00
-3.859392771529421839e+00
-3.859392771529421839e+00
-3.859392771529421839e+00
-3.859392771529421839e+00
-3.866432729688246805e+00
-3.866432729688246805e+00
-3.866432729688246805e+00
-3.866432729688246805e+00
-3.866432729688246805e+00
-3.866432729688246805e+00
-4.003895400359115619e+00
-4.003895400359115619e+00
-4.003895400359115619e+00
-4.003895400359115619e+00
-4.003895400359115619e+00
-3.998953343349478384e+00
-3.998953343349478384e+00
-3.464828029873265880e+00
-3.464828029873265880e+00
-3.464828029873265880e+00
-3.464828029873265880e+00
-3.464828029873265880e+00
-3.464828029873265880e+00
-3.464828029873265880e+00
-3.464828029873265880e+00
-3.464828029873265880e+00
-3.464828029873265880e+00
-3.464828029873265880e+00
-3.464828029873265880e+00
-3.464828029873265880e+00
-3.421724640388561500e+00
-3.421724640388561500e+00
-3.421724640388561500e+00
-3.421724640388561500e+00
-3.421724640388561500e+00
-3.421724640388561500e+00
-3.421724640388561500e+00
-3.421724640388561500e+00
-4.296119992637269291e+00
-4.296119992637269291e+00
-4.296119992637269291e+00
-4.256707076588734040e+00
-4.027856239625189794e+00
-4.027856239625189794e+00
-4.027856239625189794e+00
-4.027856239625189794e+00
-4.027856239625189794e+00
-4.027856239625189794e+00
-3.839670130217280430e+00
-3.839670130217280430e+00
-3.839670130217280430e+00
-3.839670130217280430e+00
-4.032659257119290075e+00
-4.032659257119290075e+00
-4.032659257119290075e+00
-4.032659257119290075e+00
-4.032659257119290075e+00
-4.032659257119290075e+00
-4.032659257119290075e+00
-4.032659257119290075e+00
-4.032659257119290075e+00
-4.032659257119290075e+00
-4.032659257119290075e+00
-4.032659257119290075e+00
-4.032659257119290075e+00
-4.032659257119290075e+00
-4.032659257119290075e+00
-4.032659257119290075e+00
-4.032659257119290075e+00
-4.132552083090203610e+00
-4.132552083090203610e+00
-4.132552083090203610e+00
-4.132552083090203610e+00
-4.132552083090203610e+00
-4.132552083090203610e+00
-4.132552083090203610e+00
-4.132552083090203610e+00
-4.132552083090203610e+00
-4.132552083090203610e+00
-4.132552083090203610e+00
-4.132552083090203610e+00
-4.132552083090203610e+00
-4.132552083090203610e+00
-4.132552083090203610e+00
-4.132552083090203610e+00
-4.132552083090203610e+00
-4.132552083090203610e+00
-4.132552083090203610e+00
-4.132552083090203610e+00
-4.132552083090203610e+00
-4.132552083090203610e+00
-4.132552083090203610e+00
-4.132552083090203610e+00
-4.132552083090203610e+00
-4.132552083090203610e+00
-4.132552083090203610e+00
-4.132552083090203610e+00
-4.132552083090203610e+00
-4.129459935438108076e+00
-4.129459935438108076e+00
-4.129459935438108076e+00
-4.129459935438108076e+00
-4.129459935438108076e+00
-4.129459935438108076e+00
-4.129459935438108076e+00
-4.129459935438108076e+00
-4.129459935438108076e+00
-4.129459935438108076e+00
-4.129459935438108076e+00
-4.129459935438108076e+00
-4.129459935438108076e+00
-4.129459935438108076e+00
-4.129459935438108076e+00
-4.129459935438108076e+00
-4.129459935438108076e+00
-4.129459935438108076e+00
-4.129459935438108076e+00
-4.129459935438108076e+00
-4.129459935438108076e+00
-4.129459935438108076e+00
-4.129459935438108076e+00
-4.129459935438108076e+00
-4.129459935438108076e+00
-4.129459935438108076e+00
-4.129459935438108076e+00
-4.129459935438108076e+00
-4.129459935438108076e+00
-4.129459935438108076e+00
-4.129459935438108076e+00
-4.129459935438108076e+00
-4.129459935438108076e+00
-4.129459935438108076e+00
-4.132959172557006511e+00
-4.132959172557006511e+00
-4.132959172557006511e+00
-4.132959172557006511e+00
-4.132959172557006511e+00
-4.132959172557006511e+00
-4.132959172557006511e+00
-4.132959172557006511e+00
-4.132959172557006511e+00
-4.132959172557006511e+00
-4.018360980382157166e+00
-4.018360980382157166e+00
-4.018360980382157166e+00
-4.018360980382157166e+00
-4.018360980382157166e+00
-4.018360980382157166e+00
-4.018360980382157166e+00
-4.018360980382157166e+00
-4.018360980382157166e+00
-4.018360980382157166e+00
-4.018360980382157166e+00
-4.018360980382157166e+00
-4.075871826813735943e+00
-4.075871826813735943e+00
-4.075871826813735943e+00
-4.075871826813735943e+00
-4.075871826813735943e+00
-4.075871826813735943e+00
-4.074263527106144700e+00
-4.073035876564039981e+00
-4.073035876564039981e+00
-4.073035876564039981e+00
-3.940136893073641566e+00
-3.940136893073641566e+00
-3.999798065389775115e+00
-3.999798065389775115e+00
-4.144039026409900295e+00
-4.199521719383692009e+00
-4.199521719383692009e+00
-4.199521719383692009e+00
-4.199521719383692009e+00
-4.199521719383692009e+00
-4.199521719383692009e+00
-4.199521719383692009e+00
-4.199521719383692009e+00
-4.199521719383692009e+00
-4.199521719383692009e+00
-4.199521719383692009e+00
-4.199521719383692009e+00
-4.199521719383692009e+00
-4.199521719383692009e+00
-4.199521719383692009e+00
-4.199521719383692009e+00
-4.199521719383692009e+00
-4.199521719383692009e+00
-4.199521719383692009e+00
-4.117554505970008272e+00
-4.117554505970008272e+00
-3.954539563414243286e+00
-3.954539563414243286e+00
-3.954539563414243286e+00
-3.954539563414243286e+00
-3.954539563414243286e+00
-3.954539563414243286e+00
-3.954539563414243286e+00
-3.954539563414243286e+00
-3.954539563414243286e+00
-3.954539563414243286e+00
-3.954539563414243286e+00
-3.852423472796525417e+00
-3.852423472796525417e+00
-3.852423472796525417e+00
-3.852423472796525417e+00
-3.813618911611873941e+00
-3.813618911611873941e+00
-3.813618911611873941e+00
-3.813618911611873941e+00
-3.813618911611873941e+00
-3.813618911611873941e+00
-3.813618911611873941e+00
-3.813618911611873941e+00
-3.813618911611873941e+00
-3.813618911611873941e+00
-3.813618911611873941e+00
-3.813618911611873941e+00
-3.813618911611873941e+00
-3.813618911611873941e+00
-3.860810062853373470e+00
-3.860810062853373470e+00
-3.860810062853373470e+00
-4.023295287648304353e+00
-4.023295287648304353e+00
-4.023295287648304353e+00
-4.023295287648304353e+00
-4.023295287648304353e+00
-4.023295287648304353e+00
-4.023295287648304353e+00
-4.023295287648304353e+00
-4.023295287648304353e+00
-4.023295287648304353e+00
-4.023295287648304353e+00
-4.023295287648304353e+00
-3.952815929288845620e+00
-3.952815929288845620e+00
-3.952815929288845620e+00
-3.952815929288845620e+00
-3.952815929288845620e+00
-3.952815929288845620e+00
-3.952815929288845620e+00
-3.952815929288845620e+00
-3.952815929288845620e+00
-3.952815929288845620e+00
-3.952815929288845620e+00
-3.952815929288845620e+00
-3.952815929288845620e+00
-3.952815929288845620e+00
-3.952815929288845620e+00
-3.951708627704452415e+00
-3.951708627704452415e+00
-3.951708627704452415e+00
-3.951708627704452415e+00
-3.951708627704452415e+00
-3.951708627704452415e+00
-3.951708627704452415e+00
-3.951708627704452415e+00
-3.951708627704452415e+00
-3.951708627704452415e+00
-3.951708627704452415e+00
-3.951708627704452415e+00
-3.951708627704452415e+00
-4.035278214551294873e+00
-4.035278214551294873e+00
-4.035278214551294873e+00
-4.035278214551294873e+00
-4.035278214551294873e+00
-4.035278214551294873e+00
-4.068169037652972442e+00
-4.068169037652972442e+00
-4.279997335109381851e+00
-4.279997335109381851e+00
-4.279997335109381851e+00
-4.374051413162260538e+00
-4.374051413162260538e+00
-4.374051413162260538e+00
-4.374051413162260538e+00
-4.374051413162260538e+00
-4.374051413162260538e+00
-4.374051413162260538e+00
-4.374051413162260538e+00
-4.374051413162260538e+00
-4.374051413162260538e+00
-4.051830754909186538e+00
-4.051830754909186538e+00
-4.051830754909186538e+00
-4.051830754909186538e+00
-4.051830754909186538e+00
-4.051830754909186538e+00
-4.051830754909186538e+00
-4.051830754909186538e+00
-4.051830754909186538e+00
-4.051830754909186538e+00
-4.051830754909186538e+00
-3.980402736773226202e+00
-3.980402736773226202e+00
-3.980402736773226202e+00
-3.980402736773226202e+00
-4.372939552905226179e+00
-4.372939552905226179e+00
-4.372939552905226179e+00
-4.385638647280049263e+00
-4.385638647280049263e+00
-4.385638647280049263e+00
-4.385638647280049263e+00
-4.385638647280049263e+00
-3.969158770705272232e+00
-3.969158770705272232e+00
-3.969158770705272232e+00
-3.969158770705272232e+00
-3.969158770705272232e+00
-3.969158770705272232e+00
-3.969158770705272232e+00
-3.969158770705272232e+00
-3.969158770705272232e+00
-3.969158770705272232e+00
-3.969158770705272232e+00
-3.969158770705272232e+00
-4.032509276789415509e+00
-4.032509276789415509e+00
-4.032509276789415509e+00
-4.032509276789415509e+00
-4.032509276789415509e+00
-4.032509276789415509e+00
-4.177433582838361303e+00
-4.177433582838361303e+00
-4.177433582838361303e+00
-4.177433582838361303e+00
-4.177433582838361303e+00
-4.177433582838361303e+00
-4.177433582838361303e+00
-4.177433582838361303e+00
-4.177433582838361303e+00
-4.177433582838361303e+00
-4.177433582838361303e+00
-4.177433582838361303e+00
-4.177433582838361303e+00
-4.177433582838361303e+00
-4.177433582838361303e+00
-4.177433582838361303e+00
-4.177433582838361303e+00
-4.177433582838361303e+00
-4.177433582838361303e+00
-4.177433582838361303e+00
-4.177433582838361303e+00
-4.177433582838361303e+00
-4.022921020624514732e+00
-4.124952775798381488e+00
-4.124952775798381488e+00
-4.124952775798381488e+00
-4.124952775798381488e+00
-4.124952775798381488e+00
-4.124952775798381488e+00
-4.124952775798381488e+00
-4.124952775798381488e+00
-4.124952775798381488e+00
-4.124952775798381488e+00
-4.156736297315666739e+00
-4.363382295714281156e+00
-4.363382295714281156e+00
-4.363382295714281156e+00
-4.363382295714281156e+00
-4.363382295714281156e+00
-4.363382295714281156e+00
-4.363382295714281156e+00
-4.363382295714281156e+00
-4.363382295714281156e+00
-4.363382295714281156e+00
-4.363382295714281156e+00
-4.363382295714281156e+00
-4.363382295714281156e+00
-4.617926267547315611e+00
-4.617926267547315611e+00
-4.617926267547315611e+00
-4.617926267547315611e+00
-4.617926267547315611e+00
-4.538342328190119623e+00
-4.538342328190119623e+00
-4.357427301643911122e+00
-4.357427301643911122e+00
-4.357427301643911122e+00
-4.357427301643911122e+00
-4.357427301643911122e+00
-4.357427301643911122e+00
-4.357427301643911122e+00
-4.357427301643911122e+00
-4.357427301643911122e+00
-4.438361519837242142e+00
-4.438361519837242142e+00
-4.438361519837242142e+00
-4.438361519837242142e+00
-4.438361519837242142e+00
-4.438361519837242142e+00
-4.438361519837242142e+00
-4.438361519837242142e+00
-4.294968471928262588e+00
-4.294968471928262588e+00
-4.294968471928262588e+00
-4.294968471928262588e+00
-4.294968471928262588e+00
-4.372062008421917945e+00
-4.372062008421917945e+00
-4.372062008421917945e+00
-4.372062008421917945e+00
-4.340181843044653043e+00
-4.340181843044653043e+00
-4.340181843044653043e+00
-4.367916351522588059e+00
-4.367916351522588059e+00
-4.367916351522588059e+00
-4.367916351522588059e+00
-4.367916351522588059e+00
-4.458190378221909000e+00
-4.458190378221909000e+00
-4.458190378221909000e+00
-4.458190378221909000e+00
-4.458190378221909000e+00
-4.371398265685451534e+00
-4.218803537051490693e+00
-4.218803537051490693e+00
-4.218803537051490693e+00
-4.218803537051490693e+00
-4.218803537051490693e+00
-4.218803537051490693e+00
-4.218803537051490693e+00
-4.218803537051490693e+00
-4.218803537051490693e+00
-4.218803537051490693e+00
-4.218803537051490693e+00
-4.218803537051490693e+00
-4.218803537051490693e+00
-4.346311434277156494e+00
-4.346311434277156494e+00
-4.346311434277156494e+00
-4.346311434277156494e+00
-4.346311434277156494e+00
-4.346311434277156494e+00
-4.346311434277156494e+00
-4.346311434277156494e+00
-4.346311434277156494e+00
-4.346311434277156494e+00
-4.432660899700215928e+00
-4.432660899700215928e+00
-4.432660899700215928e+00
-4.432660899700215928e+00
-4.432660899700215928e+00
-4.432660899700215928e+00
-4.432660899700215928e+00
-4.464032317210793188e+00
-4.396343778241888600e+00
-4.396343778241888600e+00
-4.396343778241888600e+00
-4.396343778241888600e+00
-4.396343778241888600e+00
-4.396343778241888600e+00
-4.486698493446947822e+00
-4.486698493446947822e+00
-4.486698493446947822e+00
-4.486698493446947822e+00
-4.486698493446947822e+00
-4.486698493446947822e+00
-4.628408023549766881e+00
-4.628408023549766881e+00
-4.628408023549766881e+00
-4.530008618735902104e+00
-4.530008618735902104e+00
-4.530008618735902104e+00
-4.530008618735902104e+00
-4.530008618735902104e+00
-4.530008618735902104e+00
-4.530008618735902104e+00
-4.219089821693318143e+00
-4.219089821693318143e+00
-4.219089821693318143e+00
-4.219089821693318143e+00
-4.219089821693318143e+00
-4.219089821693318143e+00
-4.219089821693318143e+00
-4.219089821693318143e+00
-4.219089821693318143e+00
-4.219089821693318143e+00
-4.219089821693318143e+00
-4.219089821693318143e+00
-4.219089821693318143e+00
-4.219089821693318143e+00
-4.219089821693318143e+00
-4.219089821693318143e+00
-4.219089821693318143e+00
-4.219089821693318143e+00
-4.322883503842763986e+00
-4.398931280832673707e+00
-4.398931280832673707e+00
-4.398931280832673707e+00
-4.398931280832673707e+00
-4.398931280832673707e+00
-4.398931280832673707e+00
-4.398931280832673707e+00
-4.398931280832673707e+00
-4.398931280832673707e+00
-4.398931280832673707e+00
-4.398931280832673707e+00
-4.398931280832673707e+00
-4.398931280832673707e+00
-4.398931280832673707e+00
-4.398931280832673707e+00
-4.398931280832673707e+00
-4.398931280832673707e+00
-4.398931280832673707e+00
-4.398931280832673707e+00
-4.398931280832673707e+00
-4.062596516217145570e+00
-4.062596516217145570e+00
-4.062596516217145570e+00
-4.062596516217145570e+00
-4.062596516217145570e+00
-4.062596516217145570e+00
-4.062596516217145570e+00
-4.062596516217145570e+00
-4.062596516217145570e+00
-4.062596516217145570e+00
-4.486239435112042706e+00
-4.486239435112042706e+00
-4.486239435112042706e+00
-4.486239435112042706e+00
-4.486239435112042706e+00
-4.486239435112042706e+00
-4.486239435112042706e+00
-4.407734989436132622e+00
-4.407734989436132622e+00
-4.407734989436132622e+00
-4.407734989436132622e+00
-4.407734989436132622e+00
-4.407734989436132622e+00
-4.407734989436132622e+00
-4.407734989436132622e+00
-4.407734989436132622e+00
-4.407734989436132622e+00
-4.407734989436132622e+00
-4.407734989436132622e+00
-4.407734989436132622e+00
-4.407734989436132622e+00
-4.407734989436132622e+00
-4.407734989436132622e+00
-4.407734989436132622e+00
-4.407734989436132622e+00
-4.359097143432149934e+00
-4.359097143432149934e+00
-4.420899068420292899e+00
-4.420899068420292899e+00
-4.420899068420292899e+00
-4.420899068420292899e+00
-4.180023364765466098e+00
-4.204510274854261986e+00
-4.319695168197952739e+00
-4.319695168197952739e+00
-4.319695168197952739e+00
-4.319695168197952739e+00
-4.179098410086695026e+00
-4.179098410086695026e+00
-4.179098410086695026e+00
-4.179098410086695026e+00
-4.179098410086695026e+00
-4.179098410086695026e+00
-4.179098410086695026e+00
-4.179098410086695026e+00
-4.179098410086695026e+00
-4.179098410086695026e+00
-4.179098410086695026e+00
-4.179098410086695026e+00
-4.179098410086695026e+00
-4.179098410086695026e+00
-4.179098410086695026e+00
-4.179098410086695026e+00
-4.179098410086695026e+00
-4.179098410086695026e+00
-4.208446688679390313e+00
-4.208446688679390313e+00
-4.208446688679390313e+00
-4.208446688679390313e+00
-4.208446688679390313e+00
-4.208446688679390313e+00
-4.250382374167213761e+00
-4.250382374167213761e+00
-4.250382374167213761e+00
-4.250382374167213761e+00
-4.250382374167213761e+00
-4.250382374167213761e+00
-4.250382374167213761e+00
-4.250382374167213761e+00
-4.250382374167213761e+00
-4.250382374167213761e+00
-4.250382374167213761e+00
-4.250382374167213761e+00
-4.250382374167213761e+00
-4.250382374167213761e+00
-4.250382374167213761e+00
-4.250382374167213761e+00
-4.250382374167213761e+00
-4.250382374167213761e+00
-4.250382374167213761e+00
-4.250382374167213761e+00
-4.250382374167213761e+00
-4.047348667968982738e+00
-4.047348667968982738e+00
-3.934509211698863584e+00
-3.934509211698863584e+00
-3.934509211698863584e+00
-3.934509211698863584e+00
-3.934509211698863584e+00
-3.934509211698863584e+00
-3.934509211698863584e+00
-3.934509211698863584e+00
-3.934509211698863584e+00
-3.934509211698863584e+00
-3.934509211698863584e+00
-3.934509211698863584e+00
-3.934509211698863584e+00
-3.934509211698863584e+00
-3.934509211698863584e+00
-3.935581867371188647e+00
-3.935581867371188647e+00
-4.087564366269521798e+00
-4.087564366269521798e+00
-4.087564366269521798e+00
-4.087564366269521798e+00
-4.087564366269521798e+00
-4.087564366269521798e+00
-4.087564366269521798e+00
-4.087564366269521798e+00
-4.087564366269521798e+00
-3.972673507311148100e+00
-3.972673507311148100e+00
-3.972673507311148100e+00
-3.991583793158740789e+00
-3.991583793158740789e+00
-3.991583793158740789e+00
-3.991583793158740789e+00
-3.991583793158740789e+00
-3.991583793158740789e+00
-3.991583793158740789e+00
-3.800184047472864091e+00
-3.800184047472864091e+00
-3.800184047472864091e+00
-3.800184047472864091e+00
-3.800184047472864091e+00
-3.800184047472864091e+00
-3.800184047472864091e+00
-3.800184047472864091e+00
-3.800184047472864091e+00
-3.800184047472864091e+00
-3.800184047472864091e+00
-4.152199962171040148e+00
-4.152199962171040148e+00
-4.152199962171040148e+00
-4.152199962171040148e+00
-4.152199962171040148e+00
-4.152199962171040148e+00
-4.152199962171040148e+00
-4.152199962171040148e+00
-4.152199962171040148e+00
-4.152199962171040148e+00
-4.152199962171040148e+00
-4.152199962171040148e+00
-4.152199962171040148e+00
-4.154773332876639635e+00
-4.154773332876639635e+00
-4.154773332876639635e+00
-4.150046445215637370e+00
-4.150046445215637370e+00
-4.150046445215637370e+00
-4.150046445215637370e+00
-4.150046445215637370e+00
-4.150046445215637370e+00
-4.150046445215637370e+00
-4.150046445215637370e+00
-4.150046445215637370e+00
-4.150046445215637370e+00
-4.150046445215637370e+00
-4.150046445215637370e+00
-4.150046445215637370e+00
-4.150046445215637370e+00
-4.150046445215637370e+00
-4.150046445215637370e+00
-4.150046445215637370e+00
-4.150046445215637370e+00
-4.150046445215637370e+00
-4.150046445215637370e+00
-4.150046445215637370e+00
-4.150046445215637370e+00
-4.150046445215637370e+00
-4.150046445215637370e+00
-4.150046445215637370e+00
-4.150046445215637370e+00
-4.038083621694298131e+00
-4.038083621694298131e+00
-4.038083621694298131e+00
-4.038083621694298131e+00
-4.038083621694298131e+00
-4.038083621694298131e+00
-4.038083621694298131e+00
-4.038083621694298131e+00
-4.038083621694298131e+00
-4.038083621694298131e+00
-4.038083621694298131e+00
-4.038083621694298131e+00
-4.038083621694298131e+00
-4.040959232395967327e+00
-4.040959232395967327e+00
-4.040959232395967327e+00
-4.040959232395967327e+00
-4.196059407513182293e+00
-4.196059407513182293e+00
-4.196059407513182293e+00
-4.196059407513182293e+00
-4.196059407513182293e+00
-4.196059407513182293e+00
-4.196059407513182293e+00
-4.182064282506646968e+00
-4.170550443018371745e+00
-4.170550443018371745e+00
-4.170550443018371745e+00
-4.170550443018371745e+00
-4.170550443018371745e+00
-4.170550443018371745e+00
-4.170550443018371745e+00
-4.170550443018371745e+00
-4.170550443018371745e+00
-4.170550443018371745e+00
-4.170550443018371745e+00
-4.170550443018371745e+00
-4.170550443018371745e+00
-4.170550443018371745e+00
-4.170550443018371745e+00
-4.170550443018371745e+00
-4.170550443018371745e+00
-4.170550443018371745e+00
-4.170550443018371745e+00
-4.170550443018371745e+00
-4.170550443018371745e+00
-4.170550443018371745e+00
-4.170550443018371745e+00
-4.170550443018371745e+00
-4.264269914499432268e+00
-4.264269914499432268e+00
-4.264269914499432268e+00
-4.264269914499432268e+00
-4.264269914499432268e+00
-4.264269914499432268e+00
-4.264269914499432268e+00
-4.264269914499432268e+00
-4.264269914499432268e+00
-4.264269914499432268e+00
-4.264269914499432268e+00
-4.264269914499432268e+00
-4.264269914499432268e+00
-4.264269914499432268e+00
-4.264269914499432268e+00
-4.264269914499432268e+00
-4.264269914499432268e+00
-4.160216843876738402e+00
-4.160216843876738402e+00
-4.160216843876738402e+00
-4.160216843876738402e+00
-4.237413406372070312e+00
-4.237413406372070312e+00
-4.237413406372070312e+00
-4.237413406372070312e+00
-4.177826084552713759e+00
-4.177826084552713759e+00
-4.177826084552713759e+00
-4.177826084552713759e+00
-4.177826084552713759e+00
-4.110437962110822241e+00
-4.110437962110822241e+00
-4.110437962110822241e+00
-4.050096179969451704e+00
-4.050096179969451704e+00
-4.050096179969451704e+00
-4.050096179969451704e+00
-4.074341024541033640e+00
-4.074341024541033640e+00
-4.074341024541033640e+00
-4.074341024541033640e+00
-4.074341024541033640e+00
-4.074341024541033640e+00
-4.074341024541033640e+00
-4.074341024541033640e+00
-4.074341024541033640e+00
-4.074341024541033640e+00
-4.074341024541033640e+00
-4.074341024541033640e+00
-3.595142473910096115e+00
-3.595142473910096115e+00
-3.595142473910096115e+00
-3.853423189706601359e+00
-3.849212799655775452e+00
-3.844604893350691999e+00
-3.795444167594836493e+00
-3.795444167594836493e+00
-3.795444167594836493e+00
-3.795444167594836493e+00
-4.063069250569972368e+00
-4.105872451461295647e+00
-4.105872451461295647e+00
-3.705893830177204862e+00
-3.705893830177204862e+00
-3.705893830177204862e+00
-3.705893830177204862e+00
-3.705893830177204862e+00
-3.705893830177204862e+00
-3.705893830177204862e+00
-3.705893830177204862e+00
-3.705893830177204862e+00
-3.982665206004738945e+00
-3.982665206004738945e+00
-3.982665206004738945e+00
-3.982665206004738945e+00
-3.982665206004738945e+00
-3.982665206004738945e+00
-3.982665206004738945e+00
-3.982665206004738945e+00
-3.982665206004738945e+00
-3.982665206004738945e+00
-3.982665206004738945e+00
-3.982665206004738945e+00
-3.982665206004738945e+00
-4.028605685407299575e+00
-4.039716994101413050e+00
-4.039716994101413050e+00
-4.039716994101413050e+00
-4.039716994101413050e+00
-4.039716994101413050e+00
-4.039716994101413050e+00
-4.039716994101413050e+00
-4.039716994101413050e+00
-4.039716994101413050e+00
-4.039716994101413050e+00
-4.039716994101413050e+00
-4.071818710969009381e+00
-4.071818710969009381e+00
-4.071818710969009381e+00
-4.071818710969009381e+00
-4.071818710969009381e+00
-4.071818710969009381e+00
-4.071818710969009381e+00
-4.071818710969009381e+00
-4.071818710969009381e+00
-4.071818710969009381e+00
-4.071818710969009381e+00
-4.071818710969009381e+00
-4.071818710969009381e+00
-4.071818710969009381e+00
-4.071818710969009381e+00
-4.071818710969009381e+00
-4.071818710969009381e+00
-4.071818710969009381e+00
-4.071818710969009381e+00
-4.071818710969009381e+00
-4.071818710969009381e+00
-4.071818710969009381e+00
-4.071818710969009381e+00
-4.071818710969009381e+00
-4.071818710969009381e+00
-4.071818710969009381e+00
-4.071818710969009381e+00
-4.071818710969009381e+00
-4.071818710969009381e+00
-4.071818710969009381e+00
-4.071818710969009381e+00
-4.071818710969009381e+00
-4.071818710969009381e+00
-4.071818710969009381e+00
-4.071818710969009381e+00
-4.071818710969009381e+00
-4.071818710969009381e+00
-4.071818710969009381e+00
-4.043122322563915461e+00
-4.043122322563915461e+00
-4.043122322563915461e+00
-4.043122322563915461e+00
-4.043122322563915461e+00
-4.043122322563915461e+00
-4.043122322563915461e+00
-4.043122322563915461e+00
-4.043122322563915461e+00
-4.043122322563915461e+00
-4.043122322563915461e+00
-4.075239083051225286e+00
-4.075239083051225286e+00
-4.075239083051225286e+00
-4.075239083051225286e+00
-4.075239083051225286e+00
-4.075239083051225286e+00
-4.075239083051225286e+00
-4.075239083051225286e+00
-4.075239083051225286e+00
-4.075239083051225286e+00
-4.075239083051225286e+00
-4.075239083051225286e+00
-4.075239083051225286e+00
-4.075239083051225286e+00
-4.075239083051225286e+00
-4.075239083051225286e+00
-4.075239083051225286e+00
-4.001717266571453102e+00
-4.001717266571453102e+00
-4.001717266571453102e+00
-4.001717266571453102e+00
-3.959892812696059305e+00
-3.959892812696059305e+00
-3.959892812696059305e+00
-3.959892812696059305e+00
-3.959892812696059305e+00
-3.959892812696059305e+00
-3.959892812696059305e+00
-3.959892812696059305e+00
-3.959892812696059305e+00
-3.959892812696059305e+00
-4.037113080289121747e+00
-4.037113080289121747e+00
-4.037113080289121747e+00
-4.037113080289121747e+00
-4.037113080289121747e+00
-4.037113080289121747e+00
-4.037113080289121747e+00
-4.037113080289121747e+00
-4.037113080289121747e+00
-4.037113080289121747e+00
-4.037113080289121747e+00
-4.037113080289121747e+00
-4.037113080289121747e+00
-4.037113080289121747e+00
-4.037113080289121747e+00
-4.037113080289121747e+00
-4.037113080289121747e+00
-4.037113080289121747e+00
-4.037113080289121747e+00
-4.037113080289121747e+00
-4.037113080289121747e+00
-4.037113080289121747e+00
-4.037113080289121747e+00
-4.037113080289121747e+00
-4.037113080289121747e+00
-4.037113080289121747e+00
-4.037113080289121747e+00
-4.037113080289121747e+00
-4.037113080289121747e+00
-4.037113080289121747e+00
-4.037113080289121747e+00
-4.037113080289121747e+00
-4.037113080289121747e+00
-4.037113080289121747e+00
-4.037113080289121747e+00
-4.037113080289121747e+00
-4.037113080289121747e+00
-4.037113080289121747e+00
-4.037113080289121747e+00
-4.037113080289121747e+00
-4.037113080289121747e+00
-4.037113080289121747e+00
-4.037113080289121747e+00
-3.918341879179099152e+00
-3.918341879179099152e+00
-3.917364043897697989e+00
-4.040828854358446520e+00
-4.040828854358446520e+00
-4.040828854358446520e+00
-4.040828854358446520e+00
-4.040828854358446520e+00
-4.040828854358446520e+00
-4.040828854358446520e+00
-4.040828854358446520e+00
-4.040828854358446520e+00
-4.040828854358446520e+00
-4.040828854358446520e+00
-4.040828854358446520e+00
-4.040828854358446520e+00
-4.040828854358446520e+00
-4.040828854358446520e+00
-4.040828854358446520e+00
-4.052523217283289014e+00
-4.052523217283289014e+00
-4.052523217283289014e+00
-4.098780524434368466e+00
-4.098780524434368466e+00
-4.098780524434368466e+00
-4.098780524434368466e+00
-4.098780524434368466e+00
-4.098780524434368466e+00
-4.098780524434368466e+00
-4.098780524434368466e+00
-4.098780524434368466e+00
-4.098780524434368466e+00
-4.098780524434368466e+00
-4.072044365264717136e+00
-4.072044365264717136e+00
-4.072044365264717136e+00
-4.072044365264717136e+00
-4.072044365264717136e+00
-4.072044365264717136e+00
-4.072044365264717136e+00
-4.072044365264717136e+00
-3.731494423992091303e+00
-3.731494423992091303e+00
-3.731494423992091303e+00
-3.731494423992091303e+00
-3.731494423992091303e+00
-3.731494423992091303e+00
-3.731494423992091303e+00
-3.731494423992091303e+00
-3.736530617591755643e+00
-3.736530617591755643e+00
-3.736530617591755643e+00
-3.905291767010953041e+00
-3.905291767010953041e+00
-3.905291767010953041e+00
-3.905291767010953041e+00
-3.933776177138260888e+00
-4.227398458448011986e+00
-4.227398458448011986e+00
-4.227398458448011986e+00
-4.227398458448011986e+00
-4.227398458448011986e+00
-4.227398458448011986e+00
-4.227398458448011986e+00
-4.227398458448011986e+00
-4.073168989805144413e+00
-4.073168989805144413e+00
-4.073168989805144413e+00
-3.869506642649779948e+00
-3.875199057176053508e+00
-3.875199057176053508e+00
-3.875199057176053508e+00
-3.875199057176053508e+00
-3.875199057176053508e+00
-4.012164376661836229e+00
-4.012164376661836229e+00
-4.012164376661836229e+00
-4.012164376661836229e+00
-4.033841776802252532e+00
-4.033841776802252532e+00
-4.033841776802252532e+00
-4.033841776802252532e+00
-4.033841776802252532e+00
-4.033841776802252532e+00
-4.033841776802252532e+00
-4.014244498987726395e+00
-4.014244498987726395e+00
-3.975262833370988957e+00
-4.200780368899751593e+00
-4.200780368899751593e+00
-4.200780368899751593e+00
-4.200780368899751593e+00
-4.200780368899751593e+00
-4.200780368899751593e+00
-4.200780368899751593e+00
-4.200780368899751593e+00
-4.187540615949758127e+00
-4.187540615949758127e+00
-4.183972542873987344e+00
-4.183972542873987344e+00
-4.183972542873987344e+00
-4.183972542873987344e+00
-4.183972542873987344e+00
-4.183972542873987344e+00
-4.183972542873987344e+00
-4.183972542873987344e+00
-4.183972542873987344e+00
-4.183972542873987344e+00
-4.183972542873987344e+00
-4.049586064500972249e+00
-4.049586064500972249e+00
-4.049586064500972249e+00
-4.049586064500972249e+00
-4.049586064500972249e+00
-4.049586064500972249e+00
-4.049586064500972249e+00
-4.049586064500972249e+00
-4.049586064500972249e+00
-4.049586064500972249e+00
-4.049586064500972249e+00
-4.049586064500972249e+00
-4.049586064500972249e+00
-4.049586064500972249e+00
-4.049586064500972249e+00
-4.049586064500972249e+00
-4.049586064500972249e+00
-4.049586064500972249e+00
-4.049586064500972249e+00
-4.049586064500972249e+00
-4.049586064500972249e+00
-4.049586064500972249e+00
-4.049586064500972249e+00
-4.049586064500972249e+00
-4.049586064500972249e+00
-4.049586064500972249e+00
-4.049586064500972249e+00
-4.049586064500972249e+00
-4.049586064500972249e+00
-4.049586064500972249e+00
-4.049586064500972249e+00
-4.049586064500972249e+00
-4.049586064500972249e+00
-4.049586064500972249e+00
-4.049586064500972249e+00
-4.049586064500972249e+00
-4.049586064500972249e+00
-4.049586064500972249e+00
-4.049586064500972249e+00
-4.049586064500972249e+00
-4.049586064500972249e+00
-4.049586064500972249e+00
-4.049586064500972249e+00
-4.049586064500972249e+00
-4.049586064500972249e+00
-4.049586064500972249e+00
-4.049586064500972249e+00
-4.049586064500972249e+00
-4.049586064500972249e+00
-4.049586064500972249e+00
-4.049586064500972249e+00
-4.049586064500972249e+00
-3.845610992402464845e+00
-3.845610992402464845e+00
-3.845610992402464845e+00
-3.845610992402464845e+00
-3.845610992402464845e+00
-3.845610992402464845e+00
-3.799714732124518157e+00
-3.799714732124518157e+00
-3.799714732124518157e+00
-3.826800541485700702e+00
-3.722205900553307245e+00
-3.722205900553307245e+00
-3.722205900553307245e+00
-3.722205900553307245e+00
-3.722205900553307245e+00
-3.722205900553307245e+00
-3.722205900553307245e+00
-3.722205900553307245e+00
-3.722205900553307245e+00
-3.722205900553307245e+00
-3.722205900553307245e+00
-3.722205900553307245e+00
-3.722205900553307245e+00
-3.722205900553307245e+00
-3.722205900553307245e+00
-3.722205900553307245e+00
-3.722205900553307245e+00
-3.722205900553307245e+00
-3.722205900553307245e+00
-3.722205900553307245e+00
-3.708261376813082322e+00
-3.708261376813082322e+00
-3.708261376813082322e+00
-3.708261376813082322e+00
-3.708261376813082322e+00
-3.708261376813082322e+00
-3.708261376813082322e+00
-3.708261376813082322e+00
-3.763589758717990730e+00
-3.763589758717990730e+00
-3.763589758717990730e+00
-3.763589758717990730e+00
-3.763589758717990730e+00
-3.763589758717990730e+00
-3.791720187914758622e+00
-3.854023111026100068e+00
-3.854023111026100068e+00
-3.854023111026100068e+00
-3.854023111026100068e+00
-3.854023111026100068e+00
-3.842151871602804025e+00
-3.842151871602804025e+00
-3.842151871602804025e+00
-3.842151871602804025e+00
-3.842151871602804025e+00
-3.752489618771846391e+00
-3.752489618771846391e+00
-4.064605067382578873e+00
-4.107182613978194397e+00
-4.107182613978194397e+00
-4.107182613978194397e+00
-3.849788104143014866e+00
-3.849788104143014866e+00
-3.849788104143014866e+00
-3.849788104143014866e+00
-3.849788104143014866e+00
-3.849788104143014866e+00
-3.849788104143014866e+00
-3.849788104143014866e+00
-3.849788104143014866e+00
-3.849788104143014866e+00
-3.849788104143014866e+00
-3.849788104143014866e+00
-3.787069658020486340e+00
-3.795291224127745444e+00
-3.795291224127745444e+00
-3.922638884010095861e+00
-3.922638884010095861e+00
-3.922638884010095861e+00
-3.922638884010095861e+00
-3.922638884010095861e+00
-3.922638884010095861e+00
-3.915388315175277079e+00
-3.915388315175277079e+00
-3.915388315175277079e+00
-3.915388315175277079e+00
-3.949103802157633236e+00
-3.894807731672181195e+00
-3.894807731672181195e+00
-3.894807731672181195e+00
-3.894807731672181195e+00
-3.894807731672181195e+00
-3.894807731672181195e+00
-3.894807731672181195e+00
-3.894807731672181195e+00
-3.894807731672181195e+00
-3.894807731672181195e+00
-3.894807731672181195e+00
-3.894807731672181195e+00
-3.903492003052457804e+00
-3.903492003052457804e+00
-3.903492003052457804e+00
-3.903492003052457804e+00
-3.840769226190920538e+00
-3.840769226190920538e+00
-3.840769226190920538e+00
-3.840769226190920538e+00
-3.840769226190920538e+00
-3.840769226190920538e+00
-3.840769226190920538e+00
-4.029077508025597609e+00
-4.029077508025597609e+00
-4.029077508025597609e+00
-4.029077508025597609e+00
-4.029077508025597609e+00
-4.029077508025597609e+00
-4.029077508025597609e+00
-4.029077508025597609e+00
-4.029077508025597609e+00
-4.029077508025597609e+00
-3.908814253360317625e+00
-3.908814253360317625e+00
-4.127092616735862585e+00
-4.127092616735862585e+00
-4.127092616735862585e+00
-4.127092616735862585e+00
-4.127092616735862585e+00
-4.127092616735862585e+00
-4.127092616735862585e+00
-4.127092616735862585e+00
-4.127092616735862585e+00
-4.108648227232135852e+00
-4.108648227232135852e+00
-4.075775638821020230e+00
-4.075775638821020230e+00
-4.075775638821020230e+00
-4.075775638821020230e+00
-4.075775638821020230e+00
-4.075775638821020230e+00
-3.778200760398266578e+00
-3.778200760398266578e+00
-3.778200760398266578e+00
-3.778200760398266578e+00
-3.778200760398266578e+00
-3.778200760398266578e+00
-3.778200760398266578e+00
-3.911789243125550541e+00
-3.911789243125550541e+00
-3.911789243125550541e+00
-3.911789243125550541e+00
-3.911789243125550541e+00
-3.911789243125550541e+00
-3.911789243125550541e+00
-3.818006406094786254e+00
-3.818006406094786254e+00
-3.818006406094786254e+00
-3.818006406094786254e+00
-3.818006406094786254e+00
-3.959687216559969691e+00
-3.959687216559969691e+00
-3.900584937509569361e+00
-3.900584937509569361e+00
-3.900584937509569361e+00
-3.900584937509569361e+00
-3.900584937509569361e+00
-3.900584937509569361e+00
-3.900584937509569361e+00
-3.900584937509569361e+00
-3.900584937509569361e+00
-3.900584937509569361e+00
-3.900584937509569361e+00
-3.900584937509569361e+00
-3.900584937509569361e+00
-3.900584937509569361e+00
-3.900584937509569361e+00
-3.900584937509569361e+00
-3.900584937509569361e+00
-3.900584937509569361e+00
-3.882208472228186658e+00
-3.906369893090446688e+00
-4.213138018693795672e+00
-4.213138018693795672e+00
-4.213138018693795672e+00
-4.213138018693795672e+00
-4.213138018693795672e+00
-4.213138018693795672e+00
-4.213138018693795672e+00
-4.213138018693795672e+00
-4.213138018693795672e+00
-4.213138018693795672e+00
-4.213138018693795672e+00
-4.213138018693795672e+00
-4.322268538903551338e+00
-4.322268538903551338e+00
-4.119564424737233388e+00
-3.991110602938650054e+00
-3.991110602938650054e+00
-3.991110602938650054e+00
-3.991110602938650054e+00
-3.991110602938650054e+00
-3.991110602938650054e+00
-3.991110602938650054e+00
-3.991110602938650054e+00
-3.991110602938650054e+00
-3.991110602938650054e+00
-3.991110602938650054e+00
-3.991110602938650054e+00
-4.088206683244576922e+00
-4.088206683244576922e+00
-4.088206683244576922e+00
-4.088206683244576922e+00
-4.088206683244576922e+00
-4.140617286725891688e+00
-4.140617286725891688e+00
-4.140617286725891688e+00
-4.071094793753687213e+00
-4.071094793753687213e+00
-4.169066595073867454e+00
-4.169066595073867454e+00
-4.169066595073867454e+00
-4.169066595073867454e+00
-4.252765192356437574e+00
-4.252765192356437574e+00
-4.252765192356437574e+00
-4.252765192356437574e+00
-4.343167317756958745e+00
-4.343167317756958745e+00
-4.343167317756958745e+00
-4.343167317756958745e+00
-4.254475606331177495e+00
-4.254475606331177495e+00
-4.254475606331177495e+00
-4.066342377525898222e+00
-4.066342377525898222e+00
-4.066342377525898222e+00
-4.066342377525898222e+00
-4.030849008213721163e+00
-4.030849008213721163e+00
-4.030849008213721163e+00
-4.030849008213721163e+00
-4.030849008213721163e+00
-4.030849008213721163e+00
-4.030849008213721163e+00
-3.860288550703292909e+00
-3.860288550703292909e+00
-3.860288550703292909e+00
-3.860288550703292909e+00
-3.860288550703292909e+00
-3.860288550703292909e+00
-3.860288550703292909e+00
-3.916897691686568095e+00
-3.916897691686568095e+00
-3.916897691686568095e+00
-3.916897691686568095e+00
-3.916897691686568095e+00
-3.916897691686568095e+00
-3.916897691686568095e+00
-3.916897691686568095e+00
-3.916897691686568095e+00
-3.916897691686568095e+00
-3.916897691686568095e+00
-3.916897691686568095e+00
-3.916897691686568095e+00
-3.916897691686568095e+00
-3.916897691686568095e+00
-3.905227033859457020e+00
-3.905227033859457020e+00
-3.905227033859457020e+00
-3.905227033859457020e+00
-3.905227033859457020e+00
-3.905227033859457020e+00
-3.874665692477107459e+00
-3.874665692477107459e+00
-3.874665692477107459e+00
-3.865588007647950075e+00
-3.865588007647950075e+00
-3.892861178454659843e+00
-3.892861178454659843e+00
-3.892861178454659843e+00
-3.892861178454659843e+00
-3.892861178454659843e+00
-3.892861178454659843e+00
-3.892861178454659843e+00
-3.965444820105003654e+00
-3.965444820105003654e+00
-3.965444820105003654e+00
-3.965444820105003654e+00
-3.965444820105003654e+00
-3.965444820105003654e+00
-3.965444820105003654e+00
-3.965444820105003654e+00
-3.935481576573096163e+00
-3.935481576573096163e+00
-4.010501372882558258e+00
-4.010501372882558258e+00
-4.010501372882558258e+00
-4.010501372882558258e+00
-3.818106696892878738e+00
-3.992283093541803218e+00
-3.992283093541803218e+00
-3.992283093541803218e+00
-3.992283093541803218e+00
-3.992283093541803218e+00
-3.992283093541803218e+00
-3.992283093541803218e+00
-3.992283093541803218e+00
-3.992283093541803218e+00
-3.992283093541803218e+00
-3.992283093541803218e+00
-3.992283093541803218e+00
-3.992283093541803218e+00
-3.992283093541803218e+00
-3.992283093541803218e+00
-3.992283093541803218e+00
-3.992283093541803218e+00
-3.992283093541803218e+00
-3.992283093541803218e+00
-3.992283093541803218e+00
-3.992283093541803218e+00
-3.992283093541803218e+00
-3.992283093541803218e+00
-3.992283093541803218e+00
-3.992283093541803218e+00
-3.992283093541803218e+00
-3.947125338231628255e+00
-3.947125338231628255e+00
-3.947125338231628255e+00
-3.947125338231628255e+00
-3.947125338231628255e+00
-3.947125338231628255e+00
-3.947125338231628255e+00
-3.947125338231628255e+00
-3.947125338231628255e+00
-3.947125338231628255e+00
-3.947125338231628255e+00
-3.947125338231628255e+00
-3.947125338231628255e+00
-3.947125338231628255e+00
-3.824587305918706104e+00
-3.824587305918706104e+00
-3.824587305918706104e+00
-3.824587305918706104e+00
-3.824587305918706104e+00
-3.824587305918706104e+00
-3.824587305918706104e+00
-3.824587305918706104e+00
-3.786905773739057679e+00
-3.786905773739057679e+00
-3.786905773739057679e+00
-3.786905773739057679e+00
-3.786905773739057679e+00
-3.786905773739057679e+00
-3.786905773739057679e+00
-3.786905773739057679e+00
-3.786905773739057679e+00
-3.786905773739057679e+00
-3.786905773739057679e+00
-3.786905773739057679e+00
-3.786905773739057679e+00
-3.786905773739057679e+00
-3.786905773739057679e+00
-3.786905773739057679e+00
-3.786905773739057679e+00
-3.685527732221847597e+00
-3.685527732221847597e+00
-3.685527732221847597e+00
-3.685527732221847597e+00
-3.685527732221847597e+00
-3.685527732221847597e+00
-3.685527732221847597e+00
-3.936286638161420104e+00
-3.936286638161420104e+00
-3.936286638161420104e+00
-3.936286638161420104e+00
-3.936286638161420104e+00
-3.936286638161420104e+00
-3.936286638161420104e+00
-3.789980370501487172e+00
-3.789980370501487172e+00
-3.789980370501487172e+00
-3.789980370501487172e+00
-3.789980370501487172e+00
-3.971932267139791861e+00
-3.971932267139791861e+00
-3.971932267139791861e+00
-3.971932267139791861e+00
-3.971932267139791861e+00
-3.971932267139791861e+00
-3.971932267139791861e+00
-3.775957665525476514e+00
-3.775957665525476514e+00
-3.775957665525476514e+00
-3.775957665525476514e+00
-3.775957665525476514e+00
-3.775957665525476514e+00
-3.813527966092694843e+00
-3.813527966092694843e+00
-3.813527966092694843e+00
-3.813527966092694843e+00
-3.813527966092694843e+00
-3.813527966092694843e+00
-3.813527966092694843e+00
-3.813527966092694843e+00
-3.813527966092694843e+00
-3.813527966092694843e+00
-3.813527966092694843e+00
-3.813527966092694843e+00
-3.813527966092694843e+00
-3.813527966092694843e+00
-3.813527966092694843e+00
-3.813527966092694843e+00
-3.813527966092694843e+00
-3.813527966092694843e+00
-3.813527966092694843e+00
-3.691265961408158880e+00
-3.691265961408158880e+00
-3.691265961408158880e+00
-3.691265961408158880e+00
-3.691265961408158880e+00
-3.691265961408158880e+00
-3.691265961408158880e+00
-3.691265961408158880e+00
-3.691265961408158880e+00
-3.626349551271981664e+00
-3.592323390749170731e+00
-3.592323390749170731e+00
-3.592323390749170731e+00
-3.592323390749170731e+00
-3.854039522247605820e+00
-3.854039522247605820e+00
-3.854039522247605820e+00
-3.854039522247605820e+00
-3.854039522247605820e+00
-3.854039522247605820e+00
-3.854039522247605820e+00
-3.854039522247605820e+00
-3.854039522247605820e+00
-3.854039522247605820e+00
-3.854039522247605820e+00
-3.895134588500509754e+00
-3.895134588500509754e+00
-3.895134588500509754e+00
-3.895134588500509754e+00
-3.895134588500509754e+00
-3.895134588500509754e+00
-3.895134588500509754e+00
-3.895134588500509754e+00
-3.895134588500509754e+00
-3.895134588500509754e+00
-3.895134588500509754e+00
-3.895134588500509754e+00
-3.895134588500509754e+00
-3.895134588500509754e+00
-3.884407120042731254e+00
-3.884407120042731254e+00
-3.931487267605433100e+00
-3.931487267605433100e+00
-3.931487267605433100e+00
-3.931487267605433100e+00
-3.931487267605433100e+00
-3.931487267605433100e+00
-3.931487267605433100e+00
-3.931487267605433100e+00
-3.931487267605433100e+00
-3.931487267605433100e+00
-3.931487267605433100e+00
-3.925056803978651754e+00
-3.925056803978651754e+00
-3.925056803978651754e+00
-3.925056803978651754e+00
-3.925056803978651754e+00
-3.862421097764549227e+00
-3.862421097764549227e+00
-3.869544479632696543e+00
-3.811157456319600900e+00
-3.896547777019084613e+00
-3.896547777019084613e+00
-3.896547777019084613e+00
-3.896547777019084613e+00
-3.896547777019084613e+00
-3.896547777019084613e+00
-3.649452220413470283e+00
-3.649452220413470283e+00
-3.649452220413470283e+00
-3.649452220413470283e+00
-3.649452220413470283e+00
-3.704579108987665848e+00
-3.704579108987665848e+00
-3.704579108987665848e+00
-3.704579108987665848e+00
-3.704579108987665848e+00
-3.701850971345919561e+00
-3.701850971345919561e+00
-3.685607508993057557e+00
-3.685607508993057557e+00
-3.685607508993057557e+00
-3.685607508993057557e+00
-3.644185130044561127e+00
-3.644185130044561127e+00
-3.644185130044561127e+00
-3.635303696072579971e+00
-3.635303696072579971e+00
-3.635303696072579971e+00
-3.635303696072579971e+00
-3.635303696072579971e+00
-3.635303696072579971e+00
-3.635303696072579971e+00
-3.831656895449694566e+00
-3.851876887946921624e+00
-3.851876887946921624e+00
-3.851876887946921624e+00
-3.851876887946921624e+00
-3.851876887946921624e+00
-3.851876887946921624e+00
-3.851876887946921624e+00
-3.851876887946921624e+00
-3.851876887946921624e+00
-3.851876887946921624e+00
-3.754416569697013539e+00
-3.754416569697013539e+00
-3.754416569697013539e+00
-3.754416569697013539e+00
-3.754416569697013539e+00
-3.754416569697013539e+00
-3.754416569697013539e+00
-3.754416569697013539e+00
-3.754416569697013539e+00
-3.754416569697013539e+00
-3.754416569697013539e+00
-3.754416569697013539e+00
-3.556182917855665426e+00
-3.902499580018606640e+00
-3.902499580018606640e+00
-3.902499580018606640e+00
-3.902499580018606640e+00
-3.902499580018606640e+00
-3.902499580018606640e+00
-3.902499580018606640e+00
-3.921796441306119263e+00
-3.921796441306119263e+00
-3.921796441306119263e+00
-3.921796441306119263e+00
-3.921796441306119263e+00
-3.921796441306119263e+00
-3.921796441306119263e+00
-3.921796441306119263e+00
-3.921796441306119263e+00
-3.921796441306119263e+00
-3.878494521627918079e+00
-3.878494521627918079e+00
-3.878494521627918079e+00
-3.878494521627918079e+00
-3.878494521627918079e+00
-3.897392499059381343e+00
-3.897392499059381343e+00
-3.897392499059381343e+00
-3.897392499059381343e+00
-3.918727998751755148e+00
-3.919722245254662063e+00
-3.919722245254662063e+00
-3.919722245254662063e+00
-3.883669526809487849e+00
-3.883669526809487849e+00
-3.883669526809487849e+00
-3.793109215468339013e+00
-3.793109215468339013e+00
-3.793109215468339013e+00
-3.793109215468339013e+00
-3.793109215468339013e+00
-3.793109215468339013e+00
-3.793109215468339013e+00
-3.793109215468339013e+00
-3.793109215468339013e+00
-3.793109215468339013e+00
-3.793109215468339013e+00
-3.793109215468339013e+00
-3.803906659551149705e+00
-3.803906659551149705e+00
-3.803906659551149705e+00
-3.803906659551149705e+00
-3.803906659551149705e+00
-3.803906659551149705e+00
-3.803906659551149705e+00
-3.803906659551149705e+00
-3.803906659551149705e+00
-3.803906659551149705e+00
-3.699177993643123941e+00
-3.699177993643123941e+00
-3.699177993643123941e+00
-3.699177993643123941e+00
-3.699177993643123941e+00
-3.699177993643123941e+00
-3.699177993643123941e+00
-3.699177993643123941e+00
-3.732047390983391555e+00
-3.732047390983391555e+00
-3.732047390983391555e+00
-3.732047390983391555e+00
-3.732047390983391555e+00
-3.732047390983391555e+00
-3.732047390983391555e+00
-3.732047390983391555e+00
-3.732047390983391555e+00
-3.732047390983391555e+00
-3.732047390983391555e+00
-3.732047390983391555e+00
-3.826695236147703572e+00
-3.826695236147703572e+00
-3.826695236147703572e+00
-3.712954302362912351e+00
-3.712954302362912351e+00
-3.712954302362912351e+00
-3.945081685286862871e+00
-3.945081685286862871e+00
-3.945081685286862871e+00
-3.945081685286862871e+00
-3.626194100534938514e+00
-3.626194100534938514e+00
-3.626194100534938514e+00
-3.626194100534938514e+00
-3.626194100534938514e+00
-3.626194100534938514e+00
-3.626194100534938514e+00
-3.626194100534938514e+00
-3.626194100534938514e+00
-3.626194100534938514e+00
-3.626194100534938514e+00
-3.626194100534938514e+00
-3.626194100534938514e+00
-3.626194100534938514e+00
-3.626194100534938514e+00
-3.626194100534938514e+00
-3.805284518356760515e+00
-3.805284518356760515e+00
-3.805284518356760515e+00
-3.805284518356760515e+00
-3.754446201069177036e+00
-3.754446201069177036e+00
-3.740810527400350249e+00
-3.740810527400350249e+00
-3.740810527400350249e+00
-3.740810527400350249e+00
-3.740810527400350249e+00
-3.704025002328204863e+00
-3.704025002328204863e+00
-3.704025002328204863e+00
-3.704025002328204863e+00
-3.704025002328204863e+00
-3.704025002328204863e+00
-3.802257103856161446e+00
-3.802257103856161446e+00
-3.802257103856161446e+00
-3.793557560922538485e+00
-3.793557560922538485e+00
-3.793557560922538485e+00
-3.793557560922538485e+00
-3.793557560922538485e+00
-3.793557560922538485e+00
-3.793557560922538485e+00
-3.793557560922538485e+00
-3.793557560922538485e+00
-3.793557560922538485e+00
-3.793557560922538485e+00
-3.793557560922538485e+00
-3.793557560922538485e+00
-3.793557560922538485e+00
-3.793557560922538485e+00
-3.793557560922538485e+00
-3.793557560922538485e+00
-3.784306190665775560e+00
-3.784306190665775560e+00
-3.784306190665775560e+00
-4.027406754502830921e+00
-3.916176965542094823e+00
-4.076934453406251713e+00
-4.076934453406251713e+00
-4.076934453406251713e+00
-4.076934453406251713e+00
-4.076934453406251713e+00
-4.076934453406251713e+00
-4.076934453406251713e+00
-4.076934453406251713e+00
-4.076934453406251713e+00
-4.076934453406251713e+00
-4.076934453406251713e+00
-4.076934453406251713e+00
-4.076934453406251713e+00
-4.076934453406251713e+00
-4.076934453406251713e+00
-4.052980452149137491e+00
-4.052980452149137491e+00
-4.052980452149137491e+00
-4.052980452149137491e+00
-4.052980452149137491e+00
-4.052980452149137491e+00
-4.052980452149137491e+00
-4.052980452149137491e+00
-4.052980452149137491e+00
-4.052980452149137491e+00
-4.052980452149137491e+00
-4.052980452149137491e+00
-4.052980452149137491e+00
-4.052980452149137491e+00
-4.052980452149137491e+00
-4.052980452149137491e+00
-4.052980452149137491e+00
-4.052980452149137491e+00
-4.052980452149137491e+00
-4.052980452149137491e+00
-4.052980452149137491e+00
-4.052980452149137491e+00
-4.052980452149137491e+00
-4.052980452149137491e+00
-4.052980452149137491e+00
-4.052980452149137491e+00
-4.052980452149137491e+00
-4.052980452149137491e+00
-4.052980452149137491e+00
-4.052980452149137491e+00
-4.052980452149137491e+00
-4.052980452149137491e+00
-4.052980452149137491e+00
-4.052980452149137491e+00
-4.052980452149137491e+00
-4.052980452149137491e+00
-4.052980452149137491e+00
-4.052980452149137491e+00
-4.052980452149137491e+00
-4.052980452149137491e+00
-4.052980452149137491e+00
-4.052980452149137491e+00
-4.052980452149137491e+00
-4.052980452149137491e+00
-4.052980452149137491e+00
-4.052980452149137491e+00
-4.062046284429429832e+00
-4.062046284429429832e+00
-3.968775386336200750e+00
-3.968775386336200750e+00
-3.968775386336200750e+00
-3.968775386336200750e+00
-3.968775386336200750e+00
-3.968775386336200750e+00
-3.968775386336200750e+00
-3.968775386336200750e+00
-3.968775386336200750e+00
-3.968775386336200750e+00
-3.968775386336200750e+00
-3.968775386336200750e+00
-3.968775386336200750e+00
-3.968775386336200750e+00
-3.968775386336200750e+00
-3.968775386336200750e+00
-3.968775386336200750e+00
-3.882654310412434029e+00
-3.882654310412434029e+00
-3.882654310412434029e+00
-3.882654310412434029e+00
-3.882654310412434029e+00
-3.882654310412434029e+00
-3.863710290387301072e+00
-3.863710290387301072e+00
-3.863710290387301072e+00
-4.068068290987616464e+00
-4.068068290987616464e+00
-4.120802560226411337e+00
-4.120802560226411337e+00
-4.120802560226411337e+00
-4.120802560226411337e+00
-4.120802560226411337e+00
-4.120802560226411337e+00
-4.120802560226411337e+00
-4.120802560226411337e+00
-4.120802560226411337e+00
-4.120802560226411337e+00
-4.120802560226411337e+00
-4.120802560226411337e+00
-4.120802560226411337e+00
-4.127557145477936729e+00
-4.127557145477936729e+00
-4.046184838843847054e+00
-4.046184838843847054e+00
-4.046184838843847054e+00
-4.046184838843847054e+00
-4.046184838843847054e+00
-4.046184838843847054e+00
-4.046184838843847054e+00
-4.046184838843847054e+00
-4.046184838843847054e+00
-4.046184838843847054e+00
-4.046184838843847054e+00
-4.046184838843847054e+00
-4.046184838843847054e+00
-4.088662550508633586e+00
-4.088662550508633586e+00
-4.088662550508633586e+00
-4.088662550508633586e+00
-4.088662550508633586e+00
-4.088662550508633586e+00
-4.022093165672987247e+00
-4.022093165672987247e+00
-4.022093165672987247e+00
-4.022093165672987247e+00
-4.022093165672987247e+00
-4.037876202089152322e+00
-4.037876202089152322e+00
-4.037876202089152322e+00
-3.906408185940627220e+00
-3.906408185940627220e+00
-3.906408185940627220e+00
-3.891311229756867274e+00
-3.891311229756867274e+00
-3.891311229756867274e+00
-3.891311229756867274e+00
-3.891311229756867274e+00
-3.891311229756867274e+00
-3.891311229756867274e+00
-3.891311229756867274e+00
-3.891311229756867274e+00
-3.891311229756867274e+00
-3.891311229756867274e+00
-3.891311229756867274e+00
-3.891311229756867274e+00
-3.891311229756867274e+00
-3.891311229756867274e+00
-3.891311229756867274e+00
-3.891311229756867274e+00
-3.891311229756867274e+00
-3.891311229756867274e+00
-3.891311229756867274e+00
-3.891311229756867274e+00
-3.891311229756867274e+00
-3.891311229756867274e+00
-3.891311229756867274e+00
-3.891311229756867274e+00
-3.891311229756867274e+00
-3.891311229756867274e+00
