# Variable: dg_gbsa_00000370
# Sample shape: (2000,)
# Date: 2014-03-03 06:24:04.783870
-2.008688609413161519e+00
-2.008688609413161519e+00
-2.008688609413161519e+00
-2.199008633484119901e+00
-2.199008633484119901e+00
-2.199008633484119901e+00
-2.199008633484119901e+00
-2.199008633484119901e+00
-2.199008633484119901e+00
-2.199008633484119901e+00
-2.199008633484119901e+00
-2.199008633484119901e+00
-2.157633436797453896e+00
-2.157633436797453896e+00
-2.157633436797453896e+00
-2.157633436797453896e+00
-2.157633436797453896e+00
-2.157633436797453896e+00
-2.157633436797453896e+00
-2.157633436797453896e+00
-2.157633436797453896e+00
-2.157633436797453896e+00
-2.157633436797453896e+00
-2.156091465776782456e+00
-2.156091465776782456e+00
-2.156091465776782456e+00
-2.156091465776782456e+00
-2.156091465776782456e+00
-2.156091465776782456e+00
-2.156091465776782456e+00
-2.156087590905038098e+00
-2.174023004608446108e+00
-2.174023004608446108e+00
-2.371168045423226900e+00
-2.371168045423226900e+00
-2.371168045423226900e+00
-2.371168045423226900e+00
-2.371168045423226900e+00
-2.371168045423226900e+00
-2.470531837434203126e+00
-2.470531837434203126e+00
-2.470531837434203126e+00
-2.470531837434203126e+00
-2.470531837434203126e+00
-2.470539587177692287e+00
-2.471639139018596776e+00
-2.471639139018596776e+00
-2.471639139018596776e+00
-2.471639139018596776e+00
-2.471639139018596776e+00
-2.471639139018596776e+00
-2.471639139018596776e+00
-2.471639139018596776e+00
-2.471639139018596776e+00
-2.471639139018596776e+00
-2.471639139018596776e+00
-2.470880347957574497e+00
-2.470880347957574497e+00
-2.385292864666386237e+00
-2.385292864666386237e+00
-2.392343535705916402e+00
-2.392343535705916402e+00
-2.392343535705916402e+00
-2.392343535705916402e+00
-2.392343535705916402e+00
-2.392343535705916402e+00
-2.392343535705916402e+00
-2.392343535705916402e+00
-2.392343535705916402e+00
-2.392343535705916402e+00
-2.334538199021757077e+00
-2.408029016527573063e+00
-2.408029016527573063e+00
-2.408029016527573063e+00
-2.408029016527573063e+00
-2.408029016527573063e+00
-2.408029016527573063e+00
-2.408029016527573063e+00
-2.408029016527573063e+00
-2.828648623727247458e+00
-2.866090825593266445e+00
-2.866090825593266445e+00
-2.866090825593266445e+00
-2.866090825593266445e+00
-2.866090825593266445e+00
-2.866090825593266445e+00
-2.866090825593266445e+00
-2.866090825593266445e+00
-2.866090825593266445e+00
-2.771374828272977986e+00
-2.771374828272977986e+00
-2.771374828272977986e+00
-2.771374828272977986e+00
-2.771374828272977986e+00
-2.771374828272977986e+00
-2.771374828272977986e+00
-2.771374828272977986e+00
-2.771374828272977986e+00
-2.771374828272977986e+00
-2.771374828272977986e+00
-2.771374828272977986e+00
-2.771374828272977986e+00
-2.771374828272977986e+00
-2.771374828272977986e+00
-2.771374828272977986e+00
-2.771374828272977986e+00
-2.771374828272977986e+00
-2.771374828272977986e+00
-2.771374828272977986e+00
-2.771374828272977986e+00
-2.771374828272977986e+00
-2.703674208821575498e+00
-2.703674208821575498e+00
-2.703674208821575498e+00
-2.467015505292903477e+00
-2.467015505292903477e+00
-2.467015505292903477e+00
-2.467015505292903477e+00
-2.467015505292903477e+00
-2.467015505292903477e+00
-2.467015505292903477e+00
-2.467015505292903477e+00
-2.467015505292903477e+00
-2.467015505292903477e+00
-2.777773837058539641e+00
-2.777773837058539641e+00
-2.777773837058539641e+00
-2.777773837058539641e+00
-2.777773837058539641e+00
-2.777773837058539641e+00
-2.777773837058539641e+00
-2.777773837058539641e+00
-2.777773837058539641e+00
-2.777773837058539641e+00
-2.777773837058539641e+00
-2.777773837058539641e+00
-2.777773837058539641e+00
-2.777773837058539641e+00
-2.777773837058539641e+00
-2.782843081034847899e+00
-2.782843081034847899e+00
-2.782843081034847899e+00
-2.782843081034847899e+00
-2.782843081034847899e+00
-2.782843081034847899e+00
-2.782843081034847899e+00
-2.782843081034847899e+00
-2.782843081034847899e+00
-2.782843081034847899e+00
-2.782843081034847899e+00
-2.782843081034847899e+00
-2.782843081034847899e+00
-2.782843081034847899e+00
-2.782843081034847899e+00
-2.782843081034847899e+00
-2.782843081034847899e+00
-2.782843081034847899e+00
-2.582818098779390059e+00
-2.582818098779390059e+00
-2.582818098779390059e+00
-2.582818098779390059e+00
-2.582818098779390059e+00
-2.582818098779390059e+00
-2.582818098779390059e+00
-2.582818098779390059e+00
-2.582818098779390059e+00
-2.582818098779390059e+00
-2.582818098779390059e+00
-2.500023258347812138e+00
-2.500023258347812138e+00
-2.702099187424260140e+00
-2.702099187424260140e+00
-2.702099187424260140e+00
-2.696451903757127955e+00
-2.696451903757127955e+00
-2.696451903757127955e+00
-2.766117766983878123e+00
-2.766117766983878123e+00
-2.766117766983878123e+00
-2.766117766983878123e+00
-2.766117766983878123e+00
-2.766117766983878123e+00
-2.766117766983878123e+00
-2.766117766983878123e+00
-2.766117766983878123e+00
-2.766117766983878123e+00
-2.766117766983878123e+00
-2.766117766983878123e+00
-2.766117766983878123e+00
-2.766117766983878123e+00
-2.766117766983878123e+00
-2.766117766983878123e+00
-2.766117766983878123e+00
-2.766117766983878123e+00
-2.766117766983878123e+00
-2.766117766983878123e+00
-2.766117766983878123e+00
-2.766117766983878123e+00
-2.766117766983878123e+00
-2.766117766983878123e+00
-2.766117766983878123e+00
-2.709184504375858893e+00
-2.709184504375858893e+00
-2.709184504375858893e+00
-2.691399526869589387e+00
-2.691399526869589387e+00
-2.691399526869589387e+00
-2.691399526869589387e+00
-2.691399526869589387e+00
-2.761181864182306267e+00
-2.761181864182306267e+00
-2.761181864182306267e+00
-2.761181864182306267e+00
-2.761181864182306267e+00
-2.761181864182306267e+00
-2.761181864182306267e+00
-2.761181864182306267e+00
-2.761181864182306267e+00
-2.761181864182306267e+00
-2.761181864182306267e+00
-2.761181864182306267e+00
-2.761181864182306267e+00
-2.761181864182306267e+00
-2.761181864182306267e+00
-2.761181864182306267e+00
-2.761181864182306267e+00
-2.761181864182306267e+00
-2.761181864182306267e+00
-2.761181864182306267e+00
-2.761181864182306267e+00
-2.746150324950938248e+00
-2.718874646874276380e+00
-2.718874646874276380e+00
-2.718874646874276380e+00
-2.718874646874276380e+00
-2.718874646874276380e+00
-2.718874646874276380e+00
-2.718874646874276380e+00
-2.718874646874276380e+00
-2.835671714797302290e+00
-2.835671714797302290e+00
-2.835671714797302290e+00
-2.835671714797302290e+00
-2.835671714797302290e+00
-2.835671714797302290e+00
-2.835671714797302290e+00
-2.835671714797302290e+00
-2.835671714797302290e+00
-2.835671714797302290e+00
-2.835671714797302290e+00
-2.835671714797302290e+00
-2.835671714797302290e+00
-2.835671714797302290e+00
-2.835671714797302290e+00
-2.835671714797302290e+00
-2.835671714797302290e+00
-2.835671714797302290e+00
-2.835671714797302290e+00
-2.835671714797302290e+00
-2.835671714797302290e+00
-2.843973969410299674e+00
-2.843973969410299674e+00
-2.843973969410299674e+00
-2.843973969410299674e+00
-2.843973969410299674e+00
-2.843973969410299674e+00
-2.843973969410299674e+00
-2.843973969410299674e+00
-2.843973969410299674e+00
-2.843973969410299674e+00
-2.843973969410299674e+00
-2.843973969410299674e+00
-2.843973969410299674e+00
-2.843973969410299674e+00
-2.843973969410299674e+00
-2.843973969410299674e+00
-2.843973969410299674e+00
-2.843973969410299674e+00
-2.843973969410299674e+00
-2.843973969410299674e+00
-2.843973969410299674e+00
-2.843973969410299674e+00
-2.843973969410299674e+00
-2.843973969410299674e+00
-2.843973969410299674e+00
-2.843973969410299674e+00
-2.843973969410299674e+00
-2.843973969410299674e+00
-2.843973969410299674e+00
-2.843973969410299674e+00
-2.843973969410299674e+00
-2.843973969410299674e+00
-2.843973969410299674e+00
-2.843973969410299674e+00
-2.843973969410299674e+00
-2.843973969410299674e+00
-2.843973969410299674e+00
-2.843973969410299674e+00
-2.843973969410299674e+00
-2.843973969410299674e+00
-2.843973969410299674e+00
-2.843973969410299674e+00
-2.843973969410299674e+00
-2.843973969410299674e+00
-2.843973969410299674e+00
-2.843973969410299674e+00
-2.843973969410299674e+00
-2.843973969410299674e+00
-2.843973969410299674e+00
-2.843973969410299674e+00
-2.843973969410299674e+00
-2.949097872236262408e+00
-2.949097872236262408e+00
-2.949097872236262408e+00
-2.949097872236262408e+00
-2.949097872236262408e+00
-2.949097872236262408e+00
-2.949097872236262408e+00
-2.949097872236262408e+00
-2.949097872236262408e+00
-2.949097872236262408e+00
-2.949097872236262408e+00
-2.949097872236262408e+00
-2.949097872236262408e+00
-2.949097872236262408e+00
-2.949097872236262408e+00
-2.949097872236262408e+00
-2.949097872236262408e+00
-2.949097872236262408e+00
-2.949097872236262408e+00
-2.949097872236262408e+00
-2.949097872236262408e+00
-2.949097872236262408e+00
-2.949097872236262408e+00
-2.949097872236262408e+00
-3.092157225307953006e+00
-3.092157225307953006e+00
-3.092157225307953006e+00
-2.753134211436284229e+00
-2.948697164911156854e+00
-2.948697164911156854e+00
-2.948697164911156854e+00
-2.928907739044831260e+00
-2.928907739044831260e+00
-2.928907739044831260e+00
-2.928907739044831260e+00
-2.928907739044831260e+00
-2.857077645981972669e+00
-2.857077645981972669e+00
-2.858838661223022992e+00
-2.858838661223022992e+00
-2.974179233237388420e+00
-2.974179233237388420e+00
-2.974179233237388420e+00
-2.974179233237388420e+00
-2.974179233237388420e+00
-2.974179233237388420e+00
-2.974179233237388420e+00
-2.974179233237388420e+00
-3.007539143753780841e+00
-3.007539143753780841e+00
-3.007539143753780841e+00
-3.088366005206427012e+00
-3.088366005206427012e+00
-3.088366005206427012e+00
-3.114840268632877773e+00
-3.114840268632877773e+00
-3.114840268632877773e+00
-3.088523507346158770e+00
-3.045854103496835830e+00
-3.045854103496835830e+00
-3.045854103496835830e+00
-3.045854103496835830e+00
-3.045854103496835830e+00
-3.045854103496835830e+00
-3.045854103496835830e+00
-3.045854103496835830e+00
-3.045854103496835830e+00
-3.045854103496835830e+00
-3.045854103496835830e+00
-3.045854103496835830e+00
-3.045854103496835830e+00
-3.045854103496835830e+00
-3.045854103496835830e+00
-3.045854103496835830e+00
-3.045854103496835830e+00
-3.045854103496835830e+00
-3.045854103496835830e+00
-3.072922361968351890e+00
-3.072922361968351890e+00
-3.072922361968351890e+00
-3.072922361968351890e+00
-3.072922361968351890e+00
-3.258265227250341400e+00
-3.258265227250341400e+00
-3.258265227250341400e+00
-3.258265227250341400e+00
-2.952060553585365898e+00
-2.957642648233738125e+00
-2.942320265687902392e+00
-2.942320265687902392e+00
-2.942320265687902392e+00
-3.131842977914025994e+00
-3.131842977914025994e+00
-3.131842977914025994e+00
-3.131842977914025994e+00
-3.092713839237366091e+00
-3.092713839237366091e+00
-3.347265560813888818e+00
-3.135417888998757174e+00
-3.135417888998757174e+00
-3.135417888998757174e+00
-3.135417888998757174e+00
-3.135417888998757174e+00
-3.135417888998757174e+00
-2.996655540758063285e+00
-2.996655540758063285e+00
-2.996655540758063285e+00
-3.274750299253153418e+00
-3.341574058022143134e+00
-3.341574058022143134e+00
-3.341574058022143134e+00
-3.341574058022143134e+00
-3.341574058022143134e+00
-3.341574058022143134e+00
-3.341574058022143134e+00
-3.341574058022143134e+00
-3.341574058022143134e+00
-3.148582195916549420e+00
-3.148582195916549420e+00
-3.148582195916549420e+00
-3.148582195916549420e+00
-3.275210497256218822e+00
-3.275210497256218822e+00
-3.275210497256218822e+00
-3.074113998996595765e+00
-2.991708469208521848e+00
-2.991708469208521848e+00
-2.991708469208521848e+00
-2.991708469208521848e+00
-2.991708469208521848e+00
-2.991708469208521848e+00
-2.991708469208521848e+00
-2.991708469208521848e+00
-2.991708469208521848e+00
-3.138294639368585770e+00
-3.138294639368585770e+00
-3.138294639368585770e+00
-3.094937787685065889e+00
-3.094937787685065889e+00
-3.094937787685065889e+00
-3.094937787685065889e+00
-3.094937787685065889e+00
-3.094937787685065889e+00
-3.094937787685065889e+00
-3.094937787685065889e+00
-3.340877720776297188e+00
-3.340877720776297188e+00
-3.340877720776297188e+00
-3.312575429620979506e+00
-3.312575429620979506e+00
-3.312575429620979506e+00
-3.312575429620979506e+00
-3.312575429620979506e+00
-3.312575429620979506e+00
-3.312575429620979506e+00
-3.303991449038795380e+00
-3.303991449038795380e+00
-3.303991449038795380e+00
-3.303991449038795380e+00
-3.303991449038795380e+00
-3.043636309257200967e+00
-3.043636309257200967e+00
-3.043636309257200967e+00
-3.043636309257200967e+00
-3.043636309257200967e+00
-3.043636309257200967e+00
-3.043636309257200967e+00
-3.043636309257200967e+00
-3.043636309257200967e+00
-3.043636309257200967e+00
-3.080063522659797659e+00
-3.182809621836441671e+00
-3.182809621836441671e+00
-3.182809621836441671e+00
-3.182809621836441671e+00
-3.182809621836441671e+00
-3.182809621836441671e+00
-3.182809621836441671e+00
-3.188423855126929496e+00
-3.295943568359141373e+00
-3.295943568359141373e+00
-3.295943568359141373e+00
-3.295943568359141373e+00
-3.295943568359141373e+00
-3.295943568359141373e+00
-3.153110781317686850e+00
-3.258675279854360340e+00
-3.258675279854360340e+00
-3.258675279854360340e+00
-3.258675279854360340e+00
-3.258675279854360340e+00
-3.283900694910927953e+00
-3.283900694910927953e+00
-3.283900694910927953e+00
-3.283900694910927953e+00
-3.283900694910927953e+00
-3.283900694910927953e+00
-3.283900694910927953e+00
-3.186437641457435355e+00
-3.186437641457435355e+00
-3.186437641457435355e+00
-3.186437641457435355e+00
-3.186437641457435355e+00
-3.186437641457435355e+00
-3.186437641457435355e+00
-3.186437641457435355e+00
-3.186437641457435355e+00
-3.186437641457435355e+00
-3.186437641457435355e+00
-3.186437641457435355e+00
-3.186437641457435355e+00
-3.186437641457435355e+00
-3.186437641457435355e+00
-3.186437641457435355e+00
-3.186437641457435355e+00
-3.186437641457435355e+00
-3.228205111924822290e+00
-3.228205111924822290e+00
-3.228205111924822290e+00
-3.228205111924822290e+00
-3.228205111924822290e+00
-3.228205111924822290e+00
-3.228205111924822290e+00
-3.228205111924822290e+00
-3.228205111924822290e+00
-3.228205111924822290e+00
-3.228205111924822290e+00
-3.228205111924822290e+00
-3.228205111924822290e+00
-3.228205111924822290e+00
-3.228205111924822290e+00
-3.228205111924822290e+00
-3.228205111924822290e+00
-3.228205111924822290e+00
-3.116496662336826873e+00
-3.116496662336826873e+00
-3.116496662336826873e+00
-3.116496662336826873e+00
-3.116496662336826873e+00
-3.116496662336826873e+00
-3.116496662336826873e+00
-3.116496662336826873e+00
-3.116496662336826873e+00
-3.116496662336826873e+00
-3.116496662336826873e+00
-2.979324834980426662e+00
-3.230082601251838881e+00
-3.230082601251838881e+00
-3.230082601251838881e+00
-3.230082601251838881e+00
-3.230082601251838881e+00
-3.230082601251838881e+00
-3.230082601251838881e+00
-3.283291656246148715e+00
-3.283291656246148715e+00
-3.283291656246148715e+00
-3.283291656246148715e+00
-3.283291656246148715e+00
-3.283291656246148715e+00
-3.283291656246148715e+00
-3.283291656246148715e+00
-3.283291656246148715e+00
-3.283291656246148715e+00
-3.283291656246148715e+00
-3.283291656246148715e+00
-3.283291656246148715e+00
-3.240356937649144786e+00
-3.240356937649144786e+00
-3.240356937649144786e+00
-3.240356937649144786e+00
-2.864311803595285699e+00
-2.864311803595285699e+00
-2.989050763059072580e+00
-2.989050763059072580e+00
-3.115192654027993502e+00
-3.191457195901961530e+00
-3.191457195901961530e+00
-3.191457195901961530e+00
-3.191457195901961530e+00
-3.240679919605728987e+00
-3.119994303920300638e+00
-3.119994303920300638e+00
-3.119994303920300638e+00
-3.119994303920300638e+00
-3.119994303920300638e+00
-3.119994303920300638e+00
-3.119994303920300638e+00
-3.094784160417078933e+00
-3.094784160417078933e+00
-3.094784160417078933e+00
-3.094784160417078933e+00
-3.329895650451543343e+00
-3.129255475323240887e+00
-3.129255475323240887e+00
-3.129255475323240887e+00
-3.129255475323240887e+00
-3.129255475323240887e+00
-3.129255475323240887e+00
-2.951842649033146859e+00
-2.951842649033146859e+00
-2.951842649033146859e+00
-2.951842649033146859e+00
-2.951842649033146859e+00
-2.951842649033146859e+00
-2.951842649033146859e+00
-3.168855752817303362e+00
-3.168855752817303362e+00
-3.168855752817303362e+00
-3.168855752817303362e+00
-3.168855752817303362e+00
-3.168855752817303362e+00
-3.176511587649868407e+00
-3.176511587649868407e+00
-3.176511587649868407e+00
-3.176511587649868407e+00
-3.176511587649868407e+00
-2.987319379190185753e+00
-2.987319379190185753e+00
-2.987319379190185753e+00
-3.056765970262924625e+00
-3.056765970262924625e+00
-3.056765970262924625e+00
-3.056765970262924625e+00
-3.056765970262924625e+00
-3.056765970262924625e+00
-3.056765970262924625e+00
-3.056765970262924625e+00
-3.056765970262924625e+00
-3.056765970262924625e+00
-3.056765970262924625e+00
-3.056765970262924625e+00
-3.056765970262924625e+00
-2.950885783645892158e+00
-2.950885783645892158e+00
-2.950885783645892158e+00
-3.077718541453490886e+00
-3.077718541453490886e+00
-3.077718541453490886e+00
-3.077718541453490886e+00
-3.077718541453490886e+00
-3.077718541453490886e+00
-3.077718541453490886e+00
-3.077718541453490886e+00
-3.077718541453490886e+00
-3.077718541453490886e+00
-3.077718541453490886e+00
-3.077718541453490886e+00
-3.077718541453490886e+00
-3.139496077543006969e+00
-3.139496077543006969e+00
-3.250091755139440153e+00
-3.250091755139440153e+00
-3.250091755139440153e+00
-3.250091755139440153e+00
-3.250091755139440153e+00
-3.250091755139440153e+00
-3.250091755139440153e+00
-3.250091755139440153e+00
-3.250091755139440153e+00
-3.250091755139440153e+00
-3.250091755139440153e+00
-3.250091755139440153e+00
-3.250091755139440153e+00
-3.218418553500056678e+00
-3.218418553500056678e+00
-3.218418553500056678e+00
-3.218418553500056678e+00
-3.218418553500056678e+00
-3.218418553500056678e+00
-3.218418553500056678e+00
-3.218418553500056678e+00
-3.218418553500056678e+00
-3.218418553500056678e+00
-3.144591533886998747e+00
-3.144591533886998747e+00
-3.144591533886998747e+00
-3.144591533886998747e+00
-3.144591533886998747e+00
-2.918676710037610533e+00
-2.918676710037610533e+00
-2.918676710037610533e+00
-2.740217440442874519e+00
-2.740217440442874519e+00
-2.740217440442874519e+00
-2.740217440442874519e+00
-2.740217440442874519e+00
-2.740217440442874519e+00
-2.740217440442874519e+00
-2.740217440442874519e+00
-2.740217440442874519e+00
-2.740217440442874519e+00
-2.740217440442874519e+00
-2.740217440442874519e+00
-2.866319443026190683e+00
-2.866319443026190683e+00
-2.866319443026190683e+00
-2.866319443026190683e+00
-2.866319443026190683e+00
-2.866319443026190683e+00
-2.866319443026190683e+00
-2.866319443026190683e+00
-2.866319443026190683e+00
-2.866319443026190683e+00
-2.866319443026190683e+00
-2.935792018532980663e+00
-2.935792018532980663e+00
-2.935792018532980663e+00
-2.935792018532980663e+00
-2.935792018532980663e+00
-2.935792018532980663e+00
-2.935792018532980663e+00
-3.050990359960960685e+00
-3.050990359960960685e+00
-3.050990359960960685e+00
-3.050990359960960685e+00
-3.050990359960960685e+00
-3.050990359960960685e+00
-3.050990359960960685e+00
-3.050990359960960685e+00
-3.050990359960960685e+00
-3.050990359960960685e+00
-3.050990359960960685e+00
-3.050990359960960685e+00
-3.030586197089054856e+00
-3.030586197089054856e+00
-3.030586197089054856e+00
-3.030586197089054856e+00
-3.030586197089054856e+00
-3.030586197089054856e+00
-3.030586197089054856e+00
-3.030586197089054856e+00
-3.030586197089054856e+00
-3.030586197089054856e+00
-3.030586197089054856e+00
-3.030586197089054856e+00
-3.030586197089054856e+00
-3.025965298566945627e+00
-3.025965298566945627e+00
-3.075435786128727589e+00
-3.075435786128727589e+00
-3.075435786128727589e+00
-3.075435786128727589e+00
-3.075435786128727589e+00
-3.075435786128727589e+00
-3.075435786128727589e+00
-3.075435786128727589e+00
-3.075435786128727589e+00
-3.097882690210870926e+00
-3.116457685685750434e+00
-3.116457685685750434e+00
-3.116457685685750434e+00
-3.116457685685750434e+00
-3.116457685685750434e+00
-3.116457685685750434e+00
-3.116457685685750434e+00
-3.116457685685750434e+00
-3.116457685685750434e+00
-3.116457685685750434e+00
-3.116457685685750434e+00
-2.795989609129342135e+00
-2.795989609129342135e+00
-3.007023557878133246e+00
-3.007023557878133246e+00
-3.007023557878133246e+00
-3.007023557878133246e+00
-2.902403388378952620e+00
-2.902403388378952620e+00
-3.248650074916861197e+00
-3.248650074916861197e+00
-3.248650074916861197e+00
-3.248650074916861197e+00
-3.203241364677822833e+00
-3.220513491512028370e+00
-3.220513491512028370e+00
-3.220513491512028370e+00
-3.220513491512028370e+00
-3.220513491512028370e+00
-3.220513491512028370e+00
-3.220513491512028370e+00
-3.220513491512028370e+00
-3.220513491512028370e+00
-3.172358181007049360e+00
-3.172358181007049360e+00
-3.172358181007049360e+00
-3.172358181007049360e+00
-3.172358181007049360e+00
-3.172358181007049360e+00
-3.172358181007049360e+00
-3.172358181007049360e+00
-3.172358181007049360e+00
-3.172358181007049360e+00
-3.172358181007049360e+00
-3.172358181007049360e+00
-3.172358181007049360e+00
-3.172358181007049360e+00
-3.172358181007049360e+00
-3.172358181007049360e+00
-3.172358181007049360e+00
-3.172358181007049360e+00
-3.172358181007049360e+00
-3.172358181007049360e+00
-3.172358181007049360e+00
-3.159928048318020100e+00
-3.159928048318020100e+00
-3.159928048318020100e+00
-3.260362216665001700e+00
-3.260362216665001700e+00
-2.958694106078284314e+00
-2.958694106078284314e+00
-2.958694106078284314e+00
-2.958694106078284314e+00
-2.958694106078284314e+00
-2.958694106078284314e+00
-2.958694106078284314e+00
-2.958694106078284314e+00
-2.958694106078284314e+00
-2.958694106078284314e+00
-2.958694106078284314e+00
-2.958694106078284314e+00
-2.958694106078284314e+00
-2.958694106078284314e+00
-2.958694106078284314e+00
-2.958694106078284314e+00
-2.958694106078284314e+00
-3.102680237297801735e+00
-3.100328873949798503e+00
-3.054893723409444650e+00
-3.045565995385952185e+00
-3.045565995385952185e+00
-3.045565995385952185e+00
-3.045565995385952185e+00
-3.045565995385952185e+00
-3.045565995385952185e+00
-2.829781681812060246e+00
-2.829781681812060246e+00
-2.829781681812060246e+00
-2.829781681812060246e+00
-2.829781681812060246e+00
-2.829781681812060246e+00
-2.829781681812060246e+00
-2.829781681812060246e+00
-2.829781681812060246e+00
-2.829781681812060246e+00
-2.829781681812060246e+00
-2.829781681812060246e+00
-2.829781681812060246e+00
-2.939243617522784735e+00
-2.939243617522784735e+00
-2.939243617522784735e+00
-2.939243617522784735e+00
-2.939243617522784735e+00
-2.939243617522784735e+00
-2.939243617522784735e+00
-2.939243617522784735e+00
-2.939243617522784735e+00
-2.939243617522784735e+00
-2.939243617522784735e+00
-2.939243617522784735e+00
-2.939243617522784735e+00
-2.939243617522784735e+00
-2.939243617522784735e+00
-2.939243617522784735e+00
-2.939243617522784735e+00
-2.939243617522784735e+00
-2.939243617522784735e+00
-2.939243617522784735e+00
-3.105050747070895678e+00
-3.105050747070895678e+00
-3.105050747070895678e+00
-3.105050747070895678e+00
-3.105050747070895678e+00
-3.105050747070895678e+00
-3.105050747070895678e+00
-3.105050747070895678e+00
-3.105050747070895678e+00
-3.105050747070895678e+00
-3.105050747070895678e+00
-3.105050747070895678e+00
-3.105050747070895678e+00
-3.105050747070895678e+00
-3.105050747070895678e+00
-3.105050747070895678e+00
-3.105050747070895678e+00
-3.242485837772289159e+00
-3.242485837772289159e+00
-3.242485837772289159e+00
-3.242485837772289159e+00
-3.242485837772289159e+00
-3.242485837772289159e+00
-3.242485837772289159e+00
-3.242485837772289159e+00
-3.242485837772289159e+00
-3.242485837772289159e+00
-3.242485837772289159e+00
-3.242485837772289159e+00
-3.242485837772289159e+00
-2.813657200815116610e+00
-2.813657200815116610e+00
-2.813657200815116610e+00
-3.105388088846297467e+00
-3.105388088846297467e+00
-3.105388088846297467e+00
-3.105388088846297467e+00
-3.105388088846297467e+00
-3.105388088846297467e+00
-3.181315061011232181e+00
-3.181315061011232181e+00
-3.181315061011232181e+00
-3.181315061011232181e+00
-3.181315061011232181e+00
-3.083854286894059715e+00
-3.044352476729033530e+00
-3.044352476729033530e+00
-3.044352476729033530e+00
-3.044352476729033530e+00
-3.044352476729033530e+00
-2.929142966553084371e+00
-2.929142966553084371e+00
-2.929142966553084371e+00
-2.929142966553084371e+00
-3.126415422268169042e+00
-3.126415422268169042e+00
-3.126415422268169042e+00
-3.126415422268169042e+00
-3.126415422268169042e+00
-3.126415422268169042e+00
-3.126415422268169042e+00
-3.126415422268169042e+00
-3.126415422268169042e+00
-3.126415422268169042e+00
-3.126415422268169042e+00
-3.126415422268169042e+00
-3.126415422268169042e+00
-3.126415422268169042e+00
-3.112636606278428530e+00
-3.112636606278428530e+00
-3.112636606278428530e+00
-3.196799276435807968e+00
-3.196799276435807968e+00
-3.196799276435807968e+00
-3.196799276435807968e+00
-3.196799276435807968e+00
-2.893043977580608050e+00
-2.893043977580608050e+00
-2.893043977580608050e+00
-2.893043977580608050e+00
-2.893043977580608050e+00
-2.893043977580608050e+00
-2.893043977580608050e+00
-2.893043977580608050e+00
-2.893043977580608050e+00
-2.893043977580608050e+00
-2.893043977580608050e+00
-2.893043977580608050e+00
-3.018536257698248626e+00
-3.018536257698248626e+00
-3.018536257698248626e+00
-3.018536257698248626e+00
-3.018536257698248626e+00
-3.027393074837970932e+00
-3.027393074837970932e+00
-3.027393074837970932e+00
-3.027393074837970932e+00
-3.027393074837970932e+00
-3.027393074837970932e+00
-3.027393074837970932e+00
-3.027393074837970932e+00
-3.027393074837970932e+00
-3.027393074837970932e+00
-3.027393074837970932e+00
-3.027393074837970932e+00
-2.897036463079215363e+00
-2.897036463079215363e+00
-2.897036463079215363e+00
-2.897036463079215363e+00
-2.897036463079215363e+00
-2.897036463079215363e+00
-2.897036463079215363e+00
-2.897036463079215363e+00
-2.897036463079215363e+00
-2.897036463079215363e+00
-2.897036463079215363e+00
-2.897036463079215363e+00
-2.897036463079215363e+00
-2.897036463079215363e+00
-2.888027842140562296e+00
-2.900156874501682136e+00
-2.900156874501682136e+00
-2.900156874501682136e+00
-2.900156874501682136e+00
-2.900156874501682136e+00
-2.900156874501682136e+00
-2.900156874501682136e+00
-2.899637869621553676e+00
-2.899637869621553676e+00
-2.899637869621553676e+00
-2.961552393823918994e+00
-2.961552393823918994e+00
-2.961552393823918994e+00
-2.961552393823918994e+00
-2.961552393823918994e+00
-2.961552393823918994e+00
-2.961552393823918994e+00
-2.961552393823918994e+00
-2.931141944505972319e+00
-2.931141944505972319e+00
-2.931141944505972319e+00
-2.931141944505972319e+00
-2.931141944505972319e+00
-2.931141944505972319e+00
-2.931141944505972319e+00
-2.922904195110838543e+00
-2.922904195110838543e+00
-2.931256823056514360e+00
-2.931256823056514360e+00
-2.931256823056514360e+00
-2.931256823056514360e+00
-2.931256823056514360e+00
-2.931256823056514360e+00
-2.931256823056514360e+00
-2.931256823056514360e+00
-2.931256823056514360e+00
-2.931256823056514360e+00
-3.336797252895726817e+00
-3.336797252895726817e+00
-3.336797252895726817e+00
-3.336797252895726817e+00
-2.838315744928830320e+00
-2.838315744928830320e+00
-2.838315744928830320e+00
-2.838315744928830320e+00
-3.282636574987699341e+00
-3.282636574987699341e+00
-3.282636574987699341e+00
-3.282636574987699341e+00
-3.282636574987699341e+00
-3.282636574987699341e+00
-3.282636574987699341e+00
-3.282636574987699341e+00
-3.282636574987699341e+00
-3.274143539924694313e+00
-3.274143539924694313e+00
-3.274143539924694313e+00
-3.274143539924694313e+00
-3.274143539924694313e+00
-3.274143539924694313e+00
-3.274143539924694313e+00
-3.274143539924694313e+00
-3.274143539924694313e+00
-3.274143539924694313e+00
-3.274143539924694313e+00
-2.980784521959935596e+00
-2.980784521959935596e+00
-2.980784521959935596e+00
-2.980784521959935596e+00
-3.044454818929814177e+00
-3.044454818929814177e+00
-3.044454818929814177e+00
-3.044454818929814177e+00
-3.044454818929814177e+00
-3.044454818929814177e+00
-3.044454818929814177e+00
-3.044454818929814177e+00
-3.044454818929814177e+00
-2.888253952303534433e+00
-2.888253952303534433e+00
-2.888253952303534433e+00
-2.888253952303534433e+00
-3.111238461379567166e+00
-3.076685318299506644e+00
-3.076685318299506644e+00
-3.076685318299506644e+00
-3.076685318299506644e+00
-3.076685318299506644e+00
-3.076685318299506644e+00
-3.076685318299506644e+00
-3.107906755480209782e+00
-3.107906755480209782e+00
-3.105507298135848249e+00
-3.105507298135848249e+00
-3.105507298135848249e+00
-3.105507298135848249e+00
-3.105507298135848249e+00
-3.105507298135848249e+00
-3.067517827619330006e+00
-3.067517827619330006e+00
-3.067517827619330006e+00
-3.067517827619330006e+00
-3.067517827619330006e+00
-3.073122487697272920e+00
-3.073122487697272920e+00
-3.073122487697272920e+00
-3.091026446559460794e+00
-3.091026446559460794e+00
-3.091026446559460794e+00
-3.091026446559460794e+00
-3.091026446559460794e+00
-2.964497524283356000e+00
-2.964497524283356000e+00
-2.964497524283356000e+00
-3.293520405917048866e+00
-3.293520405917048866e+00
-3.293520405917048866e+00
-3.293520405917048866e+00
-3.293520405917048866e+00
-3.293520405917048866e+00
-3.293520405917048866e+00
-3.098083043873423925e+00
-3.098083043873423925e+00
-2.966045193644827993e+00
-2.966045193644827993e+00
-2.966045193644827993e+00
-2.966045193644827993e+00
-2.966045193644827993e+00
-2.966045193644827993e+00
-2.966045193644827993e+00
-2.966045193644827993e+00
-2.966045193644827993e+00
-2.966045193644827993e+00
-2.966045193644827993e+00
-2.966045193644827993e+00
-2.966045193644827993e+00
-2.966045193644827993e+00
-2.966045193644827993e+00
-3.032263104819886479e+00
-3.032263104819886479e+00
-3.032263104819886479e+00
-3.032263104819886479e+00
-3.032263104819886479e+00
-3.032263104819886479e+00
-3.032263104819886479e+00
-3.032263104819886479e+00
-2.944435033925860257e+00
-2.944435033925860257e+00
-2.944435033925860257e+00
-2.944435033925860257e+00
-2.944435033925860257e+00
-2.944435033925860257e+00
-2.944435033925860257e+00
-2.944435033925860257e+00
-2.944435033925860257e+00
-2.944435033925860257e+00
-2.944435033925860257e+00
-2.944435033925860257e+00
-2.944435033925860257e+00
-2.944435033925860257e+00
-2.944435033925860257e+00
-2.944435033925860257e+00
-2.944435033925860257e+00
-2.944435033925860257e+00
-2.944435033925860257e+00
-2.944435033925860257e+00
-2.944435033925860257e+00
-2.944435033925860257e+00
-2.944435033925860257e+00
-2.944435033925860257e+00
-2.944435033925860257e+00
-3.049733305980324882e+00
-3.124519926184222030e+00
-3.124519926184222030e+00
-3.124519926184222030e+00
-3.080135549687518459e+00
-3.080135549687518459e+00
-3.350550540318680159e+00
-3.350550540318680159e+00
-3.350550540318680159e+00
-3.350550540318680159e+00
-3.350550540318680159e+00
-3.350550540318680159e+00
-3.350550540318680159e+00
-3.252893743277963434e+00
-3.252893743277963434e+00
-3.252893743277963434e+00
-3.252893743277963434e+00
-3.252893743277963434e+00
-3.252893743277963434e+00
-3.252893743277963434e+00
-3.252893743277963434e+00
-2.942319809820638010e+00
-2.942319809820638010e+00
-3.256354459613048480e+00
-3.256354459613048480e+00
-3.256354459613048480e+00
-3.256354459613048480e+00
-3.256354459613048480e+00
-3.256354459613048480e+00
-3.177303884954798985e+00
-3.177303884954798985e+00
-3.177303884954798985e+00
-3.177303884954798985e+00
-3.437434738042477456e+00
-3.437434738042477456e+00
-2.960024782622065587e+00
-3.156914765702606651e+00
-3.156914765702606651e+00
-3.156914765702606651e+00
-3.172945110109522293e+00
-3.213845293107041812e+00
-3.213845293107041812e+00
-3.213845293107041812e+00
-3.213845293107041812e+00
-3.213845293107041812e+00
-3.013678991999726442e+00
-3.013678991999726442e+00
-3.013678991999726442e+00
-3.013678991999726442e+00
-3.013678991999726442e+00
-2.996540890141153213e+00
-2.996540890141153213e+00
-2.996540890141153213e+00
-3.023977261428395291e+00
-3.145699519272287858e+00
-3.145699519272287858e+00
-3.145699519272287858e+00
-3.145699519272287858e+00
-3.145699519272287858e+00
-3.145699519272287858e+00
-3.145699519272287858e+00
-3.012220444688377352e+00
-3.012220444688377352e+00
-3.012220444688377352e+00
-3.012220444688377352e+00
-3.012220444688377352e+00
-3.012220444688377352e+00
-3.012220444688377352e+00
-2.977854663053844497e+00
-2.977854663053844497e+00
-3.289846343702385489e+00
-2.932819536037700292e+00
-2.932819536037700292e+00
-2.932819536037700292e+00
-2.932819536037700292e+00
-2.932819536037700292e+00
-3.198677449563720909e+00
-3.210602253390543392e+00
-3.210602253390543392e+00
-3.210602253390543392e+00
-3.210602253390543392e+00
-3.217084002084531491e+00
-3.206622532175330331e+00
-3.206622532175330331e+00
-3.206622532175330331e+00
-3.206622532175330331e+00
-2.907441177514041630e+00
-2.907441177514041630e+00
-3.184193862783748941e+00
-3.184193862783748941e+00
-2.975985835204844498e+00
-2.975985835204844498e+00
-2.975985835204844498e+00
-2.975985835204844498e+00
-2.962253517676037617e+00
-2.962253517676037617e+00
-2.962253517676037617e+00
-2.960931958477537762e+00
-2.949197707167090954e+00
-2.949197707167090954e+00
-2.949197707167090954e+00
-2.949197707167090954e+00
-2.949197707167090954e+00
-2.949197707167090954e+00
-2.949197707167090954e+00
-2.949197707167090954e+00
-2.949197707167090954e+00
-2.949197707167090954e+00
-2.949197707167090954e+00
-2.949197707167090954e+00
-2.949197707167090954e+00
-2.949197707167090954e+00
-2.949197707167090954e+00
-2.949197707167090954e+00
-2.949197707167090954e+00
-2.949197707167090954e+00
-2.949197707167090954e+00
-2.949197707167090954e+00
-2.949197707167090954e+00
-2.949197707167090954e+00
-2.949197707167090954e+00
-2.949197707167090954e+00
-2.949197707167090954e+00
-2.949197707167090954e+00
-2.949197707167090954e+00
-2.949197707167090954e+00
-2.982200901549359351e+00
-2.982200901549359351e+00
-2.976200548686215086e+00
-2.976200548686215086e+00
-2.793284492784430473e+00
-2.793284492784430473e+00
-2.793284492784430473e+00
-2.793284492784430473e+00
-2.793284492784430473e+00
-2.793284492784430473e+00
-2.793284492784430473e+00
-2.793284492784430473e+00
-2.793284492784430473e+00
-2.793284492784430473e+00
-2.793284492784430473e+00
-3.084261376360862172e+00
-3.084261376360862172e+00
-3.084261376360862172e+00
-3.084261376360862172e+00
-3.084261376360862172e+00
-3.084261376360862172e+00
-3.084261376360862172e+00
-3.058344866531984785e+00
-3.058344866531984785e+00
-3.058344866531984785e+00
-3.058344866531984785e+00
-2.890496819242692528e+00
-2.890496819242692528e+00
-2.890496819242692528e+00
-2.890496819242692528e+00
-2.890496819242692528e+00
-2.890496819242692528e+00
-3.219578051886184511e+00
-3.219578051886184511e+00
-3.211245254166495311e+00
-3.211245254166495311e+00
-3.211245254166495311e+00
-3.211245254166495311e+00
-3.211245254166495311e+00
-3.104407290427680266e+00
-3.104407290427680266e+00
-3.104407290427680266e+00
-3.104407290427680266e+00
-3.104407290427680266e+00
-3.019563326644167933e+00
-3.019563326644167933e+00
-3.019563326644167933e+00
-3.048595917156503798e+00
-3.010490200487650814e+00
-3.010490200487650814e+00
-3.010490200487650814e+00
-3.010490200487650814e+00
-3.010490200487650814e+00
-3.271490848315149247e+00
-2.945439993309473259e+00
-2.945439993309473259e+00
-2.945439993309473259e+00
-2.945439993309473259e+00
-2.945439993309473259e+00
-2.945439993309473259e+00
-2.945439993309473259e+00
-2.991220919169613524e+00
-2.991220919169613524e+00
-2.991220919169613524e+00
-2.923461720774779948e+00
-2.923461720774779948e+00
-2.778286003929706816e+00
-2.778286003929706816e+00
-2.778286003929706816e+00
-2.778286003929706816e+00
-2.778286003929706816e+00
-2.778286003929706816e+00
-2.778286003929706816e+00
-2.778286003929706816e+00
-2.778286003929706816e+00
-2.778286003929706816e+00
-2.778286003929706816e+00
-2.927786989376148341e+00
-2.927786989376148341e+00
-2.927786989376148341e+00
-2.927786989376148341e+00
-3.299169968920501628e+00
-3.299169968920501628e+00
-3.299169968920501628e+00
-3.299169968920501628e+00
-3.299169968920501628e+00
-3.299169968920501628e+00
-2.717809285078176096e+00
-2.717809285078176096e+00
-2.717809285078176096e+00
-2.918786346114615959e+00
-2.959921984554020558e+00
-2.959921984554020558e+00
-2.959921984554020558e+00
-2.975856596835484424e+00
-2.975856596835484424e+00
-2.975856596835484424e+00
-2.975856596835484424e+00
-3.113452608681089639e+00
-3.113452608681089639e+00
-3.015009896477139240e+00
-2.917933646397198544e+00
-3.084416371230641385e+00
-3.084416371230641385e+00
-3.084416371230641385e+00
-3.077918439248779503e+00
-3.077918439248779503e+00
-3.077918439248779503e+00
-3.077918439248779503e+00
-3.077918439248779503e+00
-3.077918439248779503e+00
-3.077918439248779503e+00
-3.046054685093020797e+00
-3.046054685093020797e+00
-3.046054685093020797e+00
-3.046054685093020797e+00
-3.046054685093020797e+00
-3.046054685093020797e+00
-3.046054685093020797e+00
-2.954213386739872771e+00
-3.117109120006086975e+00
-3.191262768513841497e+00
-3.191262768513841497e+00
-2.996473877653337059e+00
-2.996473877653337059e+00
-2.996473877653337059e+00
-3.145880042708854241e+00
-3.145880042708854241e+00
-3.145880042708854241e+00
-3.145880042708854241e+00
-3.072195253682182159e+00
-3.072195253682182159e+00
-3.072195253682182159e+00
-2.689872599468632330e+00
-2.687794756479062741e+00
-2.687794756479062741e+00
-2.687794756479062741e+00
-2.687794756479062741e+00
-2.687794756479062741e+00
-2.725876540116552338e+00
-2.725876540116552338e+00
-2.747363843607856904e+00
-2.747363843607856904e+00
-2.747363843607856904e+00
-2.747363843607856904e+00
-2.761318396427891120e+00
-2.761318396427891120e+00
-2.606970630230000641e+00
-3.350955350449162484e+00
-3.350955350449162484e+00
-3.350955350449162484e+00
-3.350955350449162484e+00
-3.365422753941260225e+00
-3.365422753941260225e+00
-3.365422753941260225e+00
-3.375413996767587133e+00
-3.375413996767587133e+00
-3.375413996767587133e+00
-2.905234324088743936e+00
-3.229033650677244793e+00
-3.229033650677244793e+00
-3.174768807099380474e+00
-3.189101273881317589e+00
-3.189101273881317589e+00
-3.189101273881317589e+00
-3.189101273881317589e+00
-3.151878344169310342e+00
-3.185641241347128449e+00
-3.185641241347128449e+00
-3.185641241347128449e+00
-3.185641241347128449e+00
-3.185641241347128449e+00
-3.185641241347128449e+00
-3.185641241347128449e+00
-3.185641241347128449e+00
-3.082966485397309331e+00
-2.982560808754331827e+00
-2.982560808754331827e+00
-2.982560808754331827e+00
-2.982560808754331827e+00
-2.982560808754331827e+00
-2.982560808754331827e+00
-2.982560808754331827e+00
-2.982560808754331827e+00
-2.982560808754331827e+00
-2.982560808754331827e+00
-2.982560808754331827e+00
-2.982560808754331827e+00
-3.037661484960843872e+00
-3.037661484960843872e+00
-3.037661484960843872e+00
-3.077383934881673166e+00
-3.077383934881673166e+00
-3.068907083106542366e+00
-3.068907083106542366e+00
-3.068907083106542366e+00
-3.068907083106542366e+00
-3.068907083106542366e+00
-3.068907083106542366e+00
-3.068907083106542366e+00
-3.068907083106542366e+00
-2.893558195854463833e+00
-2.893558195854463833e+00
-2.893558195854463833e+00
-2.893558195854463833e+00
-2.893558195854463833e+00
-2.893558195854463833e+00
-2.893558195854463833e+00
-2.893558195854463833e+00
-3.107132236998578101e+00
-3.107132236998578101e+00
-3.107132236998578101e+00
-3.107132236998578101e+00
-3.107132236998578101e+00
-3.107132236998578101e+00
-3.107132236998578101e+00
-3.107132236998578101e+00
-3.107132236998578101e+00
-2.806328906611776031e+00
-2.806328906611776031e+00
-3.215945017725286181e+00
-3.215945017725286181e+00
-3.215945017725286181e+00
-3.215945017725286181e+00
-2.830431748530604530e+00
-2.830431748530604530e+00
-2.830431748530604530e+00
-3.415481082340043439e+00
-3.136280617795984327e+00
-3.136280617795984327e+00
-3.136280617795984327e+00
-3.136280617795984327e+00
-3.136280617795984327e+00
-3.136280617795984327e+00
-3.136280617795984327e+00
-3.136280617795984327e+00
-3.136280617795984327e+00
-3.136280617795984327e+00
-3.136280617795984327e+00
-3.136280617795984327e+00
-3.136280617795984327e+00
-3.136280617795984327e+00
-3.136280617795984327e+00
-3.136280617795984327e+00
-3.136280617795984327e+00
-3.136280617795984327e+00
-3.136280617795984327e+00
-3.136280617795984327e+00
-3.136280617795984327e+00
-3.136280617795984327e+00
-3.136280617795984327e+00
-3.136280617795984327e+00
-3.136280617795984327e+00
-3.136280617795984327e+00
-3.097013123404683377e+00
-3.097013123404683377e+00
-3.097013123404683377e+00
-3.097013123404683377e+00
-3.097013123404683377e+00
-3.097013123404683377e+00
-3.097013123404683377e+00
-3.097013123404683377e+00
-3.097013123404683377e+00
-3.097013123404683377e+00
-2.972393373230447278e+00
-2.972393373230447278e+00
-2.972393373230447278e+00
-2.972393373230447278e+00
-2.972393373230447278e+00
-2.972393373230447278e+00
-2.972393373230447278e+00
-2.972393373230447278e+00
-2.972393373230447278e+00
-2.972393373230447278e+00
-2.972393373230447278e+00
-2.972393373230447278e+00
-2.972393373230447278e+00
-2.972393373230447278e+00
-2.972393373230447278e+00
-2.972393373230447278e+00
-2.972393373230447278e+00
-2.972393373230447278e+00
-2.972393373230447278e+00
-2.906215578374625519e+00
-2.906215578374625519e+00
-2.906215578374625519e+00
-2.906215578374625519e+00
-2.906215578374625519e+00
-2.906215578374625519e+00
-2.906215578374625519e+00
-2.906215578374625519e+00
-2.906215578374625519e+00
-2.906215578374625519e+00
-2.962701407262973152e+00
-2.962701407262973152e+00
-2.962701407262973152e+00
-2.962701407262973152e+00
-2.962701407262973152e+00
-2.962701407262973152e+00
-2.962701407262973152e+00
-2.962701407262973152e+00
-2.962701407262973152e+00
-2.962701407262973152e+00
-2.962701407262973152e+00
-2.962701407262973152e+00
-2.962701407262973152e+00
-2.962701407262973152e+00
-2.962701407262973152e+00
-2.896142963241664425e+00
-2.896142963241664425e+00
-2.896142963241664425e+00
-2.896142963241664425e+00
-2.896142963241664425e+00
-2.896142963241664425e+00
-2.896142963241664425e+00
-2.896142963241664425e+00
-2.896142963241664425e+00
-2.896142963241664425e+00
-2.771535065616293814e+00
-2.771535065616293814e+00
-2.771535065616293814e+00
-2.771535065616293814e+00
-2.771535065616293814e+00
-2.771535065616293814e+00
-2.795601210220366006e+00
-2.795601210220366006e+00
-2.795601210220366006e+00
-2.795601210220366006e+00
-2.795601210220366006e+00
-3.154746660994753871e+00
-3.154746660994753871e+00
-3.154746660994753871e+00
-3.154746660994753871e+00
-3.154746660994753871e+00
-3.154746660994753871e+00
-3.153513540045481012e+00
-3.153513540045481012e+00
-3.153513540045481012e+00
-3.153513540045481012e+00
-2.888262385847919500e+00
-3.154553829142058063e+00
-3.154553829142058063e+00
-3.154553829142058063e+00
-3.154553829142058063e+00
-3.154553829142058063e+00
-3.154553829142058063e+00
-3.154553829142058063e+00
-3.154553829142058063e+00
-3.154553829142058063e+00
-3.154553829142058063e+00
-3.154553829142058063e+00
-3.154553829142058063e+00
-3.154553829142058063e+00
-3.154553829142058063e+00
-3.154553829142058063e+00
-3.154553829142058063e+00
-3.154553829142058063e+00
-3.154553829142058063e+00
-3.275931451334324063e+00
-3.119994759787565020e+00
-2.975310239919512600e+00
-2.975310239919512600e+00
-2.972180255284500472e+00
-2.972180255284500472e+00
-2.972180255284500472e+00
-2.972180255284500472e+00
-3.041027152971373493e+00
-3.041027152971373493e+00
-3.041027152971373493e+00
-3.041027152971373493e+00
-3.041027152971373493e+00
-3.041027152971373493e+00
-3.041027152971373493e+00
-3.041027152971373493e+00
-3.041027152971373493e+00
-3.041027152971373493e+00
-2.886304891816060536e+00
-2.886304891816060536e+00
-2.886304891816060536e+00
-2.886304891816060536e+00
-2.886304891816060536e+00
-2.886304891816060536e+00
-2.886304891816060536e+00
-2.886304891816060536e+00
-2.739980617399197182e+00
-2.739980617399197182e+00
-2.739980617399197182e+00
-2.739980617399197182e+00
-2.739980617399197182e+00
-2.739980617399197182e+00
-2.758172684372269146e+00
-2.758172684372269146e+00
-2.758172684372269146e+00
-2.997250447537657347e+00
-2.997250447537657347e+00
-2.997250447537657347e+00
-2.997250447537657347e+00
-2.997250447537657347e+00
-2.997250447537657347e+00
-2.997250447537657347e+00
-3.150434840477675191e+00
-3.150434840477675191e+00
-3.150434840477675191e+00
-3.150434840477675191e+00
-3.150434840477675191e+00
-3.150434840477675191e+00
-3.150434840477675191e+00
-3.150434840477675191e+00
-3.150434840477675191e+00
-3.150434840477675191e+00
-3.150434840477675191e+00
-3.150434840477675191e+00
-3.150434840477675191e+00
-3.150434840477675191e+00
-3.150434840477675191e+00
-3.150434840477675191e+00
-3.150434840477675191e+00
-3.222291145908216858e+00
-3.222291145908216858e+00
-3.222291145908216858e+00
-3.222291145908216858e+00
-3.099044695866951304e+00
-3.109444851629136863e+00
-3.109444851629136863e+00
-3.109444851629136863e+00
-3.004403916645232098e+00
-3.008381586457757439e+00
-3.008566668566964530e+00
-3.008566668566964530e+00
-3.008566668566964530e+00
-3.008566668566964530e+00
-3.008566668566964530e+00
-3.008566668566964530e+00
-2.816192962471431027e+00
-2.816192962471431027e+00
-3.057465270645987498e+00
-3.057465270645987498e+00
-3.057465270645987498e+00
-3.057465270645987498e+00
-3.057465270645987498e+00
-3.057465270645987498e+00
-3.057465270645987498e+00
-3.057465270645987498e+00
-3.057465270645987498e+00
-3.057465270645987498e+00
-3.057465270645987498e+00
-3.057465270645987498e+00
-3.057465270645987498e+00
-3.057465270645987498e+00
-3.057465270645987498e+00
-3.057465270645987498e+00
-3.057465270645987498e+00
-3.057465270645987498e+00
-3.057465270645987498e+00
-3.057465270645987498e+00
-3.057465270645987498e+00
-3.057465270645987498e+00
-3.057465270645987498e+00
-3.057465270645987498e+00
-3.057465270645987498e+00
-3.057465270645987498e+00
-3.057465270645987498e+00
-3.057465270645987498e+00
-3.259807882071908747e+00
-3.259807882071908747e+00
-3.259807882071908747e+00
-3.259807882071908747e+00
-3.259807882071908747e+00
-3.259807882071908747e+00
-2.941018764649020678e+00
-2.941018764649020678e+00
-2.941018764649020678e+00
-2.941018764649020678e+00
-2.941018764649020678e+00
-2.941018764649020678e+00
-2.941018764649020678e+00
-2.941018764649020678e+00
-2.941018764649020678e+00
-2.941018764649020678e+00
-2.941018764649020678e+00
-2.747513823937731470e+00
-2.747513823937731470e+00
-2.747513823937731470e+00
-2.747513823937731470e+00
-2.747513823937731470e+00
-2.747513823937731470e+00
-2.747513823937731470e+00
-2.942854997988640697e+00
-2.942854997988640697e+00
-2.942854997988640697e+00
-2.942854997988640697e+00
-2.942854997988640697e+00
-2.942854997988640697e+00
-2.942854997988640697e+00
-2.942854997988640697e+00
-3.117862668593572639e+00
-3.117862668593572639e+00
-3.117862668593572639e+00
-3.117862668593572639e+00
-3.117862668593572639e+00
-3.117862668593572639e+00
-3.221130279920297212e+00
-3.144814908846386370e+00
-3.144814908846386370e+00
-3.144814908846386370e+00
-3.227961906739448050e+00
-3.227961906739448050e+00
-2.712979143481865307e+00
-2.712979143481865307e+00
-2.712979143481865307e+00
-2.712979143481865307e+00
-2.712979143481865307e+00
-2.706231396239300757e+00
-2.842447497876606555e+00
-3.134152629407368273e+00
-3.134152629407368273e+00
-3.134152629407368273e+00
-3.134152629407368273e+00
-3.134152629407368273e+00
-3.134152629407368273e+00
-3.134152629407368273e+00
-3.141034401625565575e+00
-3.311715891894601249e+00
-3.311715891894601249e+00
-3.311715891894601249e+00
-3.311715891894601249e+00
-3.311715891894601249e+00
-3.311715891894601249e+00
-3.311715891894601249e+00
-3.311715891894601249e+00
-3.311715891894601249e+00
-3.311715891894601249e+00
-3.311715891894601249e+00
-3.311715891894601249e+00
-3.311715891894601249e+00
-3.311715891894601249e+00
-2.727896943830851129e+00
-2.727896943830851129e+00
-2.741958625457938670e+00
-2.741958625457938670e+00
-2.741958625457938670e+00
-2.741958625457938670e+00
-2.741958625457938670e+00
-2.832508679785646244e+00
-2.832508679785646244e+00
-2.832508679785646244e+00
-2.832508679785646244e+00
-2.832508679785646244e+00
-2.832508679785646244e+00
-2.832508679785646244e+00
-2.832508679785646244e+00
-2.832508679785646244e+00
-2.832508679785646244e+00
-2.832508679785646244e+00
-2.832508679785646244e+00
-2.832508679785646244e+00
-2.832508679785646244e+00
-2.832508679785646244e+00
-2.828237887322332611e+00
-2.828237887322332611e+00
-2.828237887322332611e+00
-2.828237887322332611e+00
-2.828237887322332611e+00
-3.362192934375419995e+00
-3.099596523190091713e+00
-3.099596523190091713e+00
-3.099596523190091713e+00
-3.099596523190091713e+00
-3.099596523190091713e+00
-3.099596523190091713e+00
-3.099596523190091713e+00
-3.099596523190091713e+00
-3.099596523190091713e+00
-3.099596523190091713e+00
-3.099596523190091713e+00
-3.099596523190091713e+00
-2.967836524058938164e+00
-2.967836524058938164e+00
-2.967836524058938164e+00
-2.967836524058938164e+00
-2.967836524058938164e+00
-2.967836524058938164e+00
-2.967836524058938164e+00
-2.967836524058938164e+00
-2.967836524058938164e+00
-2.967836524058938164e+00
-2.967836524058938164e+00
-2.967836524058938164e+00
-2.967836524058938164e+00
-2.967836524058938164e+00
-2.967836524058938164e+00
-2.967836524058938164e+00
-2.967836524058938164e+00
-2.967836524058938164e+00
-2.967836524058938164e+00
-2.967836524058938164e+00
-2.967836524058938164e+00
-2.895576548166074460e+00
-2.895576548166074460e+00
-2.895576548166074460e+00
-2.895576548166074460e+00
-2.895576548166074460e+00
-2.895576548166074460e+00
-2.895576548166074460e+00
-2.895576548166074460e+00
-2.895576548166074460e+00
-3.119806258673877508e+00
-3.119806258673877508e+00
-3.119806258673877508e+00
-3.119806258673877508e+00
-3.119806258673877508e+00
-3.119806258673877508e+00
-2.955875022917358930e+00
-2.955875022917358930e+00
-2.955875022917358930e+00
-2.955875022917358930e+00
-2.955875022917358930e+00
-3.421754499694357410e+00
-3.421754499694357410e+00
-3.421754499694357410e+00
-3.421754499694357410e+00
-3.421754499694357410e+00
-3.421754499694357410e+00
-3.421754499694357410e+00
-3.421754499694357410e+00
-3.421754499694357410e+00
-2.928633534885501266e+00
-2.928633534885501266e+00
-2.928633534885501266e+00
-2.928633534885501266e+00
-2.928633534885501266e+00
-2.928633534885501266e+00
-2.966054538923740935e+00
-3.221884284375046370e+00
-3.221884284375046370e+00
-3.221884284375046370e+00
-3.221884284375046370e+00
-3.221884284375046370e+00
-3.221884284375046370e+00
-3.221884284375046370e+00
-3.221884284375046370e+00
-3.221884284375046370e+00
-3.221884284375046370e+00
-3.221884284375046370e+00
-3.221884284375046370e+00
-3.221884284375046370e+00
-3.221884284375046370e+00
-3.178813945266985908e+00
-3.178813945266985908e+00
-3.178813945266985908e+00
-2.852516238137822846e+00
-2.852516238137822846e+00
-2.852516238137822846e+00
-2.852516238137822846e+00
-3.080285074150129088e+00
-3.080285074150129088e+00
-3.273970538297984678e+00
-3.273970538297984678e+00
-3.273970538297984678e+00
-3.273970538297984678e+00
-3.273970538297984678e+00
-3.273970538297984678e+00
-3.204833481097540293e+00
-3.204833481097540293e+00
-3.204833481097540293e+00
-3.054010252651703006e+00
-3.054010252651703006e+00
-3.054010252651703006e+00
-3.041777966355274199e+00
-3.041777966355274199e+00
-3.041777966355274199e+00
-3.041777966355274199e+00
-3.041777966355274199e+00
-3.050332087631662858e+00
-3.242256080671204632e+00
-3.242256080671204632e+00
-3.168576534118068722e+00
-3.168576534118068722e+00
-3.168576534118068722e+00
-3.157766097818232254e+00
-3.157766097818232254e+00
-3.157766097818232254e+00
-3.157766097818232254e+00
-3.157766097818232254e+00
-3.157766097818232254e+00
-3.157766097818232254e+00
-3.157766097818232254e+00
-3.157766097818232254e+00
-3.157766097818232254e+00
-3.157766097818232254e+00
-3.157766097818232254e+00
-3.157766097818232254e+00
-3.157766097818232254e+00
-2.955538820810117429e+00
-2.955538820810117429e+00
-2.955538820810117429e+00
-2.955538820810117429e+00
-2.955538820810117429e+00
-3.269525376606169598e+00
-3.269525376606169598e+00
-3.269525376606169598e+00
-3.269525376606169598e+00
-3.269525376606169598e+00
-3.269525376606169598e+00
-3.269525376606169598e+00
-3.269525376606169598e+00
