# Variable: dg_gbsa_00000342
# Sample shape: (2000,)
# Date: 2014-03-03 06:24:08.400288
-2.949620979921767638e+00
-2.949620979921767638e+00
-3.817493555422722729e+00
-7.421394607077136385e+00
-7.421394607077136385e+00
-7.421394607077136385e+00
-7.421394607077136385e+00
-7.421394607077136385e+00
-6.384786182790139542e+00
-6.384786182790139542e+00
-6.384786182790139542e+00
-6.384786182790139542e+00
-6.139141651686016665e+00
-6.139141651686016665e+00
-6.139141651686016665e+00
-6.139141651686016665e+00
-6.139141651686016665e+00
-6.139141651686016665e+00
-6.139141651686016665e+00
-6.139141651686016665e+00
-6.139141651686016665e+00
-6.139141651686016665e+00
-6.139141651686016665e+00
-6.130355721905855759e+00
-6.130355721905855759e+00
-6.130355721905855759e+00
-6.130355721905855759e+00
-6.130355721905855759e+00
-6.130355721905855759e+00
-6.130355721905855759e+00
-6.713163784311560356e+00
-6.640427427127757909e+00
-6.640427427127757909e+00
-7.111194712709969501e+00
-7.111194712709969501e+00
-7.111194712709969501e+00
-7.111194712709969501e+00
-6.754954048142150391e+00
-6.754954048142150391e+00
-6.372524265121547238e+00
-6.372524265121547238e+00
-6.372524265121547238e+00
-6.372524265121547238e+00
-6.372524265121547238e+00
-6.372524265121547238e+00
-6.378563138768504004e+00
-6.378563138768504004e+00
-6.378563138768504004e+00
-6.378563138768504004e+00
-6.378563138768504004e+00
-6.437261519422950329e+00
-6.437261519422950329e+00
-6.437261519422950329e+00
-6.437261519422950329e+00
-6.437261519422950329e+00
-6.188986634205221549e+00
-6.184830948226082370e+00
-6.184830948226082370e+00
-5.753596015915587891e+00
-5.753596015915587891e+00
-5.753596015915587891e+00
-5.753596015915587891e+00
-5.753596015915587891e+00
-5.753596015915587891e+00
-5.753596015915587891e+00
-5.753596015915587891e+00
-5.753596015915587891e+00
-5.753596015915587891e+00
-5.753596015915587891e+00
-5.753596015915587891e+00
-5.753596015915587891e+00
-5.492111009120028697e+00
-5.492111009120028697e+00
-5.492111009120028697e+00
-5.492111009120028697e+00
-5.492111009120028697e+00
-5.492111009120028697e+00
-5.492111009120028697e+00
-5.492111009120028697e+00
-6.325669771854553147e+00
-6.325669771854553147e+00
-6.325669771854553147e+00
-6.325669771854553147e+00
-6.325669771854553147e+00
-6.128448373273043259e+00
-6.128448373273043259e+00
-6.128448373273043259e+00
-6.128448373273043259e+00
-6.128448373273043259e+00
-5.948415449882784145e+00
-5.948415449882784145e+00
-5.948415449882784145e+00
-5.948415449882784145e+00
-5.948415449882784145e+00
-5.948415449882784145e+00
-5.948415449882784145e+00
-5.948415449882784145e+00
-5.948415449882784145e+00
-5.948415449882784145e+00
-5.948415449882784145e+00
-5.948415449882784145e+00
-5.948415449882784145e+00
-5.948415449882784145e+00
-5.948415449882784145e+00
-5.948415449882784145e+00
-5.948415449882784145e+00
-5.948415449882784145e+00
-5.948415449882784145e+00
-5.948415449882784145e+00
-5.948415449882784145e+00
-5.948415449882784145e+00
-5.948415449882784145e+00
-5.948415449882784145e+00
-5.948415449882784145e+00
-5.948415449882784145e+00
-5.948415449882784145e+00
-5.948415449882784145e+00
-5.948415449882784145e+00
-5.948415449882784145e+00
-5.948415449882784145e+00
-5.948415449882784145e+00
-5.948415449882784145e+00
-5.948415449882784145e+00
-5.948415449882784145e+00
-5.948415449882784145e+00
-5.948415449882784145e+00
-6.100918549196669538e+00
-6.100918549196669538e+00
-6.100918549196669538e+00
-6.100918549196669538e+00
-6.100918549196669538e+00
-6.296420416458158975e+00
-6.296420416458158975e+00
-6.296420416458158975e+00
-6.296420416458158975e+00
-6.296420416458158975e+00
-6.296420416458158975e+00
-6.296420416458158975e+00
-6.296420416458158975e+00
-6.278467451865084925e+00
-6.278467451865084925e+00
-6.278467451865084925e+00
-6.278467451865084925e+00
-6.278467451865084925e+00
-6.278467451865084925e+00
-6.278467451865084925e+00
-6.278467451865084925e+00
-6.278467451865084925e+00
-6.278467451865084925e+00
-6.278467451865084925e+00
-6.278467451865084925e+00
-6.278467451865084925e+00
-6.278467451865084925e+00
-6.278467451865084925e+00
-6.278467451865084925e+00
-6.278467451865084925e+00
-5.979582638859064936e+00
-5.979582638859064936e+00
-5.979582638859064936e+00
-5.979582638859064936e+00
-5.979582638859064936e+00
-5.979582638859064936e+00
-5.979582638859064936e+00
-5.979582638859064936e+00
-5.979582638859064936e+00
-5.979582638859064936e+00
-5.979582638859064936e+00
-5.979582638859064936e+00
-5.979582638859064936e+00
-5.979582638859064936e+00
-5.979582638859064936e+00
-5.979582638859064936e+00
-5.979582638859064936e+00
-5.999476230395227816e+00
-5.999476230395227816e+00
-5.999476230395227816e+00
-5.999476230395227816e+00
-5.999476230395227816e+00
-5.999476230395227816e+00
-5.999476230395227816e+00
-5.999476230395227816e+00
-5.999476230395227816e+00
-5.999476230395227816e+00
-5.999476230395227816e+00
-5.999476230395227816e+00
-5.999476230395227816e+00
-6.095104418110892652e+00
-6.095104418110892652e+00
-6.151635605792014516e+00
-6.151635605792014516e+00
-6.151635605792014516e+00
-6.151635605792014516e+00
-6.151635605792014516e+00
-6.151635605792014516e+00
-6.151635605792014516e+00
-6.151635605792014516e+00
-6.151635605792014516e+00
-6.151635605792014516e+00
-6.151635605792014516e+00
-6.151635605792014516e+00
-6.151635605792014516e+00
-6.150443057029242766e+00
-6.150443057029242766e+00
-6.150443057029242766e+00
-6.150443057029242766e+00
-6.150443057029242766e+00
-6.150443057029242766e+00
-6.150443057029242766e+00
-6.150443057029242766e+00
-6.286147903529909264e+00
-6.286147903529909264e+00
-5.733842375629490284e+00
-5.733842375629490284e+00
-5.733842375629490284e+00
-6.198762707682913486e+00
-6.198762707682913486e+00
-6.198762707682913486e+00
-6.198762707682913486e+00
-6.198762707682913486e+00
-6.198762707682913486e+00
-6.198762707682913486e+00
-6.198762707682913486e+00
-6.198762707682913486e+00
-6.198762707682913486e+00
-6.198762707682913486e+00
-6.225970233603598913e+00
-6.225970233603598913e+00
-6.225970233603598913e+00
-6.225970233603598913e+00
-6.225970233603598913e+00
-6.225970233603598913e+00
-6.106171507680392629e+00
-6.106171507680392629e+00
-6.106171507680392629e+00
-6.106171507680392629e+00
-6.106171507680392629e+00
-6.106171507680392629e+00
-6.106171507680392629e+00
-6.106171507680392629e+00
-6.106171507680392629e+00
-6.106171507680392629e+00
-6.106171507680392629e+00
-6.106171507680392629e+00
-6.106171507680392629e+00
-6.106171507680392629e+00
-6.106171507680392629e+00
-6.106171507680392629e+00
-6.106171507680392629e+00
-6.106171507680392629e+00
-6.106171507680392629e+00
-6.106171507680392629e+00
-6.106171507680392629e+00
-5.696763955840189020e+00
-5.784327395787430603e+00
-5.784327395787430603e+00
-5.784327395787430603e+00
-5.967454746166104940e+00
-5.967454746166104940e+00
-5.967454746166104940e+00
-5.967454746166104940e+00
-6.001920134797834372e+00
-6.001920134797834372e+00
-6.001920134797834372e+00
-6.001920134797834372e+00
-6.001920134797834372e+00
-6.001920134797834372e+00
-6.001920134797834372e+00
-5.998905028713364729e+00
-5.998905028713364729e+00
-5.998905028713364729e+00
-5.998905028713364729e+00
-5.998905028713364729e+00
-5.998905028713364729e+00
-5.998905028713364729e+00
-5.998905028713364729e+00
-5.998905028713364729e+00
-5.998905028713364729e+00
-5.998905028713364729e+00
-5.998905028713364729e+00
-5.998905028713364729e+00
-5.998905028713364729e+00
-5.998905028713364729e+00
-5.998905028713364729e+00
-5.998905028713364729e+00
-5.998905028713364729e+00
-5.998905028713364729e+00
-5.998905028713364729e+00
-5.998905028713364729e+00
-5.998905028713364729e+00
-5.888003920050013384e+00
-5.888003920050013384e+00
-5.888003920050013384e+00
-5.888003920050013384e+00
-5.888003920050013384e+00
-5.888003920050013384e+00
-5.888003920050013384e+00
-5.888003920050013384e+00
-5.888003920050013384e+00
-5.888003920050013384e+00
-5.888003920050013384e+00
-5.888003920050013384e+00
-5.888003920050013384e+00
-5.888003920050013384e+00
-5.888003920050013384e+00
-5.888003920050013384e+00
-5.888003920050013384e+00
-5.888003920050013384e+00
-5.888003920050013384e+00
-5.888003920050013384e+00
-5.888003920050013384e+00
-5.888003920050013384e+00
-6.115290220563315948e+00
-5.974454132138428797e+00
-5.974454132138428797e+00
-5.974454132138428797e+00
-5.974454132138428797e+00
-5.974454132138428797e+00
-5.974454132138428797e+00
-5.974454132138428797e+00
-5.974454132138428797e+00
-5.974454132138428797e+00
-5.974454132138428797e+00
-5.974454132138428797e+00
-5.974454132138428797e+00
-5.974454132138428797e+00
-5.974454132138428797e+00
-5.974454132138428797e+00
-5.974454132138428797e+00
-5.974454132138428797e+00
-5.964816642309009431e+00
-5.964816642309009431e+00
-5.964816642309009431e+00
-5.964816642309009431e+00
-5.964816642309009431e+00
-5.964816642309009431e+00
-5.494763700729573763e+00
-5.494763700729573763e+00
-5.494763700729573763e+00
-5.494763700729573763e+00
-5.838574232608364944e+00
-5.838574232608364944e+00
-5.838574232608364944e+00
-5.906259124639157143e+00
-5.906259124639157143e+00
-5.906259124639157143e+00
-5.906259124639157143e+00
-5.906259124639157143e+00
-5.628792323300304545e+00
-5.628792323300304545e+00
-5.628792323300304545e+00
-5.628792323300304545e+00
-5.628792323300304545e+00
-5.628792323300304545e+00
-5.628792323300304545e+00
-5.628792323300304545e+00
-5.628792323300304545e+00
-5.628792323300304545e+00
-5.628792323300304545e+00
-5.628792323300304545e+00
-5.684381233346621265e+00
-5.684381233346621265e+00
-5.684381233346621265e+00
-5.684381233346621265e+00
-5.684381233346621265e+00
-5.684381233346621265e+00
-5.777535429420251667e+00
-5.777535429420251667e+00
-5.564800867842897958e+00
-5.564800867842897958e+00
-5.564800867842897958e+00
-5.564800867842897958e+00
-5.564800867842897958e+00
-5.564800867842897958e+00
-5.564800867842897958e+00
-5.564800867842897958e+00
-5.564800867842897958e+00
-5.564800867842897958e+00
-5.564800867842897958e+00
-5.564800867842897958e+00
-5.564800867842897958e+00
-5.546840609373599129e+00
-5.546840609373599129e+00
-5.546840609373599129e+00
-5.546840609373599129e+00
-5.546840609373599129e+00
-5.546840609373599129e+00
-5.546840609373599129e+00
-5.546840609373599129e+00
-5.458996811058963061e+00
-5.458996811058963061e+00
-5.458996811058963061e+00
-5.458996811058963061e+00
-5.458996811058963061e+00
-5.458996811058963061e+00
-5.458996811058963061e+00
-5.458996811058963061e+00
-5.458996811058963061e+00
-5.458996811058963061e+00
-5.479433796373880838e+00
-5.654562499737419756e+00
-5.658520795191223307e+00
-5.658520795191223307e+00
-5.658520795191223307e+00
-5.658520795191223307e+00
-5.658520795191223307e+00
-5.658520795191223307e+00
-5.658520795191223307e+00
-5.658520795191223307e+00
-5.658520795191223307e+00
-5.658520795191223307e+00
-5.658520795191223307e+00
-5.658520795191223307e+00
-5.658520795191223307e+00
-5.658520795191223307e+00
-5.569727881232821254e+00
-5.569727881232821254e+00
-5.569727881232821254e+00
-5.569727881232821254e+00
-5.569727881232821254e+00
-5.569727881232821254e+00
-5.569727881232821254e+00
-5.569727881232821254e+00
-5.569727881232821254e+00
-5.569727881232821254e+00
-5.569727881232821254e+00
-5.569727881232821254e+00
-5.569727881232821254e+00
-5.569727881232821254e+00
-5.569727881232821254e+00
-5.569727881232821254e+00
-5.720497317341499688e+00
-5.720497317341499688e+00
-5.720497317341499688e+00
-5.720497317341499688e+00
-5.720497317341499688e+00
-5.720497317341499688e+00
-5.720497317341499688e+00
-5.720497317341499688e+00
-5.720497317341499688e+00
-5.720497317341499688e+00
-5.919636093635631369e+00
-5.919636093635631369e+00
-5.919636093635631369e+00
-5.919636093635631369e+00
-5.919636093635631369e+00
-5.898989865246512032e+00
-6.233387649857062840e+00
-6.233387649857062840e+00
-6.159333380412872927e+00
-6.159333380412872927e+00
-6.159333380412872927e+00
-6.159333380412872927e+00
-6.159333380412872927e+00
-6.159333380412872927e+00
-6.159333380412872927e+00
-6.159333380412872927e+00
-6.159333380412872927e+00
-6.159333380412872927e+00
-6.159333380412872927e+00
-6.064327451512644629e+00
-6.064327451512644629e+00
-6.064327451512644629e+00
-6.064327451512644629e+00
-6.064327451512644629e+00
-6.064327451512644629e+00
-6.064327451512644629e+00
-6.064327451512644629e+00
-6.064327451512644629e+00
-6.064327451512644629e+00
-6.064327451512644629e+00
-6.064327451512644629e+00
-6.064327451512644629e+00
-6.027594579109497808e+00
-6.027594579109497808e+00
-6.027594579109497808e+00
-6.027594579109497808e+00
-6.027594579109497808e+00
-6.027594579109497808e+00
-5.820883391692122544e+00
-5.820883391692122544e+00
-5.820883391692122544e+00
-5.820883391692122544e+00
-5.820883391692122544e+00
-5.820883391692122544e+00
-5.959167079305557557e+00
-5.959167079305557557e+00
-5.959167079305557557e+00
-5.959167079305557557e+00
-5.959167079305557557e+00
-5.977846696317537400e+00
-5.629270528060300371e+00
-5.629270528060300371e+00
-5.629270528060300371e+00
-5.629270528060300371e+00
-5.629270528060300371e+00
-5.629270528060300371e+00
-6.096521709434844283e+00
-6.096521709434844283e+00
-6.096521709434844283e+00
-6.096521709434844283e+00
-6.096521709434844283e+00
-6.096521709434844283e+00
-6.184388756979947388e+00
-6.184388756979947388e+00
-6.184388756979947388e+00
-6.184388756979947388e+00
-6.184388756979947388e+00
-6.184388756979947388e+00
-6.184388756979947388e+00
-6.184388756979947388e+00
-6.184388756979947388e+00
-6.184388756979947388e+00
-6.184388756979947388e+00
-6.184388756979947388e+00
-6.184388756979947388e+00
-6.184388756979947388e+00
-6.320094515215141762e+00
-6.021698391916190829e+00
-6.021698391916190829e+00
-5.907622623625949920e+00
-5.907622623625949920e+00
-5.907622623625949920e+00
-6.155560622935540849e+00
-6.155560622935540849e+00
-6.155560622935540849e+00
-6.155560622935540849e+00
-6.155560622935540849e+00
-6.108270776431373505e+00
-6.108270776431373505e+00
-6.108270776431373505e+00
-6.108270776431373505e+00
-6.506825040448919850e+00
-6.506825040448919850e+00
-6.506825040448919850e+00
-6.334947582412631562e+00
-6.334947582412631562e+00
-6.334947582412631562e+00
-6.334947582412631562e+00
-6.334947582412631562e+00
-6.334947582412631562e+00
-6.334947582412631562e+00
-6.334947582412631562e+00
-6.334947582412631562e+00
-6.514432553351494626e+00
-6.514432553351494626e+00
-6.514432553351494626e+00
-6.514432553351494626e+00
-6.514432553351494626e+00
-6.514432553351494626e+00
-6.514432553351494626e+00
-6.514432553351494626e+00
-6.514432553351494626e+00
-6.514432553351494626e+00
-6.514432553351494626e+00
-6.514432553351494626e+00
-6.514432553351494626e+00
-6.514432553351494626e+00
-6.514432553351494626e+00
-6.514432553351494626e+00
-6.514432553351494626e+00
-6.514432553351494626e+00
-6.514432553351494626e+00
-6.514432553351494626e+00
-6.514432553351494626e+00
-6.514432553351494626e+00
-6.514432553351494626e+00
-6.514432553351494626e+00
-6.514432553351494626e+00
-6.514432553351494626e+00
-6.514432553351494626e+00
-6.514432553351494626e+00
-6.514432553351494626e+00
-6.514432553351494626e+00
-6.514432553351494626e+00
-6.514432553351494626e+00
-6.514432553351494626e+00
-6.514432553351494626e+00
-6.514432553351494626e+00
-6.361729328308688203e+00
-6.361729328308688203e+00
-6.361729328308688203e+00
-6.361729328308688203e+00
-6.361729328308688203e+00
-6.361729328308688203e+00
-6.361729328308688203e+00
-6.361729328308688203e+00
-6.100739393361895857e+00
-6.100739393361895857e+00
-6.100739393361895857e+00
-6.100739393361895857e+00
-6.100739393361895857e+00
-6.100739393361895857e+00
-6.100739393361895857e+00
-6.100739393361895857e+00
-6.100739393361895857e+00
-6.100739393361895857e+00
-6.100739393361895857e+00
-6.100739393361895857e+00
-6.011798778409938926e+00
-6.011798778409938926e+00
-6.011798778409938926e+00
-6.011798778409938926e+00
-6.011798778409938926e+00
-6.011798778409938926e+00
-6.011798778409938926e+00
-6.011798778409938926e+00
-6.011798778409938926e+00
-6.011798778409938926e+00
-6.011798778409938926e+00
-6.011798778409938926e+00
-5.808635605908715860e+00
-5.808635605908715860e+00
-5.808635605908715860e+00
-5.808635605908715860e+00
-5.808635605908715860e+00
-5.808635605908715860e+00
-5.808635605908715860e+00
-5.808635605908715860e+00
-5.808635605908715860e+00
-5.808635605908715860e+00
-5.808635605908715860e+00
-5.808635605908715860e+00
-5.834144114536263359e+00
-5.834144114536263359e+00
-5.834144114536263359e+00
-5.834144114536263359e+00
-5.834144114536263359e+00
-5.834144114536263359e+00
-6.300221893573126231e+00
-6.300221893573126231e+00
-6.300221893573126231e+00
-6.300221893573126231e+00
-6.300221893573126231e+00
-6.300221893573126231e+00
-6.300221893573126231e+00
-6.300221893573126231e+00
-6.300221893573126231e+00
-6.300221893573126231e+00
-6.300221893573126231e+00
-6.300221893573126231e+00
-6.300221893573126231e+00
-6.300221893573126231e+00
-6.300221893573126231e+00
-6.121398841901672938e+00
-6.121398841901672938e+00
-6.121398841901672938e+00
-6.121398841901672938e+00
-6.121398841901672938e+00
-6.121398841901672938e+00
-6.121398841901672938e+00
-6.121398841901672938e+00
-6.121398841901672938e+00
-6.121398841901672938e+00
-6.121398841901672938e+00
-6.121398841901672938e+00
-6.113375578054278670e+00
-6.113375578054278670e+00
-6.113375578054278670e+00
-6.113375578054278670e+00
-6.255855979700617020e+00
-6.255855979700617020e+00
-6.255855979700617020e+00
-6.255855979700617020e+00
-6.255855979700617020e+00
-6.255855979700617020e+00
-6.255855979700617020e+00
-6.255855979700617020e+00
-6.255855979700617020e+00
-6.255855979700617020e+00
-6.255855979700617020e+00
-6.255855979700617020e+00
-6.255855979700617020e+00
-6.255855979700617020e+00
-6.255855979700617020e+00
-6.361476321977137083e+00
-6.361476321977137083e+00
-6.361476321977137083e+00
-6.361476321977137083e+00
-6.361476321977137083e+00
-6.361476321977137083e+00
-6.361476321977137083e+00
-6.361476321977137083e+00
-6.361476321977137083e+00
-6.361476321977137083e+00
-6.361476321977137083e+00
-6.361476321977137083e+00
-6.361476321977137083e+00
-6.361476321977137083e+00
-6.361476321977137083e+00
-6.361476321977137083e+00
-6.361476321977137083e+00
-6.361476321977137083e+00
-6.361476321977137083e+00
-6.361476321977137083e+00
-6.361476321977137083e+00
-6.361476321977137083e+00
-6.361476321977137083e+00
-6.361476321977137083e+00
-6.361476321977137083e+00
-6.361476321977137083e+00
-6.361476321977137083e+00
-6.361476321977137083e+00
-6.361476321977137083e+00
-6.361476321977137083e+00
-6.361476321977137083e+00
-6.361476321977137083e+00
-6.361476321977137083e+00
-6.361476321977137083e+00
-6.361476321977137083e+00
-6.361476321977137083e+00
-6.361476321977137083e+00
-6.361476321977137083e+00
-6.361476321977137083e+00
-6.361476321977137083e+00
-6.361476321977137083e+00
-6.361476321977137083e+00
-6.361476321977137083e+00
-6.361476321977137083e+00
-6.361476321977137083e+00
-6.361476321977137083e+00
-6.361476321977137083e+00
-6.361476321977137083e+00
-6.361476321977137083e+00
-6.361476321977137083e+00
-6.361476321977137083e+00
-6.361476321977137083e+00
-6.361476321977137083e+00
-6.361476321977137083e+00
-6.361476321977137083e+00
-6.361476321977137083e+00
-6.361476321977137083e+00
-6.361476321977137083e+00
-6.361476321977137083e+00
-6.361476321977137083e+00
-6.291773761435630163e+00
-6.291773761435630163e+00
-6.291773761435630163e+00
-6.291773761435630163e+00
-6.291773761435630163e+00
-6.291773761435630163e+00
-6.291773761435630163e+00
-6.291773761435630163e+00
-6.291773761435630163e+00
-6.291773761435630163e+00
-6.291773761435630163e+00
-6.291773761435630163e+00
-6.291773761435630163e+00
-6.307676235074977988e+00
-6.307676235074977988e+00
-6.307676235074977988e+00
-6.307676235074977988e+00
-6.307676235074977988e+00
-6.307676235074977988e+00
-6.307676235074977988e+00
-6.307676235074977988e+00
-6.307676235074977988e+00
-6.307676235074977988e+00
-6.307676235074977988e+00
-6.231411465267377991e+00
-6.168963120498802688e+00
-6.168963120498802688e+00
-6.168963120498802688e+00
-6.168963120498802688e+00
-6.168963120498802688e+00
-6.168963120498802688e+00
-6.168963120498802688e+00
-6.168963120498802688e+00
-6.168963120498802688e+00
-6.168963120498802688e+00
-6.168963120498802688e+00
-6.168963120498802688e+00
-6.168963120498802688e+00
-6.168963120498802688e+00
-6.168963120498802688e+00
-6.168963120498802688e+00
-6.168963120498802688e+00
-6.168963120498802688e+00
-6.168963120498802688e+00
-6.168963120498802688e+00
-6.168963120498802688e+00
-6.168963120498802688e+00
-6.168963120498802688e+00
-6.168963120498802688e+00
-6.225146025590184706e+00
-6.225146025590184706e+00
-6.225146025590184706e+00
-6.225146025590184706e+00
-6.225146025590184706e+00
-6.225146025590184706e+00
-6.225146025590184706e+00
-6.225146025590184706e+00
-6.225146025590184706e+00
-6.225146025590184706e+00
-6.225146025590184706e+00
-6.225146025590184706e+00
-6.225146025590184706e+00
-6.225146025590184706e+00
-6.225146025590184706e+00
-6.225146025590184706e+00
-6.225146025590184706e+00
-6.225146025590184706e+00
-6.225146025590184706e+00
-6.225146025590184706e+00
-6.563337081704951004e+00
-6.563337081704951004e+00
-6.563337081704951004e+00
-6.563337081704951004e+00
-6.563337081704951004e+00
-6.660988408338498701e+00
-6.660988408338498701e+00
-6.510782424168194638e+00
-6.510782424168194638e+00
-6.510782424168194638e+00
-6.470842525562409797e+00
-6.470842525562409797e+00
-6.470842525562409797e+00
-6.139181768005253836e+00
-6.139181768005253836e+00
-6.139181768005253836e+00
-6.139181768005253836e+00
-6.139181768005253836e+00
-6.139181768005253836e+00
-6.139181768005253836e+00
-6.139181768005253836e+00
-6.139181768005253836e+00
-6.139181768005253836e+00
-6.139181768005253836e+00
-6.139181768005253836e+00
-6.139181768005253836e+00
-6.139181768005253836e+00
-6.139181768005253836e+00
-6.139181768005253836e+00
-6.139181768005253836e+00
-6.139181768005253836e+00
-6.139181768005253836e+00
-6.367924108559952501e+00
-6.364224745712133924e+00
-6.364224745712133924e+00
-6.334781190861250799e+00
-6.334781190861250799e+00
-6.334781190861250799e+00
-6.334781190861250799e+00
-6.334781190861250799e+00
-6.334781190861250799e+00
-6.334781190861250799e+00
-6.334781190861250799e+00
-6.334781190861250799e+00
-6.334781190861250799e+00
-6.334781190861250799e+00
-6.334781190861250799e+00
-6.334781190861250799e+00
-6.334781190861250799e+00
-6.334781190861250799e+00
-6.334781190861250799e+00
-6.334781190861250799e+00
-6.334781190861250799e+00
-6.334781190861250799e+00
-6.334781190861250799e+00
-6.334781190861250799e+00
-6.334781190861250799e+00
-6.334781190861250799e+00
-6.334781190861250799e+00
-5.815566611791431306e+00
-5.815566611791431306e+00
-5.815566611791431306e+00
-5.914730050139855422e+00
-5.914730050139855422e+00
-5.914730050139855422e+00
-5.914730050139855422e+00
-5.914730050139855422e+00
-5.914730050139855422e+00
-6.264134529215883873e+00
-6.264134529215883873e+00
-6.264134529215883873e+00
-6.264134529215883873e+00
-6.264134529215883873e+00
-6.264134529215883873e+00
-6.264134529215883873e+00
-6.264134529215883873e+00
-6.264134529215883873e+00
-6.264134529215883873e+00
-6.264134529215883873e+00
-6.264134529215883873e+00
-5.709452109400674047e+00
-5.709452109400674047e+00
-5.709452109400674047e+00
-5.709452109400674047e+00
-5.709452109400674047e+00
-5.709452109400674047e+00
-5.709452109400674047e+00
-5.709452109400674047e+00
-5.709452109400674047e+00
-5.709452109400674047e+00
-5.709452109400674047e+00
-5.709452109400674047e+00
-5.709452109400674047e+00
-5.709452109400674047e+00
-5.709452109400674047e+00
-5.709452109400674047e+00
-5.709452109400674047e+00
-5.709452109400674047e+00
-5.709452109400674047e+00
-5.709452109400674047e+00
-5.987312324188406976e+00
-5.987312324188406976e+00
-5.987312324188406976e+00
-5.987312324188406976e+00
-5.987312324188406976e+00
-5.987312324188406976e+00
-5.987312324188406976e+00
-5.987312324188406976e+00
-5.987312324188406976e+00
-5.987312324188406976e+00
-5.987312324188406976e+00
-5.987312324188406976e+00
-5.987312324188406976e+00
-5.987312324188406976e+00
-5.987312324188406976e+00
-5.987312324188406976e+00
-5.987312324188406976e+00
-5.987312324188406976e+00
-5.987312324188406976e+00
-5.987312324188406976e+00
-5.987312324188406976e+00
-5.987312324188406976e+00
-5.987312324188406976e+00
-5.987312324188406976e+00
-5.987312324188406976e+00
-5.987312324188406976e+00
-5.987312324188406976e+00
-5.987312324188406976e+00
-5.987312324188406976e+00
-5.987312324188406976e+00
-5.987312324188406976e+00
-5.987312324188406976e+00
-5.987312324188406976e+00
-5.987312324188406976e+00
-5.987312324188406976e+00
-5.987312324188406976e+00
-5.987312324188406976e+00
-5.987312324188406976e+00
-5.987312324188406976e+00
-5.987312324188406976e+00
-5.987312324188406976e+00
-5.987312324188406976e+00
-5.947603550285499807e+00
-5.947603550285499807e+00
-5.947603550285499807e+00
-5.947603550285499807e+00
-5.947603550285499807e+00
-5.947603550285499807e+00
-5.947603550285499807e+00
-5.947603550285499807e+00
-5.947603550285499807e+00
-5.947603550285499807e+00
-5.947603550285499807e+00
-5.947603550285499807e+00
-5.947603550285499807e+00
-5.947603550285499807e+00
-6.105776270762455660e+00
-6.105776270762455660e+00
-6.105776270762455660e+00
-6.105776270762455660e+00
-6.105776270762455660e+00
-6.105776270762455660e+00
-6.105776270762455660e+00
-6.105776270762455660e+00
-6.105776270762455660e+00
-6.105776270762455660e+00
-6.105776270762455660e+00
-6.105776270762455660e+00
-6.105776270762455660e+00
-6.105776270762455660e+00
-6.105776270762455660e+00
-6.105776270762455660e+00
-6.105776270762455660e+00
-6.105776270762455660e+00
-6.105776270762455660e+00
-6.105776270762455660e+00
-6.105776270762455660e+00
-6.105776270762455660e+00
-6.105776270762455660e+00
-6.105776270762455660e+00
-6.105776270762455660e+00
-6.105776270762455660e+00
-6.105776270762455660e+00
-6.105776270762455660e+00
-6.105776270762455660e+00
-6.105776270762455660e+00
-6.105776270762455660e+00
-6.105776270762455660e+00
-6.105776270762455660e+00
-6.105776270762455660e+00
-6.105776270762455660e+00
-6.105776270762455660e+00
-6.105776270762455660e+00
-6.105776270762455660e+00
-6.105776270762455660e+00
-6.105776270762455660e+00
-6.105776270762455660e+00
-6.105776270762455660e+00
-6.126263857343684727e+00
-6.126263857343684727e+00
-6.126263857343684727e+00
-5.952132591553900731e+00
-5.952132591553900731e+00
-5.952132591553900731e+00
-5.952132591553900731e+00
-5.952132591553900731e+00
-5.952132591553900731e+00
-5.952132591553900731e+00
-5.952132591553900731e+00
-5.952132591553900731e+00
-5.952132591553900731e+00
-5.952132591553900731e+00
-5.952132591553900731e+00
-5.952132591553900731e+00
-5.952132591553900731e+00
-5.952132591553900731e+00
-5.968259351887164499e+00
-5.968259351887164499e+00
-5.968259351887164499e+00
-5.858806077654457489e+00
-5.858806077654457489e+00
-5.883133890068097394e+00
-6.234707841453770882e+00
-6.234707841453770882e+00
-6.234707841453770882e+00
-6.203788644269137009e+00
-6.203788644269137009e+00
-6.203788644269137009e+00
-6.203788644269137009e+00
-6.203788644269137009e+00
-6.214796015227046055e+00
-6.214796015227046055e+00
-6.214796015227046055e+00
-6.214796015227046055e+00
-6.214796015227046055e+00
-6.163670045695842425e+00
-6.235330100269208309e+00
-6.235330100269208309e+00
-6.235330100269208309e+00
-6.235330100269208309e+00
-6.235330100269208309e+00
-6.235330100269208309e+00
-6.235330100269208309e+00
-6.235330100269208309e+00
-5.726678877442106241e+00
-5.961880401261221429e+00
-5.961880401261221429e+00
-5.961880401261221429e+00
-5.989231525370085407e+00
-5.989231525370085407e+00
-5.989231525370085407e+00
-5.989231525370085407e+00
-6.090264019501140602e+00
-6.090264019501140602e+00
-6.090264019501140602e+00
-6.090264019501140602e+00
-6.090264019501140602e+00
-6.090264019501140602e+00
-6.090264019501140602e+00
-6.090264019501140602e+00
-6.090264019501140602e+00
-6.353146259461031953e+00
-6.083243663634670284e+00
-6.083243663634670284e+00
-6.083243663634670284e+00
-6.083243663634670284e+00
-6.083243663634670284e+00
-6.083243663634670284e+00
-5.692909598122590786e+00
-5.692909598122590786e+00
-5.692909598122590786e+00
-5.692909598122590786e+00
-5.692909598122590786e+00
-5.692909598122590786e+00
-5.693038608558318892e+00
-5.693038608558318892e+00
-5.693038608558318892e+00
-5.806390459633237633e+00
-5.806390459633237633e+00
-5.806390459633237633e+00
-6.462039728693478757e+00
-6.462039728693478757e+00
-6.462039728693478757e+00
-6.462039728693478757e+00
-6.355111959103644459e+00
-6.355111959103644459e+00
-6.348313610594769507e+00
-6.001356682859460889e+00
-5.943523994139457756e+00
-5.943523994139457756e+00
-5.943523994139457756e+00
-5.943523994139457756e+00
-5.943523994139457756e+00
-6.387086033137304497e+00
-6.387086033137304497e+00
-6.387086033137304497e+00
-6.387086033137304497e+00
-6.367926843763537015e+00
-6.267119548060925638e+00
-6.267119548060925638e+00
-6.267119548060925638e+00
-6.267119548060925638e+00
-6.267119548060925638e+00
-6.267119548060925638e+00
-6.392576498465601276e+00
-6.392576498465601276e+00
-6.392576498465601276e+00
-6.392576498465601276e+00
-6.392576498465601276e+00
-6.392576498465601276e+00
-6.392576498465601276e+00
-6.392576498465601276e+00
-6.392576498465601276e+00
-6.392576498465601276e+00
-6.392576498465601276e+00
-6.392576498465601276e+00
-6.392576498465601276e+00
-6.392576498465601276e+00
-6.392576498465601276e+00
-6.392576498465601276e+00
-6.392576498465601276e+00
-6.290802308295925904e+00
-6.290802308295925904e+00
-6.290802308295925904e+00
-6.290802308295925904e+00
-6.290802308295925904e+00
-6.290802308295925904e+00
-6.290802308295925904e+00
-6.290802308295925904e+00
-6.290802308295925904e+00
-6.290802308295925904e+00
-6.290802308295925904e+00
-6.290802308295925904e+00
-6.290802308295925904e+00
-6.290802308295925904e+00
-6.290802308295925904e+00
-6.290802308295925904e+00
-6.270285546209797722e+00
-6.270285546209797722e+00
-6.270285546209797722e+00
-6.270285546209797722e+00
-6.270285546209797722e+00
-6.270285546209797722e+00
-6.102388265255988209e+00
-6.403048225388244141e+00
-6.403048225388244141e+00
-6.403048225388244141e+00
-6.403048225388244141e+00
-6.403048225388244141e+00
-6.403048225388244141e+00
-6.403048225388244141e+00
-6.403048225388244141e+00
-6.403048225388244141e+00
-6.403048225388244141e+00
-6.403048225388244141e+00
-6.403048225388244141e+00
-6.403048225388244141e+00
-6.186262371435219620e+00
-6.186262371435219620e+00
-6.186262371435219620e+00
-6.186262371435219620e+00
-6.186262371435219620e+00
-6.186262371435219620e+00
-6.186262371435219620e+00
-6.186262371435219620e+00
-6.186262371435219620e+00
-5.938719153176301724e+00
-5.938719153176301724e+00
-5.938719153176301724e+00
-6.084332730528500655e+00
-6.084332730528500655e+00
-6.084332730528500655e+00
-6.084332730528500655e+00
-6.084332730528500655e+00
-6.084332730528500655e+00
-6.084332730528500655e+00
-6.084332730528500655e+00
-6.084332730528500655e+00
-6.084332730528500655e+00
-6.084332730528500655e+00
-6.084332730528500655e+00
-6.084332730528500655e+00
-6.084332730528500655e+00
-6.084332730528500655e+00
-6.084332730528500655e+00
-6.084332730528500655e+00
-6.293040616562443290e+00
-6.293040616562443290e+00
-6.293040616562443290e+00
-6.293040616562443290e+00
-6.293040616562443290e+00
-6.293040616562443290e+00
-6.293040616562443290e+00
-6.293040616562443290e+00
-6.293040616562443290e+00
-6.293040616562443290e+00
-6.293040616562443290e+00
-6.293040616562443290e+00
-6.293040616562443290e+00
-6.293040616562443290e+00
-6.293040616562443290e+00
-6.293040616562443290e+00
-6.293040616562443290e+00
-6.293040616562443290e+00
-6.316097471043894629e+00
-6.316097471043894629e+00
-6.316097471043894629e+00
-6.316097471043894629e+00
-6.316097471043894629e+00
-6.316097471043894629e+00
-6.309934601501113960e+00
-6.309934601501113960e+00
-6.266315854074393954e+00
-6.266315854074393954e+00
-6.266315854074393954e+00
-6.080014299936093991e+00
-6.080014299936093991e+00
-6.080014299936093991e+00
-6.116671498373406735e+00
-6.116671498373406735e+00
-6.116671498373406735e+00
-6.116671498373406735e+00
-6.039120271146638963e+00
-6.039120271146638963e+00
-6.039120271146638963e+00
-6.039120271146638963e+00
-6.039120271146638963e+00
-6.039120271146638963e+00
-6.039120271146638963e+00
-6.039120271146638963e+00
-6.039120271146638963e+00
-6.039120271146638963e+00
-6.039120271146638963e+00
-5.989984162223042752e+00
-5.989984162223042752e+00
-5.989984162223042752e+00
-6.052293923343344595e+00
-6.052293923343344595e+00
-6.052293923343344595e+00
-6.052293923343344595e+00
-6.052293923343344595e+00
-6.052293923343344595e+00
-6.013565719925422215e+00
-6.013565719925422215e+00
-6.013565719925422215e+00
-6.013565719925422215e+00
-6.030764680063747107e+00
-6.003226650376620732e+00
-6.003226650376620732e+00
-6.003226650376620732e+00
-6.003226650376620732e+00
-6.003226650376620732e+00
-6.003226650376620732e+00
-6.076893432646362392e+00
-6.076893432646362392e+00
-6.076893432646362392e+00
-6.076893432646362392e+00
-6.076893432646362392e+00
-6.207344408928777924e+00
-6.254370308287056979e+00
-6.254370308287056979e+00
-6.254370308287056979e+00
-6.254370308287056979e+00
-6.222706679860218415e+00
-6.222706679860218415e+00
-6.222706679860218415e+00
-6.222706679860218415e+00
-6.222706679860218415e+00
-6.222706679860218415e+00
-6.222706679860218415e+00
-6.222706679860218415e+00
-6.222706679860218415e+00
-6.222706679860218415e+00
-6.222706679860218415e+00
-6.222706679860218415e+00
-6.222706679860218415e+00
-6.222706679860218415e+00
-6.222706679860218415e+00
-6.222706679860218415e+00
-6.222706679860218415e+00
-6.222706679860218415e+00
-6.222706679860218415e+00
-6.176920283592909122e+00
-6.176920283592909122e+00
-6.176920283592909122e+00
-6.176920283592909122e+00
-6.176920283592909122e+00
-6.176920283592909122e+00
-6.176920283592909122e+00
-6.176920283592909122e+00
-6.176920283592909122e+00
-6.065205451863217689e+00
-6.065205451863217689e+00
-6.050075217369180969e+00
-6.050075217369180969e+00
-6.050075217369180969e+00
-6.050075217369180969e+00
-6.050075217369180969e+00
-6.050075217369180969e+00
-6.050075217369180969e+00
-5.953443665805327356e+00
-5.953443665805327356e+00
-5.953443665805327356e+00
-5.953443665805327356e+00
-5.953443665805327356e+00
-6.139391466946720222e+00
-6.246774192066083309e+00
-6.246774192066083309e+00
-6.246774192066083309e+00
-6.246774192066083309e+00
-6.246774192066083309e+00
-6.246774192066083309e+00
-5.912033595272960795e+00
-5.912033595272960795e+00
-5.912033595272960795e+00
-5.912033595272960795e+00
-5.912033595272960795e+00
-6.159676648462707682e+00
-6.159676648462707682e+00
-6.159676648462707682e+00
-6.159676648462707682e+00
-6.159676648462707682e+00
-6.159676648462707682e+00
-6.159676648462707682e+00
-6.159676648462707682e+00
-6.159676648462707682e+00
-6.159676648462707682e+00
-6.159676648462707682e+00
-6.159676648462707682e+00
-6.159676648462707682e+00
-6.087976477570104628e+00
-6.087976477570104628e+00
-6.087976477570104628e+00
-6.087976477570104628e+00
-6.087976477570104628e+00
-6.087976477570104628e+00
-6.087976477570104628e+00
-6.087976477570104628e+00
-5.991008495965377101e+00
-6.118622610263568795e+00
-6.118622610263568795e+00
-6.118622610263568795e+00
-6.118622610263568795e+00
-6.118622610263568795e+00
-6.118622610263568795e+00
-6.118622610263568795e+00
-6.118622610263568795e+00
-6.118622610263568795e+00
-6.118622610263568795e+00
-6.118622610263568795e+00
-6.118622610263568795e+00
-6.118622610263568795e+00
-6.098086245885086853e+00
-6.098086245885086853e+00
-6.098086245885086853e+00
-5.998696697373691045e+00
-5.998696697373691045e+00
-5.998696697373691045e+00
-5.998696697373691045e+00
-5.998696697373691045e+00
-5.998696697373691045e+00
-5.998696697373691045e+00
-5.998696697373691045e+00
-5.998696697373691045e+00
-5.998696697373691045e+00
-5.998696697373691045e+00
-5.998696697373691045e+00
-5.998696697373691045e+00
-5.998696697373691045e+00
-5.998696697373691045e+00
-5.998696697373691045e+00
-5.998696697373691045e+00
-5.998696697373691045e+00
-5.998696697373691045e+00
-5.998696697373691045e+00
-5.998696697373691045e+00
-5.998696697373691045e+00
-5.998696697373691045e+00
-5.998696697373691045e+00
-5.998696697373691045e+00
-5.998696697373691045e+00
-6.441999347898289763e+00
-6.441999347898289763e+00
-6.441999347898289763e+00
-6.441999347898289763e+00
-6.490413818942884383e+00
-6.490413818942884383e+00
-6.490413818942884383e+00
-6.490413818942884383e+00
-6.020192206475748264e+00
-6.020192206475748264e+00
-6.020192206475748264e+00
-5.877394065346361884e+00
-5.877394065346361884e+00
-6.084584825125524787e+00
-6.084584825125524787e+00
-6.066843838810236811e+00
-6.066843838810236811e+00
-6.066843838810236811e+00
-6.066843838810236811e+00
-6.066843838810236811e+00
-6.066843838810236811e+00
-6.066843838810236811e+00
-5.986643566912036363e+00
-5.986643566912036363e+00
-5.986643566912036363e+00
-5.986643566912036363e+00
-5.986643566912036363e+00
-5.986643566912036363e+00
-5.986643566912036363e+00
-6.291375333446844742e+00
-6.291375333446844742e+00
-6.291375333446844742e+00
-6.291375333446844742e+00
-6.378932847119653360e+00
-6.378932847119653360e+00
-6.378932847119653360e+00
-6.378932847119653360e+00
-6.378932847119653360e+00
-6.378932847119653360e+00
-6.378932847119653360e+00
-6.378932847119653360e+00
-6.378932847119653360e+00
-6.378932847119653360e+00
-6.378932847119653360e+00
-6.373444661127677158e+00
-6.373444661127677158e+00
-6.373444661127677158e+00
-6.373444661127677158e+00
-6.373444661127677158e+00
-6.373444661127677158e+00
-6.373444661127677158e+00
-6.373444661127677158e+00
-5.918963689421148366e+00
-5.918963689421148366e+00
-5.918963689421148366e+00
-5.939722061157226562e+00
-5.939722061157226562e+00
-6.436069426527442516e+00
-6.436069426527442516e+00
-6.436069426527442516e+00
-6.436069426527442516e+00
-6.436069426527442516e+00
-6.471309333640803629e+00
-6.471309333640803629e+00
-6.471309333640803629e+00
-6.471309333640803629e+00
-6.471309333640803629e+00
-6.471309333640803629e+00
-6.471309333640803629e+00
-6.471309333640803629e+00
-6.471309333640803629e+00
-6.471309333640803629e+00
-6.509527421590246554e+00
-6.509527421590246554e+00
-6.509527421590246554e+00
-6.509527421590246554e+00
-6.414903053590033544e+00
-6.500098263100501761e+00
-6.500098263100501761e+00
-6.500098263100501761e+00
-6.500098263100501761e+00
-6.500098263100501761e+00
-6.500098263100501761e+00
-6.500098263100501761e+00
-6.500098263100501761e+00
-6.500098263100501761e+00
-6.500098263100501761e+00
-6.500098263100501761e+00
-6.500098263100501761e+00
-6.500098263100501761e+00
-6.500098263100501761e+00
-6.500098263100501761e+00
-6.500098263100501761e+00
-6.500098263100501761e+00
-6.500098263100501761e+00
-6.500098263100501761e+00
-6.500098263100501761e+00
-6.500098263100501761e+00
-6.500098263100501761e+00
-6.104789774003037905e+00
-6.104789774003037905e+00
-6.104789774003037905e+00
-6.104789774003037905e+00
-6.082792810910517822e+00
-6.082792810910517822e+00
-6.082792810910517822e+00
-6.082792810910517822e+00
-6.082792810910517822e+00
-6.082792810910517822e+00
-6.082792810910517822e+00
-6.082792810910517822e+00
-6.082792810910517822e+00
-6.344259127148250244e+00
-6.344259127148250244e+00
-6.344259127148250244e+00
-6.120294275520864247e+00
-6.120294275520864247e+00
-6.120294275520864247e+00
-6.120294275520864247e+00
-6.120294275520864247e+00
-6.120294275520864247e+00
-6.008207911970965931e+00
-6.008207911970965931e+00
-6.008207911970965931e+00
-6.008207911970965931e+00
-6.008207911970965931e+00
-6.008207911970965931e+00
-6.008207911970965931e+00
-6.008207911970965931e+00
-6.008207911970965931e+00
-6.008207911970965931e+00
-6.008207911970965931e+00
-6.008207911970965931e+00
-6.008207911970965931e+00
-6.008207911970965931e+00
-6.008207911970965931e+00
-6.008207911970965931e+00
-6.008207911970965931e+00
-6.008207911970965931e+00
-6.008207911970965931e+00
-6.008207911970965931e+00
-6.008207911970965931e+00
-6.008207911970965931e+00
-6.008207911970965931e+00
-6.008207911970965931e+00
-6.008207911970965931e+00
-6.340752596153127918e+00
-6.340752596153127918e+00
-6.340752596153127918e+00
-6.340752596153127918e+00
-6.340752596153127918e+00
-6.340752596153127918e+00
-6.340752596153127918e+00
-6.340752596153127918e+00
-6.340752596153127918e+00
-6.340752596153127918e+00
-6.340752596153127918e+00
-6.340752596153127918e+00
-6.340752596153127918e+00
-6.340752596153127918e+00
-6.340752596153127918e+00
-6.340752596153127918e+00
-6.332835549378257767e+00
-6.275078534624088711e+00
-6.275078534624088711e+00
-6.275078534624088711e+00
-6.275078534624088711e+00
-6.275078534624088711e+00
-6.275078534624088711e+00
-6.275078534624088711e+00
-6.275078534624088711e+00
-6.275078534624088711e+00
-6.275078534624088711e+00
-6.275078534624088711e+00
-6.275078534624088711e+00
-6.275078534624088711e+00
-6.275078534624088711e+00
-6.275078534624088711e+00
-6.275078534624088711e+00
-6.275078534624088711e+00
-6.275078534624088711e+00
-6.275078534624088711e+00
-6.275078534624088711e+00
-6.275078534624088711e+00
-6.275078534624088711e+00
-6.275078534624088711e+00
-6.275078534624088711e+00
-6.275078534624088711e+00
-6.275078534624088711e+00
-6.275078534624088711e+00
-6.275078534624088711e+00
-6.275078534624088711e+00
-6.275078534624088711e+00
-6.173643053831606942e+00
-6.173643053831606942e+00
-6.173643053831606942e+00
-6.173643053831606942e+00
-6.173643053831606942e+00
-6.173643053831606942e+00
-6.173643053831606942e+00
-6.173643053831606942e+00
-6.173643053831606942e+00
-6.173643053831606942e+00
-5.970632596863842956e+00
-5.970632596863842956e+00
-5.970632596863842956e+00
-6.544594555010530890e+00
-6.544594555010530890e+00
-6.544594555010530890e+00
-6.544594555010530890e+00
-6.544594555010530890e+00
-6.544594555010530890e+00
-6.544594555010530890e+00
-6.544594555010530890e+00
-6.544594555010530890e+00
-6.397707740389821929e+00
-6.397707740389821929e+00
-6.397707740389821929e+00
-6.575041473709601902e+00
-6.575041473709601902e+00
-6.575041473709601902e+00
-6.575041473709601902e+00
-6.575041473709601902e+00
-6.575041473709601902e+00
-6.575041473709601902e+00
-6.575041473709601902e+00
-6.575041473709601902e+00
-6.345442102698477527e+00
-6.345442102698477527e+00
-6.345442102698477527e+00
-6.345442102698477527e+00
-6.345442102698477527e+00
-5.947482289593260418e+00
-5.947482289593260418e+00
-5.983898790115151911e+00
-5.983898790115151911e+00
-5.983898790115151911e+00
-5.983898790115151911e+00
-5.983898790115151911e+00
-5.983898790115151911e+00
-5.983898790115151911e+00
-5.983898790115151911e+00
-5.983898790115151911e+00
-5.983898790115151911e+00
-5.983898790115151911e+00
-5.980830803428051290e+00
-5.980830803428051290e+00
-5.980830803428051290e+00
-5.980830803428051290e+00
-5.980830803428051290e+00
-5.980830803428051290e+00
-5.980830803428051290e+00
-5.980830803428051290e+00
-5.980830803428051290e+00
-5.980830803428051290e+00
-5.980830803428051290e+00
-5.980830803428051290e+00
-5.980830803428051290e+00
-5.980830803428051290e+00
-5.980830803428051290e+00
-5.980830803428051290e+00
-5.980830803428051290e+00
-5.980830803428051290e+00
-5.980830803428051290e+00
-5.980830803428051290e+00
-5.980830803428051290e+00
-5.980830803428051290e+00
-5.980830803428051290e+00
-5.980830803428051290e+00
-5.980830803428051290e+00
-6.602777805656593557e+00
-6.602777805656593557e+00
-6.595141117249117890e+00
-6.595141117249117890e+00
-6.595141117249117890e+00
-6.595141117249117890e+00
-6.362552624587574535e+00
-6.362552624587574535e+00
-6.362552624587574535e+00
-6.362552624587574535e+00
-6.362552624587574535e+00
-6.362552624587574535e+00
-6.362552624587574535e+00
-6.362552624587574535e+00
-6.362552624587574535e+00
-6.362552624587574535e+00
-6.362552624587574535e+00
-6.362552624587574535e+00
-6.191206707781176988e+00
-6.191206707781176988e+00
-6.191206707781176988e+00
-6.191206707781176988e+00
-6.191206707781176988e+00
-6.191206707781176988e+00
-6.191206707781176988e+00
-6.191206707781176988e+00
-6.191206707781176988e+00
-6.191206707781176988e+00
-6.191206707781176988e+00
-6.191206707781176988e+00
-6.191206707781176988e+00
-6.191206707781176988e+00
-6.191206707781176988e+00
-6.191206707781176988e+00
-6.191206707781176988e+00
-6.191206707781176988e+00
-6.191206707781176988e+00
-6.191206707781176988e+00
-6.191206707781176988e+00
-6.191206707781176988e+00
-6.339440610167172530e+00
-6.339440610167172530e+00
-6.339440610167172530e+00
-6.339440610167172530e+00
-6.339440610167172530e+00
-6.165614319577043645e+00
-6.165614319577043645e+00
-6.165614319577043645e+00
-6.165614319577043645e+00
-6.165614319577043645e+00
-6.165614319577043645e+00
-6.165614319577043645e+00
-6.332014988302955949e+00
-6.332014988302955949e+00
-6.332014988302955949e+00
-6.332014988302955949e+00
-6.332014988302955949e+00
-6.100404786790077694e+00
-5.954627097222818577e+00
-5.954627097222818577e+00
-5.954627097222818577e+00
-5.954627097222818577e+00
-5.968206927151798347e+00
-5.968206927151798347e+00
-5.968206927151798347e+00
-5.968206927151798347e+00
-5.977374417831974540e+00
-5.977805212396508416e+00
-5.977805212396508416e+00
-6.018518717749396174e+00
-6.018518717749396174e+00
-6.018518717749396174e+00
-6.018518717749396174e+00
-5.980205353541766300e+00
-5.980205353541766300e+00
-5.980205353541766300e+00
-5.980205353541766300e+00
-5.980205353541766300e+00
-5.980205353541766300e+00
-5.980205353541766300e+00
-5.980205353541766300e+00
-5.980205353541766300e+00
-5.980205353541766300e+00
-5.980205353541766300e+00
-5.980205353541766300e+00
-5.980205353541766300e+00
-5.980205353541766300e+00
-5.980205353541766300e+00
-5.980205353541766300e+00
-5.980205353541766300e+00
-5.980205353541766300e+00
-5.980205353541766300e+00
-5.980205353541766300e+00
-5.980205353541766300e+00
-5.980205353541766300e+00
-5.980205353541766300e+00
-5.947199651889545358e+00
-5.947199651889545358e+00
-5.947199651889545358e+00
-5.947199651889545358e+00
-5.916099019533817227e+00
-5.916099019533817227e+00
-5.916099019533817227e+00
-6.091151593064259018e+00
-6.091151593064259018e+00
-6.091151593064259018e+00
-6.091151593064259018e+00
-6.091151593064259018e+00
-6.091151593064259018e+00
-6.112932019206350986e+00
-6.112932019206350986e+00
-6.112932019206350986e+00
-6.112932019206350986e+00
-6.112932019206350986e+00
-6.112932019206350986e+00
-6.112932019206350986e+00
-6.112932019206350986e+00
-6.112932019206350986e+00
-6.112932019206350986e+00
-6.112932019206350986e+00
-6.112932019206350986e+00
-6.112932019206350986e+00
-6.112932019206350986e+00
-6.112932019206350986e+00
-6.112932019206350986e+00
-6.112932019206350986e+00
-6.112932019206350986e+00
-6.112932019206350986e+00
-5.791333163901450476e+00
-5.791333163901450476e+00
-5.791333163901450476e+00
-5.791333163901450476e+00
-5.936360951819337650e+00
-5.936360951819337650e+00
-5.936360951819337650e+00
-5.936360951819337650e+00
-5.936360951819337650e+00
-6.017225878188532384e+00
-6.017225878188532384e+00
-6.017225878188532384e+00
-6.017225878188532384e+00
-6.151359350229996359e+00
-6.151359350229996359e+00
-6.151359350229996359e+00
-6.389028939416713904e+00
-6.118510466916610824e+00
-6.118510466916610824e+00
-6.118510466916610824e+00
-6.118510466916610824e+00
-6.118510466916610824e+00
-6.118510466916610824e+00
-6.118510466916610824e+00
-6.103749029039196472e+00
-6.103749029039196472e+00
-6.049544132006555941e+00
-6.049544132006555941e+00
-6.049544132006555941e+00
-6.049544132006555941e+00
-6.049544132006555941e+00
-6.049544132006555941e+00
-6.049544132006555941e+00
-6.063365115718220899e+00
-6.063365115718220899e+00
-6.063365115718220899e+00
-6.063365115718220899e+00
-6.063365115718220899e+00
-6.063365115718220899e+00
-6.063365115718220899e+00
-6.063365115718220899e+00
-6.063365115718220899e+00
-6.063365115718220899e+00
-6.063365115718220899e+00
-6.063365115718220899e+00
-6.063365115718220899e+00
-6.063365115718220899e+00
-6.063365115718220899e+00
-6.063365115718220899e+00
-6.063365115718220899e+00
-6.014965688293339774e+00
-6.014965688293339774e+00
-6.021757198793253885e+00
-6.021757198793253885e+00
-6.021757198793253885e+00
-6.021757198793253885e+00
-6.021757198793253885e+00
-6.125333888125008563e+00
-6.125333888125008563e+00
-6.125333888125008563e+00
-6.125333888125008563e+00
-6.125333888125008563e+00
-6.125333888125008563e+00
-6.110990024661470343e+00
-6.110990024661470343e+00
-6.110990024661470343e+00
-6.110990024661470343e+00
-6.110990024661470343e+00
-6.110990024661470343e+00
-6.110990024661470343e+00
-6.102063687763979338e+00
-6.102063687763979338e+00
-6.102063687763979338e+00
-6.102063687763979338e+00
-6.102063687763979338e+00
-6.102063687763979338e+00
-6.102063687763979338e+00
-6.102063687763979338e+00
-6.102063687763979338e+00
-6.102063687763979338e+00
-6.023951743802422598e+00
-6.023951743802422598e+00
-6.023951743802422598e+00
-6.023951743802422598e+00
-6.023951743802422598e+00
-6.023951743802422598e+00
-6.023951743802422598e+00
-6.023951743802422598e+00
-6.023951743802422598e+00
-6.023951743802422598e+00
-5.988697248936611039e+00
-5.988697248936611039e+00
-5.988697248936611039e+00
-5.988697248936611039e+00
-5.988697248936611039e+00
-5.988697248936611039e+00
-5.988697248936611039e+00
-5.988697248936611039e+00
-5.988697248936611039e+00
-5.988697248936611039e+00
-5.988697248936611039e+00
-5.988697248936611039e+00
-5.988697248936611039e+00
-5.988697248936611039e+00
-5.988697248936611039e+00
-5.988697248936611039e+00
-5.988697248936611039e+00
-5.988697248936611039e+00
-5.988697248936611039e+00
-6.322680194336871118e+00
-6.322680194336871118e+00
-6.322680194336871118e+00
-6.322680194336871118e+00
-6.322680194336871118e+00
-5.932414508914400031e+00
-5.932414508914400031e+00
-5.932414508914400031e+00
-5.932414508914400031e+00
-5.932414508914400031e+00
-5.932414508914400031e+00
-5.932414508914400031e+00
-5.932414508914400031e+00
-5.932414508914400031e+00
-5.932414508914400031e+00
-5.932414508914400031e+00
-5.932414508914400031e+00
-5.932414508914400031e+00
-6.087368806507117647e+00
-6.087368806507117647e+00
-6.087368806507117647e+00
-6.087368806507117647e+00
-5.851633006254528091e+00
-5.851633006254528091e+00
-5.851633006254528091e+00
-5.851633006254528091e+00
-5.851633006254528091e+00
-5.851633006254528091e+00
-5.851633006254528091e+00
-5.851633006254528091e+00
-5.851633006254528091e+00
-5.851633006254528091e+00
-5.851633006254528091e+00
-5.851633006254528091e+00
-5.851633006254528091e+00
-5.933450695205600312e+00
-5.933450695205600312e+00
-5.933450695205600312e+00
-5.933450695205600312e+00
-5.933450695205600312e+00
-5.933450695205600312e+00
-5.933450695205600312e+00
-5.933450695205600312e+00
-5.933450695205600312e+00
-5.933450695205600312e+00
-5.933450695205600312e+00
-5.933450695205600312e+00
-5.933450695205600312e+00
-5.933450695205600312e+00
-5.856503036236443194e+00
-5.856503036236443194e+00
-5.856503036236443194e+00
-5.856503036236443194e+00
-5.856503036236443194e+00
-5.856503036236443194e+00
-5.856503036236443194e+00
-5.856503036236443194e+00
-5.856503036236443194e+00
-5.856503036236443194e+00
-5.856503036236443194e+00
-5.856503036236443194e+00
-5.856503036236443194e+00
-5.856503036236443194e+00
-5.856503036236443194e+00
-5.856503036236443194e+00
-6.075782028256592859e+00
-6.075782028256592859e+00
-6.075782028256592859e+00
-6.075782028256592859e+00
-6.075782028256592859e+00
-6.075782028256592859e+00
-6.046759238890434318e+00
-6.046759238890434318e+00
-6.046759238890434318e+00
-6.046759238890434318e+00
-6.046759238890434318e+00
-6.057584262942720343e+00
-6.057584262942720343e+00
-6.021609497799699895e+00
-5.931394733844705947e+00
-5.931394733844705947e+00
-5.931394733844705947e+00
-5.965923943893403525e+00
-5.965923943893403525e+00
-5.965923943893403525e+00
-6.207588297915047626e+00
-6.207588297915047626e+00
-6.207588297915047626e+00
-6.220813918979856361e+00
-6.220813918979856361e+00
-6.405460674949631006e+00
-6.405460674949631006e+00
-6.405460674949631006e+00
-6.405460674949631006e+00
-6.245380149972597827e+00
-6.116000005893451608e+00
-6.116000005893451608e+00
-6.116000005893451608e+00
-6.116000005893451608e+00
-6.116000005893451608e+00
-6.116000005893451608e+00
-6.116000005893451608e+00
-6.116000005893451608e+00
-6.116000005893451608e+00
-6.116000005893451608e+00
-6.116000005893451608e+00
-6.116000005893451608e+00
-6.116000005893451608e+00
-6.116000005893451608e+00
