# Variable: dg_gbsa_00000268
# Sample shape: (2000,)
# Date: 2014-03-03 06:24:05.960880
-1.846989869615543789e+00
-1.846989869615543789e+00
-1.846989869615543789e+00
-1.400877937076196567e+00
-1.400877937076196567e+00
-1.400877937076196567e+00
-1.400877937076196567e+00
-1.400877937076196567e+00
-1.400877937076196567e+00
-1.400877937076196567e+00
-1.400877937076196567e+00
-1.400877937076196567e+00
-1.294029374423491863e+00
-1.294029374423491863e+00
-1.294029374423491863e+00
-1.294029374423491863e+00
-1.294029374423491863e+00
-1.294029374423491863e+00
-1.294029374423491863e+00
-1.294029374423491863e+00
-1.294029374423491863e+00
-1.294029374423491863e+00
-1.294029374423491863e+00
-1.290141168561537821e+00
-1.290141168561537821e+00
-1.290141168561537821e+00
-1.290141168561537821e+00
-1.290141168561537821e+00
-1.290141168561537821e+00
-1.290141168561537821e+00
-1.290141168561537821e+00
-1.253155403793655864e+00
-1.253155403793655864e+00
-1.478348019929962343e+00
-1.478348019929962343e+00
-1.478348019929962343e+00
-1.478348019929962343e+00
-1.478348019929962343e+00
-1.478348019929962343e+00
-1.274355510908604439e+00
-1.274355510908604439e+00
-1.274355510908604439e+00
-1.274355510908604439e+00
-1.274355510908604439e+00
-1.274355510908604439e+00
-1.276960792322687555e+00
-1.276960792322687555e+00
-1.276960792322687555e+00
-1.276960792322687555e+00
-1.276960792322687555e+00
-1.276960792322687555e+00
-1.276960792322687555e+00
-1.276960792322687555e+00
-1.276960792322687555e+00
-1.276960792322687555e+00
-1.276960792322687555e+00
-1.275162851833248512e+00
-1.275162851833248512e+00
-1.082650562089442214e+00
-1.082650562089442214e+00
-1.082650562089442214e+00
-1.082650562089442214e+00
-1.082650562089442214e+00
-1.082650562089442214e+00
-1.082650562089442214e+00
-1.082650562089442214e+00
-1.082650562089442214e+00
-1.082650562089442214e+00
-1.082650562089442214e+00
-1.082650562089442214e+00
-1.082650562089442214e+00
-9.505048992528969398e-01
-9.505048992528969398e-01
-9.505048992528969398e-01
-9.505048992528969398e-01
-9.505048992528969398e-01
-9.505048992528969398e-01
-9.505048992528969398e-01
-9.505048992528969398e-01
-1.341830703997931140e+00
-1.341830703997931140e+00
-1.341830703997931140e+00
-1.341830703997931140e+00
-1.341830703997931140e+00
-1.341830703997931140e+00
-1.341830703997931140e+00
-1.341830703997931140e+00
-1.341830703997931140e+00
-1.341830703997931140e+00
-1.252921999754458948e+00
-1.252921999754458948e+00
-1.252921999754458948e+00
-1.252921999754458948e+00
-1.252921999754458948e+00
-1.252921999754458948e+00
-1.252921999754458948e+00
-1.252921999754458948e+00
-1.252921999754458948e+00
-1.252921999754458948e+00
-1.252921999754458948e+00
-1.252921999754458948e+00
-1.252921999754458948e+00
-1.252921999754458948e+00
-1.252921999754458948e+00
-1.252921999754458948e+00
-1.252921999754458948e+00
-1.252921999754458948e+00
-1.252921999754458948e+00
-1.252921999754458948e+00
-1.252921999754458948e+00
-1.252921999754458948e+00
-1.252921999754458948e+00
-1.252921999754458948e+00
-1.252921999754458948e+00
-1.252921999754458948e+00
-1.252921999754458948e+00
-1.252921999754458948e+00
-1.252921999754458948e+00
-1.252921999754458948e+00
-1.252921999754458948e+00
-1.252921999754458948e+00
-1.252921999754458948e+00
-1.252921999754458948e+00
-1.252921999754458948e+00
-1.252921999754458948e+00
-1.252921999754458948e+00
-1.252921999754458948e+00
-1.252921999754458948e+00
-1.252921999754458948e+00
-1.252921999754458948e+00
-1.252921999754458948e+00
-1.252921999754458948e+00
-1.252921999754458948e+00
-1.252921999754458948e+00
-1.252921999754458948e+00
-1.252921999754458948e+00
-1.252921999754458948e+00
-1.252921999754458948e+00
-1.252921999754458948e+00
-1.243383319154524047e+00
-1.243383319154524047e+00
-1.243383319154524047e+00
-1.243383319154524047e+00
-1.243383319154524047e+00
-1.243383319154524047e+00
-1.243383319154524047e+00
-1.243383319154524047e+00
-1.243383319154524047e+00
-1.243383319154524047e+00
-1.243383319154524047e+00
-1.243383319154524047e+00
-1.243383319154524047e+00
-1.243383319154524047e+00
-1.243383319154524047e+00
-1.243383319154524047e+00
-1.243383319154524047e+00
-1.243383319154524047e+00
-1.243383319154524047e+00
-1.243383319154524047e+00
-1.243383319154524047e+00
-1.243383319154524047e+00
-1.243383319154524047e+00
-1.243383319154524047e+00
-1.243383319154524047e+00
-1.243383319154524047e+00
-1.243383319154524047e+00
-1.243383319154524047e+00
-1.243383319154524047e+00
-1.243383319154524047e+00
-1.243383319154524047e+00
-1.243383319154524047e+00
-1.243383319154524047e+00
-1.243383319154524047e+00
-1.254177230266038556e+00
-1.254177230266038556e+00
-1.254177230266038556e+00
-1.254177230266038556e+00
-1.254177230266038556e+00
-1.254177230266038556e+00
-1.254177230266038556e+00
-1.254177230266038556e+00
-1.254177230266038556e+00
-1.254177230266038556e+00
-1.254177230266038556e+00
-1.254177230266038556e+00
-1.254177230266038556e+00
-1.254177230266038556e+00
-1.254177230266038556e+00
-1.254177230266038556e+00
-1.254177230266038556e+00
-1.254177230266038556e+00
-1.254177230266038556e+00
-1.254177230266038556e+00
-1.254177230266038556e+00
-1.254177230266038556e+00
-1.254177230266038556e+00
-1.254177230266038556e+00
-1.254177230266038556e+00
-1.254177230266038556e+00
-1.254177230266038556e+00
-1.254177230266038556e+00
-1.253602153712431111e+00
-1.253602153712431111e+00
-1.253602153712431111e+00
-1.253602153712431111e+00
-1.253602153712431111e+00
-1.253602153712431111e+00
-1.253602153712431111e+00
-1.253602153712431111e+00
-1.320119341746343045e+00
-1.320119341746343045e+00
-1.320119341746343045e+00
-1.320119341746343045e+00
-1.320119341746343045e+00
-1.320119341746343045e+00
-1.320119341746343045e+00
-1.320119341746343045e+00
-1.320119341746343045e+00
-1.320119341746343045e+00
-1.320119341746343045e+00
-1.320119341746343045e+00
-1.320119341746343045e+00
-1.320119341746343045e+00
-1.320119341746343045e+00
-1.320119341746343045e+00
-1.320119341746343045e+00
-1.320119341746343045e+00
-1.320119341746343045e+00
-1.320119341746343045e+00
-1.320119341746343045e+00
-1.320119341746343045e+00
-1.260703198084639709e+00
-1.260703198084639709e+00
-1.260703198084639709e+00
-1.260703198084639709e+00
-1.260703198084639709e+00
-1.260703198084639709e+00
-1.260703198084639709e+00
-1.260703198084639709e+00
-1.260703198084639709e+00
-1.260703198084639709e+00
-1.260703198084639709e+00
-1.260703198084639709e+00
-1.260703198084639709e+00
-1.260703198084639709e+00
-1.260703198084639709e+00
-1.260703198084639709e+00
-1.260703198084639709e+00
-1.260703198084639709e+00
-1.260703198084639709e+00
-1.260703198084639709e+00
-1.260703198084639709e+00
-1.260703198084639709e+00
-1.260703198084639709e+00
-1.260703198084639709e+00
-1.260703198084639709e+00
-1.260703198084639709e+00
-1.260703198084639709e+00
-1.260703198084639709e+00
-1.260703198084639709e+00
-1.278182744523991055e+00
-1.278182744523991055e+00
-1.278182744523991055e+00
-1.278182744523991055e+00
-1.278182744523991055e+00
-1.278182744523991055e+00
-1.278182744523991055e+00
-1.278182744523991055e+00
-1.278182744523991055e+00
-1.278182744523991055e+00
-1.278182744523991055e+00
-1.278182744523991055e+00
-1.278182744523991055e+00
-1.278182744523991055e+00
-1.278182744523991055e+00
-1.278182744523991055e+00
-1.278182744523991055e+00
-1.278182744523991055e+00
-1.278182744523991055e+00
-1.278182744523991055e+00
-1.278182744523991055e+00
-1.278182744523991055e+00
-1.278182744523991055e+00
-1.278182744523991055e+00
-1.278182744523991055e+00
-1.278182744523991055e+00
-1.278182744523991055e+00
-1.278182744523991055e+00
-1.278182744523991055e+00
-1.278182744523991055e+00
-1.278182744523991055e+00
-1.278182744523991055e+00
-1.278182744523991055e+00
-1.278182744523991055e+00
-1.278182744523991055e+00
-1.278182744523991055e+00
-1.278182744523991055e+00
-1.278182744523991055e+00
-1.278182744523991055e+00
-1.278182744523991055e+00
-1.278182744523991055e+00
-1.278182744523991055e+00
-1.278182744523991055e+00
-1.278182744523991055e+00
-1.278182744523991055e+00
-1.278182744523991055e+00
-1.278182744523991055e+00
-1.278182744523991055e+00
-1.278182744523991055e+00
-1.278182744523991055e+00
-1.278182744523991055e+00
-1.375640327570315291e+00
-1.375640327570315291e+00
-1.375640327570315291e+00
-1.375640327570315291e+00
-1.375640327570315291e+00
-1.375640327570315291e+00
-1.375640327570315291e+00
-1.375640327570315291e+00
-1.375640327570315291e+00
-1.375640327570315291e+00
-1.375640327570315291e+00
-1.375640327570315291e+00
-1.375640327570315291e+00
-1.375640327570315291e+00
-1.375640327570315291e+00
-1.375640327570315291e+00
-1.375640327570315291e+00
-1.375640327570315291e+00
-1.375640327570315291e+00
-1.375640327570315291e+00
-1.375640327570315291e+00
-1.375640327570315291e+00
-1.375640327570315291e+00
-1.375640327570315291e+00
-1.113955650913099893e+00
-1.113955650913099893e+00
-1.113955650913099893e+00
-1.113955650913099893e+00
-1.283413365511775650e+00
-1.283413365511775650e+00
-1.283413365511775650e+00
-1.321769239341779478e+00
-1.321769239341779478e+00
-1.321769239341779478e+00
-1.321769239341779478e+00
-1.321769239341779478e+00
-1.174387808739569161e+00
-1.174387808739569161e+00
-1.174387808739569161e+00
-1.174387808739569161e+00
-1.174387808739569161e+00
-1.174387808739569161e+00
-1.174387808739569161e+00
-1.174387808739569161e+00
-1.174387808739569161e+00
-1.174387808739569161e+00
-1.174387808739569161e+00
-1.174387808739569161e+00
-1.201939400477801234e+00
-1.201939400477801234e+00
-1.201939400477801234e+00
-1.201939400477801234e+00
-1.201939400477801234e+00
-1.201939400477801234e+00
-1.252999383222532570e+00
-1.252999383222532570e+00
-1.252999383222532570e+00
-1.252999383222532570e+00
-1.252999383222532570e+00
-1.252999383222532570e+00
-1.252999383222532570e+00
-1.252999383222532570e+00
-1.252999383222532570e+00
-1.252999383222532570e+00
-1.252999383222532570e+00
-1.252999383222532570e+00
-1.252999383222532570e+00
-1.252999383222532570e+00
-1.252999383222532570e+00
-1.252999383222532570e+00
-1.252999383222532570e+00
-1.252999383222532570e+00
-1.252999383222532570e+00
-1.252999383222532570e+00
-1.252999383222532570e+00
-1.252999383222532570e+00
-1.252999383222532570e+00
-1.202834153950328222e+00
-1.202834153950328222e+00
-1.202834153950328222e+00
-1.202834153950328222e+00
-1.202834153950328222e+00
-1.202834153950328222e+00
-1.202834153950328222e+00
-1.202834153950328222e+00
-1.202834153950328222e+00
-1.202834153950328222e+00
-1.213955491724251212e+00
-1.303405538343790582e+00
-1.303405538343790582e+00
-1.303405538343790582e+00
-1.303405538343790582e+00
-1.303405538343790582e+00
-1.303405538343790582e+00
-1.303405538343790582e+00
-1.303405538343790582e+00
-1.303405538343790582e+00
-1.303405538343790582e+00
-1.303405538343790582e+00
-1.303405538343790582e+00
-1.303405538343790582e+00
-1.303405538343790582e+00
-1.303405538343790582e+00
-1.303405538343790582e+00
-1.303405538343790582e+00
-1.303405538343790582e+00
-1.303405538343790582e+00
-1.303405538343790582e+00
-1.303405538343790582e+00
-1.303405538343790582e+00
-1.303405538343790582e+00
-1.303405538343790582e+00
-1.303405538343790582e+00
-1.303405538343790582e+00
-1.303405538343790582e+00
-1.303405538343790582e+00
-1.303405538343790582e+00
-1.303405538343790582e+00
-1.303405538343790582e+00
-1.303405538343790582e+00
-1.303405538343790582e+00
-1.303405538343790582e+00
-1.303405538343790582e+00
-1.303405538343790582e+00
-1.303405538343790582e+00
-1.303405538343790582e+00
-1.303405538343790582e+00
-1.303405538343790582e+00
-1.303405538343790582e+00
-1.303405538343790582e+00
-1.303405538343790582e+00
-1.303405538343790582e+00
-1.303405538343790582e+00
-1.303405538343790582e+00
-1.292091938551251706e+00
-1.292091938551251706e+00
-1.292091938551251706e+00
-1.375759536859866072e+00
-1.375759536859866072e+00
-1.375759536859866072e+00
-1.375759536859866072e+00
-1.375759536859866072e+00
-1.375759536859866072e+00
-1.375759536859866072e+00
-1.375759536859866072e+00
-1.375759536859866072e+00
-1.375759536859866072e+00
-1.375759536859866072e+00
-1.320468194170162146e+00
-1.320468194170162146e+00
-1.320468194170162146e+00
-1.320468194170162146e+00
-1.320468194170162146e+00
-1.320468194170162146e+00
-1.320468194170162146e+00
-1.320468194170162146e+00
-1.320468194170162146e+00
-1.320468194170162146e+00
-1.320468194170162146e+00
-1.320468194170162146e+00
-1.320468194170162146e+00
-1.320468194170162146e+00
-1.320468194170162146e+00
-1.320468194170162146e+00
-1.320468194170162146e+00
-1.320468194170162146e+00
-1.320468194170162146e+00
-1.320468194170162146e+00
-1.320468194170162146e+00
-1.320468194170162146e+00
-1.320468194170162146e+00
-1.320468194170162146e+00
-1.320468194170162146e+00
-1.320468194170162146e+00
-1.320468194170162146e+00
-1.320468194170162146e+00
-1.320468194170162146e+00
-1.320468194170162146e+00
-1.331489583046440828e+00
-1.135563759229379244e+00
-1.135563759229379244e+00
-1.135563759229379244e+00
-1.135563759229379244e+00
-1.135563759229379244e+00
-1.135563759229379244e+00
-1.399675587167247492e+00
-1.399675587167247492e+00
-1.399675587167247492e+00
-1.399675587167247492e+00
-1.399675587167247492e+00
-1.399675587167247492e+00
-1.450868455219451070e+00
-1.450868455219451070e+00
-1.450868455219451070e+00
-1.450868455219451070e+00
-1.450868455219451070e+00
-1.450868455219451070e+00
-1.450868455219451070e+00
-1.450868455219451070e+00
-1.450868455219451070e+00
-1.450868455219451070e+00
-1.450868455219451070e+00
-1.450868455219451070e+00
-1.450868455219451070e+00
-1.450868455219451070e+00
-1.450868455219451070e+00
-1.450868455219451070e+00
-1.450868455219451070e+00
-1.450868455219451070e+00
-1.450868455219451070e+00
-1.450868455219451070e+00
-1.450868455219451070e+00
-1.450868455219451070e+00
-1.450868455219451070e+00
-1.450868455219451070e+00
-1.450868455219451070e+00
-1.450868455219451070e+00
-1.450868455219451070e+00
-1.450868455219451070e+00
-1.450868455219451070e+00
-1.450868455219451070e+00
-1.450868455219451070e+00
-1.450868455219451070e+00
-1.450868455219451070e+00
-1.450868455219451070e+00
-1.450868455219451070e+00
-1.450868455219451070e+00
-1.450868455219451070e+00
-1.450868455219451070e+00
-1.450868455219451070e+00
-1.450868455219451070e+00
-1.450868455219451070e+00
-1.450868455219451070e+00
-1.450868455219451070e+00
-1.450868455219451070e+00
-1.450868455219451070e+00
-1.450868455219451070e+00
-1.450868455219451070e+00
-1.450868455219451070e+00
-1.450868455219451070e+00
-1.450868455219451070e+00
-1.450868455219451070e+00
-1.450868455219451070e+00
-1.450868455219451070e+00
-1.450868455219451070e+00
-1.450868455219451070e+00
-1.450868455219451070e+00
-1.450868455219451070e+00
-1.450868455219451070e+00
-1.450868455219451070e+00
-1.450868455219451070e+00
-1.450868455219451070e+00
-1.450868455219451070e+00
-1.450868455219451070e+00
-1.450868455219451070e+00
-1.450868455219451070e+00
-1.450868455219451070e+00
-1.450868455219451070e+00
-1.450868455219451070e+00
-1.450868455219451070e+00
-1.450868455219451070e+00
-1.450868455219451070e+00
-1.450868455219451070e+00
-1.450868455219451070e+00
-1.450868455219451070e+00
-1.450868455219451070e+00
-1.450868455219451070e+00
-1.450868455219451070e+00
-1.450868455219451070e+00
-1.450868455219451070e+00
-1.450868455219451070e+00
-1.450868455219451070e+00
-1.450868455219451070e+00
-1.450868455219451070e+00
-1.450868455219451070e+00
-1.302529931296353860e+00
-1.302529931296353860e+00
-1.302529931296353860e+00
-1.302529931296353860e+00
-1.302529931296353860e+00
-1.302529931296353860e+00
-1.302529931296353860e+00
-1.302529931296353860e+00
-1.302529931296353860e+00
-1.302529931296353860e+00
-1.302529931296353860e+00
-1.302529931296353860e+00
-1.252569956259791173e+00
-1.252569956259791173e+00
-1.252569956259791173e+00
-1.252569956259791173e+00
-1.252569956259791173e+00
-1.252569956259791173e+00
-1.252569956259791173e+00
-1.252569956259791173e+00
-1.252569956259791173e+00
-1.252569956259791173e+00
-1.252569956259791173e+00
-1.252569956259791173e+00
-1.252569956259791173e+00
-1.252569956259791173e+00
-1.252569956259791173e+00
-1.252569956259791173e+00
-1.252569956259791173e+00
-1.252569956259791173e+00
-1.252569956259791173e+00
-1.252569956259791173e+00
-1.252569956259791173e+00
-1.252569956259791173e+00
-1.252569956259791173e+00
-1.252569956259791173e+00
-1.267363076912057407e+00
-1.267363076912057407e+00
-1.267363076912057407e+00
-1.267363076912057407e+00
-1.267363076912057407e+00
-1.267363076912057407e+00
-1.267363076912057407e+00
-1.267363076912057407e+00
-1.267363076912057407e+00
-1.267363076912057407e+00
-1.267363076912057407e+00
-1.267363076912057407e+00
-1.267363076912057407e+00
-1.267363076912057407e+00
-1.267363076912057407e+00
-1.267363076912057407e+00
-1.267363076912057407e+00
-1.267363076912057407e+00
-1.267363076912057407e+00
-1.267363076912057407e+00
-1.267363076912057407e+00
-1.179708463512004757e+00
-1.179708463512004757e+00
-1.179708463512004757e+00
-1.179708463512004757e+00
-1.179708463512004757e+00
-1.179708463512004757e+00
-1.179708463512004757e+00
-1.179708463512004757e+00
-1.179708463512004757e+00
-1.179708463512004757e+00
-1.179708463512004757e+00
-1.179708463512004757e+00
-1.179708463512004757e+00
-1.179708463512004757e+00
-1.179708463512004757e+00
-1.179708463512004757e+00
-1.179708463512004757e+00
-1.179708463512004757e+00
-1.179708463512004757e+00
-1.179708463512004757e+00
-1.179708463512004757e+00
-1.179708463512004757e+00
-1.179708463512004757e+00
-1.179708463512004757e+00
-1.179708463512004757e+00
-1.179708463512004757e+00
-1.179708463512004757e+00
-1.179708463512004757e+00
-1.179708463512004757e+00
-1.179708463512004757e+00
-1.179708463512004757e+00
-1.236279767512363348e+00
-1.236279767512363348e+00
-1.236279767512363348e+00
-1.236279767512363348e+00
-1.236279767512363348e+00
-1.236279767512363348e+00
-1.236279767512363348e+00
-1.236279767512363348e+00
-1.236279767512363348e+00
-1.236279767512363348e+00
-1.236279767512363348e+00
-1.236279767512363348e+00
-1.236279767512363348e+00
-1.236279767512363348e+00
-1.236279767512363348e+00
-1.236279767512363348e+00
-1.236279767512363348e+00
-1.236279767512363348e+00
-1.236279767512363348e+00
-1.236279767512363348e+00
-1.236279767512363348e+00
-1.236279767512363348e+00
-1.236279767512363348e+00
-1.236279767512363348e+00
-1.236279767512363348e+00
-1.236279767512363348e+00
-1.236279767512363348e+00
-1.236279767512363348e+00
-1.236279767512363348e+00
-1.236279767512363348e+00
-1.236279767512363348e+00
-1.236279767512363348e+00
-1.236279767512363348e+00
-1.236279767512363348e+00
-1.236279767512363348e+00
-1.236279767512363348e+00
-1.236279767512363348e+00
-1.236279767512363348e+00
-1.236279767512363348e+00
-1.236279767512363348e+00
-1.236279767512363348e+00
-1.236279767512363348e+00
-1.236279767512363348e+00
-1.236279767512363348e+00
-1.236279767512363348e+00
-1.236279767512363348e+00
-1.236279767512363348e+00
-1.236279767512363348e+00
-1.236279767512363348e+00
-1.236279767512363348e+00
-1.236279767512363348e+00
-1.236279767512363348e+00
-1.236279767512363348e+00
-1.236279767512363348e+00
-1.236279767512363348e+00
-1.236279767512363348e+00
-1.236279767512363348e+00
-1.236279767512363348e+00
-1.236279767512363348e+00
-1.236279767512363348e+00
-1.197110512516466496e+00
-1.197110512516466496e+00
-1.197110512516466496e+00
-1.197110512516466496e+00
-1.197110512516466496e+00
-1.197110512516466496e+00
-1.197110512516466496e+00
-1.197110512516466496e+00
-1.197110512516466496e+00
-1.197110512516466496e+00
-1.197110512516466496e+00
-1.197110512516466496e+00
-1.197110512516466496e+00
-1.205620756568689833e+00
-1.205620756568689833e+00
-1.205620756568689833e+00
-1.205620756568689833e+00
-1.205620756568689833e+00
-1.205620756568689833e+00
-1.205620756568689833e+00
-1.205620756568689833e+00
-1.205620756568689833e+00
-1.205620756568689833e+00
-1.205620756568689833e+00
-1.164933235649852739e+00
-1.131856076803991362e+00
-1.131856076803991362e+00
-1.131856076803991362e+00
-1.131856076803991362e+00
-1.131856076803991362e+00
-1.131856076803991362e+00
-1.131856076803991362e+00
-1.131856076803991362e+00
-1.131856076803991362e+00
-1.131856076803991362e+00
-1.131856076803991362e+00
-1.131856076803991362e+00
-1.131856076803991362e+00
-1.131856076803991362e+00
-1.131856076803991362e+00
-1.131856076803991362e+00
-1.131856076803991362e+00
-1.131856076803991362e+00
-1.131856076803991362e+00
-1.131856076803991362e+00
-1.131856076803991362e+00
-1.131856076803991362e+00
-1.131856076803991362e+00
-1.131856076803991362e+00
-1.163157860589984605e+00
-1.163157860589984605e+00
-1.163157860589984605e+00
-1.163157860589984605e+00
-1.163157860589984605e+00
-1.163157860589984605e+00
-1.163157860589984605e+00
-1.163157860589984605e+00
-1.163157860589984605e+00
-1.163157860589984605e+00
-1.163157860589984605e+00
-1.163157860589984605e+00
-1.163157860589984605e+00
-1.163157860589984605e+00
-1.163157860589984605e+00
-1.163157860589984605e+00
-1.163157860589984605e+00
-1.163157860589984605e+00
-1.163157860589984605e+00
-1.163157860589984605e+00
-1.163157860589984605e+00
-1.163157860589984605e+00
-1.163157860589984605e+00
-1.163157860589984605e+00
-1.163157860589984605e+00
-1.163157860589984605e+00
-1.163157860589984605e+00
-1.163157860589984605e+00
-1.163157860589984605e+00
-1.163157860589984605e+00
-1.140370081761143073e+00
-1.140370081761143073e+00
-1.140370081761143073e+00
-9.712575726481741389e-01
-9.712575726481741389e-01
-9.712575726481741389e-01
-9.712575726481741389e-01
-9.712575726481741389e-01
-9.712575726481741389e-01
-9.712575726481741389e-01
-9.712575726481741389e-01
-9.712575726481741389e-01
-9.712575726481741389e-01
-9.712575726481741389e-01
-9.712575726481741389e-01
-9.712575726481741389e-01
-9.712575726481741389e-01
-9.712575726481741389e-01
-9.712575726481741389e-01
-9.712575726481741389e-01
-9.712575726481741389e-01
-9.712575726481741389e-01
-1.078471512913020014e+00
-1.076716082045954481e+00
-1.076716082045954481e+00
-1.059902557679389679e+00
-1.059902557679389679e+00
-1.059902557679389679e+00
-1.059902557679389679e+00
-1.059902557679389679e+00
-1.059902557679389679e+00
-1.059902557679389679e+00
-1.059902557679389679e+00
-1.059902557679389679e+00
-1.059902557679389679e+00
-1.059902557679389679e+00
-1.059902557679389679e+00
-1.059902557679389679e+00
-1.059902557679389679e+00
-1.059902557679389679e+00
-1.059902557679389679e+00
-1.059902557679389679e+00
-1.059902557679389679e+00
-1.059902557679389679e+00
-1.059902557679389679e+00
-1.059902557679389679e+00
-1.059902557679389679e+00
-1.059902557679389679e+00
-1.059902557679389679e+00
-1.059902557679389679e+00
-1.059902557679389679e+00
-1.059902557679389679e+00
-1.059902557679389679e+00
-1.059902557679389679e+00
-1.059902557679389679e+00
-1.059902557679389679e+00
-1.059902557679389679e+00
-1.059902557679389679e+00
-1.059902557679389679e+00
-1.059902557679389679e+00
-1.059902557679389679e+00
-1.059902557679389679e+00
-1.059902557679389679e+00
-1.059902557679389679e+00
-1.059902557679389679e+00
-1.059902557679389679e+00
-1.059902557679389679e+00
-1.059902557679389679e+00
-1.059902557679389679e+00
-1.059902557679389679e+00
-1.059902557679389679e+00
-1.059902557679389679e+00
-1.059902557679389679e+00
-1.059902557679389679e+00
-1.059902557679389679e+00
-1.059902557679389679e+00
-1.059902557679389679e+00
-1.059902557679389679e+00
-1.059902557679389679e+00
-1.059902557679389679e+00
-1.059902557679389679e+00
-1.059902557679389679e+00
-1.059902557679389679e+00
-1.059902557679389679e+00
-1.059902557679389679e+00
-1.059902557679389679e+00
-1.059902557679389679e+00
-1.059902557679389679e+00
-1.059902557679389679e+00
-1.059902557679389679e+00
-1.059902557679389679e+00
-1.059902557679389679e+00
-1.059902557679389679e+00
-1.059902557679389679e+00
-1.059902557679389679e+00
-1.059902557679389679e+00
-1.059902557679389679e+00
-1.059902557679389679e+00
-1.059902557679389679e+00
-1.059902557679389679e+00
-1.059902557679389679e+00
-1.059902557679389679e+00
-1.059902557679389679e+00
-1.059902557679389679e+00
-1.059902557679389679e+00
-1.059902557679389679e+00
-1.059902557679389679e+00
-1.059902557679389679e+00
-1.059902557679389679e+00
-1.059902557679389679e+00
-1.059902557679389679e+00
-1.059902557679389679e+00
-1.059902557679389679e+00
-1.059902557679389679e+00
-1.059902557679389679e+00
-1.059902557679389679e+00
-1.059902557679389679e+00
-1.059902557679389679e+00
-1.059902557679389679e+00
-1.059902557679389679e+00
-1.059902557679389679e+00
-1.059902557679389679e+00
-1.059902557679389679e+00
-1.059902557679389679e+00
-1.059902557679389679e+00
-1.059902557679389679e+00
-1.059902557679389679e+00
-1.059902557679389679e+00
-1.059902557679389679e+00
-1.059902557679389679e+00
-1.059902557679389679e+00
-1.059902557679389679e+00
-1.035878808730874789e+00
-1.035878808730874789e+00
-1.035878808730874789e+00
-1.035878808730874789e+00
-1.035878808730874789e+00
-1.035878808730874789e+00
-1.035878808730874789e+00
-1.035878808730874789e+00
-1.035878808730874789e+00
-1.035878808730874789e+00
-1.035878808730874789e+00
-1.035878808730874789e+00
-1.035878808730874789e+00
-1.035878808730874789e+00
-1.035878808730874789e+00
-1.035878808730874789e+00
-1.035878808730874789e+00
-1.035878808730874789e+00
-1.035878808730874789e+00
-1.035878808730874789e+00
-1.035878808730874789e+00
-1.035878808730874789e+00
-1.035878808730874789e+00
-1.035878808730874789e+00
-1.035878808730874789e+00
-1.035878808730874789e+00
-1.035878808730874789e+00
-1.035878808730874789e+00
-1.035878808730874789e+00
-1.035878808730874789e+00
-1.035878808730874789e+00
-1.035878808730874789e+00
-1.035878808730874789e+00
-1.035878808730874789e+00
-1.035878808730874789e+00
-1.035878808730874789e+00
-1.035878808730874789e+00
-1.035878808730874789e+00
-1.035878808730874789e+00
-1.035878808730874789e+00
-1.035878808730874789e+00
-1.035878808730874789e+00
-1.035878808730874789e+00
-1.035878808730874789e+00
-1.035878808730874789e+00
-1.035878808730874789e+00
-1.035878808730874789e+00
-1.035878808730874789e+00
-1.035878808730874789e+00
-1.035878808730874789e+00
-1.035878808730874789e+00
-1.035878808730874789e+00
-1.035878808730874789e+00
-1.035878808730874789e+00
-1.035878808730874789e+00
-1.035878808730874789e+00
-1.035878808730874789e+00
-1.035878808730874789e+00
-1.035878808730874789e+00
-1.035485281315178030e+00
-1.035485281315178030e+00
-1.035485281315178030e+00
-1.035485281315178030e+00
-1.035485281315178030e+00
-1.035485281315178030e+00
-1.035485281315178030e+00
-1.035485281315178030e+00
-1.035485281315178030e+00
-1.035485281315178030e+00
-1.035485281315178030e+00
-1.035485281315178030e+00
-1.035485281315178030e+00
-1.035485281315178030e+00
-1.035485281315178030e+00
-1.035485281315178030e+00
-1.035485281315178030e+00
-1.035485281315178030e+00
-1.035485281315178030e+00
-1.035485281315178030e+00
-1.050467928782475857e+00
-1.050467928782475857e+00
-1.050467928782475857e+00
-1.050467928782475857e+00
-1.050467928782475857e+00
-1.050467928782475857e+00
-1.050467928782475857e+00
-1.050467928782475857e+00
-1.050467928782475857e+00
-1.050467928782475857e+00
-1.050467928782475857e+00
-1.050467928782475857e+00
-1.050467928782475857e+00
-1.050467928782475857e+00
-1.050467928782475857e+00
-1.050467928782475857e+00
-1.050467928782475857e+00
-1.050467928782475857e+00
-1.050467928782475857e+00
-1.050467928782475857e+00
-1.050467928782475857e+00
-1.050467928782475857e+00
-1.050467928782475857e+00
-1.050467928782475857e+00
-1.050467928782475857e+00
-1.050467928782475857e+00
-1.050467928782475857e+00
-1.064879146634278628e+00
-1.064879146634278628e+00
-1.064879146634278628e+00
-1.064879146634278628e+00
-1.064879146634278628e+00
-1.064879146634278628e+00
-1.064879146634278628e+00
-1.064879146634278628e+00
-1.064879146634278628e+00
-1.064879146634278628e+00
-1.064879146634278628e+00
-1.064879146634278628e+00
-1.064879146634278628e+00
-1.064879146634278628e+00
-1.064879146634278628e+00
-1.064879146634278628e+00
-1.064879146634278628e+00
-1.064879146634278628e+00
-1.064879146634278628e+00
-1.064879146634278628e+00
-1.064879146634278628e+00
-1.064879146634278628e+00
-1.064879146634278628e+00
-1.064879146634278628e+00
-1.064879146634278628e+00
-1.064879146634278628e+00
-1.064879146634278628e+00
-1.064879146634278628e+00
-1.064879146634278628e+00
-1.126293242547525608e+00
-1.126293242547525608e+00
-1.126293242547525608e+00
-1.126293242547525608e+00
-1.126293242547525608e+00
-1.126293242547525608e+00
-1.126293242547525608e+00
-1.070717780585498602e+00
-1.070717780585498602e+00
-1.066484255271021642e+00
-1.066484255271021642e+00
-1.066484255271021642e+00
-1.066484255271021642e+00
-1.066484255271021642e+00
-1.066484255271021642e+00
-1.066484255271021642e+00
-1.066484255271021642e+00
-1.066484255271021642e+00
-1.066484255271021642e+00
-1.066484255271021642e+00
-1.056624986017639323e+00
-1.056624986017639323e+00
-1.056624986017639323e+00
-1.056624986017639323e+00
-1.056624986017639323e+00
-1.056624986017639323e+00
-1.056624986017639323e+00
-1.056624986017639323e+00
-1.056624986017639323e+00
-1.056624986017639323e+00
-1.056624986017639323e+00
-1.056624986017639323e+00
-1.056624986017639323e+00
-1.056624986017639323e+00
-1.056624986017639323e+00
-1.056624986017639323e+00
-1.056624986017639323e+00
-1.056624986017639323e+00
-1.056624986017639323e+00
-1.056624986017639323e+00
-1.056624986017639323e+00
-1.056624986017639323e+00
-1.056624986017639323e+00
-1.056624986017639323e+00
-1.056624986017639323e+00
-1.056624986017639323e+00
-1.056624986017639323e+00
-1.056624986017639323e+00
-1.056624986017639323e+00
-1.056624986017639323e+00
-1.056624986017639323e+00
-1.056624986017639323e+00
-1.056624986017639323e+00
-1.056624986017639323e+00
-1.056624986017639323e+00
-1.056624986017639323e+00
-1.056624986017639323e+00
-1.056624986017639323e+00
-1.056624986017639323e+00
-1.056624986017639323e+00
-1.056624986017639323e+00
-1.056624986017639323e+00
-1.056624986017639323e+00
-1.056624986017639323e+00
-1.056624986017639323e+00
-1.056624986017639323e+00
-1.056624986017639323e+00
-1.056624986017639323e+00
-1.056624986017639323e+00
-1.056624986017639323e+00
-1.056624986017639323e+00
-1.056624986017639323e+00
-1.056624986017639323e+00
-1.056624986017639323e+00
-1.056624986017639323e+00
-1.056624986017639323e+00
-1.056624986017639323e+00
-1.056624986017639323e+00
-1.056624986017639323e+00
-1.056624986017639323e+00
-1.056624986017639323e+00
-1.056624986017639323e+00
-1.056624986017639323e+00
-1.056624986017639323e+00
-1.056624986017639323e+00
-1.056624986017639323e+00
-1.056624986017639323e+00
-1.056624986017639323e+00
-1.056624986017639323e+00
-9.294041142181045378e-01
-9.294041142181045378e-01
-9.294041142181045378e-01
-1.003814814879379069e+00
-1.003814814879379069e+00
-1.003814814879379069e+00
-1.003814814879379069e+00
-1.003814814879379069e+00
-1.003814814879379069e+00
-1.003814814879379069e+00
-1.003814814879379069e+00
-1.003814814879379069e+00
-1.003814814879379069e+00
-1.003814814879379069e+00
-1.003814814879379069e+00
-1.003814814879379069e+00
-1.003814814879379069e+00
-1.003814814879379069e+00
-1.003814814879379069e+00
-1.003814814879379069e+00
-1.003814814879379069e+00
-1.003814814879379069e+00
-1.003814814879379069e+00
-1.003814814879379069e+00
-1.003814814879379069e+00
-1.003814814879379069e+00
-1.003814814879379069e+00
-1.003814814879379069e+00
-1.003814814879379069e+00
-1.003814814879379069e+00
-1.003814814879379069e+00
-1.003814814879379069e+00
-1.003814814879379069e+00
-1.003814814879379069e+00
-1.003814814879379069e+00
-1.003814814879379069e+00
-1.003814814879379069e+00
-1.003814814879379069e+00
-1.015216738954328735e+00
-1.015216738954328735e+00
-1.015216738954328735e+00
-1.015216738954328735e+00
-1.015216738954328735e+00
-1.015216738954328735e+00
-1.011298673786579005e+00
-1.011298673786579005e+00
-1.011298673786579005e+00
-1.011298673786579005e+00
-1.011298673786579005e+00
-9.818872575778121448e-01
-9.818872575778121448e-01
-9.818872575778121448e-01
-9.990666154237822782e-01
-9.990666154237822782e-01
-9.990666154237822782e-01
-9.990666154237822782e-01
-9.990666154237822782e-01
-9.990666154237822782e-01
-9.990666154237822782e-01
-9.990666154237822782e-01
-9.990666154237822782e-01
-9.990666154237822782e-01
-9.990666154237822782e-01
-9.990666154237822782e-01
-9.990666154237822782e-01
-9.990666154237822782e-01
-9.990666154237822782e-01
-9.742577490797461603e-01
-9.742577490797461603e-01
-9.742577490797461603e-01
-1.015626107757451546e+00
-1.015626107757451546e+00
-1.015626107757451546e+00
-1.015626107757451546e+00
-1.015626107757451546e+00
-1.015626107757451546e+00
-9.955819660573342889e-01
-9.955819660573342889e-01
-9.955819660573342889e-01
-9.955819660573342889e-01
-1.006543522355205500e+00
-9.889122860837392670e-01
-9.889122860837392670e-01
-9.889122860837392670e-01
-9.889122860837392670e-01
-9.889122860837392670e-01
-9.889122860837392670e-01
-9.889122860837392670e-01
-9.889122860837392670e-01
-9.889122860837392670e-01
-9.889122860837392670e-01
-9.889122860837392670e-01
-9.889122860837392670e-01
-1.012891132106744418e+00
-1.012891132106744418e+00
-1.012891132106744418e+00
-1.012891132106744418e+00
-9.924477646501296269e-01
-9.924477646501296269e-01
-9.924477646501296269e-01
-9.924477646501296269e-01
-9.924477646501296269e-01
-9.924477646501296269e-01
-9.924477646501296269e-01
-9.924477646501296269e-01
-9.924477646501296269e-01
-9.924477646501296269e-01
-9.924477646501296269e-01
-9.924477646501296269e-01
-9.924477646501296269e-01
-9.924477646501296269e-01
-9.924477646501296269e-01
-9.924477646501296269e-01
-9.924477646501296269e-01
-9.924477646501296269e-01
-9.924477646501296269e-01
-9.924477646501296269e-01
-9.924477646501296269e-01
-9.924477646501296269e-01
-9.924477646501296269e-01
-9.924477646501296269e-01
-9.924477646501296269e-01
-9.924477646501296269e-01
-9.924477646501296269e-01
-9.924477646501296269e-01
-9.357936067745288300e-01
-9.357936067745288300e-01
-9.258443037364951778e-01
-9.258443037364951778e-01
-9.258443037364951778e-01
-9.258443037364951778e-01
-9.258443037364951778e-01
-9.258443037364951778e-01
-9.258443037364951778e-01
-9.258443037364951778e-01
-9.258443037364951778e-01
-9.258443037364951778e-01
-9.258443037364951778e-01
-9.258443037364951778e-01
-9.258443037364951778e-01
-9.773242541982384290e-01
-9.773242541982384290e-01
-9.773242541982384290e-01
-9.773242541982384290e-01
-9.773242541982384290e-01
-9.773242541982384290e-01
-9.773242541982384290e-01
-9.773242541982384290e-01
-9.773242541982384290e-01
-9.773242541982384290e-01
-9.773242541982384290e-01
-9.773242541982384290e-01
-9.773242541982384290e-01
-9.773242541982384290e-01
-9.773242541982384290e-01
-9.773242541982384290e-01
-9.773242541982384290e-01
-9.773242541982384290e-01
-9.773242541982384290e-01
-9.773242541982384290e-01
-9.773242541982384290e-01
-9.773242541982384290e-01
-9.773242541982384290e-01
-9.773242541982384290e-01
-9.773242541982384290e-01
-9.773242541982384290e-01
-9.773242541982384290e-01
-9.773242541982384290e-01
-9.773242541982384290e-01
-9.773242541982384290e-01
-9.773242541982384290e-01
-9.773242541982384290e-01
-9.278553621718805822e-01
-9.930736704036792206e-01
-9.930736704036792206e-01
-9.930736704036792206e-01
-9.930736704036792206e-01
-9.930736704036792206e-01
-9.930736704036792206e-01
-9.930736704036792206e-01
-9.930736704036792206e-01
-9.930736704036792206e-01
-9.930736704036792206e-01
-9.930736704036792206e-01
-9.930736704036792206e-01
-9.930736704036792206e-01
-9.900557151488090790e-01
-9.900557151488090790e-01
-9.900557151488090790e-01
-9.415791891728941820e-01
-9.415791891728941820e-01
-9.415791891728941820e-01
-9.415791891728941820e-01
-9.415791891728941820e-01
-9.415791891728941820e-01
-9.415791891728941820e-01
-9.415791891728941820e-01
-9.415791891728941820e-01
-9.415791891728941820e-01
-9.415791891728941820e-01
-9.415791891728941820e-01
-9.415791891728941820e-01
-9.415791891728941820e-01
-9.415791891728941820e-01
-9.415791891728941820e-01
-9.415791891728941820e-01
-9.415791891728941820e-01
-9.415791891728941820e-01
-9.415791891728941820e-01
-9.415791891728941820e-01
-9.415791891728941820e-01
-9.415791891728941820e-01
-9.415791891728941820e-01
-9.415791891728941820e-01
-9.415791891728941820e-01
-1.171822757611538979e+00
-1.171822757611538979e+00
-1.171822757611538979e+00
-1.171822757611538979e+00
-1.202385808496128750e+00
-1.202385808496128750e+00
-1.202385808496128750e+00
-1.202385808496128750e+00
-9.569988423961981461e-01
-9.569988423961981461e-01
-9.569988423961981461e-01
-8.883580536960871132e-01
-8.883580536960871132e-01
-8.883580536960871132e-01
-8.883580536960871132e-01
-8.776920133521406431e-01
-8.776920133521406431e-01
-8.776920133521406431e-01
-8.776920133521406431e-01
-8.776920133521406431e-01
-8.776920133521406431e-01
-8.776920133521406431e-01
-8.272186747928421680e-01
-8.272186747928421680e-01
-8.272186747928421680e-01
-8.272186747928421680e-01
-8.272186747928421680e-01
-8.272186747928421680e-01
-8.272186747928421680e-01
-9.771436167948559515e-01
-9.771436167948559515e-01
-9.771436167948559515e-01
-9.771436167948559515e-01
-9.771436167948559515e-01
-9.771436167948559515e-01
-9.771436167948559515e-01
-9.771436167948559515e-01
-9.771436167948559515e-01
-9.771436167948559515e-01
-9.771436167948559515e-01
-9.771436167948559515e-01
-9.771436167948559515e-01
-9.771436167948559515e-01
-9.771436167948559515e-01
-9.734652238411839464e-01
-9.734652238411839464e-01
-9.734652238411839464e-01
-9.734652238411839464e-01
-9.734652238411839464e-01
-9.734652238411839464e-01
-9.734652238411839464e-01
-9.734652238411839464e-01
-9.734652238411839464e-01
-9.734652238411839464e-01
-9.734652238411839464e-01
-9.841698989357592353e-01
-9.841698989357592353e-01
-9.841698989357592353e-01
-9.841698989357592353e-01
-9.841698989357592353e-01
-9.841698989357592353e-01
-9.841698989357592353e-01
-1.007334679991975568e+00
-1.007334679991975568e+00
-1.007334679991975568e+00
-1.007334679991975568e+00
-1.007334679991975568e+00
-1.007334679991975568e+00
-1.007334679991975568e+00
-1.007334679991975568e+00
-1.007334679991975568e+00
-1.007334679991975568e+00
-1.031597075453223988e+00
-1.031597075453223988e+00
-1.031597075453223988e+00
-1.031597075453223988e+00
-9.698231863018202947e-01
-1.025685046872490958e+00
-1.025685046872490958e+00
-1.025685046872490958e+00
-1.025685046872490958e+00
-1.025685046872490958e+00
-1.025685046872490958e+00
-1.025685046872490958e+00
-1.025685046872490958e+00
-1.025685046872490958e+00
-1.025685046872490958e+00
-1.025685046872490958e+00
-1.025685046872490958e+00
-1.025685046872490958e+00
-1.025685046872490958e+00
-1.025685046872490958e+00
-1.025685046872490958e+00
-1.025685046872490958e+00
-1.025685046872490958e+00
-1.025685046872490958e+00
-1.025685046872490958e+00
-1.025685046872490958e+00
-1.025685046872490958e+00
-1.025685046872490958e+00
-1.025685046872490958e+00
-1.025685046872490958e+00
-1.025685046872490958e+00
-1.011086239641528772e+00
-1.011086239641528772e+00
-1.011086239641528772e+00
-1.011086239641528772e+00
-1.011086239641528772e+00
-1.011086239641528772e+00
-1.011086239641528772e+00
-1.011086239641528772e+00
-1.011086239641528772e+00
-1.011086239641528772e+00
-1.011086239641528772e+00
-1.011086239641528772e+00
-1.011086239641528772e+00
-1.011086239641528772e+00
-1.011086239641528772e+00
-1.011086239641528772e+00
-1.011086239641528772e+00
-1.011086239641528772e+00
-1.011086239641528772e+00
-1.011086239641528772e+00
-1.011086239641528772e+00
-1.011086239641528772e+00
-1.011086239641528772e+00
-1.011086239641528772e+00
-1.011086239641528772e+00
-1.011086239641528772e+00
-1.011086239641528772e+00
-1.011086239641528772e+00
-1.011086239641528772e+00
-1.011086239641528772e+00
-1.011086239641528772e+00
-1.011086239641528772e+00
-1.011086239641528772e+00
-1.011086239641528772e+00
-1.011086239641528772e+00
-1.011086239641528772e+00
-1.011086239641528772e+00
-1.011086239641528772e+00
-1.011086239641528772e+00
-1.011086239641528772e+00
-1.011086239641528772e+00
-1.011086239641528772e+00
-1.011086239641528772e+00
-1.011086239641528772e+00
-1.011086239641528772e+00
-1.011086239641528772e+00
-1.011086239641528772e+00
-1.011086239641528772e+00
-1.011086239641528772e+00
-1.011086239641528772e+00
-1.011086239641528772e+00
-1.011086239641528772e+00
-1.011086239641528772e+00
-1.011086239641528772e+00
-1.011086239641528772e+00
-1.011086239641528772e+00
-1.011086239641528772e+00
-1.011086239641528772e+00
-1.011086239641528772e+00
-1.011086239641528772e+00
-1.011086239641528772e+00
-1.011086239641528772e+00
-1.011086239641528772e+00
-1.011086239641528772e+00
-1.011086239641528772e+00
-1.011086239641528772e+00
-1.011086239641528772e+00
-1.011086239641528772e+00
-1.011086239641528772e+00
-1.011086239641528772e+00
-1.011086239641528772e+00
-1.011086239641528772e+00
-1.011086239641528772e+00
-1.011086239641528772e+00
-1.011086239641528772e+00
-1.011086239641528772e+00
-1.011086239641528772e+00
-1.011086239641528772e+00
-1.011086239641528772e+00
-1.011086239641528772e+00
-1.011086239641528772e+00
-1.011086239641528772e+00
-1.011086239641528772e+00
-1.011086239641528772e+00
-1.011086239641528772e+00
-1.011086239641528772e+00
-1.011086239641528772e+00
-1.011086239641528772e+00
-1.011086239641528772e+00
-1.011086239641528772e+00
-9.617121680060946032e-01
-9.617121680060946032e-01
-9.617121680060946032e-01
-9.617121680060946032e-01
-9.617121680060946032e-01
-9.617121680060946032e-01
-9.617121680060946032e-01
-9.617121680060946032e-01
-9.617121680060946032e-01
-9.617121680060946032e-01
-8.683331154044681144e-01
-8.683331154044681144e-01
-8.683331154044681144e-01
-8.683331154044681144e-01
-8.683331154044681144e-01
-8.683331154044681144e-01
-8.683331154044681144e-01
-8.683331154044681144e-01
-8.683331154044681144e-01
-8.683331154044681144e-01
-8.683331154044681144e-01
-8.683331154044681144e-01
-8.683331154044681144e-01
-8.683331154044681144e-01
-8.683331154044681144e-01
-9.789277672995572166e-01
-9.789277672995572166e-01
-9.789277672995572166e-01
-9.789277672995572166e-01
-9.789277672995572166e-01
-9.789277672995572166e-01
-9.789277672995572166e-01
-9.789277672995572166e-01
-9.789277672995572166e-01
-9.789277672995572166e-01
-9.789277672995572166e-01
-9.789277672995572166e-01
-9.789277672995572166e-01
-9.789277672995572166e-01
-9.789277672995572166e-01
-9.789277672995572166e-01
-9.975207695313665912e-01
-9.975207695313665912e-01
-9.975207695313665912e-01
-9.975207695313665912e-01
-9.975207695313665912e-01
-9.975207695313665912e-01
-9.975207695313665912e-01
-9.975207695313665912e-01
-9.975207695313665912e-01
-9.975207695313665912e-01
-9.975207695313665912e-01
-9.954634405686795251e-01
-9.954634405686795251e-01
-9.954634405686795251e-01
-9.954634405686795251e-01
-9.954634405686795251e-01
-9.954634405686795251e-01
-9.954634405686795251e-01
-9.954634405686795251e-01
-9.954634405686795251e-01
-9.954634405686795251e-01
-9.954634405686795251e-01
-9.954634405686795251e-01
-9.954634405686795251e-01
-9.954634405686795251e-01
-9.954634405686795251e-01
-9.954634405686795251e-01
-9.954634405686795251e-01
-9.954634405686795251e-01
-9.954634405686795251e-01
-9.954634405686795251e-01
-9.954634405686795251e-01
-9.954634405686795251e-01
-9.954634405686795251e-01
-9.954634405686795251e-01
-9.954634405686795251e-01
-9.954634405686795251e-01
-9.954634405686795251e-01
-9.901010739415826434e-01
-9.901010739415826434e-01
-9.901010739415826434e-01
-9.901010739415826434e-01
-8.763894866119150695e-01
-8.763894866119150695e-01
-8.763894866119150695e-01
-8.763894866119150695e-01
-8.763894866119150695e-01
-8.763894866119150695e-01
-8.763894866119150695e-01
-8.763894866119150695e-01
-8.763894866119150695e-01
-8.763894866119150695e-01
-8.763894866119150695e-01
-8.763894866119150695e-01
-8.763894866119150695e-01
-8.763894866119150695e-01
-8.763894866119150695e-01
-8.763894866119150695e-01
-8.763894866119150695e-01
-8.763894866119150695e-01
-8.763894866119150695e-01
-8.763894866119150695e-01
-8.763894866119150695e-01
-8.763894866119150695e-01
-8.763894866119150695e-01
-8.763894866119150695e-01
-8.763894866119150695e-01
-8.763894866119150695e-01
-8.763894866119150695e-01
-8.763894866119150695e-01
-8.763894866119150695e-01
-8.763894866119150695e-01
-8.763894866119150695e-01
-8.763894866119150695e-01
-8.763894866119150695e-01
-8.763894866119150695e-01
-9.503359434481559731e-01
-9.503359434481559731e-01
-9.503359434481559731e-01
-9.503359434481559731e-01
-9.503359434481559731e-01
-9.503359434481559731e-01
-9.503359434481559731e-01
-9.503359434481559731e-01
-9.503359434481559731e-01
-9.503359434481559731e-01
-9.503359434481559731e-01
-9.503359434481559731e-01
-9.503359434481559731e-01
-9.503359434481559731e-01
-9.503359434481559731e-01
-9.503359434481559731e-01
-9.503359434481559731e-01
-8.359245998681616996e-01
-8.359245998681616996e-01
-8.359245998681616996e-01
-8.359245998681616996e-01
-8.359245998681616996e-01
-8.426881315147443097e-01
-8.426881315147443097e-01
-8.426881315147443097e-01
-8.426881315147443097e-01
-8.490378496523796059e-01
-8.493346762246885007e-01
-8.493346762246885007e-01
-8.493346762246885007e-01
-8.493346762246885007e-01
-8.493346762246885007e-01
-8.493346762246885007e-01
-8.223919522010116889e-01
-8.223919522010116889e-01
-8.223919522010116889e-01
-8.223919522010116889e-01
-8.223919522010116889e-01
-8.223919522010116889e-01
-8.223919522010116889e-01
-8.223919522010116889e-01
-8.223919522010116889e-01
-8.223919522010116889e-01
-8.223919522010116889e-01
-8.223919522010116889e-01
-8.223919522010116889e-01
-8.223919522010116889e-01
-8.223919522010116889e-01
-8.223919522010116889e-01
-8.223919522010116889e-01
-8.223919522010116889e-01
-8.223919522010116889e-01
-8.223919522010116889e-01
-8.223919522010116889e-01
-8.223919522010116889e-01
-8.223919522010116889e-01
-8.223919522010116889e-01
-8.223919522010116889e-01
-8.223919522010116889e-01
-8.223919522010116889e-01
-8.223919522010116889e-01
-8.223919522010116889e-01
-8.223919522010116889e-01
-9.091577384029702058e-01
-9.091577384029702058e-01
-9.091577384029702058e-01
-9.091577384029702058e-01
-9.091577384029702058e-01
-9.091577384029702058e-01
-9.091577384029702058e-01
-9.091577384029702058e-01
-9.091577384029702058e-01
-9.091577384029702058e-01
-9.091577384029702058e-01
-9.091577384029702058e-01
-9.091577384029702058e-01
-9.091577384029702058e-01
-9.091577384029702058e-01
-9.091577384029702058e-01
-9.091577384029702058e-01
-9.091577384029702058e-01
-9.091577384029702058e-01
-9.091577384029702058e-01
-9.091577384029702058e-01
-9.091577384029702058e-01
-9.091577384029702058e-01
-9.091577384029702058e-01
-9.091577384029702058e-01
-9.091577384029702058e-01
-9.091577384029702058e-01
-9.091577384029702058e-01
-9.091577384029702058e-01
-9.091577384029702058e-01
-9.091577384029702058e-01
-9.091577384029702058e-01
-9.091577384029702058e-01
-9.091577384029702058e-01
-9.091577384029702058e-01
-9.091577384029702058e-01
-9.091577384029702058e-01
-9.091577384029702058e-01
-9.792391246409077876e-01
-9.792391246409077876e-01
-9.792391246409077876e-01
-9.792391246409077876e-01
-8.435971878226810050e-01
-8.435971878226810050e-01
-8.435971878226810050e-01
-8.435971878226810050e-01
-8.435971878226810050e-01
-8.435971878226810050e-01
-8.435971878226810050e-01
-8.324503784653789484e-01
-8.324503784653789484e-01
-8.324503784653789484e-01
-8.324503784653789484e-01
-8.324503784653789484e-01
-8.324503784653789484e-01
-8.324503784653789484e-01
-8.324503784653789484e-01
-8.324503784653789484e-01
-8.429662675292267648e-01
-8.429662675292267648e-01
-8.429662675292267648e-01
-8.429662675292267648e-01
-8.429662675292267648e-01
-8.429662675292267648e-01
-8.429662675292267648e-01
-8.429662675292267648e-01
-8.429662675292267648e-01
-8.429662675292267648e-01
-8.429662675292267648e-01
-8.429662675292267648e-01
-8.429662675292267648e-01
-8.429662675292267648e-01
-8.429662675292267648e-01
-8.429662675292267648e-01
-8.429662675292267648e-01
-8.190674831944715351e-01
-8.190674831944715351e-01
-8.190674831944715351e-01
-8.190674831944715351e-01
-8.190674831944715351e-01
-8.190674831944715351e-01
-8.190674831944715351e-01
-8.190674831944715351e-01
-8.190674831944715351e-01
-8.190674831944715351e-01
-8.190674831944715351e-01
-8.190674831944715351e-01
-8.190674831944715351e-01
-8.190674831944715351e-01
-8.190674831944715351e-01
-8.190674831944715351e-01
-8.190674831944715351e-01
-8.190674831944715351e-01
-8.190674831944715351e-01
-8.190674831944715351e-01
-8.122480508246339159e-01
-8.122480508246339159e-01
-8.122480508246339159e-01
-8.122480508246339159e-01
-8.122480508246339159e-01
-8.122480508246339159e-01
-8.122480508246339159e-01
-8.122480508246339159e-01
-8.122480508246339159e-01
-8.122480508246339159e-01
-8.122480508246339159e-01
-8.122480508246339159e-01
-8.122480508246339159e-01
-8.122480508246339159e-01
-8.122480508246339159e-01
-8.122480508246339159e-01
-8.122480508246339159e-01
-8.122480508246339159e-01
-8.122480508246339159e-01
-8.122480508246339159e-01
-8.122480508246339159e-01
-8.122480508246339159e-01
-8.122480508246339159e-01
-8.122480508246339159e-01
-8.122480508246339159e-01
-8.122480508246339159e-01
-8.122480508246339159e-01
-8.122480508246339159e-01
-8.122480508246339159e-01
-8.122480508246339159e-01
-8.122480508246339159e-01
-8.122480508246339159e-01
-8.122480508246339159e-01
-8.122480508246339159e-01
-8.122480508246339159e-01
-8.122480508246339159e-01
-8.122480508246339159e-01
-8.122480508246339159e-01
-8.122480508246339159e-01
-8.122480508246339159e-01
-8.122480508246339159e-01
-8.122480508246339159e-01
-8.122480508246339159e-01
-8.122480508246339159e-01
-8.122480508246339159e-01
-8.122480508246339159e-01
-8.122480508246339159e-01
-8.122480508246339159e-01
-8.122480508246339159e-01
-8.122480508246339159e-01
-8.122480508246339159e-01
-8.122480508246339159e-01
-8.122480508246339159e-01
-8.122480508246339159e-01
-8.122480508246339159e-01
-8.122480508246339159e-01
-8.122480508246339159e-01
-8.122480508246339159e-01
-8.122480508246339159e-01
-8.122480508246339159e-01
-8.122480508246339159e-01
-8.122480508246339159e-01
-8.122480508246339159e-01
-8.122480508246339159e-01
-8.122480508246339159e-01
-8.122480508246339159e-01
-8.122480508246339159e-01
-8.122480508246339159e-01
-8.122480508246339159e-01
-8.122480508246339159e-01
-8.122480508246339159e-01
-8.122480508246339159e-01
-8.122480508246339159e-01
-8.122480508246339159e-01
-8.729399390247993828e-01
-8.729399390247993828e-01
-8.729399390247993828e-01
-8.729399390247993828e-01
-8.729399390247993828e-01
-8.729399390247993828e-01
-8.729399390247993828e-01
-8.729399390247993828e-01
-8.729399390247993828e-01
-8.729399390247993828e-01
-8.729399390247993828e-01
-8.729399390247993828e-01
-8.729399390247993828e-01
-8.729399390247993828e-01
-8.729399390247993828e-01
-8.729399390247993828e-01
-8.729399390247993828e-01
-8.729399390247993828e-01
-8.729399390247993828e-01
-8.729399390247993828e-01
-8.729399390247993828e-01
-8.729399390247993828e-01
-8.729399390247993828e-01
-8.729399390247993828e-01
-8.729399390247993828e-01
-8.729399390247993828e-01
-8.729399390247993828e-01
-8.729399390247993828e-01
-8.729399390247993828e-01
-8.729399390247993828e-01
-9.858919375257327866e-01
-9.858919375257327866e-01
-9.858919375257327866e-01
-9.858919375257327866e-01
-9.858919375257327866e-01
-9.858919375257327866e-01
-9.647410640753021349e-01
-9.647410640753021349e-01
-9.647410640753021349e-01
-9.647410640753021349e-01
-9.647410640753021349e-01
-9.706970838470166951e-01
-9.706970838470166951e-01
-9.706970838470166951e-01
-9.211828900112931651e-01
-9.211828900112931651e-01
-9.211828900112931651e-01
-9.389195455875724017e-01
-9.389195455875724017e-01
-9.389195455875724017e-01
-9.389195455875724017e-01
-9.389195455875724017e-01
-9.389195455875724017e-01
-9.389195455875724017e-01
-9.389195455875724017e-01
-9.389195455875724017e-01
-9.389195455875724017e-01
-9.389195455875724017e-01
-9.389195455875724017e-01
-9.389195455875724017e-01
-9.389195455875724017e-01
-9.389195455875724017e-01
-9.389195455875724017e-01
-9.389195455875724017e-01
-9.389195455875724017e-01
-9.389195455875724017e-01
-9.389195455875724017e-01
-9.389195455875724017e-01
-9.389195455875724017e-01
-9.389195455875724017e-01
-9.389195455875724017e-01
-9.389195455875724017e-01
-9.389195455875724017e-01
-9.389195455875724017e-01
