# Variable: dg_gbsa_00000094
# Sample shape: (2000,)
# Date: 2014-03-03 06:24:05.256964
-2.067562328014045381e-01
-2.067562328014045381e-01
-2.067562328014045381e-01
-2.067562328014045381e-01
-2.067562328014045381e-01
-2.067562328014045381e-01
-2.229576271533054155e-01
-2.382125555899129443e-01
-2.382125555899129443e-01
-2.382125555899129443e-01
-1.898110910081954594e-01
-1.898110910081954594e-01
-1.800360289859954110e-01
-1.800360289859954110e-01
-1.800360289859954110e-01
-1.800360289859954110e-01
-1.800360289859954110e-01
-6.193192551058519096e-02
-6.193192551058519096e-02
-6.193192551058519096e-02
-2.388575792768489192e-01
-2.061999180348835781e-01
-2.061997328388075479e-01
-2.407041266133178870e-01
-1.737138338344274835e-01
-1.786370720735699358e-01
-1.786370720735699358e-01
-1.786370720735699358e-01
-1.786370720735699358e-01
-1.785363538999174549e-01
-9.107700839325301445e-02
2.526807853414269056e-01
6.463786953949791636e-01
-3.218209552605338919e-02
-2.226339970104553034e-02
-1.399790828987015727e-02
-1.399790828987015727e-02
-1.399790828987015727e-02
2.204329630157003672e-01
2.521344569171591887e-01
2.521344569171591887e-01
2.521344569171591887e-01
2.521344569171591887e-01
4.164050858517677756e-01
-2.522546349246460595e-01
-2.638057130700543484e-01
-2.130062014833234985e-01
-2.585395629273773421e-01
-2.582005401414393386e-01
-1.253321424952884289e-01
-9.959796532618155063e-02
-1.956557367089601374e-01
-1.246949967645094443e-01
-2.847990558890494128e-01
-8.016534819201802387e-02
-8.016534819201802387e-02
-8.021914052917669680e-02
-2.696212687410314349e-02
2.391221906355872097e-03
-3.071901803376797524e-02
-3.071901803376797524e-02
-3.071901803376797524e-02
-2.303063677157316316e-02
-2.191569762977541719e-02
-1.513854837326429059e-01
-1.513854837326429059e-01
-1.381564151716505873e-01
-1.381564151716505873e-01
-1.381564151716505873e-01
-1.381564151716505873e-01
-1.381564151716505873e-01
-1.381564151716505873e-01
-1.381564151716505873e-01
-2.192885224951384715e-01
-2.192885224951384715e-01
-2.254676572394416489e-02
-2.254676572394416489e-02
-5.858316376491896210e-02
-5.858316376491896210e-02
-9.393894307699987567e-02
-9.393894307699987567e-02
-9.393894307699987567e-02
-9.393894307699987567e-02
-1.173901726023416775e-01
-2.530156198468764273e-01
-2.530156198468764273e-01
-1.680077432902319645e-01
-1.997530431865962020e-01
-1.997530431865962020e-01
-6.470849904913747452e-02
-2.152506639579057912e-01
-2.152506639579057912e-01
-2.642260226875144391e-01
-2.642260226875144391e-01
-2.642260226875144391e-01
-2.642260226875144391e-01
-1.082455750063318067e-01
-1.082455750063318067e-01
-1.082455750063318067e-01
-1.082455750063318067e-01
-2.121418913965243402e-01
-2.121418913965243402e-01
-2.121418913965243402e-01
-2.469522433344766010e-01
-1.781045621257439093e-01
-1.781045621257439093e-01
-1.781045621257439093e-01
-1.052426348794714556e-01
-1.052426348794714556e-01
-1.052426348794714556e-01
-1.052426348794714556e-01
-1.052426348794714556e-01
-3.066788254800763627e-02
-1.608557557512651504e-01
-1.608557557512651504e-01
-1.608557557512651504e-01
-1.608557557512651504e-01
-1.608557557512651504e-01
-1.608557557512651504e-01
-2.569259922545453212e-01
-1.737388922880985787e-01
-1.071374186708183990e-01
-1.071374186708183990e-01
-2.173136342779856053e-02
-2.606307115427166643e-01
-2.606307115427166643e-01
-2.606307115427166643e-01
-2.606307115427166643e-01
-2.733996248381999339e-02
-2.733996248381999339e-02
-2.733996248381999339e-02
-2.630556689621613153e-01
-2.462419451536685400e-01
-2.462419451536685400e-01
-2.462419451536685400e-01
-2.462419451536685400e-01
-3.171346041714027952e-02
-5.872650552776073618e-02
-1.151969595803357393e-01
-1.151969595803357393e-01
-1.885851072307754284e-01
-1.885851072307754284e-01
-1.885851072307754284e-01
-2.620240413436014104e-01
-2.620240413436014104e-01
-2.620240413436014104e-01
-2.620240413436014104e-01
-7.301202866588905882e-02
-7.301202866588905882e-02
-7.301202866588905882e-02
-7.301202866588905882e-02
-2.187309683394933479e-01
-2.187309683394933479e-01
-2.187309683394933479e-01
-2.118123990855754757e-01
-5.425399180010217343e-02
-5.425399180010217343e-02
-5.425399180010217343e-02
-2.142301908414632750e-01
-1.090839861341917627e-01
-1.090839861341917627e-01
-1.090839861341917627e-01
-1.567206550282684296e-01
-1.567206550282684296e-01
-1.567206550282684296e-01
-1.567206550282684296e-01
-1.567206550282684296e-01
-1.567206550282684296e-01
-1.567206550282684296e-01
-2.542452932999649251e-01
-2.194457397178299629e-02
-2.194457397178299629e-02
-3.181970598136945466e-02
-3.181970598136945466e-02
-3.181970598136945466e-02
-3.181970598136945466e-02
-1.420776429185447720e-01
-1.420776429185447720e-01
-1.420776429185447720e-01
-1.420776429185447720e-01
-5.840170010212046570e-02
-2.948296172669011006e-01
-2.948296172669011006e-01
-2.948296172669011006e-01
-2.113600220552593889e-01
-2.560330337593705874e-01
-2.560330337593705874e-01
-2.560330337593705874e-01
-1.246326711620017041e-01
-1.246326711620017041e-01
-1.328512313944887613e-01
-1.328512313944887613e-01
-1.328512313944887613e-01
-1.988363368561345268e-01
-1.988363368561345268e-01
-1.988363368561345268e-01
-1.988363368561345268e-01
-1.488974741722383921e-01
-1.488974741722383921e-01
-1.488974741722383921e-01
-1.839699212953191665e-01
-1.839118694484119798e-01
-1.839118694484119798e-01
-1.839118694484119798e-01
-1.839118694484119798e-01
-1.839118694484119798e-01
-1.429212965199413987e-01
-1.429212965199413987e-01
-1.429212965199413987e-01
-1.380365078353517072e-01
-1.380365078353517072e-01
-1.380365078353517072e-01
-1.380365078353517072e-01
-1.380365078353517072e-01
-1.380365078353517072e-01
-4.445664926537135769e-02
-4.445664926537135769e-02
-4.445664926537135769e-02
-2.639321022690140350e-01
-5.632959462944453488e-02
-5.632959462944453488e-02
-5.105014598392391273e-02
-5.105014598392391273e-02
-1.745951534685167561e-01
-1.643195634362346613e-01
-1.643195634362346613e-01
-2.625858692548470597e-01
-2.625858692548470597e-01
-2.661316333263827327e-01
-2.661316333263827327e-01
-1.705780226459466531e-01
-1.648638974412221514e-01
-1.648638974412221514e-01
-1.648638974412221514e-01
-1.648638974412221514e-01
-2.566854652893474920e-01
-2.452983569004795472e-01
-2.452983569004795472e-01
-2.452983569004795472e-01
-2.452983569004795472e-01
-2.452983569004795472e-01
-2.664212230058746744e-01
-1.998948606432737751e-01
-1.998948606432737751e-01
-5.495572466239418558e-02
-5.495572466239418558e-02
-1.961813374185653325e-01
-1.961813374185653325e-01
-1.961813374185653325e-01
-1.961813374185653325e-01
-1.961813374185653325e-01
-2.417638185603212808e-01
-1.805163563779389468e-01
-2.125415302827298736e-01
-2.394622302192118968e-01
-9.378166887090036430e-02
-9.378166887090036430e-02
-6.095983843046665768e-02
-2.574729190045971228e-01
-2.522666299320315830e-01
-2.106096930303263393e-01
-1.285850545872237738e-01
-1.285850545872237738e-01
-2.369229640833050432e-01
-2.448856260762843629e-01
-2.448856260762843629e-01
-2.448856260762843629e-01
-3.371977854527205554e-02
-2.001266976387505170e-01
-1.999396068644113122e-01
-1.999396068644113122e-01
-1.999396068644113122e-01
-2.488341203839099514e-01
-2.341384698510397822e-01
-2.341384698510397822e-01
-5.143381527003548781e-02
-5.143381527003548781e-02
-2.256295506630527359e-01
-2.256295506630527359e-01
-1.598357385020866828e-01
-1.615606832458685582e-01
-1.075026039639576797e-01
-1.075026039639576797e-01
-1.075026039639576797e-01
-1.075026039639576797e-01
-1.075026039639576797e-01
-1.075026039639576797e-01
-1.075026039639576797e-01
-1.075026039639576797e-01
-1.075026039639576797e-01
-1.075026039639576797e-01
-1.075026039639576797e-01
-1.075026039639576797e-01
-1.075026039639576797e-01
-1.075026039639576797e-01
-3.162275351598203138e-02
-3.162275351598203138e-02
-3.162275351598203138e-02
-5.471885888116081315e-02
-5.471885888116081315e-02
-5.471885888116081315e-02
-5.471885888116081315e-02
-5.471885888116081315e-02
-5.471885888116081315e-02
-5.471885888116081315e-02
-1.549805669438086564e-01
-1.549805669438086564e-01
-1.549805669438086564e-01
-1.549805669438086564e-01
-1.549805669438086564e-01
-3.719567383566504265e-02
-2.479023846795864183e-01
-2.479023846795864183e-01
-2.304326215790972882e-02
-2.304326215790972882e-02
-2.092348116077838716e-01
-2.092348116077838716e-01
-2.598379583705223705e-01
-2.013567984673990396e-01
-2.013567984673990396e-01
-2.608521775579361046e-01
-1.049926130539144548e-01
-1.049926130539144548e-01
-1.049926130539144548e-01
-3.787666829890547898e-02
-3.787666829890547898e-02
-1.933787367084058018e-01
-2.783013803325237179e-01
-2.783013803325237179e-01
-3.635855551887424292e-02
-3.635855551887424292e-02
-3.635855551887424292e-02
-3.635855551887424292e-02
-3.635855551887424292e-02
-3.635855551887424292e-02
-4.666149046407374462e-02
-4.666149046407374462e-02
-5.883540082046224279e-02
-3.741977177204183075e-02
-5.527846087803119784e-02
-1.709735159892196987e-01
-2.281393563770199306e-01
-2.281358803891314901e-01
-2.589977950028661824e-01
-2.589977950028661824e-01
-8.353821035780824300e-02
-8.353821035780824300e-02
-3.692457171060842952e-02
-3.692457171060842952e-02
-3.692457171060842952e-02
-3.692457171060842952e-02
-3.753463963819507476e-02
-3.753463963819507476e-02
-3.753463963819507476e-02
-2.595813620842665412e-02
-2.595813620842665412e-02
-2.691668260621750755e-02
-2.691668260621750755e-02
-2.691668260621750755e-02
-2.458839397699381576e-02
1.694126834604981757e-01
1.694126834604981757e-01
1.611393764187683264e-01
1.611393764187683264e-01
1.611393764187683264e-01
1.340532678946937950e-01
1.340532678946937950e-01
1.340532678946937950e-01
1.340532678946937950e-01
-1.121382611887404845e-01
-1.121382611887404845e-01
-1.121382611887404845e-01
4.359790574524188139e-02
4.359790574524188139e-02
4.896144053220292947e-02
4.896144053220292947e-02
4.896144053220292947e-02
4.896144053220292947e-02
-4.150812473169476075e-02
-4.150812473169476075e-02
-6.354803194507357977e-02
-6.354803194507357977e-02
-6.354803194507357977e-02
-7.521230763048787626e-02
-7.521230763048787626e-02
-7.521230763048787626e-02
-7.521230763048787626e-02
-7.521230763048787626e-02
-7.521230763048787626e-02
-7.521230763048787626e-02
-4.313360849826330945e-02
-4.313360849826330945e-02
-4.313360849826330945e-02
-4.313360849826330945e-02
-4.313360849826330945e-02
-4.313360849826330945e-02
-2.118859219277565986e-01
-2.118859219277565986e-01
-2.131890612396181717e-01
-2.283444681541413612e-01
-2.283444681541413612e-01
-1.883537403484147332e-01
-1.883537403484147332e-01
-1.883537403484147332e-01
-1.267001716630180574e-01
-1.267001716630180574e-01
-1.267001716630180574e-01
-1.267001716630180574e-01
-1.267001716630180574e-01
-1.267001716630180574e-01
-2.295244948130036600e-01
-2.295244948130036600e-01
-2.295244948130036600e-01
-2.295244948130036600e-01
-2.295244948130036600e-01
-2.659100818360512486e-01
-5.294367970175770099e-02
-5.294367970175770099e-02
-5.294367970175770099e-02
-5.294367970175770099e-02
-3.772848294638310451e-02
-4.556008666240917750e-03
1.489083864948717584e-01
-1.196551704725845322e-01
-1.196551704725845322e-01
-6.408168868398575468e-02
-3.192512172471952819e-02
-1.757439393078263586e-04
-1.757439393078263586e-04
3.334245934769026337e-02
-2.654466357787297892e-01
-2.654466357787297892e-01
-2.654466357787297892e-01
-2.654466357787297892e-01
-2.664208526137226141e-01
-2.664208526137226141e-01
-3.629381524445221552e-02
-3.629381524445221552e-02
-3.629381524445221552e-02
-6.879443733687609641e-02
-2.568285221351492287e-01
-2.568285221351492287e-01
-2.568285221351492287e-01
-2.854574991685710494e-01
-2.854574991685710494e-01
-2.835018570974725538e-01
-2.821206362707892601e-01
-2.821206362707892601e-01
-2.821206362707892601e-01
5.292281153189804617e-04
5.292281153189804617e-04
-1.917830303339839448e-01
-1.917830303339839448e-01
-1.917830303339839448e-01
-1.917830303339839448e-01
-2.114915397609397063e-01
-2.114915397609397063e-01
-2.114915397609397063e-01
-1.895354337719612758e-01
-1.836801891573072443e-01
-1.836801891573072443e-01
-1.836801891573072443e-01
-1.836801891573072443e-01
-1.836801891573072443e-01
-1.836801891573072443e-01
-1.836801891573072443e-01
-1.836801891573072443e-01
-1.836801891573072443e-01
-2.862730172122641692e-01
-2.173698056724285566e-01
-2.173698056724285566e-01
-2.498430401143790502e-01
-1.535892315622041648e-01
-2.346349662850053530e-01
-1.675701961918497074e-01
-1.501767944195530335e-01
-2.895819297484184540e-01
-2.006196468555676571e-01
-1.711871895233942065e-01
-1.060682603551598296e-01
-1.060682603551598296e-01
-1.060682603551598296e-01
-1.113007689183346388e-01
-3.759414456200645127e-02
-3.759414456200645127e-02
-3.352938629473144194e-02
-3.352938629473144194e-02
-1.712459251711974662e-01
-2.650174082579165868e-01
-2.664831924620823522e-01
-3.597507855176469704e-02
-3.597507855176469704e-02
-3.597507855176469704e-02
-9.108719417743427194e-02
-7.212701223320532040e-02
-7.212701223320532040e-02
-7.212701223320532040e-02
-2.266988193840643179e-02
-2.266988193840643179e-02
-4.627750776921813608e-02
-1.069003107101010042e-01
-1.069003107101010042e-01
-7.075382606705105104e-02
4.541452966958112875e-02
1.015057057199241081e-01
1.015057057199241081e-01
-6.315057979715030245e-02
-6.315057979715030245e-02
-8.515886121908519679e-02
-8.616339322713774396e-02
-8.847850088179680383e-02
-8.847850088179680383e-02
5.589289373467118960e-01
1.775779214689426067e-01
5.724650040183422162e-01
5.724650040183422162e-01
4.621717658599065470e-01
4.621717658599065470e-01
4.621717658599065470e-01
4.621717658599065470e-01
-9.261391501353757882e-02
1.705729226309300184e-01
1.705729226309300184e-01
-1.022021925472164638e-01
-1.022021925472164638e-01
-1.022021925472164638e-01
-1.506186152735358164e-01
-1.508310351727341625e-01
-1.508310351727341625e-01
-1.508310351727341625e-01
-1.508310351727341625e-01
-1.508310351727341625e-01
3.406488609074634528e-03
-1.277803954442190094e-03
-1.277803954442190094e-03
5.725595964756340361e-01
5.725595964756340361e-01
5.725595964756340361e-01
5.725595964756340361e-01
5.725595964756340361e-01
5.725595964756340361e-01
5.725595964756340361e-01
5.725595964756340361e-01
4.934887357241336536e-01
4.934887357241336536e-01
4.934887357241336536e-01
4.934887357241336536e-01
1.355243658016562214e-01
-9.413871978254664818e-02
-9.125352162248089039e-02
-9.125352162248089039e-02
-9.125352162248089039e-02
-9.125352162248089039e-02
-9.125352162248089039e-02
-9.125352162248089039e-02
-1.724294848013562254e-01
-1.794359509621250015e-01
-1.794359509621250015e-01
1.653164311759102445e-01
1.653164311759102445e-01
1.653164311759102445e-01
1.819331063595146236e-01
3.938545859338676292e-01
3.938545859338676292e-01
3.938545859338676292e-01
3.938545859338676292e-01
3.938545859338676292e-01
7.840523186422898583e-01
7.609350617483514601e-01
7.609350617483514601e-01
2.083437478109253782e-01
2.083437478109253782e-01
2.083437478109253782e-01
2.083437478109253782e-01
-1.598218630422369724e-01
-1.598219200256449646e-01
-5.384844444677888697e-02
-5.384844444677888697e-02
1.023541886651493094e-01
1.023541886651493094e-01
-1.368561820135973661e-01
-1.368561820135973661e-01
-1.369564300741337726e-01
-1.358843299900368562e-01
-1.358843299900368562e-01
-1.358843299900368562e-01
-1.358843299900368562e-01
-1.358843299900368562e-01
-1.358843299900368562e-01
2.367799214833553045e-01
2.367799214833553045e-01
2.367799214833553045e-01
2.367799214833553045e-01
2.367799214833553045e-01
2.367799214833553045e-01
-1.381906906915668365e-01
-1.824178499655787211e-01
-1.824178499655787211e-01
-1.716011739825655247e-01
-1.690045967840555774e-01
-8.281892304438705221e-02
-8.281892304438705221e-02
-8.281892304438705221e-02
-8.281892304438705221e-02
-5.933720027283546222e-02
-5.933720027283546222e-02
-5.933720027283546222e-02
-3.683523739729054891e-01
-3.683524024646094852e-01
-3.683524024646094852e-01
7.775510246393556590e-01
7.775510246393556590e-01
7.775510246393556590e-01
7.775510246393556590e-01
7.775510246393556590e-01
7.775510246393556590e-01
7.775510246393556590e-01
7.775510246393556590e-01
7.775510246393556590e-01
7.775510246393556590e-01
7.775510246393556590e-01
6.834348916551579167e-01
6.841642792776483351e-01
6.841642792776483351e-01
6.841642792776483351e-01
-1.300867953218420026e-01
-1.300867953218420026e-01
-1.300867953218420026e-01
-1.300867953218420026e-01
2.373638518339817038e-02
2.373638518339817038e-02
2.373638518339817038e-02
2.373638518339817038e-02
2.373638518339817038e-02
2.373638518339817038e-02
7.189258106807905335e-01
7.189258106807905335e-01
7.189258106807905335e-01
4.445191323187337451e-01
4.445191323187337451e-01
4.445191323187337451e-01
4.445191323187337451e-01
4.445191323187337451e-01
-1.948984272165462384e-01
-1.948984272165462384e-01
-1.948984272165462384e-01
-5.294118089028001335e-04
2.133368904458405046e-01
-1.337552304249648577e-02
-1.337552304249648577e-02
-1.337552304249648577e-02
-1.337552304249648577e-02
-1.337552304249648577e-02
-1.337552304249648577e-02
-1.337552304249648577e-02
-1.337552304249648577e-02
1.893247091291511419e-01
1.893247091291511419e-01
1.893247091291511419e-01
1.893247091291511419e-01
1.893247091291511419e-01
-1.936404472555302569e-01
-1.936404472555302569e-01
-1.936404472555302569e-01
-1.936404472555302569e-01
-1.936404472555302569e-01
3.727853839529631647e-02
3.727853839529631647e-02
3.727853839529631647e-02
6.408569461756864483e-01
6.408569461756864483e-01
6.408569461756864483e-01
6.408569461756864483e-01
6.408569461756864483e-01
6.408569461756864483e-01
6.408569461756864483e-01
6.408569461756864483e-01
6.408569461756864483e-01
6.408569461756864483e-01
6.408569461756864483e-01
6.408569461756864483e-01
-1.687588700828770993e-01
-1.687588700828770993e-01
2.279931369520737938e-01
-1.576730044804385278e-01
-1.576730044804385278e-01
-5.879815147894062316e-02
-5.879815147894062316e-02
-5.879815147894062316e-02
-7.040340659951160873e-02
-7.040340659951160873e-02
-7.040340659951160873e-02
-8.299494479172088435e-02
-8.299494479172088435e-02
8.187679784019863405e-01
8.187679784019863405e-01
8.187679784019863405e-01
8.187679784019863405e-01
8.187679784019863405e-01
8.187679784019863405e-01
8.187679784019863405e-01
8.187679784019863405e-01
8.187679784019863405e-01
1.739068223914954081e-01
3.057300873513887352e-01
2.925330149739923669e-01
2.925330149739923669e-01
2.925330149739923669e-01
2.925330149739923669e-01
2.925330149739923669e-01
2.925330149739923669e-01
2.925330149739923669e-01
2.925330149739923669e-01
2.925330149739923669e-01
2.925330149739923669e-01
1.161064788784625101e-01
-1.644790030118384316e-01
-1.644790030118384316e-01
-1.109814766374190437e-01
-1.109814766374190437e-01
-1.109814766374190437e-01
-1.109814766374190437e-01
-1.109814766374190437e-01
-1.109814766374190437e-01
-5.404876605616472374e-02
-5.404876605616472374e-02
-5.404876605616472374e-02
-6.426302413411623393e-02
-6.426302413411623393e-02
-6.426302413411623393e-02
-6.426302413411623393e-02
-6.426302413411623393e-02
-5.546459005736027736e-02
-5.546459005736027736e-02
-5.335879314470017010e-02
-5.335879314470017010e-02
4.440710717815741782e-01
8.678900694072132493e-01
8.678900694072132493e-01
8.678900694072132493e-01
8.678900694072132493e-01
-1.762265172104990341e-01
-1.762265172104990341e-01
-1.762265172104990341e-01
-1.762265172104990341e-01
-1.762265172104990341e-01
-1.762265172104990341e-01
-1.762265172104990341e-01
-1.762265172104990341e-01
-1.762265172104990341e-01
-5.724731597686132795e-02
-5.724731597686132795e-02
-5.724765075438336542e-02
-5.724752254171535520e-02
-5.724752254171535520e-02
-5.724752254171535520e-02
-5.724731597686132795e-02
-5.724731597686132795e-02
-5.724731597686132795e-02
-5.272215670313023378e-02
-4.378058742838653039e-02
-5.219624258478102602e-02
-5.219624258478102602e-02
-5.219524537514089874e-02
-5.219524537514089874e-02
-4.496548616863345338e-02
-5.250313741299207637e-02
-5.250313741299207637e-02
-5.250313741299207637e-02
-5.250313741299207637e-02
-5.250413462263220366e-02
-5.250413462263220366e-02
-5.250413462263220366e-02
-5.250413462263220366e-02
-5.250413462263220366e-02
-5.250413462263220366e-02
-5.250413462263220366e-02
-5.250413462263220366e-02
-5.250413462263220366e-02
-5.253048232590946942e-02
-5.094344099096768247e-02
-5.095016503311251832e-02
-5.095016503311251832e-02
-1.935092002210379858e-01
1.671836919811897915e-01
1.671836919811897915e-01
1.671836919811897915e-01
1.671836919811897915e-01
1.671836919811897915e-01
1.671836919811897915e-01
-1.929700089686231246e-01
-1.929700089686231246e-01
-5.644533505403288853e-02
-5.644533505403288853e-02
-5.644533505403288853e-02
-5.644533505403288853e-02
-5.644533505403288853e-02
-5.644750042353715441e-02
-5.644750042353715441e-02
-5.644750042353715441e-02
-5.644750042353715441e-02
-5.644750042353715441e-02
-5.644750042353715441e-02
-5.608202309043183731e-02
-5.608202309043183731e-02
-5.608202309043183731e-02
-1.880079507827758789e-01
-1.880067826229117334e-01
-1.880079507827758789e-01
2.490212823875091463e-01
2.490212823875091463e-01
2.490212823875091463e-01
2.490212823875091463e-01
2.475565523763915421e-01
2.475565523763915421e-01
2.475565523763915421e-01
2.475565523763915421e-01
2.475565523763915421e-01
2.475565523763915421e-01
2.475565523763915421e-01
7.711575289985189707e-02
7.711575289985189707e-02
7.711575289985189707e-02
7.711575289985189707e-02
-1.384059882528695107e-01
-1.384059882528695107e-01
-1.384059882528695107e-01
-1.384059882528695107e-01
-1.384059882528695107e-01
-1.384059882528695107e-01
-1.384059882528695107e-01
-1.386183511686598646e-01
-1.717444302702952896e-01
-1.617674048042661850e-01
-1.617674048042661850e-01
-1.908491862435641728e-01
-1.903995729085364019e-01
-1.172989920266043762e-01
-6.796713797357752107e-02
-5.627437770708568904e-02
-5.627437770708568904e-02
-5.627437770708568904e-02
-5.619901358853334611e-02
-5.619901358853334611e-02
-5.619901358853334611e-02
-3.799869613027481163e-01
-3.799869613027481163e-01
-5.368746275769592513e-02
-1.228449307025960419e-01
-1.480281673528496128e-02
-1.480281673528496128e-02
-1.480281673528496128e-02
-1.480281673528496128e-02
-1.480281673528496128e-02
-1.480281673528496128e-02
-1.480281673528496128e-02
-1.480281673528496128e-02
-1.480281673528496128e-02
-1.480281673528496128e-02
-1.641926507022139006e-02
-2.950368124998778083e-02
-2.950368124998778083e-02
-2.950368124998778083e-02
-2.925435034825286593e-02
-2.925435034825286593e-02
-2.925435034825286593e-02
-1.015527312773819302e-01
-1.015527312773819302e-01
-1.015527312773819302e-01
-1.015527312773819302e-01
-1.015523680081558966e-01
-1.444243906104997754e-01
-1.971273189748906085e-01
-1.967919003895090280e-01
-1.967920570938810343e-01
-1.967920570938810343e-01
8.389515442556449987e-02
1.115112798733647326e-01
1.115112798733647326e-01
2.558900054052728468e-01
2.415094446269777373e-01
2.415094446269777373e-01
2.415094446269777373e-01
2.415094446269777373e-01
-2.557945866885650288e-01
-2.557945866885650288e-01
-2.557945866885650288e-01
-2.557945866885650288e-01
-2.557945866885650288e-01
-2.557945866885650288e-01
-6.296434377393120285e-02
-6.296434377393120285e-02
-6.296434377393120285e-02
5.131224116905241245e-02
5.131224116905241245e-02
1.744907028816398142e-01
-5.254360987852909476e-02
-5.254348166586107760e-02
-5.254348166586107760e-02
-5.368646910951880430e-02
-5.368646910951880430e-02
-5.368980263888721571e-02
-5.368980263888721571e-02
-5.368980263888721571e-02
-5.212886682773867214e-02
-5.212886682773867214e-02
-4.795189754570874929e-02
-4.795189754570874929e-02
-4.794450394851983155e-02
-4.794450394851983155e-02
6.240390910701131277e-01
6.240390910701131277e-01
6.240390910701131277e-01
7.138883492002978670e-02
7.138883492002978670e-02
7.142122998748180740e-02
7.142122998748180740e-02
7.142122998748180740e-02
7.142122998748180740e-02
7.142122998748180740e-02
-7.484130290680587883e-02
-7.484130290680587883e-02
-7.484130290680587883e-02
-7.484130290680587883e-02
-7.484130290680587883e-02
-2.048417648040541661e-02
-2.048417648040541661e-02
-2.048417648040541661e-02
-2.048417648040541661e-02
4.888086884245133601e-01
4.888086884245133601e-01
4.888086884245133601e-01
4.888086884245133601e-01
4.888086884245133601e-01
-1.010711858650922279e-01
-1.010724679917723856e-01
-1.010725534668844017e-01
-5.275380742481516200e-02
-5.275380742481516200e-02
-5.275380742481516200e-02
-5.275380742481516200e-02
-5.275380742481516200e-02
-5.275380742481516200e-02
-5.275380742481516200e-02
-2.105798764620866459e-01
-2.121002365252711575e-01
-1.283223040929032110e-01
-1.283225177806832373e-01
-4.889167503348727795e-02
-4.889167503348727795e-02
-4.889167503348727795e-02
-4.889167503348727795e-02
-4.889159668130126785e-02
-4.889159668130126785e-02
-4.889159668130126785e-02
-4.889159668130126785e-02
6.539744982072089041e-02
6.539744982072089041e-02
6.539744982072089041e-02
6.539744982072089041e-02
6.505349796999024270e-02
6.505349796999024270e-02
6.505349796999024270e-02
8.215503642481553070e-01
8.215503642481553070e-01
8.215503642481553070e-01
8.215503642481553070e-01
2.657502433765914773e-01
2.657502433765914773e-01
2.657502433765914773e-01
2.657502433765914773e-01
2.657502433765914773e-01
-5.837364645806598223e-02
-1.234647107397848914e-01
-1.234647107397848914e-01
-1.257939075420737018e-01
-1.257939075420737018e-01
-1.257939075420737018e-01
-1.257939075420737018e-01
3.703888754999660193e-01
3.703888754999660193e-01
3.703888754999660193e-01
3.703888754999660193e-01
3.703888754999660193e-01
3.703888754999660193e-01
3.703888754999660193e-01
3.703888754999660193e-01
-1.369511591088931335e-01
5.626268756093303347e-01
5.626268756093303347e-01
5.626268756093303347e-01
5.626268756093303347e-01
5.626268756093303347e-01
5.626268756093303347e-01
5.626268756093303347e-01
5.626268756093303347e-01
-1.440971633900191839e-01
-8.276740292062266524e-02
-7.923309251409643705e-02
-7.923309251409643705e-02
-7.923309251409643705e-02
-7.923309251409643705e-02
-7.923309251409643705e-02
-7.923309251409643705e-02
-7.931148743766215647e-02
-7.931148743766215647e-02
-7.931148743766215647e-02
-7.931148743766215647e-02
-7.931148743766215647e-02
-1.039101562354122349e-01
-1.039101562354122349e-01
-1.015052997131420526e-01
-1.015052997131420526e-01
-1.015052997131420526e-01
2.678921357167610151e-01
2.678921357167610151e-01
2.678921357167610151e-01
2.678921357167610151e-01
2.678921357167610151e-01
2.678921357167610151e-01
2.678921357167610151e-01
2.678921357167610151e-01
-3.390789145949237721e-02
-3.390789145949237721e-02
-3.293534138918378928e-02
-3.293534138918378928e-02
-3.293534138918378928e-02
-3.293534138918378928e-02
-3.293534138918378928e-02
-3.293534138918378928e-02
-3.293534138918378928e-02
6.653244249223522200e-01
6.653244249223522200e-01
7.570754330655128650e-02
-8.832792934906413818e-02
-8.832792934906413818e-02
-8.832792934906413818e-02
-8.832792934906413818e-02
-2.056766109074506799e-01
-1.104704708031896826e-01
4.384551574805498064e-01
-3.060107306358235066e-02
-3.060107306358235066e-02
-3.060107306358235066e-02
-3.077108306137142993e-02
-3.077108306137142993e-02
-3.077108306137142993e-02
-3.077108306137142993e-02
5.711867522099277616e-01
5.711867522099277616e-01
1.085914999075646981e-01
-2.047568987022166387e-01
-1.254086854580939436e-01
-1.254098536179580892e-01
-1.254098536179580892e-01
-1.254098536179580892e-01
-1.254098536179580892e-01
3.719878299286442924e-02
3.719878299286442924e-02
3.030046279298187484e-01
5.065873977559017804e-01
-1.891927070645027797e-01
-1.882382492262364149e-01
-1.882382492262364149e-01
-1.882382492262364149e-01
-1.882382492262364149e-01
-1.882382492262364149e-01
-1.882382492262364149e-01
-1.882382492262364149e-01
3.954281827459827370e-01
3.954281827459827370e-01
3.954281827459827370e-01
3.954281827459827370e-01
-1.123707819851133133e-01
-1.123707819851133133e-01
-1.092708988353809363e-01
-1.092708988353809363e-01
-1.092708988353809363e-01
-1.092708988353809363e-01
-1.092708988353809363e-01
-1.092708988353809363e-01
2.371229188620018261e-02
2.371229188620018261e-02
2.371229188620018261e-02
2.371229188620018261e-02
-2.119586185105216125e-01
-2.119586185105216125e-01
-2.119586185105216125e-01
-2.119586185105216125e-01
-2.122521115534619918e-01
-2.122521115534619918e-01
-2.122521115534619918e-01
-2.122521115534619918e-01
-2.174001350913403185e-01
-1.443081302123133403e-01
-1.443081302123133403e-01
-1.443081302123133403e-01
-1.443081302123133403e-01
-1.443081302123133403e-01
-1.443081302123133403e-01
-1.443081302123133403e-01
-6.959487614622535123e-02
-6.959487614622535123e-02
-4.723168425190744923e-02
-4.723168425190744923e-02
-4.723971891243644583e-02
-2.202150869551853518e-01
-2.278885439066768159e-01
-2.278885439066768159e-01
-2.278885439066768159e-01
-1.853859589842947464e-01
-1.853859589842947464e-01
-1.854528432594430565e-01
-1.854528432594430565e-01
-1.854528432594430565e-01
-1.854528432594430565e-01
-1.854528432594430565e-01
-1.797127478665193068e-01
2.760256624586495677e-01
2.760256624586495677e-01
2.760256624586495677e-01
-5.385391129248456171e-02
-5.374676823957928035e-02
-5.374676823957928035e-02
-5.374676823957928035e-02
-5.374676823957928035e-02
-5.374676823957928035e-02
-5.374676823957928035e-02
1.861240152077282828e-02
6.209495504089340701e-02
-1.450198387324695970e-01
-1.450198387324695970e-01
-1.450198387324695970e-01
-1.450198387324695970e-01
1.233784360793306958e-02
-2.289764853781997289e-01
-2.289764853781997289e-01
-2.289764853781997289e-01
-2.178750775512272031e-01
-2.178750775512272031e-01
-2.237991438769017516e-01
-1.888206481477726351e-01
-1.888206481477726351e-01
-1.888206481477726351e-01
-5.995854023081850087e-02
-5.015792399929768219e-01
-2.088288333174375400e-01
-2.088288333174375400e-01
-2.088166388681240160e-01
-2.088166388681240160e-01
-4.957450721163594171e-02
-4.957450721163594171e-02
-5.614781399643899856e-02
-2.867616214442207379e-01
-2.867616214442207379e-01
-2.867722488498140598e-01
-2.867776907652787033e-01
-2.867778332237987393e-01
-2.867778332237987393e-01
-2.163662281364601148e-01
-2.163662281364601148e-01
-2.163662281364601148e-01
-2.163662281364601148e-01
-2.163662281364601148e-01
-2.163662281364601148e-01
-2.141499012195813012e-01
-1.502480949088218776e-01
-6.019300558598957712e-02
-6.019300558598957712e-02
8.947254794277606504e-02
-3.224047502755662820e-02
-4.831922327811129930e-02
-4.831922327811129930e-02
-4.831922327811129930e-02
-4.526391896075545457e-02
-4.526391896075545457e-02
-4.526391896075545457e-02
-4.526391896075545457e-02
-4.508268323158898250e-02
-4.508268323158898250e-02
-3.482812007686147959e-02
-3.482812007686147959e-02
-1.402285313287155166e-01
-1.402285313287155166e-01
2.796240507074796988e-01
-2.213499115256460648e-01
-4.973312408928660944e-02
-4.973312408928660944e-02
-4.973312408928660944e-02
-5.135485051238969367e-02
-5.135591895128983203e-02
-5.135591895128983203e-02
-5.135591895128983203e-02
-5.135591895128983203e-02
-5.135591895128983203e-02
-2.195425830197379746e-01
-8.727169914409717288e-02
-8.727169914409717288e-02
-1.125092302977924730e-01
-1.125092302977924730e-01
-1.125092302977924730e-01
-1.125092302977924730e-01
-1.125106691288446509e-01
-1.125106691288446509e-01
-6.784198816374199803e-02
-6.784198816374199803e-02
-2.231823127310772759e-01
-2.255500160713268532e-01
-2.255500160713268532e-01
-2.255500160713268532e-01
-2.127070955746944159e-01
-2.127070955746944159e-01
-2.127070955746944159e-01
-2.130957224173025966e-01
-2.130957224173025966e-01
-2.161260430717103498e-01
-2.161260430717103498e-01
3.949381539288259746e-01
3.929946208319289869e-01
3.929946208319289869e-01
3.929946208319289869e-01
4.020685732478621044e-01
4.020685732478621044e-01
4.020685732478621044e-01
-1.952739621211648235e-01
-8.758761515808834164e-02
-1.184027606397012322e-01
-1.424557705682276687e-01
-1.119703025936396451e-01
-4.788196465823207904e-02
-4.858026070872866614e-02
-6.581703289972892779e-02
-6.581703289972892779e-02
-6.581703289972892779e-02
-2.233266374577071722e-01
-2.265535366238873027e-01
-2.239009589811583878e-01
-2.239009589811583878e-01
-2.239009589811583878e-01
-2.209537913648849661e-01
-2.209537913648849661e-01
-2.209537913648849661e-01
-2.209537913648849661e-01
-2.209537913648849661e-01
-2.863392924772393752e-02
-2.863392924772393752e-02
-1.317345987770343063e-01
-1.318780402608401014e-01
5.740315491337164705e-02
5.816956038228868198e-02
-5.309505612512847167e-02
-5.309505612512847167e-02
-1.788567716031411736e-01
-6.899171389539655863e-02
-6.898816667824812787e-02
5.356352384528055566e-02
4.159401653487641154e-02
4.159401653487641154e-02
4.159401653487641154e-02
-8.781452308877248092e-02
6.299664481876000588e-01
6.299664481876000588e-01
6.299664481876000588e-01
6.299664481876000588e-01
6.299664481876000588e-01
3.700350655196501526e-01
3.687030213740769558e-01
3.687030213740769558e-01
3.687030213740769558e-01
3.687030213740769558e-01
3.687030213740769558e-01
3.687030213740769558e-01
3.687030213740769558e-01
4.537216393031308082e-01
-1.346430034300109269e-01
-1.346430034300109269e-01
-1.346430034300109269e-01
-1.971614662821388475e-01
-1.971614662821388475e-01
-1.971614662821388475e-01
5.026562264043104022e-01
5.026562264043104022e-01
5.026562264043104022e-01
-2.148568658710209855e-01
-2.148568658710209855e-01
-2.148568658710209855e-01
-2.148568658710209855e-01
4.774286174865343124e-01
4.774286174865343124e-01
4.774286174865343124e-01
4.774286174865343124e-01
4.774286174865343124e-01
4.774286174865343124e-01
4.774286174865343124e-01
4.774286174865343124e-01
2.503505343460900034e-01
2.496485272511469455e-01
2.496485272511469455e-01
2.496485272511469455e-01
2.496485272511469455e-01
2.496485272511469455e-01
2.496485272511469455e-01
2.496485272511469455e-01
2.496485272511469455e-01
5.299674621275688446e-01
-5.039139641858423474e-02
-5.749607704451617507e-02
-5.749607704451617507e-02
-5.750658336036747198e-02
-6.011483147312988301e-02
-6.011483147312988301e-02
-6.010537935032671253e-02
-6.773854903235718150e-02
-5.254944711638681598e-02
-5.257203035327261825e-02
-5.090636616113308754e-02
-5.090636616113308754e-02
-5.088767560330676593e-02
-5.095074555158159157e-02
-5.095074555158159157e-02
-5.095074555158159157e-02
-5.095074555158159157e-02
-5.096180033273495918e-02
-2.351143676965687934e-01
-2.351084414221360497e-01
-2.351084414221360497e-01
-2.351084414221360497e-01
-2.351084414221360497e-01
-2.351084414221360497e-01
-2.350908335490618783e-01
-2.350908335490618783e-01
-2.351019595594752432e-01
-2.351056349892917119e-01
-2.351158492651769794e-01
-2.351099942200042536e-01
-8.045255881422563871e-02
-9.642921060494664964e-02
-9.642921060494664964e-02
-9.642921060494664964e-02
-9.642921060494664964e-02
-9.057185048127036620e-02
-9.057185048127036620e-02
-9.057185048127036620e-02
-9.057185048127036620e-02
-9.057185048127036620e-02
-6.186383746094274716e-02
-6.186383746094274716e-02
-6.186383746094274716e-02
-6.186383746094274716e-02
-6.053841051362440079e-02
-6.053841051362440079e-02
-6.053841051362440079e-02
-6.053841051362440079e-02
-6.053841051362440079e-02
-6.053841051362440079e-02
-6.103769201165631236e-02
-6.103769201165631236e-02
2.448082426082107688e-01
2.255397020744775716e-01
2.255397020744775716e-01
2.255397020744775716e-01
2.255397020744775716e-01
2.255397020744775716e-01
1.320573919760793281e-02
1.024553662675288523e-02
-2.000243269462658180e-01
-2.000243269462658180e-01
-2.016458895420708830e-01
-2.016184092935594807e-01
-2.016184092935594807e-01
-2.016184092935594807e-01
4.857683386902963973e-01
4.857683386902963973e-01
4.857683386902963973e-01
4.857683386902963973e-01
4.857683386902963973e-01
4.857683386902963973e-01
4.857683386902963973e-01
4.857683386902963973e-01
4.857683386902963973e-01
4.857683386902963973e-01
4.857683386902963973e-01
4.857683386902963973e-01
4.857683386902963973e-01
4.411777962234234018e-01
4.411777962234234018e-01
4.411777962234234018e-01
4.411777962234234018e-01
4.429385265474337641e-01
4.429385265474337641e-01
4.429385265474337641e-01
-1.637186733988001408e-01
-1.704647966142366078e-01
-2.233302843958196171e-01
-2.233302843958196171e-01
-1.955248743124719246e-01
-1.955248743124719246e-01
-1.955248743124719246e-01
-1.258969905271584699e-01
-1.267561293696810032e-01
-1.267561293696810032e-01
-1.267561293696810032e-01
2.229135504872119533e-01
2.229135504872119533e-01
2.229135504872119533e-01
2.229135504872119533e-01
2.189036850491627439e-01
6.776713618356912106e-01
6.776713618356912106e-01
6.776713618356912106e-01
6.776713618356912106e-01
6.776713618356912106e-01
6.776713618356912106e-01
6.776713618356912106e-01
6.776713618356912106e-01
6.776713618356912106e-01
6.776713618356912106e-01
6.776713618356912106e-01
-1.558734684555753702e-01
-1.914749495385937583e-01
-1.914749495385937583e-01
-1.914749495385937583e-01
-1.914749495385937583e-01
-1.914749780302977544e-01
5.267213595528903031e-02
5.262426989256309418e-02
5.262426989256309418e-02
-2.204154691094422081e-01
-2.207743506130707134e-01
-2.207743506130707134e-01
-2.207743506130707134e-01
-2.207743506130707134e-01
-2.207743506130707134e-01
-2.207743506130707134e-01
-2.207743506130707134e-01
-2.207743506130707134e-01
-4.294865104026137498e-02
-4.294865104026137498e-02
-4.294865104026137498e-02
-4.331227641260646660e-02
-2.074033078910287875e-01
-2.074033078910287875e-01
-6.458901908839866091e-02
-6.458901908839866091e-02
-6.458901908839866091e-02
-6.458901908839866091e-02
-4.389601444423084364e-02
-4.389601444423084364e-02
-4.389601444423084364e-02
-4.389601444423084364e-02
-4.389601444423084364e-02
8.573389076138089315e-01
8.573389076138089315e-01
-2.468756647570411258e-02
8.343359024529246604e-01
8.343359024529246604e-01
8.358488119355123036e-01
1.691319974385073754e-01
-2.088100145469432012e-01
-2.088100145469432012e-01
-2.138216482977566002e-01
8.277101424410511499e-02
8.277101424410511499e-02
1.590559633010660001e-01
1.590559633010660001e-01
1.590559633010660001e-01
1.590559633010660001e-01
1.590559633010660001e-01
-2.130281828329622373e-01
-2.130281828329622373e-01
-4.446172435014698887e-02
-4.449955777160068127e-02
-4.449955777160068127e-02
-4.449955777160068127e-02
-9.864277382653711956e-02
-9.864277382653711956e-02
-9.864246041779307916e-02
-9.864246041779307916e-02
-9.864246041779307916e-02
-9.864246041779307916e-02
-9.864239631145907405e-02
-9.864306586650314901e-02
-4.458309900920203600e-02
-4.459103394876702542e-02
-4.459103394876702542e-02
-4.509076775259998615e-02
-4.509076775259998615e-02
-1.875527815654674246e-01
-1.875527815654674246e-01
-1.875527815654674246e-01
-1.795086617907420135e-01
3.941686499870985516e-01
3.941686499870985516e-01
3.941686499870985516e-01
3.941686499870985516e-01
3.926698723896967502e-01
3.926698723896967502e-01
3.786225505814269643e-01
3.786225505814269643e-01
3.786225505814269643e-01
3.786225505814269643e-01
3.786225505814269643e-01
3.786225505814269643e-01
3.786225505814269643e-01
3.786225505814269643e-01
3.786225505814269643e-01
3.786225505814269643e-01
-1.331056195736843029e-01
-1.331056195736843029e-01
6.919259322988826622e-01
6.919259322988826622e-01
-2.071762575018246122e-01
4.282402262860912634e-01
8.440398349360799246e-01
6.062559370329001496e-01
-2.158646886708859292e-01
-2.158646886708859292e-01
-2.158646886708859292e-01
-2.158646886708859292e-01
-2.129944486554220529e-01
2.650613673957310373e-02
1.882631367296835057e-01
1.882631367296835057e-01
2.780271761731937241e-01
2.780271761731937241e-01
2.780271761731937241e-01
2.780271761731937241e-01
4.036935975857036119e-01
4.036935975857036119e-01
4.065386081972723886e-01
4.065386081972723886e-01
-1.258215587408091363e-01
-1.258215587408091363e-01
-1.258215587408091363e-01
-1.258215587408091363e-01
-1.258215587408091363e-01
-1.258215587408091363e-01
-1.258215587408091363e-01
-1.258215587408091363e-01
-1.681664705732356380e-01
-1.683931790619917490e-01
5.082129634361194359e-01
4.732627599690657494e-01
4.732627599690657494e-01
4.732627599690657494e-01
4.732627599690657494e-01
4.732627599690657494e-01
4.732627599690657494e-01
4.732627599690657494e-01
4.732627599690657494e-01
4.732627599690657494e-01
-1.799402398771355327e-01
-1.807972133501537793e-01
-1.807972133501537793e-01
-1.807972133501537793e-01
-1.807972133501537793e-01
-1.807972133501537793e-01
-1.807972133501537793e-01
-1.807972133501537793e-01
1.304670028659171421e-01
1.304670028659171421e-01
1.304670028659171421e-01
1.323695364007530240e-01
1.323695364007530240e-01
1.323695364007530240e-01
1.323695364007530240e-01
1.323695364007530240e-01
1.323695364007530240e-01
1.323695364007530240e-01
1.323695364007530240e-01
1.323695364007530240e-01
1.323695364007530240e-01
-1.579635058944585391e-01
-1.579635058944585391e-01
-1.579635058944585391e-01
-1.874063199610372654e-01
-1.874063199610372654e-01
-1.697484866838838147e-01
-4.310949739375032064e-02
-7.110934554960714193e-02
-7.110965895835116846e-02
-7.110965895835116846e-02
-7.110948088520115118e-02
-7.110948088520115118e-02
-7.110948088520115118e-02
-7.110948088520115118e-02
-7.154147922422872397e-02
-4.510444377052168219e-02
-4.249842157213454957e-02
-4.249842157213454957e-02
-4.249842157213454957e-02
-4.249842157213454957e-02
-4.249842157213454957e-02
-4.127395141648972782e-02
-4.213645940301066761e-02
-4.213645940301066761e-02
-4.213645940301066761e-02
-1.979655164149705382e-01
-1.979655164149705382e-01
-1.979655164149705382e-01
-1.979655164149705382e-01
-6.866859660321850134e-02
-2.144271967287957048e-01
-2.144271967287957048e-01
-2.144271967287957048e-01
-2.144271967287957048e-01
-2.144271967287957048e-01
-2.144271967287957048e-01
-2.144271967287957048e-01
-2.144271967287957048e-01
-2.144271967287957048e-01
-7.206233606511730505e-02
-7.206233606511730505e-02
-4.203482237190406950e-02
-4.202356102589667464e-02
-4.231372410093164893e-02
-4.229450288511826805e-02
-4.207486390041803581e-02
-4.257054475935649618e-02
3.463645852090751487e-01
3.463645852090751487e-01
3.463645852090751487e-01
3.463645852090751487e-01
7.260579110103628775e-01
7.260579110103628775e-01
7.260579110103628775e-01
7.260579110103628775e-01
7.260579110103628775e-01
7.260579110103628775e-01
-7.420311722883074501e-02
-7.420311722883074501e-02
-7.420311722883074501e-02
-7.420311722883074501e-02
-7.420311722883074501e-02
-7.420311722883074501e-02
-7.420311722883074501e-02
-7.420311722883074501e-02
-7.420311722883074501e-02
7.144389371343141670e-01
7.144389371343141670e-01
7.144389371343141670e-01
2.014246657063354651e-01
8.637951847244175196e-01
8.637951847244175196e-01
5.405938990029504065e-01
5.405938990029504065e-01
-8.605818761010469720e-02
-8.605818761010469720e-02
-8.605818761010469720e-02
-8.605818761010469720e-02
-8.605818761010469720e-02
-8.605818761010469720e-02
2.673794275032174705e-01
2.673794275032174705e-01
2.673794275032174705e-01
2.673794275032174705e-01
6.469324886456957746e-02
6.469324886456957746e-02
9.081627511157588373e-01
9.081627511157588373e-01
9.081627511157588373e-01
9.081627511157588373e-01
9.081627511157588373e-01
9.081627511157588373e-01
4.453327984016666186e-01
4.453327984016666186e-01
4.453327984016666186e-01
4.453327984016666186e-01
4.453327984016666186e-01
1.269877384315257207e-01
-1.304927593663363361e-01
-1.304927593663363361e-01
-1.304927593663363361e-01
-1.304927593663363361e-01
-2.195697925970613584e-01
-1.936423303790917386e-03
-1.936423303790917386e-03
-4.820642172827262466e-04
1.107182061695003994e-01
1.107182061695003994e-01
1.107182061695003994e-01
5.441581541903843799e-01
-1.715609579423645337e-01
-1.715609579423645337e-01
-1.715609579423645337e-01
-2.109351110276027064e-01
-2.109351110276027064e-01
-2.109351110276027064e-01
-1.147874055811369531e-01
-1.147874055811369531e-01
-1.147874055811369531e-01
-1.147874055811369531e-01
-1.147874055811369531e-01
7.287569871140255895e-01
-2.342661269308276006e-01
3.291820078005526229e-01
3.291820078005526229e-01
3.291820078005526229e-01
3.291820078005526229e-01
3.291820078005526229e-01
-2.249892708448333334e-01
-4.322077815436952131e-01
-4.324769426714165643e-01
-4.324769426714165643e-01
-4.324769426714165643e-01
-4.324769426714165643e-01
4.268125354901782242e-01
4.268125354901782242e-01
-2.321632967168468786e-01
-2.321632967168468786e-01
-2.321632967168468786e-01
-2.321632967168468786e-01
5.713780455106074463e-01
5.713780455106074463e-01
5.713780455106074463e-01
5.713780455106074463e-01
5.746968161763469363e-01
5.746968161763469363e-01
5.746968161763469363e-01
3.896618607395237466e-01
3.901334269324862047e-01
3.533482437607891047e-01
-2.258202313920963655e-01
-2.258202313920963655e-01
-2.258202313920963655e-01
-2.258202313920963655e-01
-2.258202313920963655e-01
-2.265851339236271966e-01
-2.265851339236271966e-01
-2.265851339236271966e-01
-2.265851339236271966e-01
-2.265851339236271966e-01
-1.809473218926963833e-01
-1.809473218926963833e-01
-1.809473218926963833e-01
3.233906700779785037e-01
3.233906700779785037e-01
3.233906700779785037e-01
3.233906700779785037e-01
3.933511945075331973e-01
3.933511945075331973e-01
3.933511945075331973e-01
2.812681359952995952e-01
2.783936649617911874e-01
2.783936649617911874e-01
2.783936649617911874e-01
2.783936649617911874e-01
2.783936649617911874e-01
2.783936649617911874e-01
2.783936649617911874e-01
2.783936649617911874e-01
2.783936649617911874e-01
-1.761113679887687522e-01
-2.223825933372541308e-01
2.038661483141021857e-01
2.038661483141021857e-01
2.038661483141021857e-01
2.038661483141021857e-01
2.038661483141021857e-01
-7.929115860685563566e-02
-7.929115860685563566e-02
-7.929115860685563566e-02
-7.929115860685563566e-02
-5.992551834587840631e-02
5.467892490882946266e-01
5.467892490882946266e-01
6.591667978531087213e-01
4.318130574764302287e-01
4.318130574764302287e-01
4.318130574764302287e-01
4.318130574764302287e-01
4.318130574764302287e-01
4.318130574764302287e-01
4.318130574764302287e-01
5.313413320946192009e-01
5.313413320946192009e-01
5.313413320946192009e-01
5.313413320946192009e-01
5.313413320946192009e-01
5.313413320946192009e-01
5.313413320946192009e-01
5.313413320946192009e-01
5.313413320946192009e-01
5.318693973366206418e-01
5.061534691039279998e-01
5.692050972130739961e-01
5.692050972130739961e-01
5.692050972130739961e-01
5.692050972130739961e-01
5.692050972130739961e-01
5.692050972130739961e-01
-1.746811984146074415e-01
-1.746811984146074415e-01
-1.746811984146074415e-01
-1.105966463143693290e-01
-1.638395921905911323e-01
-1.638395921905911323e-01
-1.638395921905911323e-01
-2.683112201909489958e-01
-2.683112201909489958e-01
-2.683112201909489958e-01
-2.679939365751656810e-01
-2.679939365751656810e-01
-2.679939365751656810e-01
-6.954671092060737969e-02
-1.148041515801650342e-01
-1.151828989244099988e-01
-1.119112891517223402e-01
-1.761998062379957208e-01
-1.761998062379957208e-01
-2.083333910765201025e-01
-2.083333910765201025e-01
-1.588734454452193634e-01
-1.588734454452193634e-01
-1.588734454452193634e-01
-1.584220798703953881e-01
-1.584220798703953881e-01
-1.584220798703953881e-01
-1.584220798703953881e-01
-1.584220798703953881e-01
-1.584220798703953881e-01
-1.584220798703953881e-01
-1.584220798703953881e-01
-6.234285423450214303e-02
-6.234285423450214303e-02
-6.195936302154059216e-02
-6.195936302154059216e-02
-6.195936302154059216e-02
-6.195936302154059216e-02
-6.195936302154059216e-02
-6.195936302154059216e-02
-6.195936302154059216e-02
-6.195936302154059216e-02
-6.195936302154059216e-02
-6.195936302154059216e-02
-5.329080837748474686e-02
-5.329080837748474686e-02
1.598788037126880335e-01
1.433288276081559343e-01
1.433288276081559343e-01
1.433288276081559343e-01
1.433288276081559343e-01
1.433288276081559343e-01
1.433288276081559343e-01
1.433288276081559343e-01
1.433288276081559343e-01
1.433288276081559343e-01
1.433288276081559343e-01
1.433288276081559343e-01
1.433288276081559343e-01
1.433288276081559343e-01
1.433288276081559343e-01
1.427984260464261468e-01
1.427984260464261468e-01
1.427984260464261468e-01
1.427984260464261468e-01
1.427984260464261468e-01
1.427984260464261468e-01
1.427984260464261468e-01
3.705623045022355400e-01
-5.181605997094688304e-02
-5.181605997094688304e-02
-5.181605997094688304e-02
-5.181605997094688304e-02
-5.181605997094688304e-02
2.611425934968441553e-01
2.611425934968441553e-01
-1.120906088137945678e-01
-1.260633250951311013e-01
-6.147649986794072319e-02
-5.171616449524749776e-02
-2.362624266635391379e-01
-5.283836011790864207e-02
-5.283836011790864207e-02
-5.283836011790864207e-02
-5.632795991792733520e-02
-5.632795991792733520e-02
-8.126046957294981443e-02
-6.759509330269938832e-02
-2.567037854550217602e-01
-2.567037854550217602e-01
-1.082908625698454225e-01
-1.082908625698454225e-01
-1.082908625698454225e-01
-1.082908625698454225e-01
7.603456823593343072e-01
7.603456823593343072e-01
7.603456823593343072e-01
7.603456823593343072e-01
7.603456823593343072e-01
-2.515630273016642993e-01
-2.515630273016642993e-01
5.766316877952268882e-01
5.766316877952268882e-01
6.078907910086228661e-01
6.078907910086228661e-01
6.078907910086228661e-01
3.319431103438309494e-01
7.655408169297825416e-02
-2.517006422320013925e-01
-2.431451818455245550e-01
-2.431451818455245550e-01
-2.431391700959798230e-01
-6.191410394973097947e-02
-6.191410394973097947e-02
-9.750997928998665631e-02
-6.715011699249821830e-02
-6.715011699249821830e-02
-6.715011699249821830e-02
-2.742162967959052011e-01
-2.742162967959052011e-01
-2.405080467063655802e-01
-2.405080467063655802e-01
-2.405144003563583488e-01
-2.405144003563583488e-01
-5.434237306592112904e-02
-5.439835214136207187e-02
-5.453168263170960622e-02
-5.453168263170960622e-02
-5.244654576591505774e-02
-5.244654576591505774e-02
-5.244654576591505774e-02
-5.244654576591505774e-02
-4.886858891802581262e-01
-2.873073800344084217e-01
-1.797701159125304204e-01
-1.732257424531429557e-01
-1.732257424531429557e-01
-1.732007837204358747e-01
-1.732007837204358747e-01
-1.732670696698001001e-01
5.776216035591256182e-01
5.776216035591256182e-01
5.776216035591256182e-01
9.067024373187617670e-01
9.067024373187617670e-01
9.067024373187617670e-01
9.067024373187617670e-01
9.067024373187617670e-01
9.067024373187617670e-01
9.067024373187617670e-01
9.067024373187617670e-01
9.067024373187617670e-01
7.967493046310162308e-01
7.967493046310162308e-01
7.967493046310162308e-01
7.967493046310162308e-01
-9.139648587024462589e-02
-9.139648587024462589e-02
-9.139648587024462589e-02
-9.139648587024462589e-02
-9.139648587024462589e-02
-9.139648587024462589e-02
-9.139648587024462589e-02
-9.139648587024462589e-02
-9.139648587024462589e-02
-9.139648587024462589e-02
-9.139648587024462589e-02
-9.139648587024462589e-02
1.351119626320570755e-01
1.351119626320570755e-01
1.351119626320570755e-01
1.336149515203034488e-01
1.336149515203034488e-01
-7.542160768809783034e-02
-7.542160768809783034e-02
-7.573862063269314049e-02
-7.796058178403865446e-02
-7.810862467804099984e-02
-1.091601302131412071e-01
-8.581117878224607531e-02
-8.582453426849773193e-02
-2.517374250218699649e-01
-8.440259167386741923e-02
-8.440259167386741923e-02
-8.440259167386741923e-02
-8.440259167386741923e-02
-8.419580600913577351e-02
-8.930439702867321028e-02
-8.913646692527639470e-02
3.768844141786914514e-01
3.768844141786914514e-01
8.234487095025027070e-01
3.644451071609730031e-01
3.644451071609730031e-01
4.485013323121955220e-01
-2.415332921832286928e-01
-1.862299117485834155e-01
-1.862299117485834155e-01
-1.862299117485834155e-01
-2.600864060294331703e-01
-1.114674026491992986e-01
-1.114674026491992986e-01
8.953989235894401766e-01
8.953989235894401766e-01
8.953989235894401766e-01
8.953989235894401766e-01
-2.386043165199615290e-01
-2.386043165199615290e-01
-2.592367549243438374e-01
