# Variable: dg_gbsa_00000034
# Sample shape: (2000,)
# Date: 2014-03-03 06:24:06.905608
-9.057371383871219983e-01
-9.057371383871219983e-01
-9.057371383871219983e-01
-9.057371383871219983e-01
-9.057371383871219983e-01
-9.057371383871219983e-01
-9.057371383871219983e-01
-9.057371383871219983e-01
-9.057371383871219983e-01
-9.057371383871219983e-01
-9.057371383871219983e-01
-9.057371383871219983e-01
-6.059249773991950416e-01
-6.059249773991950416e-01
-6.059249773991950416e-01
-6.059249773991950416e-01
-6.059249773991950416e-01
-6.059249773991950416e-01
-6.059249773991950416e-01
-6.059249773991950416e-01
-6.059249773991950416e-01
-6.059249773991950416e-01
-6.059249773991950416e-01
-5.958280873344231621e-01
-5.958280873344231621e-01
-5.958280873344231621e-01
-5.958280873344231621e-01
-5.958280873344231621e-01
-5.958280873344231621e-01
-5.958280873344231621e-01
-5.958280873344231621e-01
-5.958280873344231621e-01
-5.958280873344231621e-01
-7.215925771921132270e-01
-7.215925771921132270e-01
-7.215925771921132270e-01
-7.215925771921132270e-01
-7.215925771921132270e-01
-7.215925771921132270e-01
-7.215925771921132270e-01
-7.215925771921132270e-01
-7.215925771921132270e-01
-7.215925771921132270e-01
-7.215925771921132270e-01
-7.215925771921132270e-01
-7.290208202930982262e-01
-7.290208202930982262e-01
-7.290208202930982262e-01
-7.290208202930982262e-01
-7.290208202930982262e-01
-7.290208202930982262e-01
-7.290208202930982262e-01
-7.290208202930982262e-01
-7.290208202930982262e-01
-7.290208202930982262e-01
-7.290208202930982262e-01
-7.238913448545262197e-01
-7.238913448545262197e-01
-2.558010827970778056e-01
-2.558010827970778056e-01
-2.558010827970778056e-01
-2.558010827970778056e-01
-2.558010827970778056e-01
-2.558010827970778056e-01
-2.558010827970778056e-01
-2.558010827970778056e-01
-2.558010827970778056e-01
-2.558010827970778056e-01
-2.558010827970778056e-01
-2.558010827970778056e-01
-2.558010827970778056e-01
-2.558010827970778056e-01
-2.558010827970778056e-01
-2.558010827970778056e-01
-2.558010827970778056e-01
-2.558010827970778056e-01
-2.558010827970778056e-01
-2.558010827970778056e-01
-2.558010827970778056e-01
-4.272626474300260102e-01
-4.272626474300260102e-01
-4.272626474300260102e-01
-4.272626474300260102e-01
-4.272626474300260102e-01
-4.272626474300260102e-01
-4.272626474300260102e-01
-4.272626474300260102e-01
-4.272626474300260102e-01
-4.272626474300260102e-01
-3.869215571401679599e-01
-3.869215571401679599e-01
-3.869215571401679599e-01
-3.869215571401679599e-01
-3.869215571401679599e-01
-3.869215571401679599e-01
-3.869215571401679599e-01
-3.869215571401679599e-01
-3.869215571401679599e-01
-3.869215571401679599e-01
-3.869215571401679599e-01
-3.869215571401679599e-01
-3.869215571401679599e-01
-3.869215571401679599e-01
-3.869215571401679599e-01
-3.869215571401679599e-01
-3.869215571401679599e-01
-3.869215571401679599e-01
-3.869215571401679599e-01
-3.869215571401679599e-01
-3.869215571401679599e-01
-3.869215571401679599e-01
-3.869215571401679599e-01
-3.869215571401679599e-01
-3.869215571401679599e-01
-3.869215571401679599e-01
-3.869215571401679599e-01
-3.869215571401679599e-01
-3.869215571401679599e-01
-3.869215571401679599e-01
-3.869215571401679599e-01
-3.869215571401679599e-01
-3.869215571401679599e-01
-3.869215571401679599e-01
-3.869215571401679599e-01
-3.869215571401679599e-01
-3.869215571401679599e-01
-3.869215571401679599e-01
-3.869215571401679599e-01
-3.869215571401679599e-01
-3.869215571401679599e-01
-3.869215571401679599e-01
-3.869215571401679599e-01
-3.869215571401679599e-01
-3.869215571401679599e-01
-3.869215571401679599e-01
-3.869215571401679599e-01
-3.869215571401679599e-01
-3.869215571401679599e-01
-3.869215571401679599e-01
-3.869215571401679599e-01
-3.869215571401679599e-01
-3.869215571401679599e-01
-3.869215571401679599e-01
-3.869215571401679599e-01
-3.869215571401679599e-01
-3.869215571401679599e-01
-3.869215571401679599e-01
-3.869215571401679599e-01
-3.869215571401679599e-01
-3.869215571401679599e-01
-3.869215571401679599e-01
-3.869215571401679599e-01
-3.869215571401679599e-01
-3.869215571401679599e-01
-3.869215571401679599e-01
-3.869215571401679599e-01
-3.869215571401679599e-01
-3.869215571401679599e-01
-3.869215571401679599e-01
-3.869215571401679599e-01
-3.869215571401679599e-01
-3.869215571401679599e-01
-3.869215571401679599e-01
-3.869215571401679599e-01
-3.869215571401679599e-01
-3.869215571401679599e-01
-3.869215571401679599e-01
-3.869215571401679599e-01
-3.869215571401679599e-01
-3.869215571401679599e-01
-3.869215571401679599e-01
-3.869215571401679599e-01
-3.869215571401679599e-01
-3.869215571401679599e-01
-3.869215571401679599e-01
-3.869215571401679599e-01
-3.869215571401679599e-01
-3.869215571401679599e-01
-3.869215571401679599e-01
-3.869215571401679599e-01
-3.869215571401679599e-01
-3.869215571401679599e-01
-3.869215571401679599e-01
-3.869215571401679599e-01
-3.869215571401679599e-01
-3.869215571401679599e-01
-3.869215571401679599e-01
-3.869215571401679599e-01
-3.869215571401679599e-01
-3.869215571401679599e-01
-3.869215571401679599e-01
-3.869215571401679599e-01
-3.869215571401679599e-01
-3.869215571401679599e-01
-3.869215571401679599e-01
-3.869215571401679599e-01
-3.869215571401679599e-01
-3.869215571401679599e-01
-3.869215571401679599e-01
-3.869215571401679599e-01
-3.869215571401679599e-01
-3.856413109124732230e-01
-3.856413109124732230e-01
-3.856413109124732230e-01
-3.856413109124732230e-01
-3.856413109124732230e-01
-3.856413109124732230e-01
-3.856413109124732230e-01
-3.856413109124732230e-01
-4.156934485608715368e-01
-4.156934485608715368e-01
-4.156934485608715368e-01
-4.156934485608715368e-01
-4.156934485608715368e-01
-4.156934485608715368e-01
-4.156934485608715368e-01
-4.156934485608715368e-01
-4.156934485608715368e-01
-4.156934485608715368e-01
-4.156934485608715368e-01
-4.156934485608715368e-01
-4.156934485608715368e-01
-4.156934485608715368e-01
-4.156934485608715368e-01
-4.156934485608715368e-01
-4.156934485608715368e-01
-4.156934485608715368e-01
-4.156934485608715368e-01
-4.156934485608715368e-01
-4.156934485608715368e-01
-4.156934485608715368e-01
-2.899737191701710071e-01
-2.899737191701710071e-01
-2.899737191701710071e-01
-2.899737191701710071e-01
-2.899737191701710071e-01
-2.899737191701710071e-01
-2.899737191701710071e-01
-2.899737191701710071e-01
-2.899737191701710071e-01
-2.899737191701710071e-01
-2.899737191701710071e-01
-2.899737191701710071e-01
-2.899737191701710071e-01
-2.899737191701710071e-01
-2.899737191701710071e-01
-2.899737191701710071e-01
-2.899737191701710071e-01
-2.899737191701710071e-01
-2.899737191701710071e-01
-2.899737191701710071e-01
-2.899737191701710071e-01
-2.899737191701710071e-01
-2.899737191701710071e-01
-2.899737191701710071e-01
-2.899737191701710071e-01
-2.899737191701710071e-01
-2.899737191701710071e-01
-2.899737191701710071e-01
-2.899737191701710071e-01
-3.252211765850934744e-01
-3.252211765850934744e-01
-3.252211765850934744e-01
-3.252211765850934744e-01
-3.252211765850934744e-01
-3.252211765850934744e-01
-3.252211765850934744e-01
-3.252211765850934744e-01
-3.252211765850934744e-01
-3.252211765850934744e-01
-3.252211765850934744e-01
-3.252211765850934744e-01
-3.252211765850934744e-01
-3.252211765850934744e-01
-3.252211765850934744e-01
-3.252211765850934744e-01
-3.252211765850934744e-01
-3.252211765850934744e-01
-3.252211765850934744e-01
-3.252211765850934744e-01
-3.252211765850934744e-01
-3.252211765850934744e-01
-3.252211765850934744e-01
-3.252211765850934744e-01
-3.252211765850934744e-01
-3.252211765850934744e-01
-3.252211765850934744e-01
-3.252211765850934744e-01
-3.252211765850934744e-01
-3.252211765850934744e-01
-3.252211765850934744e-01
-3.252211765850934744e-01
-3.252211765850934744e-01
-3.252211765850934744e-01
-3.252211765850934744e-01
-3.252211765850934744e-01
-3.252211765850934744e-01
-3.252211765850934744e-01
-3.252211765850934744e-01
-3.252211765850934744e-01
-3.252211765850934744e-01
-3.252211765850934744e-01
-3.252211765850934744e-01
-3.252211765850934744e-01
-3.252211765850934744e-01
-3.252211765850934744e-01
-3.252211765850934744e-01
-3.252211765850934744e-01
-3.252211765850934744e-01
-3.252211765850934744e-01
-3.252211765850934744e-01
-3.653142180998967814e-01
-3.653142180998967814e-01
-3.653142180998967814e-01
-3.653142180998967814e-01
-3.653142180998967814e-01
-3.653142180998967814e-01
-3.653142180998967814e-01
-3.653142180998967814e-01
-3.653142180998967814e-01
-3.653142180998967814e-01
-3.653142180998967814e-01
-3.653142180998967814e-01
-3.653142180998967814e-01
-3.653142180998967814e-01
-3.653142180998967814e-01
-3.653142180998967814e-01
-3.653142180998967814e-01
-3.653142180998967814e-01
-3.653142180998967814e-01
-3.653142180998967814e-01
-3.653142180998967814e-01
-3.653142180998967814e-01
-3.653142180998967814e-01
-3.653142180998967814e-01
-3.653142180998967814e-01
-3.653142180998967814e-01
-3.653142180998967814e-01
-3.653142180998967814e-01
-4.463182124763327985e-01
-4.463182124763327985e-01
-4.463182124763327985e-01
-4.463182124763327985e-01
-4.463182124763327985e-01
-4.463182124763327985e-01
-4.463182124763327985e-01
-4.463182124763327985e-01
-1.510742830956643135e-01
-1.510742830956643135e-01
-1.510742830956643135e-01
-1.510742830956643135e-01
-1.510742830956643135e-01
-1.510742830956643135e-01
-1.510742830956643135e-01
-1.510742830956643135e-01
-1.510742830956643135e-01
-1.510742830956643135e-01
-1.510742830956643135e-01
-1.510742830956643135e-01
-1.590431990176724153e-01
-1.590431990176724153e-01
-1.590431990176724153e-01
-1.590431990176724153e-01
-1.590431990176724153e-01
-1.590431990176724153e-01
-2.492748300614366086e-01
-2.492748300614366086e-01
-2.492748300614366086e-01
-2.492748300614366086e-01
-2.492748300614366086e-01
-2.492748300614366086e-01
-2.492748300614366086e-01
-2.492748300614366086e-01
-2.492748300614366086e-01
-2.492748300614366086e-01
-2.492748300614366086e-01
-2.492748300614366086e-01
-2.492748300614366086e-01
-2.492748300614366086e-01
-2.492748300614366086e-01
-2.492748300614366086e-01
-2.492748300614366086e-01
-2.492748300614366086e-01
-2.492748300614366086e-01
-2.492748300614366086e-01
-2.492748300614366086e-01
-2.492748300614366086e-01
-2.492748300614366086e-01
-2.492748300614366086e-01
-2.492748300614366086e-01
-2.492748300614366086e-01
-2.492748300614366086e-01
-2.492748300614366086e-01
-2.492748300614366086e-01
-2.492748300614366086e-01
-2.492748300614366086e-01
-2.492748300614366086e-01
-2.492748300614366086e-01
-2.712677473319876076e-01
-3.061277745558700358e-01
-3.061277745558700358e-01
-3.061277745558700358e-01
-3.061277745558700358e-01
-3.061277745558700358e-01
-3.061277745558700358e-01
-3.061277745558700358e-01
-3.061277745558700358e-01
-3.061277745558700358e-01
-3.061277745558700358e-01
-3.061277745558700358e-01
-3.061277745558700358e-01
-3.061277745558700358e-01
-3.061277745558700358e-01
-3.061277745558700358e-01
-3.061277745558700358e-01
-3.061277745558700358e-01
-3.061277745558700358e-01
-3.061277745558700358e-01
-3.061277745558700358e-01
-3.061277745558700358e-01
-3.061277745558700358e-01
-3.061277745558700358e-01
-3.061277745558700358e-01
-3.061277745558700358e-01
-3.061277745558700358e-01
-3.061277745558700358e-01
-3.061277745558700358e-01
-3.061277745558700358e-01
-3.061277745558700358e-01
-3.061277745558700358e-01
-3.061277745558700358e-01
-3.061277745558700358e-01
-3.061277745558700358e-01
-3.061277745558700358e-01
-3.061277745558700358e-01
-3.061277745558700358e-01
-3.061277745558700358e-01
-3.061277745558700358e-01
-3.061277745558700358e-01
-3.061277745558700358e-01
-3.061277745558700358e-01
-3.061277745558700358e-01
-3.061277745558700358e-01
-3.061277745558700358e-01
-3.061277745558700358e-01
-2.831227464840015418e-01
-2.831227464840015418e-01
-2.831227464840015418e-01
-2.831227464840015418e-01
-2.831227464840015418e-01
-2.831227464840015418e-01
-2.831227464840015418e-01
-2.831227464840015418e-01
-2.831227464840015418e-01
-2.831227464840015418e-01
-2.831227464840015418e-01
-2.831227464840015418e-01
-2.831227464840015418e-01
-2.831227464840015418e-01
-1.831689482665198598e-01
-1.831689482665198598e-01
-1.831689482665198598e-01
-1.831689482665198598e-01
-1.831689482665198598e-01
-1.831689482665198598e-01
-1.831689482665198598e-01
-1.831689482665198598e-01
-1.831689482665198598e-01
-1.831689482665198598e-01
-1.831689482665198598e-01
-1.831689482665198598e-01
-1.831689482665198598e-01
-1.831689482665198598e-01
-1.831689482665198598e-01
-1.831689482665198598e-01
-1.831689482665198598e-01
-1.831689482665198598e-01
-1.831689482665198598e-01
-1.831689482665198598e-01
-1.831689482665198598e-01
-1.831689482665198598e-01
-1.831689482665198598e-01
-1.831689482665198598e-01
-1.831689482665198598e-01
-1.831689482665198598e-01
-1.831689482665198598e-01
-1.831689482665198598e-01
-1.831689482665198598e-01
-1.831689482665198598e-01
-2.018073520286589040e-01
-2.018073520286589040e-01
-2.018073520286589040e-01
-2.018073520286589040e-01
-2.018073520286589040e-01
-2.018073520286589040e-01
-2.018073520286589040e-01
-2.018073520286589040e-01
-2.018073520286589040e-01
-2.018073520286589040e-01
-2.018073520286589040e-01
-2.018073520286589040e-01
-2.018073520286589040e-01
-2.944080540144648483e-01
-2.944080540144648483e-01
-2.944080540144648483e-01
-2.944080540144648483e-01
-2.944080540144648483e-01
-2.944080540144648483e-01
-2.944080540144648483e-01
-2.944080540144648483e-01
-2.944080540144648483e-01
-2.944080540144648483e-01
-2.944080540144648483e-01
-2.944080540144648483e-01
-2.944080540144648483e-01
-2.944080540144648483e-01
-2.944080540144648483e-01
-2.944080540144648483e-01
-2.944080540144648483e-01
-2.944080540144648483e-01
-2.944080540144648483e-01
-2.944080540144648483e-01
-2.944080540144648483e-01
-2.944080540144648483e-01
-2.944080540144648483e-01
-2.944080540144648483e-01
-2.944080540144648483e-01
-2.944080540144648483e-01
-2.944080540144648483e-01
-2.944080540144648483e-01
-2.944080540144648483e-01
-2.944080540144648483e-01
-2.944080540144648483e-01
-2.944080540144648483e-01
-2.944080540144648483e-01
-2.944080540144648483e-01
-2.944080540144648483e-01
-2.944080540144648483e-01
-2.944080540144648483e-01
-2.944080540144648483e-01
-2.944080540144648483e-01
-2.944080540144648483e-01
-2.944080540144648483e-01
-2.944080540144648483e-01
-2.944080540144648483e-01
-2.944080540144648483e-01
-2.944080540144648483e-01
-2.944080540144648483e-01
-2.944080540144648483e-01
-2.944080540144648483e-01
-2.944080540144648483e-01
-2.944080540144648483e-01
-2.944080540144648483e-01
-2.944080540144648483e-01
-2.944080540144648483e-01
-2.944080540144648483e-01
-2.944080540144648483e-01
-2.944080540144648483e-01
-2.944080540144648483e-01
-2.944080540144648483e-01
-2.944080540144648483e-01
-2.944080540144648483e-01
-2.944080540144648483e-01
-2.944080540144648483e-01
-2.944080540144648483e-01
-2.944080540144648483e-01
-2.944080540144648483e-01
-2.944080540144648483e-01
-2.944080540144648483e-01
-2.944080540144648483e-01
-2.944080540144648483e-01
-2.944080540144648483e-01
-2.944080540144648483e-01
-2.944080540144648483e-01
-2.944080540144648483e-01
-2.944080540144648483e-01
-2.944080540144648483e-01
-2.944080540144648483e-01
-2.944080540144648483e-01
-2.944080540144648483e-01
-2.944080540144648483e-01
-2.944080540144648483e-01
-2.944080540144648483e-01
-2.944080540144648483e-01
-2.944080540144648483e-01
-2.944080540144648483e-01
-2.944080540144648483e-01
-2.944080540144648483e-01
-2.944080540144648483e-01
-2.944080540144648483e-01
-2.944080540144648483e-01
-2.944080540144648483e-01
-2.944080540144648483e-01
-2.944080540144648483e-01
-2.944080540144648483e-01
-2.944080540144648483e-01
-2.944080540144648483e-01
-2.944080540144648483e-01
-1.995085416286898616e-01
-1.995085416286898616e-01
-1.995085416286898616e-01
-1.995085416286898616e-01
-1.995085416286898616e-01
-1.995085416286898616e-01
-1.995085416286898616e-01
-1.995085416286898616e-01
-1.995085416286898616e-01
-1.995085416286898616e-01
-1.995085416286898616e-01
-1.995085416286898616e-01
-1.995085416286898616e-01
-1.995085416286898616e-01
-1.995085416286898616e-01
-1.995085416286898616e-01
-1.995085416286898616e-01
-1.995085416286898616e-01
-1.995085416286898616e-01
-1.995085416286898616e-01
-1.995085416286898616e-01
-1.995085416286898616e-01
-1.995085416286898616e-01
-1.995085416286898616e-01
-2.262086445469245199e-01
-2.262086445469245199e-01
-2.262086445469245199e-01
-2.262086445469245199e-01
-2.262086445469245199e-01
-2.262086445469245199e-01
-2.262086445469245199e-01
-2.262086445469245199e-01
-2.262086445469245199e-01
-2.262086445469245199e-01
-2.262086445469245199e-01
-2.262086445469245199e-01
-2.262086445469245199e-01
-2.262086445469245199e-01
-2.262086445469245199e-01
-2.262086445469245199e-01
-2.262086445469245199e-01
-2.262086445469245199e-01
-2.262086445469245199e-01
-2.262086445469245199e-01
-2.262086445469245199e-01
-1.968107903892633570e-01
-1.968107903892633570e-01
-1.968107903892633570e-01
-1.968107903892633570e-01
-1.968107903892633570e-01
-1.968107903892633570e-01
-1.968107903892633570e-01
-1.968107903892633570e-01
-1.968107903892633570e-01
-1.968107903892633570e-01
-1.968107903892633570e-01
-1.968107903892633570e-01
-1.968107903892633570e-01
-1.968107903892633570e-01
-1.968107903892633570e-01
-1.968107903892633570e-01
-1.968107903892633570e-01
-1.968107903892633570e-01
-1.968107903892633570e-01
-1.968107903892633570e-01
-1.968107903892633570e-01
-1.968107903892633570e-01
-1.968107903892633570e-01
-1.968107903892633570e-01
-1.968107903892633570e-01
-1.968107903892633570e-01
-1.968107903892633570e-01
-1.968107903892633570e-01
-1.968107903892633570e-01
-1.968107903892633570e-01
-1.968107903892633570e-01
-1.968107903892633570e-01
-1.968107903892633570e-01
-1.968107903892633570e-01
-1.968107903892633570e-01
-1.968107903892633570e-01
-1.968107903892633570e-01
-1.968107903892633570e-01
-1.968107903892633570e-01
-1.968107903892633570e-01
-1.968107903892633570e-01
-1.968107903892633570e-01
-1.968107903892633570e-01
-1.968107903892633570e-01
-1.968107903892633570e-01
-1.968107903892633570e-01
-1.968107903892633570e-01
-1.968107903892633570e-01
-1.968107903892633570e-01
-1.968107903892633570e-01
-1.968107903892633570e-01
-1.968107903892633570e-01
-1.968107903892633570e-01
-1.968107903892633570e-01
-1.968107903892633570e-01
-1.968107903892633570e-01
-1.968107903892633570e-01
-1.968107903892633570e-01
-1.968107903892633570e-01
-1.968107903892633570e-01
-1.968107903892633570e-01
-1.968107903892633570e-01
-1.968107903892633570e-01
-1.968107903892633570e-01
-1.968107903892633570e-01
-1.968107903892633570e-01
-1.968107903892633570e-01
-1.968107903892633570e-01
-1.968107903892633570e-01
-1.968107903892633570e-01
-1.968107903892633570e-01
-1.968107903892633570e-01
-1.968107903892633570e-01
-1.968107903892633570e-01
-1.968107903892633570e-01
-1.968107903892633570e-01
-1.968107903892633570e-01
-1.968107903892633570e-01
-1.968107903892633570e-01
-1.968107903892633570e-01
-1.968107903892633570e-01
-1.968107903892633570e-01
-1.968107903892633570e-01
-1.968107903892633570e-01
-1.968107903892633570e-01
-1.968107903892633570e-01
-1.968107903892633570e-01
-1.968107903892633570e-01
-1.968107903892633570e-01
-1.968107903892633570e-01
-1.968107903892633570e-01
-1.331179279898138390e-01
-1.331179279898138390e-01
-1.331179279898138390e-01
-1.331179279898138390e-01
-1.331179279898138390e-01
-1.331179279898138390e-01
-1.331179279898138390e-01
-1.331179279898138390e-01
-1.331179279898138390e-01
-1.331179279898138390e-01
-1.331179279898138390e-01
-1.331179279898138390e-01
-1.331179279898138390e-01
-1.331179279898138390e-01
-1.331179279898138390e-01
-1.331179279898138390e-01
-1.331179279898138390e-01
-1.331179279898138390e-01
-1.331179279898138390e-01
-1.331179279898138390e-01
-1.331179279898138390e-01
-1.331179279898138390e-01
-1.331179279898138390e-01
-1.331179279898138390e-01
-1.331179279898138390e-01
-1.331179279898138390e-01
-1.331179279898138390e-01
-1.331179279898138390e-01
-1.331179279898138390e-01
-1.331179279898138390e-01
-1.331179279898138390e-01
-1.331179279898138390e-01
-1.331179279898138390e-01
-1.331179279898138390e-01
-1.331179279898138390e-01
-1.331179279898138390e-01
-1.331179279898138390e-01
-1.331179279898138390e-01
-1.331179279898138390e-01
-1.331179279898138390e-01
-1.331179279898138390e-01
-1.331179279898138390e-01
-1.331179279898138390e-01
-1.331179279898138390e-01
-1.331179279898138390e-01
-1.331179279898138390e-01
-1.331179279898138390e-01
-1.331179279898138390e-01
-1.331179279898138390e-01
-1.847045371454942575e-01
-1.847045371454942575e-01
-1.847045371454942575e-01
-1.847045371454942575e-01
-1.847045371454942575e-01
-1.847045371454942575e-01
-1.847045371454942575e-01
-1.847045371454942575e-01
-1.847045371454942575e-01
-1.847045371454942575e-01
-1.847045371454942575e-01
-1.847045371454942575e-01
-1.847045371454942575e-01
-1.847045371454942575e-01
-1.847045371454942575e-01
-1.847045371454942575e-01
-1.847045371454942575e-01
-1.847045371454942575e-01
-1.847045371454942575e-01
-1.847045371454942575e-01
-1.847045371454942575e-01
-1.847045371454942575e-01
-1.847045371454942575e-01
-1.847045371454942575e-01
-1.847045371454942575e-01
-1.847045371454942575e-01
-1.847045371454942575e-01
-1.847045371454942575e-01
-1.847045371454942575e-01
-1.847045371454942575e-01
-1.465201121443316101e-01
-1.465201121443316101e-01
-1.465201121443316101e-01
-1.465201121443316101e-01
-1.465201121443316101e-01
-1.465201121443316101e-01
-1.465201121443316101e-01
-1.465201121443316101e-01
-1.465201121443316101e-01
-1.465201121443316101e-01
-1.465201121443316101e-01
-1.465201121443316101e-01
-1.465201121443316101e-01
-1.465201121443316101e-01
-1.465201121443316101e-01
-1.465201121443316101e-01
-1.465201121443316101e-01
-1.465201121443316101e-01
-1.465201121443316101e-01
-1.465201121443316101e-01
-1.465201121443316101e-01
-1.465201121443316101e-01
-1.813551948813589554e-01
-1.807697615933463731e-01
-1.807697615933463731e-01
-1.510310326889869603e-01
-1.510310326889869603e-01
-1.510310326889869603e-01
-1.510310326889869603e-01
-1.510310326889869603e-01
-1.510310326889869603e-01
-1.510310326889869603e-01
-1.510310326889869603e-01
-1.510310326889869603e-01
-1.510310326889869603e-01
-1.510310326889869603e-01
-1.510310326889869603e-01
-1.510310326889869603e-01
-1.510310326889869603e-01
-1.510310326889869603e-01
-1.510310326889869603e-01
-1.510310326889869603e-01
-1.510310326889869603e-01
-1.510310326889869603e-01
-1.510310326889869603e-01
-1.510310326889869603e-01
-1.510310326889869603e-01
-1.510310326889869603e-01
-1.510310326889869603e-01
-1.510310326889869603e-01
-1.510310326889869603e-01
-1.510310326889869603e-01
-1.510310326889869603e-01
-1.510310326889869603e-01
-1.510310326889869603e-01
-1.510310326889869603e-01
-1.510310326889869603e-01
-1.510310326889869603e-01
-1.510310326889869603e-01
-1.510310326889869603e-01
-1.510310326889869603e-01
-1.510310326889869603e-01
-1.510310326889869603e-01
-1.510310326889869603e-01
-1.510310326889869603e-01
-1.510310326889869603e-01
-1.510310326889869603e-01
-1.510310326889869603e-01
-1.510310326889869603e-01
-1.510310326889869603e-01
-1.510310326889869603e-01
-1.510310326889869603e-01
-1.510310326889869603e-01
-1.510310326889869603e-01
-1.510310326889869603e-01
-1.510310326889869603e-01
-1.510310326889869603e-01
-1.510310326889869603e-01
-1.510310326889869603e-01
-1.510310326889869603e-01
-1.510310326889869603e-01
-1.510310326889869603e-01
-1.510310326889869603e-01
-1.510310326889869603e-01
-1.510310326889869603e-01
-1.510310326889869603e-01
-1.510310326889869603e-01
-1.510310326889869603e-01
-1.510310326889869603e-01
-1.510310326889869603e-01
-1.510310326889869603e-01
-1.510310326889869603e-01
-1.510310326889869603e-01
-1.510310326889869603e-01
-1.510310326889869603e-01
-1.510310326889869603e-01
-1.510310326889869603e-01
-1.510310326889869603e-01
-1.510310326889869603e-01
-1.510310326889869603e-01
-1.510310326889869603e-01
-1.510310326889869603e-01
-1.510310326889869603e-01
-1.510310326889869603e-01
-1.510310326889869603e-01
-1.510310326889869603e-01
-1.510310326889869603e-01
-1.510310326889869603e-01
-1.510310326889869603e-01
-1.510310326889869603e-01
-1.510310326889869603e-01
-1.510310326889869603e-01
-1.510310326889869603e-01
-1.510310326889869603e-01
-1.510310326889869603e-01
-1.510310326889869603e-01
-1.510310326889869603e-01
-1.510310326889869603e-01
-1.510310326889869603e-01
-1.510310326889869603e-01
-1.510310326889869603e-01
-1.510310326889869603e-01
-1.510310326889869603e-01
-1.510310326889869603e-01
-1.510310326889869603e-01
-1.510310326889869603e-01
-1.510310326889869603e-01
-1.510310326889869603e-01
-1.510310326889869603e-01
-1.510310326889869603e-01
-1.510310326889869603e-01
-1.510310326889869603e-01
-1.120131541164609695e-01
-1.120131541164609695e-01
-1.120131541164609695e-01
-1.120131541164609695e-01
-1.120131541164609695e-01
-1.120131541164609695e-01
-1.120131541164609695e-01
-1.120131541164609695e-01
-1.120131541164609695e-01
-1.120131541164609695e-01
-1.120131541164609695e-01
-1.120131541164609695e-01
-1.120131541164609695e-01
-1.120131541164609695e-01
-1.120131541164609695e-01
-1.120131541164609695e-01
-1.120131541164609695e-01
-1.120131541164609695e-01
-1.120131541164609695e-01
-1.120131541164609695e-01
-1.120131541164609695e-01
-1.120131541164609695e-01
-1.120131541164609695e-01
-1.120131541164609695e-01
-1.120131541164609695e-01
-1.120131541164609695e-01
-1.120131541164609695e-01
-1.120131541164609695e-01
-1.120131541164609695e-01
-1.120131541164609695e-01
-1.120131541164609695e-01
-1.120131541164609695e-01
-1.120131541164609695e-01
-1.120131541164609695e-01
-1.120131541164609695e-01
-1.120131541164609695e-01
-1.120131541164609695e-01
-1.120131541164609695e-01
-1.120131541164609695e-01
-1.120131541164609695e-01
-1.120131541164609695e-01
-1.120131541164609695e-01
-1.120131541164609695e-01
-1.120131541164609695e-01
-1.120131541164609695e-01
-1.120131541164609695e-01
-1.120131541164609695e-01
-1.120131541164609695e-01
-1.120131541164609695e-01
-1.120131541164609695e-01
-1.120131541164609695e-01
-1.120131541164609695e-01
-1.120131541164609695e-01
-1.120131541164609695e-01
-1.120131541164609695e-01
-1.120131541164609695e-01
-1.120131541164609695e-01
-1.120131541164609695e-01
-1.120131541164609695e-01
-1.119086892837320157e-01
-1.119086892837320157e-01
-1.119086892837320157e-01
-1.119086892837320157e-01
-1.119086892837320157e-01
-1.119086892837320157e-01
-1.119086892837320157e-01
-1.119086892837320157e-01
-1.119086892837320157e-01
-1.119086892837320157e-01
-1.119086892837320157e-01
-1.119086892837320157e-01
-1.119086892837320157e-01
-1.119086892837320157e-01
-1.119086892837320157e-01
-1.119086892837320157e-01
-1.119086892837320157e-01
-1.119086892837320157e-01
-1.119086892837320157e-01
-1.119086892837320157e-01
-1.357423985665432431e-01
-1.357423985665432431e-01
-1.357423985665432431e-01
-1.357423985665432431e-01
-1.357423985665432431e-01
-1.357423985665432431e-01
-1.357423985665432431e-01
-1.357423985665432431e-01
-1.357423985665432431e-01
-1.357423985665432431e-01
-1.357423985665432431e-01
-1.357423985665432431e-01
-1.357423985665432431e-01
-1.357423985665432431e-01
-1.357423985665432431e-01
-1.357423985665432431e-01
-1.357423985665432431e-01
-1.357423985665432431e-01
-1.357423985665432431e-01
-1.357423985665432431e-01
-1.357423985665432431e-01
-1.357423985665432431e-01
-1.357423985665432431e-01
-1.357423985665432431e-01
-1.357423985665432431e-01
-1.357423985665432431e-01
-1.357423985665432431e-01
-1.357423985665432431e-01
-1.357423985665432431e-01
-1.357423985665432431e-01
-1.357423985665432431e-01
-1.357423985665432431e-01
-1.357423985665432431e-01
-1.357423985665432431e-01
-1.357423985665432431e-01
-1.357423985665432431e-01
-1.357423985665432431e-01
-1.357423985665432431e-01
-1.357423985665432431e-01
-1.357423985665432431e-01
-1.357423985665432431e-01
-1.357423985665432431e-01
-1.357423985665432431e-01
-1.357423985665432431e-01
-1.357423985665432431e-01
-1.357423985665432431e-01
-1.357423985665432431e-01
-1.357423985665432431e-01
-1.357423985665432431e-01
-1.357423985665432431e-01
-1.357423985665432431e-01
-1.357423985665432431e-01
-1.357423985665432431e-01
-1.357423985665432431e-01
-1.357423985665432431e-01
-1.357423985665432431e-01
-1.357423985665432431e-01
-1.357423985665432431e-01
-1.357423985665432431e-01
-1.357423985665432431e-01
-1.357423985665432431e-01
-1.357423985665432431e-01
-1.357423985665432431e-01
-1.357423985665432431e-01
-1.357423985665432431e-01
-1.289008851261029542e-01
-1.289008851261029542e-01
-1.289008851261029542e-01
-1.289008851261029542e-01
-1.289008851261029542e-01
-1.289008851261029542e-01
-1.289008851261029542e-01
-1.289008851261029542e-01
-1.289008851261029542e-01
-1.289008851261029542e-01
-1.289008851261029542e-01
-1.289008851261029542e-01
-1.289008851261029542e-01
-1.289008851261029542e-01
-1.289008851261029542e-01
-1.289008851261029542e-01
-1.289008851261029542e-01
-1.289008851261029542e-01
-1.289008851261029542e-01
-1.289008851261029542e-01
-1.289008851261029542e-01
-1.289008851261029542e-01
-1.289008851261029542e-01
-1.289008851261029542e-01
-1.289008851261029542e-01
-1.289008851261029542e-01
-1.289008851261029542e-01
-1.289008851261029542e-01
-1.289008851261029542e-01
-1.289008851261029542e-01
-1.289008851261029542e-01
-1.289008851261029542e-01
-1.289008851261029542e-01
-1.289008851261029542e-01
-1.289008851261029542e-01
-1.289008851261029542e-01
-1.289008851261029542e-01
-1.289008851261029542e-01
-1.289008851261029542e-01
-1.289008851261029542e-01
-1.289008851261029542e-01
-1.289008851261029542e-01
-1.289008851261029542e-01
-1.289008851261029542e-01
-1.289008851261029542e-01
-1.289008851261029542e-01
-1.289008851261029542e-01
-1.289008851261029542e-01
-1.289008851261029542e-01
-1.289008851261029542e-01
-1.289008851261029542e-01
-1.289008851261029542e-01
-1.289008851261029542e-01
-1.289008851261029542e-01
-1.289008851261029542e-01
-1.289008851261029542e-01
-1.289008851261029542e-01
-1.289008851261029542e-01
-1.289008851261029542e-01
-1.289008851261029542e-01
-1.289008851261029542e-01
-1.289008851261029542e-01
-1.289008851261029542e-01
-1.289008851261029542e-01
-1.289008851261029542e-01
-1.289008851261029542e-01
-1.289008851261029542e-01
-1.289008851261029542e-01
-1.289008851261029542e-01
-1.289008851261029542e-01
-1.289008851261029542e-01
-1.289008851261029542e-01
-1.289008851261029542e-01
-1.289008851261029542e-01
-1.289008851261029542e-01
-1.289008851261029542e-01
-1.289008851261029542e-01
-1.289008851261029542e-01
-1.289008851261029542e-01
-1.289008851261029542e-01
-1.289008851261029542e-01
-1.289008851261029542e-01
-1.289008851261029542e-01
-1.289008851261029542e-01
-1.289008851261029542e-01
-1.289008851261029542e-01
-1.289008851261029542e-01
-1.289008851261029542e-01
-1.289008851261029542e-01
-1.289008851261029542e-01
-1.289008851261029542e-01
-1.289008851261029542e-01
-1.289008851261029542e-01
-1.289008851261029542e-01
-1.289008851261029542e-01
-1.289008851261029542e-01
-1.289008851261029542e-01
-1.289008851261029542e-01
-1.289008851261029542e-01
-1.289008851261029542e-01
-1.289008851261029542e-01
-1.289008851261029542e-01
-1.289008851261029542e-01
-1.289008851261029542e-01
-1.289008851261029542e-01
-1.289008851261029542e-01
-1.289008851261029542e-01
-1.289008851261029542e-01
-1.289008851261029542e-01
-1.289008851261029542e-01
-1.289008851261029542e-01
-1.289008851261029542e-01
-1.289008851261029542e-01
-1.289008851261029542e-01
-1.289008851261029542e-01
-1.289008851261029542e-01
-1.289008851261029542e-01
-1.289008851261029542e-01
-1.322311379485558713e-01
-1.322311379485558713e-01
-1.322311379485558713e-01
-1.322311379485558713e-01
-1.322311379485558713e-01
-1.322311379485558713e-01
-1.257888217729090652e-01
-1.257888217729090652e-01
-1.257888217729090652e-01
-1.257888217729090652e-01
-1.257888217729090652e-01
-8.128322019859664238e-02
-8.128322019859664238e-02
-8.128322019859664238e-02
-8.000959116915670744e-02
-8.000959116915670744e-02
-8.000959116915670744e-02
-8.000959116915670744e-02
-8.000959116915670744e-02
-8.000959116915670744e-02
-8.000959116915670744e-02
-8.000959116915670744e-02
-8.000959116915670744e-02
-8.000959116915670744e-02
-8.000959116915670744e-02
-8.000959116915670744e-02
-8.000959116915670744e-02
-8.000959116915670744e-02
-8.000959116915670744e-02
-7.438369052587913421e-02
-7.438369052587913421e-02
-7.438369052587913421e-02
-1.372884154091829345e-01
-1.372884154091829345e-01
-1.372884154091829345e-01
-1.372884154091829345e-01
-1.372884154091829345e-01
-1.372884154091829345e-01
-1.372884154091829345e-01
-1.372884154091829345e-01
-1.372884154091829345e-01
-1.372884154091829345e-01
-1.563528698671388384e-01
-1.261307507126554761e-01
-1.261307507126554761e-01
-1.261307507126554761e-01
-1.261307507126554761e-01
-1.261307507126554761e-01
-1.261307507126554761e-01
-1.261307507126554761e-01
-1.261307507126554761e-01
-1.261307507126554761e-01
-1.261307507126554761e-01
-1.261307507126554761e-01
-1.261307507126554761e-01
-1.261307507126554761e-01
-1.261307507126554761e-01
-1.261307507126554761e-01
-1.261307507126554761e-01
-9.445997086811247501e-02
-9.445997086811247501e-02
-9.445997086811247501e-02
-9.445997086811247501e-02
-9.445997086811247501e-02
-9.445997086811247501e-02
-9.445997086811247501e-02
-9.445997086811247501e-02
-9.445997086811247501e-02
-9.445997086811247501e-02
-9.445997086811247501e-02
-9.445997086811247501e-02
-9.445997086811247501e-02
-9.445997086811247501e-02
-9.445997086811247501e-02
-9.445997086811247501e-02
-9.445997086811247501e-02
-9.445997086811247501e-02
-9.445997086811247501e-02
-9.445997086811247501e-02
-9.445997086811247501e-02
-9.445997086811247501e-02
-9.445997086811247501e-02
-9.445997086811247501e-02
-9.445997086811247501e-02
-9.445997086811247501e-02
-9.445997086811247501e-02
-9.445997086811247501e-02
-9.445997086811247501e-02
-9.445997086811247501e-02
-7.987703351628028248e-02
-7.987703351628028248e-02
-7.987703351628028248e-02
-7.987703351628028248e-02
-7.987703351628028248e-02
-7.987703351628028248e-02
-7.987703351628028248e-02
-7.987703351628028248e-02
-7.987703351628028248e-02
-7.987703351628028248e-02
-7.987703351628028248e-02
-7.987703351628028248e-02
-7.987703351628028248e-02
-9.247476153118432129e-02
-9.247476153118432129e-02
-9.247476153118432129e-02
-9.247476153118432129e-02
-9.247476153118432129e-02
-9.247476153118432129e-02
-9.247476153118432129e-02
-9.247476153118432129e-02
-9.247476153118432129e-02
-9.247476153118432129e-02
-9.247476153118432129e-02
-9.247476153118432129e-02
-9.247476153118432129e-02
-9.247476153118432129e-02
-9.247476153118432129e-02
-9.247476153118432129e-02
-9.247476153118432129e-02
-9.247476153118432129e-02
-9.247476153118432129e-02
-9.247476153118432129e-02
-9.247476153118432129e-02
-9.247476153118432129e-02
-9.247476153118432129e-02
-9.247476153118432129e-02
-9.247476153118432129e-02
-9.247476153118432129e-02
-9.247476153118432129e-02
-9.247476153118432129e-02
-9.247476153118432129e-02
-9.247476153118432129e-02
-9.247476153118432129e-02
-9.247476153118432129e-02
-9.247476153118432129e-02
-9.247476153118432129e-02
-9.247476153118432129e-02
-9.247476153118432129e-02
-9.247476153118432129e-02
-9.247476153118432129e-02
-9.247476153118432129e-02
-9.247476153118432129e-02
-9.247476153118432129e-02
-9.247476153118432129e-02
-9.247476153118432129e-02
-9.247476153118432129e-02
-9.247476153118432129e-02
-9.247476153118432129e-02
-1.557204537592244142e-01
-1.557204537592244142e-01
-1.557204537592244142e-01
-1.401972331918676373e-01
-1.401972331918676373e-01
-1.401972331918676373e-01
-1.401972331918676373e-01
-1.401972331918676373e-01
-1.401972331918676373e-01
-1.401972331918676373e-01
-1.401972331918676373e-01
-1.401972331918676373e-01
-1.401972331918676373e-01
-1.401972331918676373e-01
-1.401972331918676373e-01
-1.401972331918676373e-01
-1.401972331918676373e-01
-1.401972331918676373e-01
-1.401972331918676373e-01
-1.401972331918676373e-01
-1.401972331918676373e-01
-1.401972331918676373e-01
-1.401972331918676373e-01
-1.401972331918676373e-01
-1.401972331918676373e-01
-1.401972331918676373e-01
-1.401972331918676373e-01
-1.401972331918676373e-01
-1.401972331918676373e-01
-1.401972331918676373e-01
-1.401972331918676373e-01
-1.401972331918676373e-01
-1.401972331918676373e-01
-1.916842353503517005e-01
-1.916842353503517005e-01
-1.916842353503517005e-01
-1.916842353503517005e-01
-1.916842353503517005e-01
-1.916842353503517005e-01
-1.916842353503517005e-01
-1.667953073180656332e-01
-1.667953073180656332e-01
-1.667953073180656332e-01
-1.667953073180656332e-01
-1.468517983164887575e-01
-1.468517983164887575e-01
-1.468517983164887575e-01
-1.468517983164887575e-01
-1.468517983164887575e-01
-1.468517983164887575e-01
-1.468517983164887575e-01
-6.581332897820846295e-02
-6.581332897820846295e-02
-6.581332897820846295e-02
-6.581332897820846295e-02
-6.581332897820846295e-02
-6.581332897820846295e-02
-6.581332897820846295e-02
-6.581332897820846295e-02
-6.581332897820846295e-02
-6.581332897820846295e-02
-6.581332897820846295e-02
-6.581332897820846295e-02
-6.581332897820846295e-02
-6.581332897820846295e-02
-6.581332897820846295e-02
-6.581332897820846295e-02
-6.581332897820846295e-02
-6.581332897820846295e-02
-6.581332897820846295e-02
-6.581332897820846295e-02
-6.581332897820846295e-02
-6.581332897820846295e-02
-6.122970472786212065e-02
-6.122970472786212065e-02
-6.122970472786212065e-02
-6.122970472786212065e-02
-6.122970472786212065e-02
-6.122970472786212065e-02
-6.122970472786212065e-02
-6.122970472786212065e-02
-6.122970472786212065e-02
-6.122970472786212065e-02
-6.122970472786212065e-02
-6.341778212022142203e-02
-6.341778212022142203e-02
-6.341778212022142203e-02
-6.341778212022142203e-02
-6.341778212022142203e-02
-6.341778212022142203e-02
-6.341778212022142203e-02
-9.450634823930421924e-02
-9.450634823930421924e-02
-9.450634823930421924e-02
-9.450634823930421924e-02
-9.450634823930421924e-02
-9.450634823930421924e-02
-9.450634823930421924e-02
-9.450634823930421924e-02
-9.450634823930421924e-02
-9.450634823930421924e-02
-1.316880005951365229e-01
-1.316880005951365229e-01
-1.316880005951365229e-01
-1.316880005951365229e-01
-4.649568299262518689e-02
-1.222146942100379025e-01
-1.222146942100379025e-01
-1.222146942100379025e-01
-1.222146942100379025e-01
-1.222146942100379025e-01
-1.222146942100379025e-01
-1.222146942100379025e-01
-1.222146942100379025e-01
-1.222146942100379025e-01
-1.222146942100379025e-01
-1.222146942100379025e-01
-1.222146942100379025e-01
-1.222146942100379025e-01
-1.222146942100379025e-01
-1.222146942100379025e-01
-1.222146942100379025e-01
-1.222146942100379025e-01
-1.222146942100379025e-01
-1.222146942100379025e-01
-1.222146942100379025e-01
-1.222146942100379025e-01
-1.222146942100379025e-01
-1.222146942100379025e-01
-1.222146942100379025e-01
-1.222146942100379025e-01
-1.222146942100379025e-01
-9.995709613222009127e-02
-9.995709613222009127e-02
-9.995709613222009127e-02
-9.995709613222009127e-02
-9.995709613222009127e-02
-9.995709613222009127e-02
-9.995709613222009127e-02
-9.995709613222009127e-02
-9.995709613222009127e-02
-9.995709613222009127e-02
-9.995709613222009127e-02
-9.995709613222009127e-02
-9.995709613222009127e-02
-9.995709613222009127e-02
-9.995709613222009127e-02
-9.995709613222009127e-02
-9.995709613222009127e-02
-9.995709613222009127e-02
-9.995709613222009127e-02
-9.995709613222009127e-02
-9.995709613222009127e-02
-9.995709613222009127e-02
-9.995709613222009127e-02
-9.995709613222009127e-02
-9.995709613222009127e-02
-9.995709613222009127e-02
-9.995709613222009127e-02
-9.995709613222009127e-02
-9.995709613222009127e-02
-9.995709613222009127e-02
-9.995709613222009127e-02
-9.995709613222009127e-02
-9.995709613222009127e-02
-9.995709613222009127e-02
-9.995709613222009127e-02
-9.995709613222009127e-02
-9.995709613222009127e-02
-9.995709613222009127e-02
-9.995709613222009127e-02
-9.995709613222009127e-02
-9.995709613222009127e-02
-9.995709613222009127e-02
-9.995709613222009127e-02
-9.995709613222009127e-02
-9.995709613222009127e-02
-9.995709613222009127e-02
-9.995709613222009127e-02
-9.995709613222009127e-02
-9.995709613222009127e-02
-9.995709613222009127e-02
-9.995709613222009127e-02
-9.995709613222009127e-02
-9.995709613222009127e-02
-9.995709613222009127e-02
-9.995709613222009127e-02
-9.995709613222009127e-02
-9.995709613222009127e-02
-9.995709613222009127e-02
-9.995709613222009127e-02
-9.995709613222009127e-02
-9.995709613222009127e-02
-9.995709613222009127e-02
-9.995709613222009127e-02
-9.995709613222009127e-02
-9.995709613222009127e-02
-9.995709613222009127e-02
-9.995709613222009127e-02
-9.995709613222009127e-02
-9.995709613222009127e-02
-9.995709613222009127e-02
-9.995709613222009127e-02
-9.995709613222009127e-02
-9.995709613222009127e-02
-9.995709613222009127e-02
-9.995709613222009127e-02
-9.995709613222009127e-02
-9.995709613222009127e-02
-9.995709613222009127e-02
-9.995709613222009127e-02
-9.995709613222009127e-02
-9.995709613222009127e-02
-9.995709613222009127e-02
-9.995709613222009127e-02
-9.995709613222009127e-02
-9.995709613222009127e-02
-9.995709613222009127e-02
-9.995709613222009127e-02
-9.995709613222009127e-02
-9.995709613222009127e-02
-9.995709613222009127e-02
-8.766412250626383351e-02
-8.766412250626383351e-02
-8.766412250626383351e-02
-8.766412250626383351e-02
-8.766412250626383351e-02
-8.766412250626383351e-02
-8.766412250626383351e-02
-8.766412250626383351e-02
-8.766412250626383351e-02
-8.766412250626383351e-02
-8.766412250626383351e-02
-8.766412250626383351e-02
-8.766412250626383351e-02
-8.766412250626383351e-02
-8.766412250626383351e-02
-8.766412250626383351e-02
-8.766412250626383351e-02
-8.766412250626383351e-02
-8.766412250626383351e-02
-8.766412250626383351e-02
-8.766412250626383351e-02
-8.766412250626383351e-02
-8.766412250626383351e-02
-8.766412250626383351e-02
-8.766412250626383351e-02
-8.766412250626383351e-02
-8.766412250626383351e-02
-8.766412250626383351e-02
-8.766412250626383351e-02
-8.766412250626383351e-02
-8.766412250626383351e-02
-8.766412250626383351e-02
-8.766412250626383351e-02
-8.766412250626383351e-02
-8.766412250626383351e-02
-8.766412250626383351e-02
-8.766412250626383351e-02
-8.766412250626383351e-02
-8.766412250626383351e-02
-8.766412250626383351e-02
-8.766412250626383351e-02
-9.218952395947895007e-02
-9.218952395947895007e-02
-9.218952395947895007e-02
-9.218952395947895007e-02
-9.218952395947895007e-02
-9.218952395947895007e-02
-9.218952395947895007e-02
-9.218952395947895007e-02
-9.218952395947895007e-02
-9.218952395947895007e-02
-9.218952395947895007e-02
-8.928509389921082673e-02
-8.928509389921082673e-02
-8.928509389921082673e-02
-8.928509389921082673e-02
-8.928509389921082673e-02
-8.928509389921082673e-02
-8.928509389921082673e-02
-8.928509389921082673e-02
-8.928509389921082673e-02
-8.928509389921082673e-02
-8.928509389921082673e-02
-8.928509389921082673e-02
-8.928509389921082673e-02
-8.928509389921082673e-02
-8.928509389921082673e-02
-8.928509389921082673e-02
-8.928509389921082673e-02
-8.928509389921082673e-02
-8.928509389921082673e-02
-8.928509389921082673e-02
-8.928509389921082673e-02
-8.928509389921082673e-02
-8.928509389921082673e-02
-8.928509389921082673e-02
-8.928509389921082673e-02
-8.928509389921082673e-02
-8.928509389921082673e-02
-8.187575504383211300e-02
-8.187575504383211300e-02
-8.187575504383211300e-02
-8.187575504383211300e-02
-8.187575504383211300e-02
-8.187575504383211300e-02
-8.187575504383211300e-02
-8.187575504383211300e-02
-8.187575504383211300e-02
-8.187575504383211300e-02
-8.187575504383211300e-02
-8.187575504383211300e-02
-8.187575504383211300e-02
-8.187575504383211300e-02
-8.187575504383211300e-02
-8.187575504383211300e-02
-8.187575504383211300e-02
-8.187575504383211300e-02
-8.187575504383211300e-02
-8.187575504383211300e-02
-8.187575504383211300e-02
-8.187575504383211300e-02
-8.187575504383211300e-02
-8.187575504383211300e-02
-8.187575504383211300e-02
-8.187575504383211300e-02
-8.187575504383211300e-02
-8.187575504383211300e-02
-8.187575504383211300e-02
-8.187575504383211300e-02
-8.187575504383211300e-02
-8.187575504383211300e-02
-8.187575504383211300e-02
-8.187575504383211300e-02
-8.187575504383211300e-02
-8.187575504383211300e-02
-8.187575504383211300e-02
-8.187575504383211300e-02
-1.008853558486551838e-01
-1.008853558486551838e-01
-1.008853558486551838e-01
-1.008853558486551838e-01
-1.008853558486551838e-01
-1.008853558486551838e-01
-1.008853558486551838e-01
-1.008853558486551838e-01
-1.008853558486551838e-01
-1.008853558486551838e-01
-1.008853558486551838e-01
-1.008853558486551838e-01
-1.008853558486551838e-01
-1.008853558486551838e-01
-1.008853558486551838e-01
-1.008853558486551838e-01
-1.008853558486551838e-01
-1.008853558486551838e-01
-1.008853558486551838e-01
-1.008853558486551838e-01
-1.008853558486551838e-01
-1.008853558486551838e-01
-1.028209397601351910e-01
-1.028209397601351910e-01
-1.028209397601351910e-01
-1.028209397601351910e-01
-1.134012913042910797e-01
-1.139042126175094510e-01
-1.139042126175094510e-01
-1.139042126175094510e-01
-1.139042126175094510e-01
-1.139042126175094510e-01
-1.139042126175094510e-01
-7.155177185229999459e-02
-7.155177185229999459e-02
-7.155177185229999459e-02
-7.155177185229999459e-02
-7.155177185229999459e-02
-7.155177185229999459e-02
-7.155177185229999459e-02
-7.155177185229999459e-02
-7.155177185229999459e-02
-7.155177185229999459e-02
-7.155177185229999459e-02
-7.155177185229999459e-02
-7.155177185229999459e-02
-7.155177185229999459e-02
-7.155177185229999459e-02
-7.155177185229999459e-02
-7.155177185229999459e-02
-7.155177185229999459e-02
-7.155177185229999459e-02
-7.155177185229999459e-02
-7.155177185229999459e-02
-7.155177185229999459e-02
-7.155177185229999459e-02
-7.155177185229999459e-02
-7.155177185229999459e-02
-7.155177185229999459e-02
-7.155177185229999459e-02
-7.155177185229999459e-02
-7.155177185229999459e-02
-7.155177185229999459e-02
-7.155177185229999459e-02
-7.155177185229999459e-02
-7.155177185229999459e-02
-7.155177185229999459e-02
-7.155177185229999459e-02
-7.155177185229999459e-02
-7.155177185229999459e-02
-7.155177185229999459e-02
-7.155177185229999459e-02
-7.155177185229999459e-02
-7.155177185229999459e-02
-7.155177185229999459e-02
-7.155177185229999459e-02
-7.155177185229999459e-02
-7.155177185229999459e-02
-7.155177185229999459e-02
-7.155177185229999459e-02
-7.155177185229999459e-02
-7.155177185229999459e-02
-7.155177185229999459e-02
-7.155177185229999459e-02
-7.155177185229999459e-02
-7.155177185229999459e-02
-7.155177185229999459e-02
-7.155177185229999459e-02
-7.155177185229999459e-02
-7.155177185229999459e-02
-7.155177185229999459e-02
-7.155177185229999459e-02
-7.155177185229999459e-02
-7.155177185229999459e-02
-7.155177185229999459e-02
-7.155177185229999459e-02
-7.155177185229999459e-02
-7.155177185229999459e-02
-7.155177185229999459e-02
-7.155177185229999459e-02
-7.155177185229999459e-02
-8.813115851828974556e-02
-8.813115851828974556e-02
-8.813115851828974556e-02
-8.813115851828974556e-02
-8.813115851828974556e-02
-8.813115851828974556e-02
-8.813115851828974556e-02
-8.813115851828974556e-02
-8.813115851828974556e-02
-8.813115851828974556e-02
-8.813115851828974556e-02
-7.123748698836301907e-02
-7.123748698836301907e-02
-7.123748698836301907e-02
-7.123748698836301907e-02
-7.123748698836301907e-02
-7.123748698836301907e-02
-7.123748698836301907e-02
-7.123748698836301907e-02
-7.123748698836301907e-02
-8.714219010354910810e-02
-8.714219010354910810e-02
-8.714219010354910810e-02
-8.714219010354910810e-02
-8.714219010354910810e-02
-8.714219010354910810e-02
-8.714219010354910810e-02
-8.714219010354910810e-02
-8.714219010354910810e-02
-8.714219010354910810e-02
-8.714219010354910810e-02
-8.714219010354910810e-02
-8.714219010354910810e-02
-8.714219010354910810e-02
-8.714219010354910810e-02
-8.714219010354910810e-02
-8.714219010354910810e-02
-8.714219010354910810e-02
-8.714219010354910810e-02
-8.714219010354910810e-02
-8.714219010354910810e-02
-8.714219010354910810e-02
-8.714219010354910810e-02
-8.714219010354910810e-02
-8.714219010354910810e-02
-8.714219010354910810e-02
-8.714219010354910810e-02
-8.714219010354910810e-02
-8.714219010354910810e-02
-8.714219010354910810e-02
-8.714219010354910810e-02
-8.714219010354910810e-02
-8.714219010354910810e-02
-8.714219010354910810e-02
-8.714219010354910810e-02
-8.714219010354910810e-02
-8.714219010354910810e-02
-7.656526468679963893e-02
-7.656526468679963893e-02
-7.656526468679963893e-02
-7.656526468679963893e-02
-7.656526468679963893e-02
-7.656526468679963893e-02
-7.656526468679963893e-02
-7.656526468679963893e-02
-7.656526468679963893e-02
-7.656526468679963893e-02
-7.656526468679963893e-02
-7.656526468679963893e-02
-7.656526468679963893e-02
-7.656526468679963893e-02
-7.656526468679963893e-02
-7.656526468679963893e-02
-7.656526468679963893e-02
-7.656526468679963893e-02
-7.656526468679963893e-02
-7.656526468679963893e-02
-7.656526468679963893e-02
-7.656526468679963893e-02
-7.656526468679963893e-02
-7.656526468679963893e-02
-7.656526468679963893e-02
-7.656526468679963893e-02
-7.656526468679963893e-02
-7.656526468679963893e-02
-7.656526468679963893e-02
-7.656526468679963893e-02
-7.656526468679963893e-02
-7.656526468679963893e-02
-7.656526468679963893e-02
-7.656526468679963893e-02
-7.656526468679963893e-02
-7.656526468679963893e-02
-7.656526468679963893e-02
-7.656526468679963893e-02
-7.656526468679963893e-02
-7.656526468679963893e-02
-7.656526468679963893e-02
-7.656526468679963893e-02
-7.656526468679963893e-02
-7.656526468679963893e-02
-7.656526468679963893e-02
-7.656526468679963893e-02
-7.656526468679963893e-02
-7.656526468679963893e-02
-7.656526468679963893e-02
-7.656526468679963893e-02
-7.656526468679963893e-02
-7.656526468679963893e-02
-7.656526468679963893e-02
-7.656526468679963893e-02
-7.656526468679963893e-02
-7.656526468679963893e-02
-7.656526468679963893e-02
-7.656526468679963893e-02
-7.656526468679963893e-02
-7.656526468679963893e-02
-7.656526468679963893e-02
-7.656526468679963893e-02
-7.656526468679963893e-02
-7.656526468679963893e-02
-7.656526468679963893e-02
-7.656526468679963893e-02
-7.656526468679963893e-02
-7.656526468679963893e-02
-7.656526468679963893e-02
-7.656526468679963893e-02
-7.656526468679963893e-02
-7.656526468679963893e-02
-7.656526468679963893e-02
-7.656526468679963893e-02
-1.857214630447883708e-01
-1.857214630447883708e-01
-1.857214630447883708e-01
-1.857214630447883708e-01
-1.857214630447883708e-01
-1.857214630447883708e-01
-1.857214630447883708e-01
-1.857214630447883708e-01
-1.857214630447883708e-01
-1.857214630447883708e-01
-1.857214630447883708e-01
-1.857214630447883708e-01
-1.857214630447883708e-01
-1.857214630447883708e-01
-1.857214630447883708e-01
-1.857214630447883708e-01
-1.857214630447883708e-01
-1.857214630447883708e-01
-1.857214630447883708e-01
-1.857214630447883708e-01
-1.857214630447883708e-01
-1.857214630447883708e-01
-1.857214630447883708e-01
-1.857214630447883708e-01
-1.857214630447883708e-01
-1.857214630447883708e-01
-1.857214630447883708e-01
-1.857214630447883708e-01
-1.857214630447883708e-01
-1.857214630447883708e-01
-1.857214630447883708e-01
-1.857214630447883708e-01
-1.857214630447883708e-01
-1.857214630447883708e-01
-1.857214630447883708e-01
-1.857214630447883708e-01
-1.461798642151214411e-01
-1.461798642151214411e-01
-1.461798642151214411e-01
-1.461798642151214411e-01
-1.461798642151214411e-01
-1.480838365810095147e-01
-1.480838365810095147e-01
-1.480838365810095147e-01
-1.324605389033403080e-01
-1.324605389033403080e-01
-1.324605389033403080e-01
-1.324605389033403080e-01
-1.324605389033403080e-01
-1.324605389033403080e-01
-1.324605389033403080e-01
-1.324605389033403080e-01
-1.324605389033403080e-01
-1.324605389033403080e-01
-1.324605389033403080e-01
-1.324605389033403080e-01
-1.324605389033403080e-01
-1.324605389033403080e-01
-1.324605389033403080e-01
-1.324605389033403080e-01
-1.324605389033403080e-01
-1.324605389033403080e-01
-1.324605389033403080e-01
-1.324605389033403080e-01
-1.324605389033403080e-01
-1.324605389033403080e-01
-1.324605389033403080e-01
-1.324605389033403080e-01
-1.324605389033403080e-01
-1.324605389033403080e-01
-1.324605389033403080e-01
-1.324605389033403080e-01
-1.324605389033403080e-01
-1.324605389033403080e-01
