# Variable: dg_gbsa_00000011
# Sample shape: (2000,)
# Date: 2014-03-03 06:24:08.889955
-5.969449621313616117e-01
-5.969449621313616117e-01
-5.969449621313616117e-01
-5.969449621313616117e-01
-5.969449621313616117e-01
-5.969449621313616117e-01
-5.969449621313616117e-01
-5.969449621313616117e-01
-5.969449621313616117e-01
-5.969449621313616117e-01
-5.969449621313616117e-01
-5.969449621313616117e-01
-4.015474884733414851e-01
-4.015474884733414851e-01
-4.015474884733414851e-01
-4.015474884733414851e-01
-4.015474884733414851e-01
-4.015474884733414851e-01
-4.015474884733414851e-01
-4.015474884733414851e-01
-4.015474884733414851e-01
-4.015474884733414851e-01
-4.015474884733414851e-01
-3.949522858140117609e-01
-3.949522858140117609e-01
-3.949522858140117609e-01
-3.949522858140117609e-01
-3.949522858140117609e-01
-3.949522858140117609e-01
-3.949522858140117609e-01
-3.949522858140117609e-01
-3.949522858140117609e-01
-3.949522858140117609e-01
-4.794124663445962775e-01
-4.794124663445962775e-01
-4.794124663445962775e-01
-4.794124663445962775e-01
-4.794124663445962775e-01
-4.794124663445962775e-01
-4.794124663445962775e-01
-4.794124663445962775e-01
-4.794124663445962775e-01
-4.794124663445962775e-01
-4.794124663445962775e-01
-4.794124663445962775e-01
-4.842673957233902815e-01
-4.842673957233902815e-01
-4.842673957233902815e-01
-4.842673957233902815e-01
-4.842673957233902815e-01
-4.842673957233902815e-01
-4.842673957233902815e-01
-4.842673957233902815e-01
-4.842673957233902815e-01
-4.842673957233902815e-01
-4.842673957233902815e-01
-4.809150048469266192e-01
-4.809150048469266192e-01
-1.733543682508669193e-01
-1.733543682508669193e-01
-1.733543682508669193e-01
-1.733543682508669193e-01
-1.733543682508669193e-01
-1.733543682508669193e-01
-1.733543682508669193e-01
-1.733543682508669193e-01
-1.733543682508669193e-01
-1.733543682508669193e-01
-1.733543682508669193e-01
-1.733543682508669193e-01
-1.733543682508669193e-01
-1.733543682508669193e-01
-1.733543682508669193e-01
-1.733543682508669193e-01
-1.733543682508669193e-01
-1.733543682508669193e-01
-1.733543682508669193e-01
-1.733543682508669193e-01
-1.733543682508669193e-01
-2.910247496391573652e-01
-2.910247496391573652e-01
-2.910247496391573652e-01
-2.910247496391573652e-01
-2.910247496391573652e-01
-2.910247496391573652e-01
-2.910247496391573652e-01
-2.910247496391573652e-01
-2.910247496391573652e-01
-2.910247496391573652e-01
-2.632116325498766729e-01
-2.632116325498766729e-01
-2.632116325498766729e-01
-2.632116325498766729e-01
-2.632116325498766729e-01
-2.632116325498766729e-01
-2.632116325498766729e-01
-2.632116325498766729e-01
-2.632116325498766729e-01
-2.632116325498766729e-01
-2.632116325498766729e-01
-2.632116325498766729e-01
-2.632116325498766729e-01
-2.632116325498766729e-01
-2.632116325498766729e-01
-2.632116325498766729e-01
-2.632116325498766729e-01
-2.632116325498766729e-01
-2.632116325498766729e-01
-2.632116325498766729e-01
-2.632116325498766729e-01
-2.632116325498766729e-01
-2.632116325498766729e-01
-2.632116325498766729e-01
-2.632116325498766729e-01
-2.632116325498766729e-01
-2.632116325498766729e-01
-2.632116325498766729e-01
-2.632116325498766729e-01
-2.632116325498766729e-01
-2.632116325498766729e-01
-2.632116325498766729e-01
-2.632116325498766729e-01
-2.632116325498766729e-01
-2.632116325498766729e-01
-2.632116325498766729e-01
-2.632116325498766729e-01
-2.632116325498766729e-01
-2.632116325498766729e-01
-2.632116325498766729e-01
-2.632116325498766729e-01
-2.632116325498766729e-01
-2.632116325498766729e-01
-2.632116325498766729e-01
-2.632116325498766729e-01
-2.632116325498766729e-01
-2.632116325498766729e-01
-2.632116325498766729e-01
-2.632116325498766729e-01
-2.632116325498766729e-01
-2.632116325498766729e-01
-2.632116325498766729e-01
-2.632116325498766729e-01
-2.632116325498766729e-01
-2.632116325498766729e-01
-2.632116325498766729e-01
-2.632116325498766729e-01
-2.632116325498766729e-01
-2.632116325498766729e-01
-2.632116325498766729e-01
-2.632116325498766729e-01
-2.632116325498766729e-01
-2.632116325498766729e-01
-2.632116325498766729e-01
-2.632116325498766729e-01
-2.632116325498766729e-01
-2.632116325498766729e-01
-2.632116325498766729e-01
-2.632116325498766729e-01
-2.632116325498766729e-01
-2.632116325498766729e-01
-2.632116325498766729e-01
-2.632116325498766729e-01
-2.632116325498766729e-01
-2.632116325498766729e-01
-2.632116325498766729e-01
-2.632116325498766729e-01
-2.632116325498766729e-01
-2.632116325498766729e-01
-2.632116325498766729e-01
-2.632116325498766729e-01
-2.632116325498766729e-01
-2.632116325498766729e-01
-2.632116325498766729e-01
-2.632116325498766729e-01
-2.632116325498766729e-01
-2.632116325498766729e-01
-2.632116325498766729e-01
-2.632116325498766729e-01
-2.632116325498766729e-01
-2.632116325498766729e-01
-2.632116325498766729e-01
-2.632116325498766729e-01
-2.632116325498766729e-01
-2.632116325498766729e-01
-2.632116325498766729e-01
-2.632116325498766729e-01
-2.632116325498766729e-01
-2.632116325498766729e-01
-2.632116325498766729e-01
-2.632116325498766729e-01
-2.632116325498766729e-01
-2.632116325498766729e-01
-2.632116325498766729e-01
-2.632116325498766729e-01
-2.632116325498766729e-01
-2.632116325498766729e-01
-2.632116325498766729e-01
-2.632116325498766729e-01
-2.632116325498766729e-01
-2.632116325498766729e-01
-2.632116325498766729e-01
-2.623631780963554538e-01
-2.623631780963554538e-01
-2.623631780963554538e-01
-2.623631780963554538e-01
-2.623631780963554538e-01
-2.623631780963554538e-01
-2.623631780963554538e-01
-2.623631780963554538e-01
-2.830759346143237321e-01
-2.830759346143237321e-01
-2.830759346143237321e-01
-2.830759346143237321e-01
-2.830759346143237321e-01
-2.830759346143237321e-01
-2.830759346143237321e-01
-2.830759346143237321e-01
-2.830759346143237321e-01
-2.830759346143237321e-01
-2.830759346143237321e-01
-2.830759346143237321e-01
-2.830759346143237321e-01
-2.830759346143237321e-01
-2.830759346143237321e-01
-2.830759346143237321e-01
-2.830759346143237321e-01
-2.830759346143237321e-01
-2.830759346143237321e-01
-2.830759346143237321e-01
-2.830759346143237321e-01
-2.830759346143237321e-01
-1.994825999321946652e-01
-1.994825999321946652e-01
-1.994825999321946652e-01
-1.994825999321946652e-01
-1.994825999321946652e-01
-1.994825999321946652e-01
-1.994825999321946652e-01
-1.994825999321946652e-01
-1.994825999321946652e-01
-1.994825999321946652e-01
-1.994825999321946652e-01
-1.994825999321946652e-01
-1.994825999321946652e-01
-1.994825999321946652e-01
-1.994825999321946652e-01
-1.994825999321946652e-01
-1.994825999321946652e-01
-1.994825999321946652e-01
-1.994825999321946652e-01
-1.994825999321946652e-01
-1.994825999321946652e-01
-1.994825999321946652e-01
-1.994825999321946652e-01
-1.994825999321946652e-01
-1.994825999321946652e-01
-1.994825999321946652e-01
-1.994825999321946652e-01
-1.994825999321946652e-01
-1.994825999321946652e-01
-2.229722006599032247e-01
-2.229722006599032247e-01
-2.229722006599032247e-01
-2.229722006599032247e-01
-2.229722006599032247e-01
-2.229722006599032247e-01
-2.229722006599032247e-01
-2.229722006599032247e-01
-2.229722006599032247e-01
-2.229722006599032247e-01
-2.229722006599032247e-01
-2.229722006599032247e-01
-2.229722006599032247e-01
-2.229722006599032247e-01
-2.229722006599032247e-01
-2.229722006599032247e-01
-2.229722006599032247e-01
-2.229722006599032247e-01
-2.229722006599032247e-01
-2.229722006599032247e-01
-2.229722006599032247e-01
-2.229722006599032247e-01
-2.229722006599032247e-01
-2.229722006599032247e-01
-2.229722006599032247e-01
-2.229722006599032247e-01
-2.229722006599032247e-01
-2.229722006599032247e-01
-2.229722006599032247e-01
-2.229722006599032247e-01
-2.229722006599032247e-01
-2.229722006599032247e-01
-2.229722006599032247e-01
-2.229722006599032247e-01
-2.229722006599032247e-01
-2.229722006599032247e-01
-2.229722006599032247e-01
-2.229722006599032247e-01
-2.229722006599032247e-01
-2.229722006599032247e-01
-2.229722006599032247e-01
-2.229722006599032247e-01
-2.229722006599032247e-01
-2.229722006599032247e-01
-2.229722006599032247e-01
-2.229722006599032247e-01
-2.229722006599032247e-01
-2.229722006599032247e-01
-2.229722006599032247e-01
-2.229722006599032247e-01
-2.229722006599032247e-01
-2.508036094231541613e-01
-2.508036094231541613e-01
-2.508036094231541613e-01
-2.508036094231541613e-01
-2.508036094231541613e-01
-2.508036094231541613e-01
-2.508036094231541613e-01
-2.508036094231541613e-01
-2.508036094231541613e-01
-2.508036094231541613e-01
-2.508036094231541613e-01
-2.508036094231541613e-01
-2.508036094231541613e-01
-2.508036094231541613e-01
-2.508036094231541613e-01
-2.508036094231541613e-01
-2.508036094231541613e-01
-2.508036094231541613e-01
-2.508036094231541613e-01
-2.508036094231541613e-01
-2.508036094231541613e-01
-2.508036094231541613e-01
-2.508036094231541613e-01
-2.508036094231541613e-01
-2.508036094231541613e-01
-2.508036094231541613e-01
-2.508036094231541613e-01
-2.508036094231541613e-01
-3.073207222024979535e-01
-3.073207222024979535e-01
-3.073207222024979535e-01
-3.073207222024979535e-01
-3.073207222024979535e-01
-3.073207222024979535e-01
-3.073207222024979535e-01
-3.073207222024979535e-01
-1.087836622052165275e-01
-1.087836622052165275e-01
-1.087836622052165275e-01
-1.087836622052165275e-01
-1.087836622052165275e-01
-1.087836622052165275e-01
-1.087836622052165275e-01
-1.087836622052165275e-01
-1.087836622052165275e-01
-1.087836622052165275e-01
-1.087836622052165275e-01
-1.087836622052165275e-01
-1.145187430582356447e-01
-1.145187430582356447e-01
-1.145187430582356447e-01
-1.145187430582356447e-01
-1.145187430582356447e-01
-1.145187430582356447e-01
-1.756883801511323062e-01
-1.756883801511323062e-01
-1.756883801511323062e-01
-1.756883801511323062e-01
-1.756883801511323062e-01
-1.756883801511323062e-01
-1.756883801511323062e-01
-1.756883801511323062e-01
-1.756883801511323062e-01
-1.756883801511323062e-01
-1.756883801511323062e-01
-1.756883801511323062e-01
-1.756883801511323062e-01
-1.756883801511323062e-01
-1.756883801511323062e-01
-1.756883801511323062e-01
-1.756883801511323062e-01
-1.756883801511323062e-01
-1.756883801511323062e-01
-1.756883801511323062e-01
-1.756883801511323062e-01
-1.756883801511323062e-01
-1.756883801511323062e-01
-1.756883801511323062e-01
-1.756883801511323062e-01
-1.756883801511323062e-01
-1.756883801511323062e-01
-1.756883801511323062e-01
-1.756883801511323062e-01
-1.756883801511323062e-01
-1.756883801511323062e-01
-1.756883801511323062e-01
-1.756883801511323062e-01
-1.905175000714070255e-01
-2.153137730822736184e-01
-2.153137730822736184e-01
-2.153137730822736184e-01
-2.153137730822736184e-01
-2.153137730822736184e-01
-2.153137730822736184e-01
-2.153137730822736184e-01
-2.153137730822736184e-01
-2.153137730822736184e-01
-2.153137730822736184e-01
-2.153137730822736184e-01
-2.153137730822736184e-01
-2.153137730822736184e-01
-2.153137730822736184e-01
-2.153137730822736184e-01
-2.153137730822736184e-01
-2.153137730822736184e-01
-2.153137730822736184e-01
-2.153137730822736184e-01
-2.153137730822736184e-01
-2.153137730822736184e-01
-2.153137730822736184e-01
-2.153137730822736184e-01
-2.153137730822736184e-01
-2.153137730822736184e-01
-2.153137730822736184e-01
-2.153137730822736184e-01
-2.153137730822736184e-01
-2.153137730822736184e-01
-2.153137730822736184e-01
-2.153137730822736184e-01
-2.153137730822736184e-01
-2.153137730822736184e-01
-2.153137730822736184e-01
-2.153137730822736184e-01
-2.153137730822736184e-01
-2.153137730822736184e-01
-2.153137730822736184e-01
-2.153137730822736184e-01
-2.153137730822736184e-01
-2.153137730822736184e-01
-2.153137730822736184e-01
-2.153137730822736184e-01
-2.153137730822736184e-01
-2.153137730822736184e-01
-2.153137730822736184e-01
-1.997984732086298121e-01
-1.997984732086298121e-01
-1.997984732086298121e-01
-1.997984732086298121e-01
-1.997984732086298121e-01
-1.997984732086298121e-01
-1.997984732086298121e-01
-1.997984732086298121e-01
-1.997984732086298121e-01
-1.997984732086298121e-01
-1.997984732086298121e-01
-1.997984732086298121e-01
-1.997984732086298121e-01
-1.997984732086298121e-01
-1.320236043765941336e-01
-1.320236043765941336e-01
-1.320236043765941336e-01
-1.320236043765941336e-01
-1.320236043765941336e-01
-1.320236043765941336e-01
-1.320236043765941336e-01
-1.320236043765941336e-01
-1.320236043765941336e-01
-1.320236043765941336e-01
-1.320236043765941336e-01
-1.320236043765941336e-01
-1.320236043765941336e-01
-1.320236043765941336e-01
-1.320236043765941336e-01
-1.320236043765941336e-01
-1.320236043765941336e-01
-1.320236043765941336e-01
-1.320236043765941336e-01
-1.320236043765941336e-01
-1.320236043765941336e-01
-1.320236043765941336e-01
-1.320236043765941336e-01
-1.320236043765941336e-01
-1.320236043765941336e-01
-1.320236043765941336e-01
-1.320236043765941336e-01
-1.320236043765941336e-01
-1.320236043765941336e-01
-1.320236043765941336e-01
-1.447144931406637303e-01
-1.447144931406637303e-01
-1.447144931406637303e-01
-1.447144931406637303e-01
-1.447144931406637303e-01
-1.447144931406637303e-01
-1.447144931406637303e-01
-1.447144931406637303e-01
-1.447144931406637303e-01
-1.447144931406637303e-01
-1.447144931406637303e-01
-1.447144931406637303e-01
-1.447144931406637303e-01
-2.074129950703899883e-01
-2.074129950703899883e-01
-2.074129950703899883e-01
-2.074129950703899883e-01
-2.074129950703899883e-01
-2.074129950703899883e-01
-2.074129950703899883e-01
-2.074129950703899883e-01
-2.074129950703899883e-01
-2.074129950703899883e-01
-2.074129950703899883e-01
-2.074129950703899883e-01
-2.074129950703899883e-01
-2.074129950703899883e-01
-2.074129950703899883e-01
-2.074129950703899883e-01
-2.074129950703899883e-01
-2.074129950703899883e-01
-2.074129950703899883e-01
-2.074129950703899883e-01
-2.074129950703899883e-01
-2.074129950703899883e-01
-2.074129950703899883e-01
-2.074129950703899883e-01
-2.074129950703899883e-01
-2.074129950703899883e-01
-2.074129950703899883e-01
-2.074129950703899883e-01
-2.074129950703899883e-01
-2.074129950703899883e-01
-2.074129950703899883e-01
-2.074129950703899883e-01
-2.074129950703899883e-01
-2.074129950703899883e-01
-2.074129950703899883e-01
-2.074129950703899883e-01
-2.074129950703899883e-01
-2.074129950703899883e-01
-2.074129950703899883e-01
-2.074129950703899883e-01
-2.074129950703899883e-01
-2.074129950703899883e-01
-2.074129950703899883e-01
-2.074129950703899883e-01
-2.074129950703899883e-01
-2.074129950703899883e-01
-2.074129950703899883e-01
-2.074129950703899883e-01
-2.074129950703899883e-01
-2.074129950703899883e-01
-2.074129950703899883e-01
-2.074129950703899883e-01
-2.074129950703899883e-01
-2.074129950703899883e-01
-2.074129950703899883e-01
-2.074129950703899883e-01
-2.074129950703899883e-01
-2.074129950703899883e-01
-2.074129950703899883e-01
-2.074129950703899883e-01
-2.074129950703899883e-01
-2.074129950703899883e-01
-2.074129950703899883e-01
-2.074129950703899883e-01
-2.074129950703899883e-01
-2.074129950703899883e-01
-2.074129950703899883e-01
-2.074129950703899883e-01
-2.074129950703899883e-01
-2.074129950703899883e-01
-2.074129950703899883e-01
-2.074129950703899883e-01
-2.074129950703899883e-01
-2.074129950703899883e-01
-2.074129950703899883e-01
-2.074129950703899883e-01
-2.074129950703899883e-01
-2.074129950703899883e-01
-2.074129950703899883e-01
-2.074129950703899883e-01
-2.074129950703899883e-01
-2.074129950703899883e-01
-2.074129950703899883e-01
-2.074129950703899883e-01
-2.074129950703899883e-01
-2.074129950703899883e-01
-2.074129950703899883e-01
-2.074129950703899883e-01
-2.074129950703899883e-01
-2.074129950703899883e-01
-2.074129950703899883e-01
-2.074129950703899883e-01
-2.074129950703899883e-01
-2.074129950703899883e-01
-2.074129950703899883e-01
-2.074129950703899883e-01
-1.431507259664298315e-01
-1.431507259664298315e-01
-1.431507259664298315e-01
-1.431507259664298315e-01
-1.431507259664298315e-01
-1.431507259664298315e-01
-1.431507259664298315e-01
-1.431507259664298315e-01
-1.431507259664298315e-01
-1.431507259664298315e-01
-1.431507259664298315e-01
-1.431507259664298315e-01
-1.431507259664298315e-01
-1.431507259664298315e-01
-1.431507259664298315e-01
-1.431507259664298315e-01
-1.431507259664298315e-01
-1.431507259664298315e-01
-1.431507259664298315e-01
-1.431507259664298315e-01
-1.431507259664298315e-01
-1.431507259664298315e-01
-1.431507259664298315e-01
-1.431507259664298315e-01
-1.612890006023428857e-01
-1.612890006023428857e-01
-1.612890006023428857e-01
-1.612890006023428857e-01
-1.612890006023428857e-01
-1.612890006023428857e-01
-1.612890006023428857e-01
-1.612890006023428857e-01
-1.612890006023428857e-01
-1.612890006023428857e-01
-1.612890006023428857e-01
-1.612890006023428857e-01
-1.612890006023428857e-01
-1.612890006023428857e-01
-1.612890006023428857e-01
-1.612890006023428857e-01
-1.612890006023428857e-01
-1.612890006023428857e-01
-1.612890006023428857e-01
-1.612890006023428857e-01
-1.612890006023428857e-01
-1.402013502430961289e-01
-1.402013502430961289e-01
-1.402013502430961289e-01
-1.402013502430961289e-01
-1.402013502430961289e-01
-1.402013502430961289e-01
-1.402013502430961289e-01
-1.402013502430961289e-01
-1.402013502430961289e-01
-1.402013502430961289e-01
-1.402013502430961289e-01
-1.402013502430961289e-01
-1.402013502430961289e-01
-1.402013502430961289e-01
-1.402013502430961289e-01
-1.402013502430961289e-01
-1.402013502430961289e-01
-1.402013502430961289e-01
-1.402013502430961289e-01
-1.402013502430961289e-01
-1.402013502430961289e-01
-1.402013502430961289e-01
-1.402013502430961289e-01
-1.402013502430961289e-01
-1.402013502430961289e-01
-1.402013502430961289e-01
-1.402013502430961289e-01
-1.402013502430961289e-01
-1.402013502430961289e-01
-1.402013502430961289e-01
-1.402013502430961289e-01
-1.402013502430961289e-01
-1.402013502430961289e-01
-1.402013502430961289e-01
-1.402013502430961289e-01
-1.402013502430961289e-01
-1.402013502430961289e-01
-1.402013502430961289e-01
-1.402013502430961289e-01
-1.402013502430961289e-01
-1.402013502430961289e-01
-1.402013502430961289e-01
-1.402013502430961289e-01
-1.402013502430961289e-01
-1.402013502430961289e-01
-1.402013502430961289e-01
-1.402013502430961289e-01
-1.402013502430961289e-01
-1.402013502430961289e-01
-1.402013502430961289e-01
-1.402013502430961289e-01
-1.402013502430961289e-01
-1.402013502430961289e-01
-1.402013502430961289e-01
-1.402013502430961289e-01
-1.402013502430961289e-01
-1.402013502430961289e-01
-1.402013502430961289e-01
-1.402013502430961289e-01
-1.402013502430961289e-01
-1.402013502430961289e-01
-1.402013502430961289e-01
-1.402013502430961289e-01
-1.402013502430961289e-01
-1.402013502430961289e-01
-1.402013502430961289e-01
-1.402013502430961289e-01
-1.402013502430961289e-01
-1.402013502430961289e-01
-1.402013502430961289e-01
-1.402013502430961289e-01
-1.402013502430961289e-01
-1.402013502430961289e-01
-1.402013502430961289e-01
-1.402013502430961289e-01
-1.402013502430961289e-01
-1.402013502430961289e-01
-1.402013502430961289e-01
-1.402013502430961289e-01
-1.402013502430961289e-01
-1.402013502430961289e-01
-1.402013502430961289e-01
-1.402013502430961289e-01
-1.402013502430961289e-01
-1.402013502430961289e-01
-1.402013502430961289e-01
-1.402013502430961289e-01
-1.402013502430961289e-01
-1.402013502430961289e-01
-1.402013502430961289e-01
-1.402013502430961289e-01
-9.681942586005302942e-02
-9.681942586005302942e-02
-9.681942586005302942e-02
-9.681942586005302942e-02
-9.681942586005302942e-02
-9.681942586005302942e-02
-9.681942586005302942e-02
-9.681942586005302942e-02
-9.681942586005302942e-02
-9.681942586005302942e-02
-9.681942586005302942e-02
-9.681942586005302942e-02
-9.681942586005302942e-02
-9.681942586005302942e-02
-9.681942586005302942e-02
-9.681942586005302942e-02
-9.681942586005302942e-02
-9.681942586005302942e-02
-9.681942586005302942e-02
-9.681942586005302942e-02
-9.681942586005302942e-02
-9.681942586005302942e-02
-9.681942586005302942e-02
-9.681942586005302942e-02
-9.681942586005302942e-02
-9.681942586005302942e-02
-9.681942586005302942e-02
-9.681942586005302942e-02
-9.681942586005302942e-02
-9.681942586005302942e-02
-9.681942586005302942e-02
-9.681942586005302942e-02
-9.681942586005302942e-02
-9.681942586005302942e-02
-9.681942586005302942e-02
-9.681942586005302942e-02
-9.681942586005302942e-02
-9.681942586005302942e-02
-9.681942586005302942e-02
-9.681942586005302942e-02
-9.681942586005302942e-02
-9.681942586005302942e-02
-9.681942586005302942e-02
-9.681942586005302942e-02
-9.681942586005302942e-02
-9.681942586005302942e-02
-9.681942586005302942e-02
-9.681942586005302942e-02
-9.681942586005302942e-02
-1.319836874992851850e-01
-1.319836874992851850e-01
-1.319836874992851850e-01
-1.319836874992851850e-01
-1.319836874992851850e-01
-1.319836874992851850e-01
-1.319836874992851850e-01
-1.319836874992851850e-01
-1.319836874992851850e-01
-1.319836874992851850e-01
-1.319836874992851850e-01
-1.319836874992851850e-01
-1.319836874992851850e-01
-1.319836874992851850e-01
-1.319836874992851850e-01
-1.319836874992851850e-01
-1.319836874992851850e-01
-1.319836874992851850e-01
-1.319836874992851850e-01
-1.319836874992851850e-01
-1.319836874992851850e-01
-1.319836874992851850e-01
-1.319836874992851850e-01
-1.319836874992851850e-01
-1.319836874992851850e-01
-1.319836874992851850e-01
-1.319836874992851850e-01
-1.319836874992851850e-01
-1.319836874992851850e-01
-1.319836874992851850e-01
-1.059808691760549954e-01
-1.059808691760549954e-01
-1.059808691760549954e-01
-1.059808691760549954e-01
-1.059808691760549954e-01
-1.059808691760549954e-01
-1.059808691760549954e-01
-1.059808691760549954e-01
-1.059808691760549954e-01
-1.059808691760549954e-01
-1.059808691760549954e-01
-1.059808691760549954e-01
-1.059808691760549954e-01
-1.059808691760549954e-01
-1.059808691760549954e-01
-1.059808691760549954e-01
-1.059808691760549954e-01
-1.059808691760549954e-01
-1.059808691760549954e-01
-1.059808691760549954e-01
-1.059808691760549954e-01
-1.059808691760549954e-01
-1.311957209333634855e-01
-1.307710093476348312e-01
-1.307710093476348312e-01
-1.104264155058742175e-01
-1.104264155058742175e-01
-1.104264155058742175e-01
-1.104264155058742175e-01
-1.104264155058742175e-01
-1.104264155058742175e-01
-1.104264155058742175e-01
-1.104264155058742175e-01
-1.104264155058742175e-01
-1.104264155058742175e-01
-1.104264155058742175e-01
-1.104264155058742175e-01
-1.104264155058742175e-01
-1.104264155058742175e-01
-1.104264155058742175e-01
-1.104264155058742175e-01
-1.104264155058742175e-01
-1.104264155058742175e-01
-1.104264155058742175e-01
-1.104264155058742175e-01
-1.104264155058742175e-01
-1.104264155058742175e-01
-1.104264155058742175e-01
-1.104264155058742175e-01
-1.104264155058742175e-01
-1.104264155058742175e-01
-1.104264155058742175e-01
-1.104264155058742175e-01
-1.104264155058742175e-01
-1.104264155058742175e-01
-1.104264155058742175e-01
-1.104264155058742175e-01
-1.104264155058742175e-01
-1.104264155058742175e-01
-1.104264155058742175e-01
-1.104264155058742175e-01
-1.104264155058742175e-01
-1.104264155058742175e-01
-1.104264155058742175e-01
-1.104264155058742175e-01
-1.104264155058742175e-01
-1.104264155058742175e-01
-1.104264155058742175e-01
-1.104264155058742175e-01
-1.104264155058742175e-01
-1.104264155058742175e-01
-1.104264155058742175e-01
-1.104264155058742175e-01
-1.104264155058742175e-01
-1.104264155058742175e-01
-1.104264155058742175e-01
-1.104264155058742175e-01
-1.104264155058742175e-01
-1.104264155058742175e-01
-1.104264155058742175e-01
-1.104264155058742175e-01
-1.104264155058742175e-01
-1.104264155058742175e-01
-1.104264155058742175e-01
-1.104264155058742175e-01
-1.104264155058742175e-01
-1.104264155058742175e-01
-1.104264155058742175e-01
-1.104264155058742175e-01
-1.104264155058742175e-01
-1.104264155058742175e-01
-1.104264155058742175e-01
-1.104264155058742175e-01
-1.104264155058742175e-01
-1.104264155058742175e-01
-1.104264155058742175e-01
-1.104264155058742175e-01
-1.104264155058742175e-01
-1.104264155058742175e-01
-1.104264155058742175e-01
-1.104264155058742175e-01
-1.104264155058742175e-01
-1.104264155058742175e-01
-1.104264155058742175e-01
-1.104264155058742175e-01
-1.104264155058742175e-01
-1.104264155058742175e-01
-1.104264155058742175e-01
-1.104264155058742175e-01
-1.104264155058742175e-01
-1.104264155058742175e-01
-1.104264155058742175e-01
-1.104264155058742175e-01
-1.104264155058742175e-01
-1.104264155058742175e-01
-1.104264155058742175e-01
-1.104264155058742175e-01
-1.104264155058742175e-01
-1.104264155058742175e-01
-1.104264155058742175e-01
-1.104264155058742175e-01
-1.104264155058742175e-01
-1.104264155058742175e-01
-1.104264155058742175e-01
-1.104264155058742175e-01
-1.104264155058742175e-01
-1.104264155058742175e-01
-1.104264155058742175e-01
-1.104264155058742175e-01
-1.104264155058742175e-01
-1.104264155058742175e-01
-1.104264155058742175e-01
-8.358020000658344939e-02
-8.358020000658344939e-02
-8.358020000658344939e-02
-8.358020000658344939e-02
-8.358020000658344939e-02
-8.358020000658344939e-02
-8.358020000658344939e-02
-8.358020000658344939e-02
-8.358020000658344939e-02
-8.358020000658344939e-02
-8.358020000658344939e-02
-8.358020000658344939e-02
-8.358020000658344939e-02
-8.358020000658344939e-02
-8.358020000658344939e-02
-8.358020000658344939e-02
-8.358020000658344939e-02
-8.358020000658344939e-02
-8.358020000658344939e-02
-8.358020000658344939e-02
-8.358020000658344939e-02
-8.358020000658344939e-02
-8.358020000658344939e-02
-8.358020000658344939e-02
-8.358020000658344939e-02
-8.358020000658344939e-02
-8.358020000658344939e-02
-8.358020000658344939e-02
-8.358020000658344939e-02
-8.358020000658344939e-02
-8.358020000658344939e-02
-8.358020000658344939e-02
-8.358020000658344939e-02
-8.358020000658344939e-02
-8.358020000658344939e-02
-8.358020000658344939e-02
-8.358020000658344939e-02
-8.358020000658344939e-02
-8.358020000658344939e-02
-8.358020000658344939e-02
-8.358020000658344939e-02
-8.358020000658344939e-02
-8.358020000658344939e-02
-8.358020000658344939e-02
-8.358020000658344939e-02
-8.358020000658344939e-02
-8.358020000658344939e-02
-8.358020000658344939e-02
-8.358020000658344939e-02
-8.358020000658344939e-02
-8.358020000658344939e-02
-8.358020000658344939e-02
-8.358020000658344939e-02
-8.358020000658344939e-02
-8.358020000658344939e-02
-8.358020000658344939e-02
-8.358020000658344939e-02
-8.358020000658344939e-02
-8.358020000658344939e-02
-8.350325815992190592e-02
-8.350325815992190592e-02
-8.350325815992190592e-02
-8.350325815992190592e-02
-8.350325815992190592e-02
-8.350325815992190592e-02
-8.350325815992190592e-02
-8.350325815992190592e-02
-8.350325815992190592e-02
-8.350325815992190592e-02
-8.350325815992190592e-02
-8.350325815992190592e-02
-8.350325815992190592e-02
-8.350325815992190592e-02
-8.350325815992190592e-02
-8.350325815992190592e-02
-8.350325815992190592e-02
-8.350325815992190592e-02
-8.350325815992190592e-02
-8.350325815992190592e-02
-9.992512844032812314e-02
-9.992512844032812314e-02
-9.992512844032812314e-02
-9.992512844032812314e-02
-9.992512844032812314e-02
-9.992512844032812314e-02
-9.992512844032812314e-02
-9.992512844032812314e-02
-9.992512844032812314e-02
-9.992512844032812314e-02
-9.992512844032812314e-02
-9.992512844032812314e-02
-9.992512844032812314e-02
-9.992512844032812314e-02
-9.992512844032812314e-02
-9.992512844032812314e-02
-9.992512844032812314e-02
-9.992512844032812314e-02
-9.992512844032812314e-02
-9.992512844032812314e-02
-9.992512844032812314e-02
-9.992512844032812314e-02
-9.992512844032812314e-02
-9.992512844032812314e-02
-9.992512844032812314e-02
-9.992512844032812314e-02
-9.992512844032812314e-02
-9.992512844032812314e-02
-9.992512844032812314e-02
-9.992512844032812314e-02
-9.992512844032812314e-02
-9.992512844032812314e-02
-9.992512844032812314e-02
-9.992512844032812314e-02
-9.992512844032812314e-02
-9.992512844032812314e-02
-9.992512844032812314e-02
-9.992512844032812314e-02
-9.992512844032812314e-02
-9.992512844032812314e-02
-9.992512844032812314e-02
-9.992512844032812314e-02
-9.992512844032812314e-02
-9.992512844032812314e-02
-9.992512844032812314e-02
-9.992512844032812314e-02
-9.992512844032812314e-02
-9.992512844032812314e-02
-9.992512844032812314e-02
-9.992512844032812314e-02
-9.992512844032812314e-02
-9.992512844032812314e-02
-9.992512844032812314e-02
-9.992512844032812314e-02
-9.992512844032812314e-02
-9.992512844032812314e-02
-9.992512844032812314e-02
-9.992512844032812314e-02
-9.992512844032812314e-02
-9.992512844032812314e-02
-9.992512844032812314e-02
-9.992512844032812314e-02
-9.992512844032812314e-02
-9.992512844032812314e-02
-9.992512844032812314e-02
-9.521899698569258330e-02
-9.521899698569258330e-02
-9.521899698569258330e-02
-9.521899698569258330e-02
-9.521899698569258330e-02
-9.521899698569258330e-02
-9.521899698569258330e-02
-9.521899698569258330e-02
-9.521899698569258330e-02
-9.521899698569258330e-02
-9.521899698569258330e-02
-9.521899698569258330e-02
-9.521899698569258330e-02
-9.521899698569258330e-02
-9.521899698569258330e-02
-9.521899698569258330e-02
-9.521899698569258330e-02
-9.521899698569258330e-02
-9.521899698569258330e-02
-9.521899698569258330e-02
-9.521899698569258330e-02
-9.521899698569258330e-02
-9.521899698569258330e-02
-9.521899698569258330e-02
-9.521899698569258330e-02
-9.521899698569258330e-02
-9.521899698569258330e-02
-9.521899698569258330e-02
-9.521899698569258330e-02
-9.521899698569258330e-02
-9.521899698569258330e-02
-9.521899698569258330e-02
-9.521899698569258330e-02
-9.521899698569258330e-02
-9.521899698569258330e-02
-9.521899698569258330e-02
-9.521899698569258330e-02
-9.521899698569258330e-02
-9.521899698569258330e-02
-9.521899698569258330e-02
-9.521899698569258330e-02
-9.521899698569258330e-02
-9.521899698569258330e-02
-9.521899698569258330e-02
-9.521899698569258330e-02
-9.521899698569258330e-02
-9.521899698569258330e-02
-9.521899698569258330e-02
-9.521899698569258330e-02
-9.521899698569258330e-02
-9.521899698569258330e-02
-9.521899698569258330e-02
-9.521899698569258330e-02
-9.521899698569258330e-02
-9.521899698569258330e-02
-9.521899698569258330e-02
-9.521899698569258330e-02
-9.521899698569258330e-02
-9.521899698569258330e-02
-9.521899698569258330e-02
-9.521899698569258330e-02
-9.521899698569258330e-02
-9.521899698569258330e-02
-9.521899698569258330e-02
-9.521899698569258330e-02
-9.521899698569258330e-02
-9.521899698569258330e-02
-9.521899698569258330e-02
-9.521899698569258330e-02
-9.521899698569258330e-02
-9.521899698569258330e-02
-9.521899698569258330e-02
-9.521899698569258330e-02
-9.521899698569258330e-02
-9.521899698569258330e-02
-9.521899698569258330e-02
-9.521899698569258330e-02
-9.521899698569258330e-02
-9.521899698569258330e-02
-9.521899698569258330e-02
-9.521899698569258330e-02
-9.521899698569258330e-02
-9.521899698569258330e-02
-9.521899698569258330e-02
-9.521899698569258330e-02
-9.521899698569258330e-02
-9.521899698569258330e-02
-9.521899698569258330e-02
-9.521899698569258330e-02
-9.521899698569258330e-02
-9.521899698569258330e-02
-9.521899698569258330e-02
-9.521899698569258330e-02
-9.521899698569258330e-02
-9.521899698569258330e-02
-9.521899698569258330e-02
-9.521899698569258330e-02
-9.521899698569258330e-02
-9.521899698569258330e-02
-9.521899698569258330e-02
-9.521899698569258330e-02
-9.521899698569258330e-02
-9.521899698569258330e-02
-9.521899698569258330e-02
-9.521899698569258330e-02
-9.521899698569258330e-02
-9.521899698569258330e-02
-9.521899698569258330e-02
-9.521899698569258330e-02
-9.521899698569258330e-02
-9.521899698569258330e-02
-9.521899698569258330e-02
-9.521899698569258330e-02
-9.521899698569258330e-02
-9.521899698569258330e-02
-9.521899698569258330e-02
-9.521899698569258330e-02
-9.521899698569258330e-02
-9.766402681060776247e-02
-9.766402681060776247e-02
-9.766402681060776247e-02
-9.766402681060776247e-02
-9.766402681060776247e-02
-9.766402681060776247e-02
-9.322745536754964424e-02
-9.322745536754964424e-02
-9.322745536754964424e-02
-9.322745536754964424e-02
-9.322745536754964424e-02
-6.239824923001101309e-02
-6.239824923001101309e-02
-6.239824923001101309e-02
-6.177050576155317801e-02
-6.177050576155317801e-02
-6.177050576155317801e-02
-6.177050576155317801e-02
-6.177050576155317801e-02
-6.177050576155317801e-02
-6.177050576155317801e-02
-6.177050576155317801e-02
-6.177050576155317801e-02
-6.177050576155317801e-02
-6.177050576155317801e-02
-6.177050576155317801e-02
-6.177050576155317801e-02
-6.177050576155317801e-02
-6.177050576155317801e-02
-5.754800673652561011e-02
-5.754800673652561011e-02
-5.754800673652561011e-02
-1.010996490773917594e-01
-1.010996490773917594e-01
-1.010996490773917594e-01
-1.010996490773917594e-01
-1.010996490773917594e-01
-1.010996490773917594e-01
-1.010996490773917594e-01
-1.010996490773917594e-01
-1.010996490773917594e-01
-1.010996490773917594e-01
-1.141851479419102727e-01
-9.342067898117560609e-02
-9.342067898117560609e-02
-9.342067898117560609e-02
-9.342067898117560609e-02
-9.342067898117560609e-02
-9.342067898117560609e-02
-9.342067898117560609e-02
-9.342067898117560609e-02
-9.342067898117560609e-02
-9.342067898117560609e-02
-9.342067898117560609e-02
-9.342067898117560609e-02
-9.342067898117560609e-02
-9.342067898117560609e-02
-9.342067898117560609e-02
-9.342067898117560609e-02
-7.152422037452857428e-02
-7.152422037452857428e-02
-7.152422037452857428e-02
-7.152422037452857428e-02
-7.152422037452857428e-02
-7.152422037452857428e-02
-7.152422037452857428e-02
-7.152422037452857428e-02
-7.152422037452857428e-02
-7.152422037452857428e-02
-7.152422037452857428e-02
-7.152422037452857428e-02
-7.152422037452857428e-02
-7.152422037452857428e-02
-7.152422037452857428e-02
-7.152422037452857428e-02
-7.152422037452857428e-02
-7.152422037452857428e-02
-7.152422037452857428e-02
-7.152422037452857428e-02
-7.152422037452857428e-02
-7.152422037452857428e-02
-7.152422037452857428e-02
-7.152422037452857428e-02
-7.152422037452857428e-02
-7.152422037452857428e-02
-7.152422037452857428e-02
-7.152422037452857428e-02
-7.152422037452857428e-02
-7.152422037452857428e-02
-6.138120936390090848e-02
-6.138120936390090848e-02
-6.138120936390090848e-02
-6.138120936390090848e-02
-6.138120936390090848e-02
-6.138120936390090848e-02
-6.138120936390090848e-02
-6.138120936390090848e-02
-6.138120936390090848e-02
-6.138120936390090848e-02
-6.138120936390090848e-02
-6.138120936390090848e-02
-6.138120936390090848e-02
-7.081531828721668309e-02
-7.081531828721668309e-02
-7.081531828721668309e-02
-7.081531828721668309e-02
-7.081531828721668309e-02
-7.081531828721668309e-02
-7.081531828721668309e-02
-7.081531828721668309e-02
-7.081531828721668309e-02
-7.081531828721668309e-02
-7.081531828721668309e-02
-7.081531828721668309e-02
-7.081531828721668309e-02
-7.081531828721668309e-02
-7.081531828721668309e-02
-7.081531828721668309e-02
-7.081531828721668309e-02
-7.081531828721668309e-02
-7.081531828721668309e-02
-7.081531828721668309e-02
-7.081531828721668309e-02
-7.081531828721668309e-02
-7.081531828721668309e-02
-7.081531828721668309e-02
-7.081531828721668309e-02
-7.081531828721668309e-02
-7.081531828721668309e-02
-7.081531828721668309e-02
-7.081531828721668309e-02
-7.081531828721668309e-02
-7.081531828721668309e-02
-7.081531828721668309e-02
-7.081531828721668309e-02
-7.081531828721668309e-02
-7.081531828721668309e-02
-7.081531828721668309e-02
-7.081531828721668309e-02
-7.081531828721668309e-02
-7.081531828721668309e-02
-7.081531828721668309e-02
-7.081531828721668309e-02
-7.081531828721668309e-02
-7.081531828721668309e-02
-7.081531828721668309e-02
-7.081531828721668309e-02
-7.081531828721668309e-02
-1.145396559689742383e-01
-1.145396559689742383e-01
-1.145396559689742383e-01
-1.031464717242275425e-01
-1.031464717242275425e-01
-1.031464717242275425e-01
-1.031464717242275425e-01
-1.031464717242275425e-01
-1.031464717242275425e-01
-1.031464717242275425e-01
-1.031464717242275425e-01
-1.031464717242275425e-01
-1.031464717242275425e-01
-1.031464717242275425e-01
-1.031464717242275425e-01
-1.031464717242275425e-01
-1.031464717242275425e-01
-1.031464717242275425e-01
-1.031464717242275425e-01
-1.031464717242275425e-01
-1.031464717242275425e-01
-1.031464717242275425e-01
-1.031464717242275425e-01
-1.031464717242275425e-01
-1.031464717242275425e-01
-1.031464717242275425e-01
-1.031464717242275425e-01
-1.031464717242275425e-01
-1.031464717242275425e-01
-1.031464717242275425e-01
-1.031464717242275425e-01
-1.031464717242275425e-01
-1.031464717242275425e-01
-1.383898761942555233e-01
-1.383898761942555233e-01
-1.383898761942555233e-01
-1.383898761942555233e-01
-1.383898761942555233e-01
-1.383898761942555233e-01
-1.383898761942555233e-01
-1.203715658780493553e-01
-1.203715658780493553e-01
-1.203715658780493553e-01
-1.203715658780493553e-01
-1.067476521600500688e-01
-1.067476521600500688e-01
-1.067476521600500688e-01
-1.067476521600500688e-01
-1.067476521600500688e-01
-1.067476521600500688e-01
-1.067476521600500688e-01
-5.082986237442060212e-02
-5.082986237442060212e-02
-5.082986237442060212e-02
-5.082986237442060212e-02
-5.082986237442060212e-02
-5.082986237442060212e-02
-5.082986237442060212e-02
-5.082986237442060212e-02
-5.082986237442060212e-02
-5.082986237442060212e-02
-5.082986237442060212e-02
-5.082986237442060212e-02
-5.082986237442060212e-02
-5.082986237442060212e-02
-5.082986237442060212e-02
-5.082986237442060212e-02
-5.082986237442060212e-02
-5.082986237442060212e-02
-5.082986237442060212e-02
-5.082986237442060212e-02
-5.082986237442060212e-02
-5.082986237442060212e-02
-4.762753018001752991e-02
-4.762753018001752991e-02
-4.762753018001752991e-02
-4.762753018001752991e-02
-4.762753018001752991e-02
-4.762753018001752991e-02
-4.762753018001752991e-02
-4.762753018001752991e-02
-4.762753018001752991e-02
-4.762753018001752991e-02
-4.762753018001752991e-02
-4.926449254183650622e-02
-4.926449254183650622e-02
-4.926449254183650622e-02
-4.926449254183650622e-02
-4.926449254183650622e-02
-4.926449254183650622e-02
-4.926449254183650622e-02
-7.087924654807460645e-02
-7.087924654807460645e-02
-7.087924654807460645e-02
-7.087924654807460645e-02
-7.087924654807460645e-02
-7.087924654807460645e-02
-7.087924654807460645e-02
-7.087924654807460645e-02
-7.087924654807460645e-02
-7.087924654807460645e-02
-9.649450646759674677e-02
-9.649450646759674677e-02
-9.649450646759674677e-02
-9.649450646759674677e-02
-3.738703480414177355e-02
-8.998737166534190313e-02
-8.998737166534190313e-02
-8.998737166534190313e-02
-8.998737166534190313e-02
-8.998737166534190313e-02
-8.998737166534190313e-02
-8.998737166534190313e-02
-8.998737166534190313e-02
-8.998737166534190313e-02
-8.998737166534190313e-02
-8.998737166534190313e-02
-8.998737166534190313e-02
-8.998737166534190313e-02
-8.998737166534190313e-02
-8.998737166534190313e-02
-8.998737166534190313e-02
-8.998737166534190313e-02
-8.998737166534190313e-02
-8.998737166534190313e-02
-8.998737166534190313e-02
-8.998737166534190313e-02
-8.998737166534190313e-02
-8.998737166534190313e-02
-8.998737166534190313e-02
-8.998737166534190313e-02
-8.998737166534190313e-02
-7.464782286784388265e-02
-7.464782286784388265e-02
-7.464782286784388265e-02
-7.464782286784388265e-02
-7.464782286784388265e-02
-7.464782286784388265e-02
-7.464782286784388265e-02
-7.464782286784388265e-02
-7.464782286784388265e-02
-7.464782286784388265e-02
-7.464782286784388265e-02
-7.464782286784388265e-02
-7.464782286784388265e-02
-7.464782286784388265e-02
-7.464782286784388265e-02
-7.464782286784388265e-02
-7.464782286784388265e-02
-7.464782286784388265e-02
-7.464782286784388265e-02
-7.464782286784388265e-02
-7.464782286784388265e-02
-7.464782286784388265e-02
-7.464782286784388265e-02
-7.464782286784388265e-02
-7.464782286784388265e-02
-7.464782286784388265e-02
-7.464782286784388265e-02
-7.464782286784388265e-02
-7.464782286784388265e-02
-7.464782286784388265e-02
-7.464782286784388265e-02
-7.464782286784388265e-02
-7.464782286784388265e-02
-7.464782286784388265e-02
-7.464782286784388265e-02
-7.464782286784388265e-02
-7.464782286784388265e-02
-7.464782286784388265e-02
-7.464782286784388265e-02
-7.464782286784388265e-02
-7.464782286784388265e-02
-7.464782286784388265e-02
-7.464782286784388265e-02
-7.464782286784388265e-02
-7.464782286784388265e-02
-7.464782286784388265e-02
-7.464782286784388265e-02
-7.464782286784388265e-02
-7.464782286784388265e-02
-7.464782286784388265e-02
-7.464782286784388265e-02
-7.464782286784388265e-02
-7.464782286784388265e-02
-7.464782286784388265e-02
-7.464782286784388265e-02
-7.464782286784388265e-02
-7.464782286784388265e-02
-7.464782286784388265e-02
-7.464782286784388265e-02
-7.464782286784388265e-02
-7.464782286784388265e-02
-7.464782286784388265e-02
-7.464782286784388265e-02
-7.464782286784388265e-02
-7.464782286784388265e-02
-7.464782286784388265e-02
-7.464782286784388265e-02
-7.464782286784388265e-02
-7.464782286784388265e-02
-7.464782286784388265e-02
-7.464782286784388265e-02
-7.464782286784388265e-02
-7.464782286784388265e-02
-7.464782286784388265e-02
-7.464782286784388265e-02
-7.464782286784388265e-02
-7.464782286784388265e-02
-7.464782286784388265e-02
-7.464782286784388265e-02
-7.464782286784388265e-02
-7.464782286784388265e-02
-7.464782286784388265e-02
-7.464782286784388265e-02
-7.464782286784388265e-02
-7.464782286784388265e-02
-7.464782286784388265e-02
-7.464782286784388265e-02
-7.464782286784388265e-02
-7.464782286784388265e-02
-7.464782286784388265e-02
-6.561340269121566926e-02
-6.561340269121566926e-02
-6.561340269121566926e-02
-6.561340269121566926e-02
-6.561340269121566926e-02
-6.561340269121566926e-02
-6.561340269121566926e-02
-6.561340269121566926e-02
-6.561340269121566926e-02
-6.561340269121566926e-02
-6.561340269121566926e-02
-6.561340269121566926e-02
-6.561340269121566926e-02
-6.561340269121566926e-02
-6.561340269121566926e-02
-6.561340269121566926e-02
-6.561340269121566926e-02
-6.561340269121566926e-02
-6.561340269121566926e-02
-6.561340269121566926e-02
-6.561340269121566926e-02
-6.561340269121566926e-02
-6.561340269121566926e-02
-6.561340269121566926e-02
-6.561340269121566926e-02
-6.561340269121566926e-02
-6.561340269121566926e-02
-6.561340269121566926e-02
-6.561340269121566926e-02
-6.561340269121566926e-02
-6.561340269121566926e-02
-6.561340269121566926e-02
-6.561340269121566926e-02
-6.561340269121566926e-02
-6.561340269121566926e-02
-6.561340269121566926e-02
-6.561340269121566926e-02
-6.561340269121566926e-02
-6.561340269121566926e-02
-6.561340269121566926e-02
-6.561340269121566926e-02
-6.893722351148980076e-02
-6.893722351148980076e-02
-6.893722351148980076e-02
-6.893722351148980076e-02
-6.893722351148980076e-02
-6.893722351148980076e-02
-6.893722351148980076e-02
-6.893722351148980076e-02
-6.893722351148980076e-02
-6.893722351148980076e-02
-6.893722351148980076e-02
-6.692870796068675632e-02
-6.692870796068675632e-02
-6.692870796068675632e-02
-6.692870796068675632e-02
-6.692870796068675632e-02
-6.692870796068675632e-02
-6.692870796068675632e-02
-6.692870796068675632e-02
-6.692870796068675632e-02
-6.692870796068675632e-02
-6.692870796068675632e-02
-6.692870796068675632e-02
-6.692870796068675632e-02
-6.692870796068675632e-02
-6.692870796068675632e-02
-6.692870796068675632e-02
-6.692870796068675632e-02
-6.692870796068675632e-02
-6.692870796068675632e-02
-6.692870796068675632e-02
-6.692870796068675632e-02
-6.692870796068675632e-02
-6.692870796068675632e-02
-6.692870796068675632e-02
-6.692870796068675632e-02
-6.692870796068675632e-02
-6.692870796068675632e-02
-6.179745891354052056e-02
-6.179745891354052056e-02
-6.179745891354052056e-02
-6.179745891354052056e-02
-6.179745891354052056e-02
-6.179745891354052056e-02
-6.179745891354052056e-02
-6.179745891354052056e-02
-6.179745891354052056e-02
-6.179745891354052056e-02
-6.179745891354052056e-02
-6.179745891354052056e-02
-6.179745891354052056e-02
-6.179745891354052056e-02
-6.179745891354052056e-02
-6.179745891354052056e-02
-6.179745891354052056e-02
-6.179745891354052056e-02
-6.179745891354052056e-02
-6.179745891354052056e-02
-6.179745891354052056e-02
-6.179745891354052056e-02
-6.179745891354052056e-02
-6.179745891354052056e-02
-6.179745891354052056e-02
-6.179745891354052056e-02
-6.179745891354052056e-02
-6.179745891354052056e-02
-6.179745891354052056e-02
-6.179745891354052056e-02
-6.179745891354052056e-02
-6.179745891354052056e-02
-6.179745891354052056e-02
-6.179745891354052056e-02
-6.179745891354052056e-02
-6.179745891354052056e-02
-6.179745891354052056e-02
-6.179745891354052056e-02
-7.584470236962428946e-02
-7.584470236962428946e-02
-7.584470236962428946e-02
-7.584470236962428946e-02
-7.584470236962428946e-02
-7.584470236962428946e-02
-7.584470236962428946e-02
-7.584470236962428946e-02
-7.584470236962428946e-02
-7.584470236962428946e-02
-7.584470236962428946e-02
-7.584470236962428946e-02
-7.584470236962428946e-02
-7.584470236962428946e-02
-7.584470236962428946e-02
-7.584470236962428946e-02
-7.584470236962428946e-02
-7.584470236962428946e-02
-7.584470236962428946e-02
-7.584470236962428946e-02
-7.584470236962428946e-02
-7.584470236962428946e-02
-7.727745756592394044e-02
-7.727745756592394044e-02
-7.727745756592394044e-02
-7.727745756592394044e-02
-8.459409153940115889e-02
-8.494163334483625927e-02
-8.494163334483625927e-02
-8.494163334483625927e-02
-8.494163334483625927e-02
-8.494163334483625927e-02
-8.494163334483625927e-02
-5.552962593321134066e-02
-5.552962593321134066e-02
-5.552962593321134066e-02
-5.552962593321134066e-02
-5.552962593321134066e-02
-5.552962593321134066e-02
-5.552962593321134066e-02
-5.552962593321134066e-02
-5.552962593321134066e-02
-5.552962593321134066e-02
-5.552962593321134066e-02
-5.552962593321134066e-02
-5.552962593321134066e-02
-5.552962593321134066e-02
-5.552962593321134066e-02
-5.552962593321134066e-02
-5.552962593321134066e-02
-5.552962593321134066e-02
-5.552962593321134066e-02
-5.552962593321134066e-02
-5.552962593321134066e-02
-5.552962593321134066e-02
-5.552962593321134066e-02
-5.552962593321134066e-02
-5.552962593321134066e-02
-5.552962593321134066e-02
-5.552962593321134066e-02
-5.552962593321134066e-02
-5.552962593321134066e-02
-5.552962593321134066e-02
-5.552962593321134066e-02
-5.552962593321134066e-02
-5.552962593321134066e-02
-5.552962593321134066e-02
-5.552962593321134066e-02
-5.552962593321134066e-02
-5.552962593321134066e-02
-5.552962593321134066e-02
-5.552962593321134066e-02
-5.552962593321134066e-02
-5.552962593321134066e-02
-5.552962593321134066e-02
-5.552962593321134066e-02
-5.552962593321134066e-02
-5.552962593321134066e-02
-5.552962593321134066e-02
-5.552962593321134066e-02
-5.552962593321134066e-02
-5.552962593321134066e-02
-5.552962593321134066e-02
-5.552962593321134066e-02
-5.552962593321134066e-02
-5.552962593321134066e-02
-5.552962593321134066e-02
-5.552962593321134066e-02
-5.552962593321134066e-02
-5.552962593321134066e-02
-5.552962593321134066e-02
-5.552962593321134066e-02
-5.552962593321134066e-02
-5.552962593321134066e-02
-5.552962593321134066e-02
-5.552962593321134066e-02
-5.552962593321134066e-02
-5.552962593321134066e-02
-5.552962593321134066e-02
-5.552962593321134066e-02
-5.552962593321134066e-02
-6.799832926653538723e-02
-6.799832926653538723e-02
-6.799832926653538723e-02
-6.799832926653538723e-02
-6.799832926653538723e-02
-6.799832926653538723e-02
-6.799832926653538723e-02
-6.799832926653538723e-02
-6.799832926653538723e-02
-6.799832926653538723e-02
-6.799832926653538723e-02
-5.617320366616914556e-02
-5.617320366616914556e-02
-5.617320366616914556e-02
-5.617320366616914556e-02
-5.617320366616914556e-02
-5.617320366616914556e-02
-5.617320366616914556e-02
-5.617320366616914556e-02
-5.617320366616914556e-02
-6.730788268049177347e-02
-6.730788268049177347e-02
-6.730788268049177347e-02
-6.730788268049177347e-02
-6.730788268049177347e-02
-6.730788268049177347e-02
-6.730788268049177347e-02
-6.730788268049177347e-02
-6.730788268049177347e-02
-6.730788268049177347e-02
-6.730788268049177347e-02
-6.730788268049177347e-02
-6.730788268049177347e-02
-6.730788268049177347e-02
-6.730788268049177347e-02
-6.730788268049177347e-02
-6.730788268049177347e-02
-6.730788268049177347e-02
-6.730788268049177347e-02
-6.730788268049177347e-02
-6.730788268049177347e-02
-6.730788268049177347e-02
-6.730788268049177347e-02
-6.730788268049177347e-02
-6.730788268049177347e-02
-6.730788268049177347e-02
-6.730788268049177347e-02
-6.730788268049177347e-02
-6.730788268049177347e-02
-6.730788268049177347e-02
-6.730788268049177347e-02
-6.730788268049177347e-02
-6.730788268049177347e-02
-6.730788268049177347e-02
-6.730788268049177347e-02
-6.730788268049177347e-02
-6.730788268049177347e-02
-5.990989776915846970e-02
-5.990989776915846970e-02
-5.990989776915846970e-02
-5.990989776915846970e-02
-5.990989776915846970e-02
-5.990989776915846970e-02
-5.990989776915846970e-02
-5.990989776915846970e-02
-5.990989776915846970e-02
-5.990989776915846970e-02
-5.990989776915846970e-02
-5.990989776915846970e-02
-5.990989776915846970e-02
-5.990989776915846970e-02
-5.990989776915846970e-02
-5.990989776915846970e-02
-5.990989776915846970e-02
-5.990989776915846970e-02
-5.990989776915846970e-02
-5.990989776915846970e-02
-5.990989776915846970e-02
-5.990989776915846970e-02
-5.990989776915846970e-02
-5.990989776915846970e-02
-5.990989776915846970e-02
-5.990989776915846970e-02
-5.990989776915846970e-02
-5.990989776915846970e-02
-5.990989776915846970e-02
-5.990989776915846970e-02
-5.990989776915846970e-02
-5.990989776915846970e-02
-5.990989776915846970e-02
-5.990989776915846970e-02
-5.990989776915846970e-02
-5.990989776915846970e-02
-5.990989776915846970e-02
-5.990989776915846970e-02
-5.990989776915846970e-02
-5.990989776915846970e-02
-5.990989776915846970e-02
-5.990989776915846970e-02
-5.990989776915846970e-02
-5.990989776915846970e-02
-5.990989776915846970e-02
-5.990989776915846970e-02
-5.990989776915846970e-02
-5.990989776915846970e-02
-5.990989776915846970e-02
-5.990989776915846970e-02
-5.990989776915846970e-02
-5.990989776915846970e-02
-5.990989776915846970e-02
-5.990989776915846970e-02
-5.990989776915846970e-02
-5.990989776915846970e-02
-5.990989776915846970e-02
-5.990989776915846970e-02
-5.990989776915846970e-02
-5.990989776915846970e-02
-5.990989776915846970e-02
-5.990989776915846970e-02
-5.990989776915846970e-02
-5.990989776915846970e-02
-5.990989776915846970e-02
-5.990989776915846970e-02
-5.990989776915846970e-02
-5.990989776915846970e-02
-5.990989776915846970e-02
-5.990989776915846970e-02
-5.990989776915846970e-02
-5.990989776915846970e-02
-5.990989776915846970e-02
-5.990989776915846970e-02
-1.353724337900573671e-01
-1.353724337900573671e-01
-1.353724337900573671e-01
-1.353724337900573671e-01
-1.353724337900573671e-01
-1.353724337900573671e-01
-1.353724337900573671e-01
-1.353724337900573671e-01
-1.353724337900573671e-01
-1.353724337900573671e-01
-1.353724337900573671e-01
-1.353724337900573671e-01
-1.353724337900573671e-01
-1.353724337900573671e-01
-1.353724337900573671e-01
-1.353724337900573671e-01
-1.353724337900573671e-01
-1.353724337900573671e-01
-1.353724337900573671e-01
-1.353724337900573671e-01
-1.353724337900573671e-01
-1.353724337900573671e-01
-1.353724337900573671e-01
-1.353724337900573671e-01
-1.353724337900573671e-01
-1.353724337900573671e-01
-1.353724337900573671e-01
-1.353724337900573671e-01
-1.353724337900573671e-01
-1.353724337900573671e-01
-1.353724337900573671e-01
-1.353724337900573671e-01
-1.353724337900573671e-01
-1.353724337900573671e-01
-1.353724337900573671e-01
-1.353724337900573671e-01
-1.082227816431289846e-01
-1.082227816431289846e-01
-1.082227816431289846e-01
-1.082227816431289846e-01
-1.082227816431289846e-01
-1.096287831293693144e-01
-1.096287831293693144e-01
-1.096287831293693144e-01
-9.810736484782872635e-02
-9.810736484782872635e-02
-9.810736484782872635e-02
-9.810736484782872635e-02
-9.810736484782872635e-02
-9.810736484782872635e-02
-9.810736484782872635e-02
-9.810736484782872635e-02
-9.810736484782872635e-02
-9.810736484782872635e-02
-9.810736484782872635e-02
-9.810736484782872635e-02
-9.810736484782872635e-02
-9.810736484782872635e-02
-9.810736484782872635e-02
-9.810736484782872635e-02
-9.810736484782872635e-02
-9.810736484782872635e-02
-9.810736484782872635e-02
-9.810736484782872635e-02
-9.810736484782872635e-02
-9.810736484782872635e-02
-9.810736484782872635e-02
-9.810736484782872635e-02
-9.810736484782872635e-02
-9.810736484782872635e-02
-9.810736484782872635e-02
-9.810736484782872635e-02
-9.810736484782872635e-02
-9.810736484782872635e-02
