# Variable: dg_gbsa_00000196
# Sample shape: (2000,)
# Date: 2014-03-03 06:24:05.813855
-2.133828504135685922e+00
-4.214030606796819178e+00
-4.214030606796819178e+00
-4.214030606796819178e+00
-4.214030606796819178e+00
-3.969776470848068506e+00
-3.969776470848068506e+00
-3.838550064349493418e+00
-3.838550064349493418e+00
-3.838550064349493418e+00
-3.838550064349493418e+00
-3.838550064349493418e+00
-3.777679704115449955e+00
-3.777679704115449955e+00
-3.777679704115449955e+00
-3.815740061991529153e+00
-3.815740061991529153e+00
-3.815740061991529153e+00
-3.815740061991529153e+00
-3.815740061991529153e+00
-3.815740061991529153e+00
-3.815740061991529153e+00
-3.815740061991529153e+00
-3.813488305640722054e+00
-3.813488305640722054e+00
-3.813488305640722054e+00
-3.813488305640722054e+00
-3.813488305640722054e+00
-3.813488305640722054e+00
-3.813488305640722054e+00
-3.760162092759549601e+00
-3.760162092759549601e+00
-3.760162092759549601e+00
-4.042860654754346861e+00
-4.042860654754346861e+00
-4.042860654754346861e+00
-4.042860654754346861e+00
-4.042860654754346861e+00
-4.042860654754346861e+00
-4.042860654754346861e+00
-4.042860654754346861e+00
-3.970962181601879859e+00
-3.970962181601879859e+00
-3.842889008968783493e+00
-3.842889008968783493e+00
-3.844384709462152827e+00
-4.022114135567134596e+00
-4.022114135567134596e+00
-4.022114135567134596e+00
-4.022114135567134596e+00
-4.022114135567134596e+00
-3.849061907591373011e+00
-3.849061907591373011e+00
-4.172600478104834032e+00
-4.172600478104834032e+00
-4.172600478104834032e+00
-4.171524175494396580e+00
-4.171524175494396580e+00
-4.053390732686787956e+00
-4.053390732686787956e+00
-3.852971881115185404e+00
-3.852971881115185404e+00
-3.852971881115185404e+00
-3.852971881115185404e+00
-3.852971881115185404e+00
-3.852971881115185404e+00
-3.852971881115185404e+00
-3.852971881115185404e+00
-3.841448468414364825e+00
-3.841448468414364825e+00
-3.841448468414364825e+00
-3.678534728391220643e+00
-3.678534728391220643e+00
-3.424969503574115670e+00
-3.424969503574115670e+00
-3.424969503574115670e+00
-3.424969503574115670e+00
-3.424969503574115670e+00
-3.424969503574115670e+00
-4.043064883288644218e+00
-4.043064883288644218e+00
-4.043064883288644218e+00
-4.222992045473642264e+00
-4.222992045473642264e+00
-4.222992045473642264e+00
-4.229030007386070267e+00
-4.229030007386070267e+00
-4.229030007386070267e+00
-4.229030007386070267e+00
-4.103533396529421395e+00
-4.103533396529421395e+00
-4.103533396529421395e+00
-4.069692546049449966e+00
-4.069692546049449966e+00
-4.069692546049449966e+00
-4.069692546049449966e+00
-4.062343509885594450e+00
-4.062343509885594450e+00
-4.062343509885594450e+00
-4.062343509885594450e+00
-4.062343509885594450e+00
-4.062343509885594450e+00
-4.037736250839087049e+00
-4.037736250839087049e+00
-4.037736250839087049e+00
-4.037736250839087049e+00
-4.037736250839087049e+00
-4.037736250839087049e+00
-4.037736250839087049e+00
-4.037736250839087049e+00
-4.037736250839087049e+00
-4.037736250839087049e+00
-4.037736250839087049e+00
-4.037736250839087049e+00
-4.037736250839087049e+00
-4.037736250839087049e+00
-4.037736250839087049e+00
-4.037736250839087049e+00
-4.037736250839087049e+00
-4.037736250839087049e+00
-4.037736250839087049e+00
-4.037736250839087049e+00
-4.037736250839087049e+00
-4.037736250839087049e+00
-4.037736250839087049e+00
-4.037736250839087049e+00
-4.037736250839087049e+00
-4.037736250839087049e+00
-3.679834633894677687e+00
-3.679834633894677687e+00
-3.679834633894677687e+00
-3.679834633894677687e+00
-3.679834633894677687e+00
-3.679834633894677687e+00
-3.679834633894677687e+00
-3.679834633894677687e+00
-3.679834633894677687e+00
-3.679834633894677687e+00
-4.072307400676077549e+00
-4.072307400676077549e+00
-3.605311732903037303e+00
-3.605311732903037303e+00
-3.605311732903037303e+00
-3.605311732903037303e+00
-3.605311732903037303e+00
-3.605311732903037303e+00
-3.605311732903037303e+00
-3.605311732903037303e+00
-3.605311732903037303e+00
-3.605311732903037303e+00
-3.605311732903037303e+00
-3.605311732903037303e+00
-3.605311732903037303e+00
-3.605311732903037303e+00
-3.605311732903037303e+00
-3.605311732903037303e+00
-3.605311732903037303e+00
-3.605311732903037303e+00
-3.605311732903037303e+00
-3.605311732903037303e+00
-3.605311732903037303e+00
-3.534509164653361957e+00
-3.534509164653361957e+00
-3.534509164653361957e+00
-3.534509164653361957e+00
-3.534509164653361957e+00
-3.753154957043737028e+00
-3.753154957043737028e+00
-3.753154957043737028e+00
-3.753154957043737028e+00
-3.915613057736456959e+00
-3.915613057736456959e+00
-3.915613057736456959e+00
-3.915613057736456959e+00
-3.915613057736456959e+00
-3.915613057736456959e+00
-3.915613057736456959e+00
-3.915613057736456959e+00
-3.915613057736456959e+00
-3.915613057736456959e+00
-3.915613057736456959e+00
-3.915613057736456959e+00
-3.915613057736456959e+00
-3.915613057736456959e+00
-3.915613057736456959e+00
-3.915613057736456959e+00
-3.915613057736456959e+00
-3.915613057736456959e+00
-3.915613057736456959e+00
-3.915613057736456959e+00
-3.915613057736456959e+00
-3.915613057736456959e+00
-3.915613057736456959e+00
-3.915613057736456959e+00
-3.915613057736456959e+00
-3.915613057736456959e+00
-3.915613057736456959e+00
-3.915613057736456959e+00
-3.915613057736456959e+00
-3.915613057736456959e+00
-3.915613057736456959e+00
-3.915296685855201630e+00
-3.915296685855201630e+00
-3.915296685855201630e+00
-3.915296685855201630e+00
-3.915296685855201630e+00
-3.915296685855201630e+00
-3.915296685855201630e+00
-3.915296685855201630e+00
-4.006356171850492309e+00
-4.006356171850492309e+00
-4.006356171850492309e+00
-4.006356171850492309e+00
-4.006356171850492309e+00
-3.667888404306444361e+00
-3.667888404306444361e+00
-3.781442888380236234e+00
-3.781442888380236234e+00
-3.781442888380236234e+00
-3.781442888380236234e+00
-3.781442888380236234e+00
-3.781442888380236234e+00
-3.781442888380236234e+00
-3.781442888380236234e+00
-3.781442888380236234e+00
-3.781442888380236234e+00
-3.781442888380236234e+00
-3.781442888380236234e+00
-3.781442888380236234e+00
-3.781442888380236234e+00
-3.781442888380236234e+00
-3.750499986097871830e+00
-3.750499986097871830e+00
-3.750499986097871830e+00
-3.750499986097871830e+00
-3.750499986097871830e+00
-3.750499986097871830e+00
-3.750499986097871830e+00
-3.750499986097871830e+00
-3.750499986097871830e+00
-3.750499986097871830e+00
-3.750499986097871830e+00
-3.750499986097871830e+00
-3.750499986097871830e+00
-3.750499986097871830e+00
-3.750499986097871830e+00
-3.750499986097871830e+00
-3.750499986097871830e+00
-3.750499986097871830e+00
-3.750499986097871830e+00
-3.750499986097871830e+00
-3.750499986097871830e+00
-3.750499986097871830e+00
-3.750499986097871830e+00
-3.750499986097871830e+00
-3.750499986097871830e+00
-3.750499986097871830e+00
-3.750499986097871830e+00
-3.750499986097871830e+00
-3.750499986097871830e+00
-3.759628955994235522e+00
-3.759628955994235522e+00
-3.759628955994235522e+00
-3.759628955994235522e+00
-3.759628955994235522e+00
-3.759628955994235522e+00
-3.759628955994235522e+00
-3.759628955994235522e+00
-3.759628955994235522e+00
-4.012999981356852430e+00
-4.012999981356852430e+00
-3.586953958179480928e+00
-3.586953958179480928e+00
-3.586953958179480928e+00
-3.586953958179480928e+00
-3.586953958179480928e+00
-3.454690681588809209e+00
-3.454690681588809209e+00
-3.454690681588809209e+00
-3.454690681588809209e+00
-3.454690681588809209e+00
-3.454690681588809209e+00
-3.454690681588809209e+00
-3.454690681588809209e+00
-3.454690681588809209e+00
-3.748906502076362113e+00
-3.648049516841968654e+00
-3.648049516841968654e+00
-3.648049516841968654e+00
-3.543238566892780383e+00
-3.543238566892780383e+00
-3.543238566892780383e+00
-3.543238566892780383e+00
-3.543238566892780383e+00
-3.543238566892780383e+00
-3.543238566892780383e+00
-3.543238566892780383e+00
-3.543238566892780383e+00
-3.543238566892780383e+00
-3.569213427731457333e+00
-3.569213427731457333e+00
-3.569213427731457333e+00
-3.569213427731457333e+00
-3.569213427731457333e+00
-3.569213427731457333e+00
-3.337449143083327741e+00
-3.337449143083327741e+00
-3.337449143083327741e+00
-3.337449143083327741e+00
-3.337449143083327741e+00
-3.337449143083327741e+00
-3.674766757520161242e+00
-3.674766757520161242e+00
-3.674766757520161242e+00
-3.674766757520161242e+00
-3.674766757520161242e+00
-3.674766757520161242e+00
-3.674766757520161242e+00
-3.674766757520161242e+00
-3.826349232894284746e+00
-3.826349232894284746e+00
-3.826349232894284746e+00
-3.826349232894284746e+00
-3.826349232894284746e+00
-3.826349232894284746e+00
-3.697733122349696977e+00
-3.697733122349696977e+00
-3.697733122349696977e+00
-3.697733122349696977e+00
-3.697733122349696977e+00
-3.697733122349696977e+00
-3.697733122349696977e+00
-3.697733122349696977e+00
-3.697733122349696977e+00
-3.697733122349696977e+00
-3.697733122349696977e+00
-3.697733122349696977e+00
-3.697733122349696977e+00
-3.697733122349696977e+00
-3.939575264604323834e+00
-4.026220587881755186e+00
-4.026220587881755186e+00
-4.026220587881755186e+00
-4.026220587881755186e+00
-4.026220587881755186e+00
-4.026220587881755186e+00
-4.026220587881755186e+00
-3.951341198689622747e+00
-3.951341198689622747e+00
-3.951341198689622747e+00
-3.461191576707887130e+00
-3.461191576707887130e+00
-3.461191576707887130e+00
-3.461191576707887130e+00
-3.461191576707887130e+00
-3.461191576707887130e+00
-3.461191576707887130e+00
-3.461191576707887130e+00
-3.453623040456388793e+00
-3.491546866086883139e+00
-3.491546866086883139e+00
-3.491546866086883139e+00
-3.491546866086883139e+00
-3.491546866086883139e+00
-3.491546866086883139e+00
-3.515082153261961384e+00
-3.515082153261961384e+00
-3.515082153261961384e+00
-3.515082153261961384e+00
-3.515082153261961384e+00
-3.515082153261961384e+00
-3.515082153261961384e+00
-3.515082153261961384e+00
-3.515082153261961384e+00
-3.515082153261961384e+00
-3.515082153261961384e+00
-3.515082153261961384e+00
-3.515082153261961384e+00
-3.515082153261961384e+00
-3.515082153261961384e+00
-3.515082153261961384e+00
-3.515082153261961384e+00
-3.515082153261961384e+00
-3.515082153261961384e+00
-3.515082153261961384e+00
-3.515082153261961384e+00
-3.515082153261961384e+00
-3.515082153261961384e+00
-3.515082153261961384e+00
-3.515082153261961384e+00
-4.231656714561564669e+00
-4.231656714561564669e+00
-4.231656714561564669e+00
-4.231656714561564669e+00
-3.747965819976981638e+00
-3.905578963387308367e+00
-3.905578963387308367e+00
-3.905578963387308367e+00
-3.911184763133411568e+00
-4.041197650975068889e+00
-4.041197650975068889e+00
-4.041197650975068889e+00
-4.041197650975068889e+00
-4.041197650975068889e+00
-4.063972779487332154e+00
-4.063972779487332154e+00
-4.063972779487332154e+00
-3.954591988149609882e+00
-3.954591988149609882e+00
-3.954591988149609882e+00
-3.954591988149609882e+00
-3.954591988149609882e+00
-3.954591988149609882e+00
-3.954591988149609882e+00
-3.954591988149609882e+00
-3.954591988149609882e+00
-3.954591988149609882e+00
-3.954591988149609882e+00
-3.954591988149609882e+00
-3.954591988149609882e+00
-3.954591988149609882e+00
-3.954591988149609882e+00
-3.954591988149609882e+00
-3.954591988149609882e+00
-3.954591988149609882e+00
-3.954591988149609882e+00
-3.954591988149609882e+00
-3.954591988149609882e+00
-3.954591988149609882e+00
-3.954591988149609882e+00
-3.954591988149609882e+00
-3.954591988149609882e+00
-3.954591988149609882e+00
-3.954591988149609882e+00
-3.954591988149609882e+00
-3.954591988149609882e+00
-3.954591988149609882e+00
-3.954591988149609882e+00
-3.954591988149609882e+00
-3.954591988149609882e+00
-3.954591988149609882e+00
-3.954591988149609882e+00
-3.954591988149609882e+00
-3.854123401824192552e+00
-3.854123401824192552e+00
-3.848767873206056400e+00
-3.848767873206056400e+00
-3.848767873206056400e+00
-3.848767873206056400e+00
-3.848767873206056400e+00
-3.848767873206056400e+00
-3.848767873206056400e+00
-3.848767873206056400e+00
-3.848767873206056400e+00
-3.848767873206056400e+00
-3.848767873206056400e+00
-3.848767873206056400e+00
-3.848767873206056400e+00
-3.848767873206056400e+00
-3.823367633053722958e+00
-3.823367633053722958e+00
-3.823367633053722958e+00
-3.823367633053722958e+00
-3.823367633053722958e+00
-3.823367633053722958e+00
-3.823367633053722958e+00
-3.823367633053722958e+00
-3.823367633053722958e+00
-3.759633742600508199e+00
-3.759633742600508199e+00
-3.759633742600508199e+00
-3.759633742600508199e+00
-3.759633742600508199e+00
-3.759633742600508199e+00
-3.759633742600508199e+00
-3.759633742600508199e+00
-3.759633742600508199e+00
-3.759633742600508199e+00
-3.759633742600508199e+00
-3.759633742600508199e+00
-3.759633742600508199e+00
-3.759633742600508199e+00
-3.759633742600508199e+00
-3.759633742600508199e+00
-3.689094893563090061e+00
-3.689094893563090061e+00
-3.689094893563090061e+00
-3.689094893563090061e+00
-3.689094893563090061e+00
-3.694047435519800082e+00
-3.694047435519800082e+00
-3.527179274914597151e+00
-3.527179274914597151e+00
-3.527179274914597151e+00
-3.527179274914597151e+00
-3.527179274914597151e+00
-3.527179274914597151e+00
-3.527179274914597151e+00
-3.527179274914597151e+00
-3.527179274914597151e+00
-3.527179274914597151e+00
-3.797093495356193227e+00
-3.820036383021629955e+00
-3.820036383021629955e+00
-3.820036383021629955e+00
-3.820036383021629955e+00
-3.820036383021629955e+00
-3.820036383021629955e+00
-3.820036383021629955e+00
-3.820036383021629955e+00
-3.820036383021629955e+00
-3.820036383021629955e+00
-3.820036383021629955e+00
-3.820036383021629955e+00
-3.820036383021629955e+00
-3.631326482127319011e+00
-3.817439307218299938e+00
-3.817439307218299938e+00
-3.817439307218299938e+00
-3.817439307218299938e+00
-3.817439307218299938e+00
-3.817439307218299938e+00
-3.817439307218299938e+00
-3.817439307218299938e+00
-3.817439307218299938e+00
-3.817439307218299938e+00
-3.817439307218299938e+00
-3.817439307218299938e+00
-3.817439307218299938e+00
-3.817439307218299938e+00
-3.817439307218299938e+00
-3.817439307218299938e+00
-3.817439307218299938e+00
-3.817439307218299938e+00
-3.817439307218299938e+00
-3.817439307218299938e+00
-3.817439307218299938e+00
-3.817439307218299938e+00
-3.817439307218299938e+00
-3.817439307218299938e+00
-3.817439307218299938e+00
-3.817439307218299938e+00
-3.817439307218299938e+00
-3.817439307218299938e+00
-3.817439307218299938e+00
-3.817439307218299938e+00
-3.817439307218299938e+00
-3.817439307218299938e+00
-3.817439307218299938e+00
-3.817439307218299938e+00
-3.817439307218299938e+00
-3.817439307218299938e+00
-3.817439307218299938e+00
-3.817439307218299938e+00
-3.817439307218299938e+00
-3.817439307218299938e+00
-3.817439307218299938e+00
-3.817439307218299938e+00
-3.817439307218299938e+00
-3.817439307218299938e+00
-3.817439307218299938e+00
-3.817439307218299938e+00
-3.817439307218299938e+00
-3.817439307218299938e+00
-3.817439307218299938e+00
-3.735790061221295755e+00
-3.735790061221295755e+00
-3.735790061221295755e+00
-3.735790061221295755e+00
-3.735790061221295755e+00
-3.735790061221295755e+00
-3.735790061221295755e+00
-3.735790061221295755e+00
-3.735790061221295755e+00
-3.735790061221295755e+00
-3.735790061221295755e+00
-3.735790061221295755e+00
-3.735790061221295755e+00
-3.735790061221295755e+00
-3.735790061221295755e+00
-3.735790061221295755e+00
-3.735790061221295755e+00
-3.617471992171744866e+00
-3.617471992171744866e+00
-3.617471992171744866e+00
-3.617471992171744866e+00
-3.617471992171744866e+00
-3.617471992171744866e+00
-3.617471992171744866e+00
-3.617471992171744866e+00
-3.617471992171744866e+00
-3.617471992171744866e+00
-3.617471992171744866e+00
-3.617471992171744866e+00
-3.617471992171744866e+00
-3.617471992171744866e+00
-3.617471992171744866e+00
-3.617471992171744866e+00
-3.594857101002796984e+00
-3.594857101002796984e+00
-3.594857101002796984e+00
-3.594857101002796984e+00
-3.594857101002796984e+00
-3.594857101002796984e+00
-3.594857101002796984e+00
-3.594857101002796984e+00
-3.594857101002796984e+00
-3.594857101002796984e+00
-3.594857101002796984e+00
-3.594857101002796984e+00
-3.594857101002796984e+00
-3.594857101002796984e+00
-3.594857101002796984e+00
-3.594857101002796984e+00
-3.594857101002796984e+00
-3.594857101002796984e+00
-3.594857101002796984e+00
-3.594857101002796984e+00
-3.562048106075016651e+00
-3.825506790190308148e+00
-3.825506790190308148e+00
-3.825506790190308148e+00
-3.832368048381622927e+00
-3.832368048381622927e+00
-3.832368048381622927e+00
-3.832368048381622927e+00
-3.832368048381622927e+00
-3.832368048381622927e+00
-3.832368048381622927e+00
-3.832368048381622927e+00
-3.832368048381622927e+00
-3.832368048381622927e+00
-3.832368048381622927e+00
-3.832368048381622927e+00
-3.832368048381622927e+00
-3.832368048381622927e+00
-3.832368048381622927e+00
-3.832368048381622927e+00
-3.832368048381622927e+00
-3.832368048381622927e+00
-3.832368048381622927e+00
-3.832368048381622927e+00
-3.832368048381622927e+00
-3.707742599866585831e+00
-3.707742599866585831e+00
-3.707742599866585831e+00
-3.707742599866585831e+00
-3.707742599866585831e+00
-3.707742599866585831e+00
-3.707742599866585831e+00
-3.707742599866585831e+00
-3.707742599866585831e+00
-3.707742599866585831e+00
-3.707742599866585831e+00
-3.707742599866585831e+00
-3.707742599866585831e+00
-3.707742599866585831e+00
-3.707742599866585831e+00
-3.707742599866585831e+00
-3.707742599866585831e+00
-3.707742599866585831e+00
-3.707742599866585831e+00
-3.707742599866585831e+00
-3.707742599866585831e+00
-3.707742599866585831e+00
-3.707742599866585831e+00
-3.707742599866585831e+00
-3.707742599866585831e+00
-3.707742599866585831e+00
-3.707742599866585831e+00
-3.707742599866585831e+00
-3.707742599866585831e+00
-3.707742599866585831e+00
-3.707742599866585831e+00
-3.707742599866585831e+00
-3.707742599866585831e+00
-3.707742599866585831e+00
-3.707742599866585831e+00
-3.707742599866585831e+00
-3.258212118714078898e+00
-3.258212118714078898e+00
-3.258212118714078898e+00
-3.258212118714078898e+00
-3.258212118714078898e+00
-3.258212118714078898e+00
-3.258212118714078898e+00
-3.258212118714078898e+00
-3.258212118714078898e+00
-3.258212118714078898e+00
-3.510155367805670501e+00
-3.510155367805670501e+00
-3.510155367805670501e+00
-3.510155367805670501e+00
-3.510155367805670501e+00
-3.510155367805670501e+00
-3.510155367805670501e+00
-3.510155367805670501e+00
-3.510155367805670501e+00
-3.510155367805670501e+00
-3.510155367805670501e+00
-3.510155367805670501e+00
-3.510155367805670501e+00
-3.510155367805670501e+00
-3.510155367805670501e+00
-3.614210033963788593e+00
-3.614210033963788593e+00
-3.614210033963788593e+00
-3.614210033963788593e+00
-3.614210033963788593e+00
-3.614210033963788593e+00
-3.614210033963788593e+00
-3.614210033963788593e+00
-3.614210033963788593e+00
-3.614210033963788593e+00
-3.614210033963788593e+00
-3.614210033963788593e+00
-3.614210033963788593e+00
-3.614210033963788593e+00
-3.614210033963788593e+00
-3.614210033963788593e+00
-3.265175719106174324e+00
-3.265175719106174324e+00
-3.265175719106174324e+00
-3.265175719106174324e+00
-3.265175719106174324e+00
-3.265175719106174324e+00
-3.265175719106174324e+00
-3.265175719106174324e+00
-3.265175719106174324e+00
-3.265175719106174324e+00
-3.265175719106174324e+00
-3.265175719106174324e+00
-3.265175719106174324e+00
-3.265175719106174324e+00
-3.248901257779356566e+00
-3.248901257779356566e+00
-3.248901257779356566e+00
-3.248901257779356566e+00
-3.248901257779356566e+00
-3.248901257779356566e+00
-3.248901257779356566e+00
-3.248901257779356566e+00
-3.248901257779356566e+00
-3.248901257779356566e+00
-3.013345297162437042e+00
-3.013345297162437042e+00
-3.013345297162437042e+00
-3.013345297162437042e+00
-3.013345297162437042e+00
-3.013345297162437042e+00
-3.013345297162437042e+00
-3.038558403802875230e+00
-3.038558403802875230e+00
-3.038558403802875230e+00
-3.038558403802875230e+00
-3.038558403802875230e+00
-3.038558403802875230e+00
-3.106452538907869432e+00
-3.102270412627415208e+00
-3.102270412627415208e+00
-3.102270412627415208e+00
-3.102270412627415208e+00
-3.102270412627415208e+00
-3.102270412627415208e+00
-3.102270412627415208e+00
-3.102270412627415208e+00
-3.168831135985044067e+00
-3.168831135985044067e+00
-3.168831135985044067e+00
-3.168831135985044067e+00
-3.168831135985044067e+00
-3.168831135985044067e+00
-3.168831135985044067e+00
-3.168831135985044067e+00
-3.168831135985044067e+00
-3.168831135985044067e+00
-3.504717783080004256e+00
-3.504717783080004256e+00
-3.504717783080004256e+00
-3.504717783080004256e+00
-3.504717783080004256e+00
-3.504717783080004256e+00
-3.504717783080004256e+00
-3.518655240877636370e+00
-3.518655240877636370e+00
-3.361027053847595258e+00
-3.361027053847595258e+00
-3.361027053847595258e+00
-3.361027053847595258e+00
-3.361027053847595258e+00
-3.361027053847595258e+00
-3.361027053847595258e+00
-3.361027053847595258e+00
-3.361027053847595258e+00
-3.361027053847595258e+00
-3.361027053847595258e+00
-3.361027053847595258e+00
-3.361027053847595258e+00
-3.361027053847595258e+00
-3.361027053847595258e+00
-3.361027053847595258e+00
-3.361027053847595258e+00
-3.361027053847595258e+00
-3.361027053847595258e+00
-3.361027053847595258e+00
-3.361027053847595258e+00
-3.361027053847595258e+00
-3.361027053847595258e+00
-3.361027053847595258e+00
-3.361027053847595258e+00
-3.361027053847595258e+00
-3.361027053847595258e+00
-3.361027053847595258e+00
-3.351040597627541029e+00
-3.351040597627541029e+00
-3.351040597627541029e+00
-3.421664921776970125e+00
-3.421664921776970125e+00
-3.421664921776970125e+00
-3.421664921776970125e+00
-3.421664921776970125e+00
-3.421664921776970125e+00
-3.421664921776970125e+00
-3.421664921776970125e+00
-3.421664921776970125e+00
-3.421664921776970125e+00
-3.421664921776970125e+00
-3.421664921776970125e+00
-3.421664921776970125e+00
-3.421664921776970125e+00
-3.421664921776970125e+00
-3.421664921776970125e+00
-3.421664921776970125e+00
-3.421664921776970125e+00
-3.421664921776970125e+00
-3.582378190516513516e+00
-3.579762652088989139e+00
-3.579762652088989139e+00
-3.572101118915623097e+00
-3.572101118915623097e+00
-3.572101118915623097e+00
-3.572101118915623097e+00
-3.572101118915623097e+00
-3.572101118915623097e+00
-3.572101118915623097e+00
-3.572101118915623097e+00
-3.572101118915623097e+00
-3.572101118915623097e+00
-3.572101118915623097e+00
-3.572101118915623097e+00
-3.572101118915623097e+00
-3.572101118915623097e+00
-3.572101118915623097e+00
-3.572101118915623097e+00
-3.572101118915623097e+00
-3.406031637757047648e+00
-3.406031637757047648e+00
-3.406031637757047648e+00
-3.406031637757047648e+00
-3.406031637757047648e+00
-3.406031637757047648e+00
-3.406031637757047648e+00
-3.406031637757047648e+00
-3.406031637757047648e+00
-3.406031637757047648e+00
-3.406031637757047648e+00
-3.406031637757047648e+00
-3.406031637757047648e+00
-3.406031637757047648e+00
-3.406031637757047648e+00
-3.325359315306916752e+00
-3.325359315306916752e+00
-3.325359315306916752e+00
-3.325359315306916752e+00
-3.325359315306916752e+00
-3.325359315306916752e+00
-3.325359315306916752e+00
-3.325359315306916752e+00
-3.325359315306916752e+00
-3.325359315306916752e+00
-3.325359315306916752e+00
-3.325359315306916752e+00
-3.325359315306916752e+00
-3.325359315306916752e+00
-3.325359315306916752e+00
-3.325359315306916752e+00
-3.325359315306916752e+00
-3.325359315306916752e+00
-3.325359315306916752e+00
-3.325359315306916752e+00
-3.325359315306916752e+00
-3.325359315306916752e+00
-3.325359315306916752e+00
-3.325359315306916752e+00
-3.325359315306916752e+00
-3.325359315306916752e+00
-3.325359315306916752e+00
-3.325359315306916752e+00
-3.325359315306916752e+00
-3.325359315306916752e+00
-3.323269847702113644e+00
-3.323269847702113644e+00
-3.323269847702113644e+00
-3.323269847702113644e+00
-3.323269847702113644e+00
-3.323269847702113644e+00
-3.323269847702113644e+00
-3.323269847702113644e+00
-3.323269847702113644e+00
-3.323269847702113644e+00
-3.323269847702113644e+00
-3.323269847702113644e+00
-3.323269847702113644e+00
-3.323269847702113644e+00
-3.323269847702113644e+00
-3.323269847702113644e+00
-3.323269847702113644e+00
-3.323269847702113644e+00
-3.323269847702113644e+00
-3.323269847702113644e+00
-3.323269847702113644e+00
-3.323269847702113644e+00
-3.323269847702113644e+00
-3.323269847702113644e+00
-3.323269847702113644e+00
-3.323269847702113644e+00
-3.323269847702113644e+00
-3.323269847702113644e+00
-3.323269847702113644e+00
-3.323269847702113644e+00
-3.323269847702113644e+00
-3.323269847702113644e+00
-3.323269847702113644e+00
-3.323269847702113644e+00
-3.323269847702113644e+00
-3.323269847702113644e+00
-3.323269847702113644e+00
-3.323269847702113644e+00
-3.323269847702113644e+00
-3.323269847702113644e+00
-3.323269847702113644e+00
-3.323269847702113644e+00
-3.323269847702113644e+00
-3.323269847702113644e+00
-3.323269847702113644e+00
-3.312685521565249314e+00
-3.312685521565249314e+00
-3.312685521565249314e+00
-3.479842929949495733e+00
-3.479842929949495733e+00
-3.479842929949495733e+00
-3.479842929949495733e+00
-3.479842929949495733e+00
-3.479842929949495733e+00
-3.479842929949495733e+00
-3.479842929949495733e+00
-3.479842929949495733e+00
-3.479842929949495733e+00
-3.479842929949495733e+00
-3.479842929949495733e+00
-3.479842929949495733e+00
-3.479842929949495733e+00
-3.506921445434453499e+00
-3.506921445434453499e+00
-3.508627756603817094e+00
-3.508627756603817094e+00
-3.508627756603817094e+00
-3.508627756603817094e+00
-3.508627756603817094e+00
-3.508627756603817094e+00
-3.508627756603817094e+00
-3.508627756603817094e+00
-3.508627756603817094e+00
-3.508627756603817094e+00
-3.508627756603817094e+00
-3.508627756603817094e+00
-3.508627756603817094e+00
-3.508627756603817094e+00
-3.508627756603817094e+00
-3.508627756603817094e+00
-3.508627756603817094e+00
-3.508627756603817094e+00
-3.508627756603817094e+00
-3.508627756603817094e+00
-3.508627756603817094e+00
-3.508627756603817094e+00
-3.508627756603817094e+00
-3.508627756603817094e+00
-3.508627756603817094e+00
-3.508627756603817094e+00
-3.508627756603817094e+00
-3.508627756603817094e+00
-3.508627756603817094e+00
-3.508627756603817094e+00
-3.508627756603817094e+00
-3.508627756603817094e+00
-3.508627756603817094e+00
-3.508627756603817094e+00
-3.508627756603817094e+00
-3.508627756603817094e+00
-3.508627756603817094e+00
-3.508627756603817094e+00
-3.508627756603817094e+00
-3.508627756603817094e+00
-3.508029886687006993e+00
-3.508029886687006993e+00
-3.508029886687006993e+00
-3.553568063229037399e+00
-3.553568063229037399e+00
-3.553568063229037399e+00
-3.553568063229037399e+00
-3.553568063229037399e+00
-3.553568063229037399e+00
-3.553568063229037399e+00
-3.640905620946938814e+00
-3.640905620946938814e+00
-3.640905620946938814e+00
-3.640905620946938814e+00
-3.640905620946938814e+00
-3.640905620946938814e+00
-3.640905620946938814e+00
-3.640905620946938814e+00
-3.522381727827666342e+00
-3.522381727827666342e+00
-3.564230798535319433e+00
-3.564230798535319433e+00
-3.564230798535319433e+00
-3.564230798535319433e+00
-3.564230798535319433e+00
-3.564230798535319433e+00
-3.564230798535319433e+00
-3.564230798535319433e+00
-3.564230798535319433e+00
-3.564230798535319433e+00
-3.526861079564285628e+00
-3.612187578846801639e+00
-3.500063606247619141e+00
-3.500063606247619141e+00
-3.500063606247619141e+00
-3.500063606247619141e+00
-3.500063606247619141e+00
-3.500063606247619141e+00
-3.500063606247619141e+00
-3.500063606247619141e+00
-3.500063606247619141e+00
-3.500063606247619141e+00
-3.827266893696830152e+00
-3.827266893696830152e+00
-3.596101390700038980e+00
-3.596101390700038980e+00
-3.596101390700038980e+00
-3.596101390700038980e+00
-3.596101390700038980e+00
-3.596101390700038980e+00
-3.596101390700038980e+00
-3.596101390700038980e+00
-3.596101390700038980e+00
-3.596101390700038980e+00
-3.596101390700038980e+00
-3.596101390700038980e+00
-3.596101390700038980e+00
-3.596101390700038980e+00
-3.596101390700038980e+00
-3.596101390700038980e+00
-3.596101390700038980e+00
-3.596101390700038980e+00
-3.596101390700038980e+00
-3.596101390700038980e+00
-3.596101390700038980e+00
-3.503838415127638939e+00
-3.503838415127638939e+00
-3.814246412900847982e+00
-3.814246412900847982e+00
-3.814246412900847982e+00
-3.814246412900847982e+00
-3.814246412900847982e+00
-3.814246412900847982e+00
-3.814246412900847982e+00
-3.814246412900847982e+00
-3.067888447705008126e+00
-3.067888447705008126e+00
-3.075246829147776140e+00
-3.075246829147776140e+00
-3.075246829147776140e+00
-3.297633012439734834e+00
-3.765666917906664413e+00
-3.765666917906664413e+00
-3.765666917906664413e+00
-3.765666917906664413e+00
-3.763677285232689407e+00
-3.763677285232689407e+00
-3.763677285232689407e+00
-3.763677285232689407e+00
-3.763677285232689407e+00
-3.763677285232689407e+00
-3.763677285232689407e+00
-3.218276094980039304e+00
-3.218276094980039304e+00
-3.218276094980039304e+00
-3.218276094980039304e+00
-3.315496171181789631e+00
-3.315496171181789631e+00
-3.315496171181789631e+00
-3.315496171181789631e+00
-3.315496171181789631e+00
-3.315496171181789631e+00
-3.315496171181789631e+00
-3.315496171181789631e+00
-3.315496171181789631e+00
-3.254616921536097163e+00
-3.254616921536097163e+00
-3.254616921536097163e+00
-3.254616921536097163e+00
-3.254616921536097163e+00
-3.694537264895028539e+00
-3.694537264895028539e+00
-3.694537264895028539e+00
-3.694537264895028539e+00
-3.694537264895028539e+00
-3.544174234452256655e+00
-3.544174234452256655e+00
-3.544174234452256655e+00
-3.544174234452256655e+00
-3.544174234452256655e+00
-3.256756990407210672e+00
-3.256756990407210672e+00
-3.256756990407210672e+00
-3.256756990407210672e+00
-3.256756990407210672e+00
-3.395332888936905213e+00
-3.395332888936905213e+00
-3.395332888936905213e+00
-3.395332888936905213e+00
-3.395332888936905213e+00
-3.395332888936905213e+00
-3.395332888936905213e+00
-3.395332888936905213e+00
-3.395332888936905213e+00
-3.369178416396190201e+00
-3.369178416396190201e+00
-3.369178416396190201e+00
-3.589703293649006088e+00
-3.589703293649006088e+00
-3.589703293649006088e+00
-3.589703293649006088e+00
-3.589703293649006088e+00
-3.739545495742593317e+00
-3.739545495742593317e+00
-3.739545495742593317e+00
-3.739545495742593317e+00
-3.646081993730300397e+00
-3.646081993730300397e+00
-3.646081993730300397e+00
-3.646081993730300397e+00
-3.646081993730300397e+00
-3.646081993730300397e+00
-3.646081993730300397e+00
-3.646081993730300397e+00
-3.646081993730300397e+00
-3.646081993730300397e+00
-3.646081993730300397e+00
-3.646081993730300397e+00
-3.646081993730300397e+00
-3.646081993730300397e+00
-3.646081993730300397e+00
-3.805499687705395484e+00
-3.805499687705395484e+00
-3.300982953029654166e+00
-3.300982953029654166e+00
-3.566023724484853830e+00
-3.566023724484853830e+00
-3.566023724484853830e+00
-3.566023724484853830e+00
-3.566023724484853830e+00
-3.566023724484853830e+00
-3.566023724484853830e+00
-3.566023724484853830e+00
-3.566023724484853830e+00
-3.566023724484853830e+00
-3.566023724484853830e+00
-3.566023724484853830e+00
-3.566023724484853830e+00
-3.566023724484853830e+00
-3.566023724484853830e+00
-3.566023724484853830e+00
-3.753702453627868696e+00
-3.324004477798141011e+00
-3.324004477798141011e+00
-3.324004477798141011e+00
-3.324004477798141011e+00
-3.324004477798141011e+00
-3.324004477798141011e+00
-3.324004477798141011e+00
-3.324004477798141011e+00
-3.324004477798141011e+00
-3.324004477798141011e+00
-3.324004477798141011e+00
-3.324004477798141011e+00
-3.324004477798141011e+00
-3.324004477798141011e+00
-3.324004477798141011e+00
-3.324004477798141011e+00
-3.324004477798141011e+00
-3.324004477798141011e+00
-3.324004477798141011e+00
-3.324004477798141011e+00
-3.324004477798141011e+00
-3.340849912873189442e+00
-3.340849912873189442e+00
-3.340849912873189442e+00
-3.340849912873189442e+00
-3.340849912873189442e+00
-3.340849912873189442e+00
-3.339165027465236690e+00
-3.339165027465236690e+00
-3.339165027465236690e+00
-3.339165027465236690e+00
-3.339165027465236690e+00
-3.326603605004159192e+00
-3.326603605004159192e+00
-3.326603605004159192e+00
-3.357312647380062742e+00
-3.357312647380062742e+00
-3.357312647380062742e+00
-3.357312647380062742e+00
-3.357312647380062742e+00
-3.357312647380062742e+00
-3.603102600141419476e+00
-3.603102600141419476e+00
-3.603102600141419476e+00
-3.603102600141419476e+00
-3.603102600141419476e+00
-3.603102600141419476e+00
-3.603102600141419476e+00
-3.603102600141419476e+00
-3.603102600141419476e+00
-3.564198204025939454e+00
-3.564198204025939454e+00
-3.564198204025939454e+00
-3.582881012108767749e+00
-3.582881012108767749e+00
-3.582881012108767749e+00
-3.582881012108767749e+00
-3.582881012108767749e+00
-3.582881012108767749e+00
-3.582881012108767749e+00
-3.582881012108767749e+00
-3.582881012108767749e+00
-3.582881012108767749e+00
-3.504334626644564743e+00
-3.496305436522737065e+00
-3.496305436522737065e+00
-3.496305436522737065e+00
-3.496305436522737065e+00
-3.496305436522737065e+00
-3.496305436522737065e+00
-3.496305436522737065e+00
-3.496305436522737065e+00
-3.496305436522737065e+00
-3.496305436522737065e+00
-3.496305436522737065e+00
-3.496305436522737065e+00
-3.496305436522737065e+00
-3.243049289710662642e+00
-3.243049289710662642e+00
-3.243049289710662642e+00
-3.234399664242454175e+00
-3.234399664242454175e+00
-3.297960553068959300e+00
-3.297960553068959300e+00
-3.297960553068959300e+00
-3.297960553068959300e+00
-3.297960553068959300e+00
-3.297960553068959300e+00
-3.297960553068959300e+00
-3.297960553068959300e+00
-3.297960553068959300e+00
-3.297960553068959300e+00
-3.468426418122096067e+00
-3.468426418122096067e+00
-3.468426418122096067e+00
-3.468426418122096067e+00
-3.423960897252390723e+00
-3.423960897252390723e+00
-3.423960897252390723e+00
-3.423960897252390723e+00
-3.423960897252390723e+00
-3.423960897252390723e+00
-3.423960897252390723e+00
-3.423960897252390723e+00
-3.423960897252390723e+00
-3.423960897252390723e+00
-3.496059724067410723e+00
-3.483596085134473164e+00
-3.483596085134473164e+00
-3.483596085134473164e+00
-3.479148188239073569e+00
-3.479148188239073569e+00
-3.479148188239073569e+00
-3.479148188239073569e+00
-3.479148188239073569e+00
-3.479148188239073569e+00
-3.479148188239073569e+00
-3.479148188239073569e+00
-3.479148188239073569e+00
-3.479148188239073569e+00
-3.479148188239073569e+00
-3.479148188239073569e+00
-3.479148188239073569e+00
-3.560637652760025862e+00
-3.560637652760025862e+00
-3.560637652760025862e+00
-3.560637652760025862e+00
-3.560637652760025862e+00
-3.560637652760025862e+00
-3.683364869987531431e+00
-3.683364869987531431e+00
-3.683364869987531431e+00
-3.550678548575814997e+00
-3.550678548575814997e+00
-3.550678548575814997e+00
-3.550678548575814997e+00
-3.550678548575814997e+00
-3.550678548575814997e+00
-3.550678548575814997e+00
-3.550678548575814997e+00
-3.550678548575814997e+00
-3.550678548575814997e+00
-3.550678548575814997e+00
-3.550678548575814997e+00
-3.550678548575814997e+00
-3.550678548575814997e+00
-3.550678548575814997e+00
-3.550678548575814997e+00
-3.550678548575814997e+00
-3.550678548575814997e+00
-3.550678548575814997e+00
-3.550678548575814997e+00
-3.550678548575814997e+00
-3.550678548575814997e+00
-3.550678548575814997e+00
-3.550678548575814997e+00
-3.513983969022849152e+00
-3.513983969022849152e+00
-3.513983969022849152e+00
-3.840033912293997265e+00
-3.840033912293997265e+00
-3.840033912293997265e+00
-3.840033912293997265e+00
-3.574684290767399464e+00
-3.574684290767399464e+00
-3.574684290767399464e+00
-3.574684290767399464e+00
-3.574684290767399464e+00
-3.574684290767399464e+00
-3.592447614578626158e+00
-3.688787866960747674e+00
-3.642704701104537701e+00
-3.564442776813105507e+00
-3.427438480676245902e+00
-3.427438480676245902e+00
-3.427438480676245902e+00
-3.427438480676245902e+00
-3.427438480676245902e+00
-3.427438480676245902e+00
-3.427438480676245902e+00
-3.427438480676245902e+00
-3.427438480676245902e+00
-3.427438480676245902e+00
-3.427438480676245902e+00
-3.427438480676245902e+00
-3.427438480676245902e+00
-3.472686953571968438e+00
-3.472686953571968438e+00
-3.472686953571968438e+00
-3.472686953571968438e+00
-3.472686953571968438e+00
-3.472686953571968438e+00
-3.419931258571763166e+00
-3.419931258571763166e+00
-3.405870260745571532e+00
-3.405870260745571532e+00
-3.405870260745571532e+00
-3.446321642421627196e+00
-3.592676232011550397e+00
-3.592676232011550397e+00
-3.592676232011550397e+00
-3.592676232011550397e+00
-3.605946300134603710e+00
-3.605946300134603710e+00
-3.605946300134603710e+00
-3.605946300134603710e+00
-3.605946300134603710e+00
-3.605946300134603710e+00
-3.605946300134603710e+00
-3.495109468755484894e+00
-3.495109468755484894e+00
-3.495109468755484894e+00
-3.495109468755484894e+00
-3.489766704420742549e+00
-3.489766704420742549e+00
-3.489766704420742549e+00
-3.109864477445700714e+00
-3.213221438756180159e+00
-3.689194500560286194e+00
-3.689194500560286194e+00
-3.663271836523343872e+00
-3.497428009660476178e+00
-3.497428009660476178e+00
-3.785014608394119406e+00
-3.009871588610326221e+00
-3.652689105921903767e+00
-3.652689105921903767e+00
-3.119842955988633815e+00
-3.119842955988633815e+00
-3.119842955988633815e+00
-3.119842955988633815e+00
-3.119842955988633815e+00
-3.119842955988633815e+00
-3.119842955988633815e+00
-3.119842955988633815e+00
-3.119842955988633815e+00
-3.119842955988633815e+00
-3.119842955988633815e+00
-3.119842955988633815e+00
-3.119842955988633815e+00
-3.119842955988633815e+00
-3.119842955988633815e+00
-3.014431172985419405e+00
-3.014431172985419405e+00
-3.014431172985419405e+00
-3.014431172985419405e+00
-3.014431172985419405e+00
-3.014431172985419405e+00
-3.014431172985419405e+00
-3.014431172985419405e+00
-3.014431172985419405e+00
-3.014431172985419405e+00
-3.014431172985419405e+00
-3.029516048686681895e+00
-3.029516048686681895e+00
-3.009570944149680738e+00
-3.009570944149680738e+00
-3.009570944149680738e+00
-3.009570944149680738e+00
-3.009570944149680738e+00
-3.250533034651046815e+00
-3.250533034651046815e+00
-3.250533034651046815e+00
-3.250533034651046815e+00
-3.250533034651046815e+00
-3.250533034651046815e+00
-3.250533034651046815e+00
-3.250533034651046815e+00
-3.263606168116027550e+00
-3.230847318587293682e+00
-3.241317905841776259e+00
-3.335507604405711035e+00
-3.335507604405711035e+00
-3.335507604405711035e+00
-3.308787856457565901e+00
-3.332920785615822279e+00
-3.332920785615822279e+00
-3.400351759580535482e+00
-3.400351759580535482e+00
-3.400351759580535482e+00
-3.400351759580535482e+00
-3.400351759580535482e+00
-3.400351759580535482e+00
-3.400351759580535482e+00
-3.400351759580535482e+00
-3.400351759580535482e+00
-3.400351759580535482e+00
-3.400351759580535482e+00
-3.400351759580535482e+00
-3.400351759580535482e+00
-3.400351759580535482e+00
-3.400351759580535482e+00
-3.400351759580535482e+00
-3.400351759580535482e+00
-3.400351759580535482e+00
-3.400351759580535482e+00
-3.400351759580535482e+00
-3.400351759580535482e+00
-3.400351759580535482e+00
-3.400351759580535482e+00
-3.400351759580535482e+00
-3.393946824520541306e+00
-3.393946824520541306e+00
-3.393946824520541306e+00
-3.393946824520541306e+00
-3.393946824520541306e+00
-3.393946824520541306e+00
-3.393946824520541306e+00
-3.393946824520541306e+00
-3.393946824520541306e+00
-3.393946824520541306e+00
-3.393946824520541306e+00
-3.393946824520541306e+00
-3.393946824520541306e+00
-3.393946824520541306e+00
-3.393946824520541306e+00
-3.393946824520541306e+00
-3.393946824520541306e+00
-3.393946824520541306e+00
-3.435563402923525356e+00
-3.435563402923525356e+00
-3.435563402923525356e+00
-3.435563402923525356e+00
-3.435563402923525356e+00
-3.435563402923525356e+00
-3.435563402923525356e+00
-3.435563402923525356e+00
-3.435563402923525356e+00
-3.435563402923525356e+00
-3.435563402923525356e+00
-3.435563402923525356e+00
-3.435563402923525356e+00
-3.435563402923525356e+00
-3.435563402923525356e+00
-3.435563402923525356e+00
-3.435563402923525356e+00
-3.435563402923525356e+00
-3.435563402923525356e+00
-3.435563402923525356e+00
-3.435563402923525356e+00
-3.435563402923525356e+00
-3.435563402923525356e+00
-3.435563402923525356e+00
-3.435563402923525356e+00
-3.435563402923525356e+00
-3.435563402923525356e+00
-3.435563402923525356e+00
-3.435563402923525356e+00
-3.435563402923525356e+00
-3.285735788582387684e+00
-3.285735788582387684e+00
-3.285735788582387684e+00
-3.285735788582387684e+00
-3.285735788582387684e+00
-3.285735788582387684e+00
-3.285735788582387684e+00
-3.285735788582387684e+00
-3.285735788582387684e+00
-3.285735788582387684e+00
-3.285735788582387684e+00
-3.285735788582387684e+00
-3.285735788582387684e+00
-3.285735788582387684e+00
-3.285735788582387684e+00
-3.285735788582387684e+00
-3.340211926637142614e+00
-3.340211926637142614e+00
-3.340211926637142614e+00
-3.340211926637142614e+00
-3.340211926637142614e+00
-3.340211926637142614e+00
-3.340211926637142614e+00
-3.418381081940339072e+00
-3.418381081940339072e+00
-3.418381081940339072e+00
-3.418381081940339072e+00
-3.418381081940339072e+00
-3.180418370102832792e+00
-3.180418370102832792e+00
-3.180418370102832792e+00
-3.360433742603425866e+00
-3.360433742603425866e+00
-3.360433742603425866e+00
-3.360433742603425866e+00
-3.360433742603425866e+00
-3.360433742603425866e+00
-3.360433742603425866e+00
-3.360433742603425866e+00
-3.360433742603425866e+00
-3.360433742603425866e+00
-3.360433742603425866e+00
-3.287750266022253509e+00
-3.287750266022253509e+00
-3.287750266022253509e+00
-3.287750266022253509e+00
-3.390897528391267013e+00
-3.390897528391267013e+00
-3.390897528391267013e+00
-3.390897528391267013e+00
-3.390897528391267013e+00
-3.390897528391267013e+00
-3.390897528391267013e+00
-3.543164944329635357e+00
-3.464327943484596162e+00
-3.464327943484596162e+00
-3.119705739942153055e+00
-3.119705739942153055e+00
-3.119705739942153055e+00
-3.119705739942153055e+00
-3.119705739942153055e+00
-3.119705739942153055e+00
-3.119705739942153055e+00
-3.283493605444125496e+00
-3.283493605444125496e+00
-3.283493605444125496e+00
-3.283493605444125496e+00
-3.283493605444125496e+00
-3.283493605444125496e+00
-3.180542365998656251e+00
-3.180542365998656251e+00
-3.180542365998656251e+00
-3.180542365998656251e+00
-3.180542365998656251e+00
-3.180542365998656251e+00
-3.180542365998656251e+00
-3.180542365998656251e+00
-3.180542365998656251e+00
-3.180542365998656251e+00
-3.180542365998656251e+00
-3.180542365998656251e+00
-3.180542365998656251e+00
-3.180542365998656251e+00
-3.206985858384783228e+00
-3.206985858384783228e+00
-3.206985858384783228e+00
-3.206985858384783228e+00
-3.206985858384783228e+00
-3.206985858384783228e+00
-3.206985858384783228e+00
-3.206985858384783228e+00
-3.206985858384783228e+00
-3.075994223527196869e+00
-3.075994223527196869e+00
-3.075156567429492949e+00
-3.075156567429492949e+00
-3.075156567429492949e+00
-3.075156567429492949e+00
-3.075156567429492949e+00
-3.075156567429492949e+00
-3.075156567429492949e+00
-3.075156567429492949e+00
-3.075156567429492949e+00
-3.075156567429492949e+00
-3.421397555626600973e+00
-3.421397555626600973e+00
-3.421397555626600973e+00
-3.421397555626600973e+00
-3.421397555626600973e+00
-3.421397555626600973e+00
-3.421397555626600973e+00
-3.421397555626600973e+00
-3.421397555626600973e+00
-3.421397555626600973e+00
-3.421397555626600973e+00
-3.421397555626600973e+00
-3.421397555626600973e+00
-3.421397555626600973e+00
-3.421397555626600973e+00
-3.421397555626600973e+00
-3.421397555626600973e+00
-3.419034567663363777e+00
-3.419034567663363777e+00
-3.419034567663363777e+00
-3.419034567663363777e+00
-3.419034567663363777e+00
-3.484105972669320650e+00
-3.484105972669320650e+00
-3.484105972669320650e+00
-3.484105972669320650e+00
-3.484105972669320650e+00
-3.484105972669320650e+00
-3.269254591451320024e+00
-3.269254591451320024e+00
-3.269254591451320024e+00
-3.269254591451320024e+00
-3.269254591451320024e+00
-3.269254591451320024e+00
-3.269254591451320024e+00
-3.269254591451320024e+00
-3.269254591451320024e+00
-3.269254591451320024e+00
-3.269254591451320024e+00
-3.269254591451320024e+00
-3.269254591451320024e+00
-3.269254591451320024e+00
-3.269254591451320024e+00
-3.269254591451320024e+00
-3.269254591451320024e+00
-3.269254591451320024e+00
-3.269254591451320024e+00
-3.269254591451320024e+00
-3.269254591451320024e+00
-3.269254591451320024e+00
-3.269254591451320024e+00
-3.269254591451320024e+00
-3.269254591451320024e+00
-3.269254591451320024e+00
-3.269254591451320024e+00
-3.383730839133034518e+00
-3.383730839133034518e+00
-3.383730839133034518e+00
-3.383730839133034518e+00
-3.612927679349997589e+00
-3.373637254105926964e+00
-3.373637254105926964e+00
-3.373637254105926964e+00
-3.373637254105926964e+00
-3.373637254105926964e+00
-3.373637254105926964e+00
-3.373637254105926964e+00
-3.002404026957816274e+00
-3.002404026957816274e+00
-3.503574467981750207e+00
-3.503574467981750207e+00
-3.503574467981750207e+00
-3.503574467981750207e+00
-3.503574467981750207e+00
-3.503574467981750207e+00
-3.503574467981750207e+00
-3.503574467981750207e+00
-3.514705151034586361e+00
-3.700121410946088929e+00
-3.700121410946088929e+00
-3.700121410946088929e+00
-3.703041012838739210e+00
-3.703176633349795743e+00
-3.703176633349795743e+00
-3.703176633349795743e+00
-3.703176633349795743e+00
-3.703176633349795743e+00
-3.132504669247803797e+00
-3.120727110547271810e+00
-3.120727110547271810e+00
-3.120727110547271810e+00
-3.120727110547271810e+00
-3.120727110547271810e+00
-3.120727110547271810e+00
-3.120727110547271810e+00
-3.120727110547271810e+00
-3.120727110547271810e+00
-3.120727110547271810e+00
-3.621976188674255415e+00
-3.621976188674255415e+00
-3.621976188674255415e+00
-3.621976188674255415e+00
-3.621976188674255415e+00
-3.621976188674255415e+00
-3.621976188674255415e+00
-3.621976188674255415e+00
-3.621976188674255415e+00
-3.621976188674255415e+00
-3.130885200792242973e+00
-3.130885200792242973e+00
-3.130885200792242973e+00
-3.130885200792242973e+00
-3.130885200792242973e+00
-3.130885200792242973e+00
-3.130885200792242973e+00
-3.130885200792242973e+00
-3.313353139173460082e+00
-3.313353139173460082e+00
-3.313353139173460082e+00
-3.313353139173460082e+00
-3.313353139173460082e+00
-3.313353139173460082e+00
-3.313353139173460082e+00
-3.313353139173460082e+00
-3.452002888199931618e+00
-3.452002888199931618e+00
-3.452002888199931618e+00
-3.452002888199931618e+00
-3.452002888199931618e+00
-3.452002888199931618e+00
-3.452002888199931618e+00
-3.452002888199931618e+00
-3.452002888199931618e+00
-3.270854457614526645e+00
-3.270854457614526645e+00
-3.270854457614526645e+00
-3.270854457614526645e+00
-3.270854457614526645e+00
-3.270854457614526645e+00
-3.270854457614526645e+00
-3.270854457614526645e+00
-3.270854457614526645e+00
-3.270854457614526645e+00
-3.270854457614526645e+00
-3.270854457614526645e+00
-3.270854457614526645e+00
-3.270854457614526645e+00
-3.270854457614526645e+00
-3.270854457614526645e+00
-3.270854457614526645e+00
-3.270854457614526645e+00
-3.270854457614526645e+00
-3.270854457614526645e+00
-3.270854457614526645e+00
-3.270854457614526645e+00
-3.270854457614526645e+00
-3.378052556491946579e+00
-3.378052556491946579e+00
-3.378052556491946579e+00
-3.378052556491946579e+00
-3.378052556491946579e+00
-3.461346571577666342e+00
-3.461346571577666342e+00
-3.461346571577666342e+00
-3.461346571577666342e+00
-3.461346571577666342e+00
-3.461346571577666342e+00
-3.456524407658476683e+00
-3.456524407658476683e+00
-3.456524407658476683e+00
-3.456524407658476683e+00
-3.456524407658476683e+00
-3.456524407658476683e+00
-3.456524407658476683e+00
-3.456524407658476683e+00
-3.456524407658476683e+00
-3.173452946241681172e+00
-3.173452946241681172e+00
-3.173452946241681172e+00
-3.173452946241681172e+00
-3.173452946241681172e+00
-3.173452946241681172e+00
-3.173452946241681172e+00
-3.173452946241681172e+00
-3.173452946241681172e+00
-3.173452946241681172e+00
-3.173452946241681172e+00
-3.173452946241681172e+00
-3.173452946241681172e+00
-3.173452946241681172e+00
-3.173452946241681172e+00
-3.173452946241681172e+00
-3.173452946241681172e+00
-3.173452946241681172e+00
-3.173452946241681172e+00
-3.173452946241681172e+00
-3.173452946241681172e+00
-3.173452946241681172e+00
-3.173452946241681172e+00
-3.173452946241681172e+00
-3.173452946241681172e+00
-3.173452946241681172e+00
-3.173452946241681172e+00
-3.173452946241681172e+00
-3.173452946241681172e+00
-3.173452946241681172e+00
-3.173452946241681172e+00
-3.173452946241681172e+00
-3.173452946241681172e+00
-3.173452946241681172e+00
-3.173452946241681172e+00
-3.173452946241681172e+00
-3.173452946241681172e+00
-3.170663038585655347e+00
-3.170663038585655347e+00
-3.170663038585655347e+00
-3.170663038585655347e+00
-3.433690928136413412e+00
-3.433690928136413412e+00
-3.433690928136413412e+00
-3.641057880613133513e+00
-3.379213650413498193e+00
-3.379213650413498193e+00
-3.379213650413498193e+00
-3.379213650413498193e+00
-3.379213650413498193e+00
-3.379213650413498193e+00
-3.379213650413498193e+00
-3.379213650413498193e+00
-3.379213650413498193e+00
-3.379213650413498193e+00
-3.379213650413498193e+00
-3.379213650413498193e+00
-3.379213650413498193e+00
-3.379213650413498193e+00
-3.379213650413498193e+00
-3.379213650413498193e+00
-3.379213650413498193e+00
-3.379213650413498193e+00
-3.379213650413498193e+00
-3.379213650413498193e+00
-3.268655581866350079e+00
-3.268655581866350079e+00
-3.268655581866350079e+00
-3.268655581866350079e+00
-3.268655581866350079e+00
-3.268655581866350079e+00
-3.268655581866350079e+00
-3.268655581866350079e+00
-3.268655581866350079e+00
-3.294079071249150115e+00
-3.294079071249150115e+00
-3.294079071249150115e+00
-3.294079071249150115e+00
-3.293669474512395556e+00
-3.293669474512395556e+00
-3.293669474512395556e+00
-3.293669474512395556e+00
-3.293669474512395556e+00
-3.293669474512395556e+00
-3.293669474512395556e+00
-3.293669474512395556e+00
-3.293669474512395556e+00
-3.293669474512395556e+00
-3.293669474512395556e+00
-3.293669474512395556e+00
-3.293669474512395556e+00
-3.456162449050815599e+00
-3.456162449050815599e+00
-3.456162449050815599e+00
-3.442787759390661062e+00
-3.442787759390661062e+00
-3.442787759390661062e+00
-3.442787759390661062e+00
-3.442787759390661062e+00
-3.442787759390661062e+00
-3.442787759390661062e+00
-3.442787759390661062e+00
-3.442787759390661062e+00
-3.442787759390661062e+00
-3.442787759390661062e+00
-3.442787759390661062e+00
-3.442787759390661062e+00
-3.442787759390661062e+00
-3.442787759390661062e+00
-3.654446930092105639e+00
-3.654446930092105639e+00
-3.681371134508180099e+00
-3.681371134508180099e+00
-3.681371134508180099e+00
-3.681371134508180099e+00
-3.681371134508180099e+00
-3.681371134508180099e+00
-3.681371134508180099e+00
-3.681371134508180099e+00
-3.681371134508180099e+00
-3.681371134508180099e+00
-3.681371134508180099e+00
-3.681371134508180099e+00
-3.681371134508180099e+00
-3.681371134508180099e+00
-3.681371134508180099e+00
-3.681371134508180099e+00
-3.681371134508180099e+00
-3.681371134508180099e+00
-3.354530489467525634e+00
-3.354530489467525634e+00
-3.354530489467525634e+00
-3.354530489467525634e+00
-3.421372938794342122e+00
-3.421372938794342122e+00
-3.421372938794342122e+00
-3.421372938794342122e+00
-3.421372938794342122e+00
-3.421372938794342122e+00
-3.421372938794342122e+00
-3.421372938794342122e+00
-3.421372938794342122e+00
-3.421372938794342122e+00
-3.421372938794342122e+00
-3.421372938794342122e+00
-3.421372938794342122e+00
-3.421372938794342122e+00
-3.412862352841670610e+00
-3.412862352841670610e+00
-3.412862352841670610e+00
-3.412862352841670610e+00
-3.412862352841670610e+00
-3.421885105665509297e+00
-3.421885105665509297e+00
-3.421885105665509297e+00
-3.346656978016373518e+00
-3.346656978016373518e+00
-3.346656978016373518e+00
-3.346656978016373518e+00
-3.346656978016373518e+00
-3.346656978016373518e+00
-3.346656978016373518e+00
-3.346656978016373518e+00
-3.346656978016373518e+00
-3.346656978016373518e+00
-3.346656978016373518e+00
-3.346656978016373518e+00
-3.346656978016373518e+00
-3.346656978016373518e+00
-3.346656978016373518e+00
-3.346656978016373518e+00
-3.304258587255532564e+00
-3.304258587255532564e+00
-3.296555114293873157e+00
-3.296555114293873157e+00
-3.296555114293873157e+00
-3.296555114293873157e+00
-3.296555114293873157e+00
-3.296555114293873157e+00
-3.296555114293873157e+00
-3.296555114293873157e+00
-3.296555114293873157e+00
-3.296555114293873157e+00
-3.296555114293873157e+00
-3.296555114293873157e+00
