# Variable: dg_gbsa_00000339
# Sample shape: (2000,)
# Date: 2014-03-03 06:24:04.267141
-2.301383428774189888e+00
-2.301383428774189888e+00
-3.093465108488531179e+00
-6.606623046028910373e+00
-6.606623046028910373e+00
-6.606623046028910373e+00
-6.606623046028910373e+00
-6.606623046028910373e+00
-5.637547254106510586e+00
-5.637547254106510586e+00
-5.637547254106510586e+00
-5.637547254106510586e+00
-5.495473486059710311e+00
-5.495473486059710311e+00
-5.495473486059710311e+00
-5.495473486059710311e+00
-5.495473486059710311e+00
-5.495473486059710311e+00
-5.495473486059710311e+00
-5.495473486059710311e+00
-5.495473486059710311e+00
-5.495473486059710311e+00
-5.495473486059710311e+00
-5.490286172462011116e+00
-5.490286172462011116e+00
-5.490286172462011116e+00
-5.490286172462011116e+00
-5.490286172462011116e+00
-5.490286172462011116e+00
-5.490286172462011116e+00
-6.039079698960137854e+00
-5.977425930832813705e+00
-5.977425930832813705e+00
-6.361424353109034868e+00
-6.361424353109034868e+00
-6.361424353109034868e+00
-6.361424353109034868e+00
-6.026988275648302640e+00
-6.026988275648302640e+00
-5.704496376373115574e+00
-5.704496376373115574e+00
-5.704496376373115574e+00
-5.704496376373115574e+00
-5.704496376373115574e+00
-5.704496376373115574e+00
-5.708045303023795647e+00
-5.708045303023795647e+00
-5.708045303023795647e+00
-5.708045303023795647e+00
-5.708045303023795647e+00
-5.763185183815016543e+00
-5.763185183815016543e+00
-5.763185183815016543e+00
-5.763185183815016543e+00
-5.763185183815016543e+00
-5.516470276374889181e+00
-5.514047341866429086e+00
-5.514047341866429086e+00
-5.251811065819705249e+00
-5.251811065819705249e+00
-5.251811065819705249e+00
-5.251811065819705249e+00
-5.251811065819705249e+00
-5.251811065819705249e+00
-5.251811065819705249e+00
-5.251811065819705249e+00
-5.251811065819705249e+00
-5.251811065819705249e+00
-5.251811065819705249e+00
-5.251811065819705249e+00
-5.251811065819705249e+00
-5.027901374131269918e+00
-5.027901374131269918e+00
-5.027901374131269918e+00
-5.027901374131269918e+00
-5.027901374131269918e+00
-5.027901374131269918e+00
-5.027901374131269918e+00
-5.027901374131269918e+00
-5.720738015256921827e+00
-5.720738015256921827e+00
-5.720738015256921827e+00
-5.720738015256921827e+00
-5.720738015256921827e+00
-5.534346199400338229e+00
-5.534346199400338229e+00
-5.534346199400338229e+00
-5.534346199400338229e+00
-5.534346199400338229e+00
-5.385026877058622929e+00
-5.385026877058622929e+00
-5.385026877058622929e+00
-5.385026877058622929e+00
-5.385026877058622929e+00
-5.385026877058622929e+00
-5.385026877058622929e+00
-5.385026877058622929e+00
-5.385026877058622929e+00
-5.385026877058622929e+00
-5.385026877058622929e+00
-5.385026877058622929e+00
-5.385026877058622929e+00
-5.385026877058622929e+00
-5.385026877058622929e+00
-5.385026877058622929e+00
-5.385026877058622929e+00
-5.385026877058622929e+00
-5.385026877058622929e+00
-5.385026877058622929e+00
-5.385026877058622929e+00
-5.385026877058622929e+00
-5.385026877058622929e+00
-5.385026877058622929e+00
-5.385026877058622929e+00
-5.385026877058622929e+00
-5.385026877058622929e+00
-5.385026877058622929e+00
-5.385026877058622929e+00
-5.385026877058622929e+00
-5.385026877058622929e+00
-5.385026877058622929e+00
-5.385026877058622929e+00
-5.385026877058622929e+00
-5.385026877058622929e+00
-5.385026877058622929e+00
-5.385026877058622929e+00
-5.529351717655334397e+00
-5.529351717655334397e+00
-5.529351717655334397e+00
-5.529351717655334397e+00
-5.529351717655334397e+00
-5.723115363038976611e+00
-5.723115363038976611e+00
-5.723115363038976611e+00
-5.723115363038976611e+00
-5.723115363038976611e+00
-5.723115363038976611e+00
-5.723115363038976611e+00
-5.723115363038976611e+00
-5.707823751533464218e+00
-5.707823751533464218e+00
-5.707823751533464218e+00
-5.707823751533464218e+00
-5.707823751533464218e+00
-5.707823751533464218e+00
-5.707823751533464218e+00
-5.707823751533464218e+00
-5.707823751533464218e+00
-5.707823751533464218e+00
-5.707823751533464218e+00
-5.707823751533464218e+00
-5.707823751533464218e+00
-5.707823751533464218e+00
-5.707823751533464218e+00
-5.707823751533464218e+00
-5.707823751533464218e+00
-5.424622140012781202e+00
-5.424622140012781202e+00
-5.424622140012781202e+00
-5.424622140012781202e+00
-5.424622140012781202e+00
-5.424622140012781202e+00
-5.424622140012781202e+00
-5.424622140012781202e+00
-5.424622140012781202e+00
-5.424622140012781202e+00
-5.424622140012781202e+00
-5.424622140012781202e+00
-5.424622140012781202e+00
-5.424622140012781202e+00
-5.424622140012781202e+00
-5.424622140012781202e+00
-5.424622140012781202e+00
-5.441541197650974659e+00
-5.441541197650974659e+00
-5.441541197650974659e+00
-5.441541197650974659e+00
-5.441541197650974659e+00
-5.441541197650974659e+00
-5.441541197650974659e+00
-5.441541197650974659e+00
-5.441541197650974659e+00
-5.441541197650974659e+00
-5.441541197650974659e+00
-5.441541197650974659e+00
-5.441541197650974659e+00
-5.532157124798338543e+00
-5.532157124798338543e+00
-5.585720160723187888e+00
-5.585720160723187888e+00
-5.585720160723187888e+00
-5.585720160723187888e+00
-5.585720160723187888e+00
-5.585720160723187888e+00
-5.585720160723187888e+00
-5.585720160723187888e+00
-5.585720160723187888e+00
-5.585720160723187888e+00
-5.585720160723187888e+00
-5.585720160723187888e+00
-5.585720160723187888e+00
-5.584963876932118154e+00
-5.584963876932118154e+00
-5.584963876932118154e+00
-5.584963876932118154e+00
-5.584963876932118154e+00
-5.584963876932118154e+00
-5.584963876932118154e+00
-5.584963876932118154e+00
-5.697728570970932438e+00
-5.697728570970932438e+00
-5.174748984167270471e+00
-5.174748984167270471e+00
-5.174748984167270471e+00
-5.615008264837027419e+00
-5.615008264837027419e+00
-5.615008264837027419e+00
-5.615008264837027419e+00
-5.615008264837027419e+00
-5.615008264837027419e+00
-5.615008264837027419e+00
-5.615008264837027419e+00
-5.615008264837027419e+00
-5.615008264837027419e+00
-5.615008264837027419e+00
-5.640763853521693072e+00
-5.640763853521693072e+00
-5.640763853521693072e+00
-5.640763853521693072e+00
-5.640763853521693072e+00
-5.640763853521693072e+00
-5.563837620313946353e+00
-5.563837620313946353e+00
-5.563837620313946353e+00
-5.563837620313946353e+00
-5.563837620313946353e+00
-5.563837620313946353e+00
-5.563837620313946353e+00
-5.563837620313946353e+00
-5.563837620313946353e+00
-5.563837620313946353e+00
-5.563837620313946353e+00
-5.563837620313946353e+00
-5.563837620313946353e+00
-5.563837620313946353e+00
-5.563837620313946353e+00
-5.563837620313946353e+00
-5.563837620313946353e+00
-5.563837620313946353e+00
-5.563837620313946353e+00
-5.563837620313946353e+00
-5.563837620313946353e+00
-5.174821011194991272e+00
-5.258037756779453176e+00
-5.258037756779453176e+00
-5.258037756779453176e+00
-5.432047761876997782e+00
-5.432047761876997782e+00
-5.432047761876997782e+00
-5.432047761876997782e+00
-5.454445432294622975e+00
-5.454445432294622975e+00
-5.454445432294622975e+00
-5.454445432294622975e+00
-5.454445432294622975e+00
-5.454445432294622975e+00
-5.454445432294622975e+00
-5.451583497610876350e+00
-5.451583497610876350e+00
-5.451583497610876350e+00
-5.451583497610876350e+00
-5.451583497610876350e+00
-5.451583497610876350e+00
-5.451583497610876350e+00
-5.451583497610876350e+00
-5.451583497610876350e+00
-5.451583497610876350e+00
-5.451583497610876350e+00
-5.451583497610876350e+00
-5.451583497610876350e+00
-5.451583497610876350e+00
-5.451583497610876350e+00
-5.451583497610876350e+00
-5.451583497610876350e+00
-5.451583497610876350e+00
-5.451583497610876350e+00
-5.451583497610876350e+00
-5.451583497610876350e+00
-5.451583497610876350e+00
-5.341864908630487463e+00
-5.341864908630487463e+00
-5.341864908630487463e+00
-5.341864908630487463e+00
-5.341864908630487463e+00
-5.341864908630487463e+00
-5.341864908630487463e+00
-5.341864908630487463e+00
-5.341864908630487463e+00
-5.341864908630487463e+00
-5.341864908630487463e+00
-5.341864908630487463e+00
-5.341864908630487463e+00
-5.341864908630487463e+00
-5.341864908630487463e+00
-5.341864908630487463e+00
-5.341864908630487463e+00
-5.341864908630487463e+00
-5.341864908630487463e+00
-5.341864908630487463e+00
-5.341864908630487463e+00
-5.341864908630487463e+00
-5.536535729869601852e+00
-5.403092440865919777e+00
-5.403092440865919777e+00
-5.403092440865919777e+00
-5.403092440865919777e+00
-5.403092440865919777e+00
-5.403092440865919777e+00
-5.403092440865919777e+00
-5.403092440865919777e+00
-5.403092440865919777e+00
-5.403092440865919777e+00
-5.403092440865919777e+00
-5.403092440865919777e+00
-5.403092440865919777e+00
-5.403092440865919777e+00
-5.403092440865919777e+00
-5.403092440865919777e+00
-5.403092440865919777e+00
-5.393960051965074776e+00
-5.393960051965074776e+00
-5.393960051965074776e+00
-5.393960051965074776e+00
-5.393960051965074776e+00
-5.393960051965074776e+00
-4.994432055471503595e+00
-4.994432055471503595e+00
-4.994432055471503595e+00
-4.994432055471503595e+00
-5.281381351769995902e+00
-5.281381351769995902e+00
-5.281381351769995902e+00
-5.338761364296790823e+00
-5.338761364296790823e+00
-5.338761364296790823e+00
-5.338761364296790823e+00
-5.338761364296790823e+00
-5.153364250810378522e+00
-5.153364250810378522e+00
-5.153364250810378522e+00
-5.153364250810378522e+00
-5.153364250810378522e+00
-5.153364250810378522e+00
-5.153364250810378522e+00
-5.153364250810378522e+00
-5.153364250810378522e+00
-5.153364250810378522e+00
-5.153364250810378522e+00
-5.153364250810378522e+00
-5.200484514692317539e+00
-5.200484514692317539e+00
-5.200484514692317539e+00
-5.200484514692317539e+00
-5.200484514692317539e+00
-5.200484514692317539e+00
-5.264708462454392723e+00
-5.264708462454392723e+00
-5.062355366081398245e+00
-5.062355366081398245e+00
-5.062355366081398245e+00
-5.062355366081398245e+00
-5.062355366081398245e+00
-5.062355366081398245e+00
-5.062355366081398245e+00
-5.062355366081398245e+00
-5.062355366081398245e+00
-5.062355366081398245e+00
-5.062355366081398245e+00
-5.062355366081398245e+00
-5.062355366081398245e+00
-5.044609821093470003e+00
-5.044609821093470003e+00
-5.044609821093470003e+00
-5.044609821093470003e+00
-5.044609821093470003e+00
-5.044609821093470003e+00
-5.044609821093470003e+00
-5.044609821093470003e+00
-4.969739093379353712e+00
-4.969739093379353712e+00
-4.969739093379353712e+00
-4.969739093379353712e+00
-4.969739093379353712e+00
-4.969739093379353712e+00
-4.969739093379353712e+00
-4.969739093379353712e+00
-4.969739093379353712e+00
-4.969739093379353712e+00
-4.983529989851591679e+00
-5.130871304134565491e+00
-5.134788571534603108e+00
-5.134788571534603108e+00
-5.134788571534603108e+00
-5.134788571534603108e+00
-5.134788571534603108e+00
-5.134788571534603108e+00
-5.134788571534603108e+00
-5.134788571534603108e+00
-5.134788571534603108e+00
-5.134788571534603108e+00
-5.134788571534603108e+00
-5.134788571534603108e+00
-5.134788571534603108e+00
-5.134788571534603108e+00
-5.050446745542449101e+00
-5.050446745542449101e+00
-5.050446745542449101e+00
-5.050446745542449101e+00
-5.050446745542449101e+00
-5.050446745542449101e+00
-5.050446745542449101e+00
-5.050446745542449101e+00
-5.050446745542449101e+00
-5.050446745542449101e+00
-5.050446745542449101e+00
-5.050446745542449101e+00
-5.050446745542449101e+00
-5.050446745542449101e+00
-5.050446745542449101e+00
-5.050446745542449101e+00
-5.193651064404109619e+00
-5.193651064404109619e+00
-5.193651064404109619e+00
-5.193651064404109619e+00
-5.193651064404109619e+00
-5.193651064404109619e+00
-5.193651064404109619e+00
-5.193651064404109619e+00
-5.193651064404109619e+00
-5.193651064404109619e+00
-5.390949504553245397e+00
-5.390949504553245397e+00
-5.390949504553245397e+00
-5.390949504553245397e+00
-5.390949504553245397e+00
-5.376972614237272907e+00
-5.708499346818795672e+00
-5.708499346818795672e+00
-5.623032896286214388e+00
-5.623032896286214388e+00
-5.623032896286214388e+00
-5.623032896286214388e+00
-5.623032896286214388e+00
-5.623032896286214388e+00
-5.623032896286214388e+00
-5.623032896286214388e+00
-5.623032896286214388e+00
-5.623032896286214388e+00
-5.623032896286214388e+00
-5.556269767863344811e+00
-5.556269767863344811e+00
-5.556269767863344811e+00
-5.556269767863344811e+00
-5.556269767863344811e+00
-5.556269767863344811e+00
-5.556269767863344811e+00
-5.556269767863344811e+00
-5.556269767863344811e+00
-5.556269767863344811e+00
-5.556269767863344811e+00
-5.556269767863344811e+00
-5.556269767863344811e+00
-5.520009173945759962e+00
-5.520009173945759962e+00
-5.520009173945759962e+00
-5.520009173945759962e+00
-5.520009173945759962e+00
-5.520009173945759962e+00
-5.316081512042714508e+00
-5.316081512042714508e+00
-5.316081512042714508e+00
-5.316081512042714508e+00
-5.316081512042714508e+00
-5.316081512042714508e+00
-5.452481100253803170e+00
-5.452481100253803170e+00
-5.452481100253803170e+00
-5.452481100253803170e+00
-5.452481100253803170e+00
-5.465762792992090446e+00
-5.167801111195784891e+00
-5.167801111195784891e+00
-5.167801111195784891e+00
-5.167801111195784891e+00
-5.167801111195784891e+00
-5.167801111195784891e+00
-5.567137643438451633e+00
-5.567137643438451633e+00
-5.567137643438451633e+00
-5.567137643438451633e+00
-5.567137643438451633e+00
-5.567137643438451633e+00
-5.628023275225841004e+00
-5.628023275225841004e+00
-5.628023275225841004e+00
-5.628023275225841004e+00
-5.628023275225841004e+00
-5.628023275225841004e+00
-5.628023275225841004e+00
-5.628023275225841004e+00
-5.628023275225841004e+00
-5.628023275225841004e+00
-5.628023275225841004e+00
-5.628023275225841004e+00
-5.628023275225841004e+00
-5.628023275225841004e+00
-5.757184147150976372e+00
-5.473135990120939987e+00
-5.473135990120939987e+00
-5.364503732830798732e+00
-5.364503732830798732e+00
-5.364503732830798732e+00
-5.600581433531431230e+00
-5.600581433531431230e+00
-5.600581433531431230e+00
-5.600581433531431230e+00
-5.600581433531431230e+00
-5.555562717736792777e+00
-5.555562717736792777e+00
-5.555562717736792777e+00
-5.555562717736792777e+00
-5.934857045715214774e+00
-5.934857045715214774e+00
-5.934857045715214774e+00
-5.771319223407576970e+00
-5.771319223407576970e+00
-5.771319223407576970e+00
-5.771319223407576970e+00
-5.771319223407576970e+00
-5.771319223407576970e+00
-5.771319223407576970e+00
-5.771319223407576970e+00
-5.771319223407576970e+00
-5.942095306133904131e+00
-5.942095306133904131e+00
-5.942095306133904131e+00
-5.942095306133904131e+00
-5.942095306133904131e+00
-5.942095306133904131e+00
-5.942095306133904131e+00
-5.942095306133904131e+00
-5.942095306133904131e+00
-5.942095306133904131e+00
-5.942095306133904131e+00
-5.942095306133904131e+00
-5.942095306133904131e+00
-5.942095306133904131e+00
-5.942095306133904131e+00
-5.942095306133904131e+00
-5.942095306133904131e+00
-5.942095306133904131e+00
-5.942095306133904131e+00
-5.942095306133904131e+00
-5.942095306133904131e+00
-5.942095306133904131e+00
-5.942095306133904131e+00
-5.942095306133904131e+00
-5.942095306133904131e+00
-5.942095306133904131e+00
-5.942095306133904131e+00
-5.942095306133904131e+00
-5.942095306133904131e+00
-5.942095306133904131e+00
-5.942095306133904131e+00
-5.942095306133904131e+00
-5.942095306133904131e+00
-5.942095306133904131e+00
-5.942095306133904131e+00
-5.796804026937393495e+00
-5.796804026937393495e+00
-5.796804026937393495e+00
-5.796804026937393495e+00
-5.796804026937393495e+00
-5.796804026937393495e+00
-5.796804026937393495e+00
-5.796804026937393495e+00
-5.574405535229304931e+00
-5.574405535229304931e+00
-5.574405535229304931e+00
-5.574405535229304931e+00
-5.574405535229304931e+00
-5.574405535229304931e+00
-5.574405535229304931e+00
-5.574405535229304931e+00
-5.574405535229304931e+00
-5.574405535229304931e+00
-5.574405535229304931e+00
-5.574405535229304931e+00
-5.512420807468275008e+00
-5.512420807468275008e+00
-5.512420807468275008e+00
-5.512420807468275008e+00
-5.512420807468275008e+00
-5.512420807468275008e+00
-5.512420807468275008e+00
-5.512420807468275008e+00
-5.512420807468275008e+00
-5.512420807468275008e+00
-5.512420807468275008e+00
-5.512420807468275008e+00
-5.318447919010432123e+00
-5.318447919010432123e+00
-5.318447919010432123e+00
-5.318447919010432123e+00
-5.318447919010432123e+00
-5.318447919010432123e+00
-5.318447919010432123e+00
-5.318447919010432123e+00
-5.318447919010432123e+00
-5.318447919010432123e+00
-5.318447919010432123e+00
-5.318447919010432123e+00
-5.336480660374715690e+00
-5.336480660374715690e+00
-5.336480660374715690e+00
-5.336480660374715690e+00
-5.336480660374715690e+00
-5.336480660374715690e+00
-5.781060650973200765e+00
-5.781060650973200765e+00
-5.781060650973200765e+00
-5.781060650973200765e+00
-5.781060650973200765e+00
-5.781060650973200765e+00
-5.781060650973200765e+00
-5.781060650973200765e+00
-5.781060650973200765e+00
-5.781060650973200765e+00
-5.781060650973200765e+00
-5.781060650973200765e+00
-5.781060650973200765e+00
-5.781060650973200765e+00
-5.781060650973200765e+00
-5.629172516598528020e+00
-5.629172516598528020e+00
-5.629172516598528020e+00
-5.629172516598528020e+00
-5.629172516598528020e+00
-5.629172516598528020e+00
-5.629172516598528020e+00
-5.629172516598528020e+00
-5.629172516598528020e+00
-5.629172516598528020e+00
-5.629172516598528020e+00
-5.629172516598528020e+00
-5.621511667226058329e+00
-5.621511667226058329e+00
-5.621511667226058329e+00
-5.621511667226058329e+00
-5.762472207414032432e+00
-5.762472207414032432e+00
-5.762472207414032432e+00
-5.762472207414032432e+00
-5.762472207414032432e+00
-5.762472207414032432e+00
-5.762472207414032432e+00
-5.762472207414032432e+00
-5.762472207414032432e+00
-5.762472207414032432e+00
-5.762472207414032432e+00
-5.762472207414032432e+00
-5.762472207414032432e+00
-5.762472207414032432e+00
-5.762472207414032432e+00
-5.853028415949804497e+00
-5.853028415949804497e+00
-5.853028415949804497e+00
-5.853028415949804497e+00
-5.853028415949804497e+00
-5.853028415949804497e+00
-5.853028415949804497e+00
-5.853028415949804497e+00
-5.853028415949804497e+00
-5.853028415949804497e+00
-5.853028415949804497e+00
-5.853028415949804497e+00
-5.853028415949804497e+00
-5.853028415949804497e+00
-5.853028415949804497e+00
-5.853028415949804497e+00
-5.853028415949804497e+00
-5.853028415949804497e+00
-5.853028415949804497e+00
-5.853028415949804497e+00
-5.853028415949804497e+00
-5.853028415949804497e+00
-5.853028415949804497e+00
-5.853028415949804497e+00
-5.853028415949804497e+00
-5.853028415949804497e+00
-5.853028415949804497e+00
-5.853028415949804497e+00
-5.853028415949804497e+00
-5.853028415949804497e+00
-5.853028415949804497e+00
-5.853028415949804497e+00
-5.853028415949804497e+00
-5.853028415949804497e+00
-5.853028415949804497e+00
-5.853028415949804497e+00
-5.853028415949804497e+00
-5.853028415949804497e+00
-5.853028415949804497e+00
-5.853028415949804497e+00
-5.853028415949804497e+00
-5.853028415949804497e+00
-5.853028415949804497e+00
-5.853028415949804497e+00
-5.853028415949804497e+00
-5.853028415949804497e+00
-5.853028415949804497e+00
-5.853028415949804497e+00
-5.853028415949804497e+00
-5.853028415949804497e+00
-5.853028415949804497e+00
-5.853028415949804497e+00
-5.853028415949804497e+00
-5.853028415949804497e+00
-5.853028415949804497e+00
-5.853028415949804497e+00
-5.853028415949804497e+00
-5.853028415949804497e+00
-5.853028415949804497e+00
-5.853028415949804497e+00
-5.802766770751252245e+00
-5.802766770751252245e+00
-5.802766770751252245e+00
-5.802766770751252245e+00
-5.802766770751252245e+00
-5.802766770751252245e+00
-5.802766770751252245e+00
-5.802766770751252245e+00
-5.802766770751252245e+00
-5.802766770751252245e+00
-5.802766770751252245e+00
-5.802766770751252245e+00
-5.802766770751252245e+00
-5.816437774133043526e+00
-5.816437774133043526e+00
-5.816437774133043526e+00
-5.816437774133043526e+00
-5.816437774133043526e+00
-5.816437774133043526e+00
-5.816437774133043526e+00
-5.816437774133043526e+00
-5.816437774133043526e+00
-5.816437774133043526e+00
-5.816437774133043526e+00
-5.750866738605680872e+00
-5.697164663165294129e+00
-5.697164663165294129e+00
-5.697164663165294129e+00
-5.697164663165294129e+00
-5.697164663165294129e+00
-5.697164663165294129e+00
-5.697164663165294129e+00
-5.697164663165294129e+00
-5.697164663165294129e+00
-5.697164663165294129e+00
-5.697164663165294129e+00
-5.697164663165294129e+00
-5.697164663165294129e+00
-5.697164663165294129e+00
-5.697164663165294129e+00
-5.697164663165294129e+00
-5.697164663165294129e+00
-5.697164663165294129e+00
-5.697164663165294129e+00
-5.697164663165294129e+00
-5.697164663165294129e+00
-5.697164663165294129e+00
-5.697164663165294129e+00
-5.697164663165294129e+00
-5.737932416722605566e+00
-5.737932416722605566e+00
-5.737932416722605566e+00
-5.737932416722605566e+00
-5.737932416722605566e+00
-5.737932416722605566e+00
-5.737932416722605566e+00
-5.737932416722605566e+00
-5.737932416722605566e+00
-5.737932416722605566e+00
-5.737932416722605566e+00
-5.737932416722605566e+00
-5.737932416722605566e+00
-5.737932416722605566e+00
-5.737932416722605566e+00
-5.737932416722605566e+00
-5.737932416722605566e+00
-5.737932416722605566e+00
-5.737932416722605566e+00
-5.737932416722605566e+00
-6.072707203560531397e+00
-6.072707203560531397e+00
-6.072707203560531397e+00
-6.072707203560531397e+00
-6.072707203560531397e+00
-6.169448619135023293e+00
-6.169448619135023293e+00
-6.025587851413121143e+00
-6.025587851413121143e+00
-6.025587851413121143e+00
-5.996072269534517218e+00
-5.996072269534517218e+00
-5.996072269534517218e+00
-5.710622776534771461e+00
-5.710622776534771461e+00
-5.710622776534771461e+00
-5.710622776534771461e+00
-5.710622776534771461e+00
-5.710622776534771461e+00
-5.710622776534771461e+00
-5.710622776534771461e+00
-5.710622776534771461e+00
-5.710622776534771461e+00
-5.710622776534771461e+00
-5.710622776534771461e+00
-5.710622776534771461e+00
-5.710622776534771461e+00
-5.710622776534771461e+00
-5.710622776534771461e+00
-5.710622776534771461e+00
-5.710622776534771461e+00
-5.710622776534771461e+00
-5.906931528853640145e+00
-5.903756869226750581e+00
-5.903756869226750581e+00
-5.881614940344261022e+00
-5.881614940344261022e+00
-5.881614940344261022e+00
-5.881614940344261022e+00
-5.881614940344261022e+00
-5.881614940344261022e+00
-5.881614940344261022e+00
-5.881614940344261022e+00
-5.881614940344261022e+00
-5.881614940344261022e+00
-5.881614940344261022e+00
-5.881614940344261022e+00
-5.881614940344261022e+00
-5.881614940344261022e+00
-5.881614940344261022e+00
-5.881614940344261022e+00
-5.881614940344261022e+00
-5.881614940344261022e+00
-5.881614940344261022e+00
-5.881614940344261022e+00
-5.881614940344261022e+00
-5.881614940344261022e+00
-5.881614940344261022e+00
-5.881614940344261022e+00
-5.383411283474806908e+00
-5.383411283474806908e+00
-5.383411283474806908e+00
-5.478590897802640747e+00
-5.478590897802640747e+00
-5.478590897802640747e+00
-5.478590897802640747e+00
-5.478590897802640747e+00
-5.478590897802640747e+00
-5.813848903940466606e+00
-5.813848903940466606e+00
-5.813848903940466606e+00
-5.813848903940466606e+00
-5.813848903940466606e+00
-5.813848903940466606e+00
-5.813848903940466606e+00
-5.813848903940466606e+00
-5.813848903940466606e+00
-5.813848903940466606e+00
-5.813848903940466606e+00
-5.813848903940466606e+00
-5.281541817046943699e+00
-5.281541817046943699e+00
-5.281541817046943699e+00
-5.281541817046943699e+00
-5.281541817046943699e+00
-5.281541817046943699e+00
-5.281541817046943699e+00
-5.281541817046943699e+00
-5.281541817046943699e+00
-5.281541817046943699e+00
-5.281541817046943699e+00
-5.281541817046943699e+00
-5.281541817046943699e+00
-5.281541817046943699e+00
-5.281541817046943699e+00
-5.281541817046943699e+00
-5.281541817046943699e+00
-5.281541817046943699e+00
-5.281541817046943699e+00
-5.281541817046943699e+00
-5.548249239219534168e+00
-5.548249239219534168e+00
-5.548249239219534168e+00
-5.548249239219534168e+00
-5.548249239219534168e+00
-5.548249239219534168e+00
-5.548249239219534168e+00
-5.548249239219534168e+00
-5.548249239219534168e+00
-5.548249239219534168e+00
-5.548249239219534168e+00
-5.548249239219534168e+00
-5.548249239219534168e+00
-5.548249239219534168e+00
-5.548249239219534168e+00
-5.548249239219534168e+00
-5.548249239219534168e+00
-5.548249239219534168e+00
-5.548249239219534168e+00
-5.548249239219534168e+00
-5.548249239219534168e+00
-5.548249239219534168e+00
-5.548249239219534168e+00
-5.548249239219534168e+00
-5.548249239219534168e+00
-5.548249239219534168e+00
-5.548249239219534168e+00
-5.548249239219534168e+00
-5.548249239219534168e+00
-5.548249239219534168e+00
-5.548249239219534168e+00
-5.548249239219534168e+00
-5.548249239219534168e+00
-5.548249239219534168e+00
-5.548249239219534168e+00
-5.548249239219534168e+00
-5.548249239219534168e+00
-5.548249239219534168e+00
-5.548249239219534168e+00
-5.548249239219534168e+00
-5.548249239219534168e+00
-5.548249239219534168e+00
-5.517607209331446327e+00
-5.517607209331446327e+00
-5.517607209331446327e+00
-5.517607209331446327e+00
-5.517607209331446327e+00
-5.517607209331446327e+00
-5.517607209331446327e+00
-5.517607209331446327e+00
-5.517607209331446327e+00
-5.517607209331446327e+00
-5.517607209331446327e+00
-5.517607209331446327e+00
-5.517607209331446327e+00
-5.517607209331446327e+00
-5.669559620990352045e+00
-5.669559620990352045e+00
-5.669559620990352045e+00
-5.669559620990352045e+00
-5.669559620990352045e+00
-5.669559620990352045e+00
-5.669559620990352045e+00
-5.669559620990352045e+00
-5.669559620990352045e+00
-5.669559620990352045e+00
-5.669559620990352045e+00
-5.669559620990352045e+00
-5.669559620990352045e+00
-5.669559620990352045e+00
-5.669559620990352045e+00
-5.669559620990352045e+00
-5.669559620990352045e+00
-5.669559620990352045e+00
-5.669559620990352045e+00
-5.669559620990352045e+00
-5.669559620990352045e+00
-5.669559620990352045e+00
-5.669559620990352045e+00
-5.669559620990352045e+00
-5.669559620990352045e+00
-5.669559620990352045e+00
-5.669559620990352045e+00
-5.669559620990352045e+00
-5.669559620990352045e+00
-5.669559620990352045e+00
-5.669559620990352045e+00
-5.669559620990352045e+00
-5.669559620990352045e+00
-5.669559620990352045e+00
-5.669559620990352045e+00
-5.669559620990352045e+00
-5.669559620990352045e+00
-5.669559620990352045e+00
-5.669559620990352045e+00
-5.669559620990352045e+00
-5.669559620990352045e+00
-5.669559620990352045e+00
-5.689808788992478661e+00
-5.689808788992478661e+00
-5.689808788992478661e+00
-5.522589382660320290e+00
-5.522589382660320290e+00
-5.522589382660320290e+00
-5.522589382660320290e+00
-5.522589382660320290e+00
-5.522589382660320290e+00
-5.522589382660320290e+00
-5.522589382660320290e+00
-5.522589382660320290e+00
-5.522589382660320290e+00
-5.522589382660320290e+00
-5.522589382660320290e+00
-5.522589382660320290e+00
-5.522589382660320290e+00
-5.522589382660320290e+00
-5.538085222700130039e+00
-5.538085222700130039e+00
-5.538085222700130039e+00
-5.432908439271536771e+00
-5.432908439271536771e+00
-5.451823739659033663e+00
-5.789360626249878017e+00
-5.789360626249878017e+00
-5.789360626249878017e+00
-5.759683211492534483e+00
-5.759683211492534483e+00
-5.759683211492534483e+00
-5.759683211492534483e+00
-5.759683211492534483e+00
-5.770247935337044609e+00
-5.770247935337044609e+00
-5.770247935337044609e+00
-5.770247935337044609e+00
-5.770247935337044609e+00
-5.721172912626831142e+00
-5.789959179967584468e+00
-5.789959179967584468e+00
-5.789959179967584468e+00
-5.789959179967584468e+00
-5.789959179967584468e+00
-5.789959179967584468e+00
-5.789959179967584468e+00
-5.789959179967584468e+00
-5.301561227947986232e+00
-5.527441177951673446e+00
-5.527441177951673446e+00
-5.527441177951673446e+00
-5.550946605820956670e+00
-5.550946605820956670e+00
-5.550946605820956670e+00
-5.550946605820956670e+00
-5.647943307063319374e+00
-5.647943307063319374e+00
-5.647943307063319374e+00
-5.647943307063319374e+00
-5.647943307063319374e+00
-5.647943307063319374e+00
-5.647943307063319374e+00
-5.647943307063319374e+00
-5.647943307063319374e+00
-5.900258999709644847e+00
-5.633269851567868081e+00
-5.633269851567868081e+00
-5.633269851567868081e+00
-5.633269851567868081e+00
-5.633269851567868081e+00
-5.633269851567868081e+00
-5.259026077007927569e+00
-5.259026077007927569e+00
-5.259026077007927569e+00
-5.259026077007927569e+00
-5.259026077007927569e+00
-5.259026077007927569e+00
-5.259149617036487534e+00
-5.259149617036487534e+00
-5.259149617036487534e+00
-5.356438073327846716e+00
-5.356438073327846716e+00
-5.356438073327846716e+00
-6.004713689391972586e+00
-6.004713689391972586e+00
-6.004713689391972586e+00
-6.004713689391972586e+00
-5.912732439788759287e+00
-5.912732439788759287e+00
-5.907375999436095704e+00
-5.573570386401553556e+00
-5.517913552132892363e+00
-5.517913552132892363e+00
-5.517913552132892363e+00
-5.517913552132892363e+00
-5.517913552132892363e+00
-5.944670044441295431e+00
-5.944670044441295431e+00
-5.944670044441295431e+00
-5.944670044441295431e+00
-5.928179046164051336e+00
-5.828370099769723645e+00
-5.828370099769723645e+00
-5.828370099769723645e+00
-5.828370099769723645e+00
-5.828370099769723645e+00
-5.828370099769723645e+00
-5.948985739830118469e+00
-5.948985739830118469e+00
-5.948985739830118469e+00
-5.948985739830118469e+00
-5.948985739830118469e+00
-5.948985739830118469e+00
-5.948985739830118469e+00
-5.948985739830118469e+00
-5.948985739830118469e+00
-5.948985739830118469e+00
-5.948985739830118469e+00
-5.948985739830118469e+00
-5.948985739830118469e+00
-5.948985739830118469e+00
-5.948985739830118469e+00
-5.948985739830118469e+00
-5.948985739830118469e+00
-5.851141125476610583e+00
-5.851141125476610583e+00
-5.851141125476610583e+00
-5.851141125476610583e+00
-5.851141125476610583e+00
-5.851141125476610583e+00
-5.851141125476610583e+00
-5.851141125476610583e+00
-5.851141125476610583e+00
-5.851141125476610583e+00
-5.851141125476610583e+00
-5.851141125476610583e+00
-5.851141125476610583e+00
-5.851141125476610583e+00
-5.851141125476610583e+00
-5.851141125476610583e+00
-5.831413925491828465e+00
-5.831413925491828465e+00
-5.831413925491828465e+00
-5.831413925491828465e+00
-5.831413925491828465e+00
-5.831413925491828465e+00
-5.669963975253569544e+00
-5.967687238470773536e+00
-5.967687238470773536e+00
-5.967687238470773536e+00
-5.967687238470773536e+00
-5.967687238470773536e+00
-5.967687238470773536e+00
-5.967687238470773536e+00
-5.967687238470773536e+00
-5.967687238470773536e+00
-5.967687238470773536e+00
-5.967687238470773536e+00
-5.967687238470773536e+00
-5.967687238470773536e+00
-5.758921913161559658e+00
-5.758921913161559658e+00
-5.758921913161559658e+00
-5.758921913161559658e+00
-5.758921913161559658e+00
-5.758921913161559658e+00
-5.758921913161559658e+00
-5.758921913161559658e+00
-5.758921913161559658e+00
-5.545959873819442443e+00
-5.545959873819442443e+00
-5.545959873819442443e+00
-5.671248153336416742e+00
-5.671248153336416742e+00
-5.671248153336416742e+00
-5.671248153336416742e+00
-5.671248153336416742e+00
-5.671248153336416742e+00
-5.671248153336416742e+00
-5.671248153336416742e+00
-5.671248153336416742e+00
-5.671248153336416742e+00
-5.671248153336416742e+00
-5.671248153336416742e+00
-5.671248153336416742e+00
-5.671248153336416742e+00
-5.671248153336416742e+00
-5.671248153336416742e+00
-5.671248153336416742e+00
-5.872307042546754730e+00
-5.872307042546754730e+00
-5.872307042546754730e+00
-5.872307042546754730e+00
-5.872307042546754730e+00
-5.872307042546754730e+00
-5.872307042546754730e+00
-5.872307042546754730e+00
-5.872307042546754730e+00
-5.872307042546754730e+00
-5.872307042546754730e+00
-5.872307042546754730e+00
-5.872307042546754730e+00
-5.872307042546754730e+00
-5.872307042546754730e+00
-5.872307042546754730e+00
-5.872307042546754730e+00
-5.872307042546754730e+00
-5.892221603977064071e+00
-5.892221603977064071e+00
-5.892221603977064071e+00
-5.892221603977064071e+00
-5.892221603977064071e+00
-5.892221603977064071e+00
-5.887262679878657146e+00
-5.887262679878657146e+00
-5.844038713502610172e+00
-5.844038713502610172e+00
-5.844038713502610172e+00
-5.670888018197812741e+00
-5.670888018197812741e+00
-5.670888018197812741e+00
-5.702842489939118131e+00
-5.702842489939118131e+00
-5.702842489939118131e+00
-5.702842489939118131e+00
-5.628056553536117335e+00
-5.628056553536117335e+00
-5.628056553536117335e+00
-5.628056553536117335e+00
-5.628056553536117335e+00
-5.628056553536117335e+00
-5.628056553536117335e+00
-5.628056553536117335e+00
-5.628056553536117335e+00
-5.628056553536117335e+00
-5.628056553536117335e+00
-5.585457125311827475e+00
-5.585457125311827475e+00
-5.585457125311827475e+00
-5.636667886154145712e+00
-5.636667886154145712e+00
-5.636667886154145712e+00
-5.636667886154145712e+00
-5.636667886154145712e+00
-5.636667886154145712e+00
-5.603371797054720993e+00
-5.603371797054720993e+00
-5.603371797054720993e+00
-5.603371797054720993e+00
-5.617044623905568024e+00
-5.595058601627385997e+00
-5.595058601627385997e+00
-5.595058601627385997e+00
-5.595058601627385997e+00
-5.595058601627385997e+00
-5.595058601627385997e+00
-5.666033031835610245e+00
-5.666033031835610245e+00
-5.666033031835610245e+00
-5.666033031835610245e+00
-5.666033031835610245e+00
-5.791696034243639879e+00
-5.832179326628179616e+00
-5.832179326628179616e+00
-5.832179326628179616e+00
-5.832179326628179616e+00
-5.806374048411731437e+00
-5.806374048411731437e+00
-5.806374048411731437e+00
-5.806374048411731437e+00
-5.806374048411731437e+00
-5.806374048411731437e+00
-5.806374048411731437e+00
-5.806374048411731437e+00
-5.806374048411731437e+00
-5.806374048411731437e+00
-5.806374048411731437e+00
-5.806374048411731437e+00
-5.806374048411731437e+00
-5.806374048411731437e+00
-5.806374048411731437e+00
-5.806374048411731437e+00
-5.806374048411731437e+00
-5.806374048411731437e+00
-5.806374048411731437e+00
-5.762239715109363836e+00
-5.762239715109363836e+00
-5.762239715109363836e+00
-5.762239715109363836e+00
-5.762239715109363836e+00
-5.762239715109363836e+00
-5.762239715109363836e+00
-5.762239715109363836e+00
-5.762239715109363836e+00
-5.665921800223181037e+00
-5.665921800223181037e+00
-5.653244131609768353e+00
-5.653244131609768353e+00
-5.653244131609768353e+00
-5.653244131609768353e+00
-5.653244131609768353e+00
-5.653244131609768353e+00
-5.653244131609768353e+00
-5.557723528568420335e+00
-5.557723528568420335e+00
-5.557723528568420335e+00
-5.557723528568420335e+00
-5.557723528568420335e+00
-5.737037549283262372e+00
-5.830275624933479506e+00
-5.830275624933479506e+00
-5.830275624933479506e+00
-5.830275624933479506e+00
-5.830275624933479506e+00
-5.830275624933479506e+00
-5.507707139957931375e+00
-5.507707139957931375e+00
-5.507707139957931375e+00
-5.507707139957931375e+00
-5.507707139957931375e+00
-5.746359123098690347e+00
-5.746359123098690347e+00
-5.746359123098690347e+00
-5.746359123098690347e+00
-5.746359123098690347e+00
-5.746359123098690347e+00
-5.746359123098690347e+00
-5.746359123098690347e+00
-5.746359123098690347e+00
-5.746359123098690347e+00
-5.746359123098690347e+00
-5.746359123098690347e+00
-5.746359123098690347e+00
-5.677269248160075499e+00
-5.677269248160075499e+00
-5.677269248160075499e+00
-5.677269248160075499e+00
-5.677269248160075499e+00
-5.677269248160075499e+00
-5.677269248160075499e+00
-5.677269248160075499e+00
-5.593689176366160254e+00
-5.703679462235926145e+00
-5.703679462235926145e+00
-5.703679462235926145e+00
-5.703679462235926145e+00
-5.703679462235926145e+00
-5.703679462235926145e+00
-5.703679462235926145e+00
-5.703679462235926145e+00
-5.703679462235926145e+00
-5.703679462235926145e+00
-5.703679462235926145e+00
-5.703679462235926145e+00
-5.703679462235926145e+00
-5.682954824677388217e+00
-5.682954824677388217e+00
-5.682954824677388217e+00
-5.597107269112056471e+00
-5.597107269112056471e+00
-5.597107269112056471e+00
-5.597107269112056471e+00
-5.597107269112056471e+00
-5.597107269112056471e+00
-5.597107269112056471e+00
-5.597107269112056471e+00
-5.597107269112056471e+00
-5.597107269112056471e+00
-5.597107269112056471e+00
-5.597107269112056471e+00
-5.597107269112056471e+00
-5.597107269112056471e+00
-5.597107269112056471e+00
-5.597107269112056471e+00
-5.597107269112056471e+00
-5.597107269112056471e+00
-5.597107269112056471e+00
-5.597107269112056471e+00
-5.597107269112056471e+00
-5.597107269112056471e+00
-5.597107269112056471e+00
-5.597107269112056471e+00
-5.597107269112056471e+00
-5.597107269112056471e+00
-5.978258344456980566e+00
-5.978258344456980566e+00
-5.978258344456980566e+00
-5.978258344456980566e+00
-6.015557404002085384e+00
-6.015557404002085384e+00
-6.015557404002085384e+00
-6.015557404002085384e+00
-5.612131742400831236e+00
-5.612131742400831236e+00
-5.612131742400831236e+00
-5.489197561435443795e+00
-5.489197561435443795e+00
-5.695173434955895786e+00
-5.695173434955895786e+00
-5.681099900779942757e+00
-5.681099900779942757e+00
-5.681099900779942757e+00
-5.681099900779942757e+00
-5.681099900779942757e+00
-5.681099900779942757e+00
-5.681099900779942757e+00
-5.614643115158518327e+00
-5.614643115158518327e+00
-5.614643115158518327e+00
-5.614643115158518327e+00
-5.614643115158518327e+00
-5.614643115158518327e+00
-5.614643115158518327e+00
-5.878104762411026307e+00
-5.878104762411026307e+00
-5.878104762411026307e+00
-5.878104762411026307e+00
-5.962621185565313731e+00
-5.962621185565313731e+00
-5.962621185565313731e+00
-5.962621185565313731e+00
-5.962621185565313731e+00
-5.962621185565313731e+00
-5.962621185565313731e+00
-5.962621185565313731e+00
-5.962621185565313731e+00
-5.962621185565313731e+00
-5.962621185565313731e+00
-5.957956751719486910e+00
-5.957956751719486910e+00
-5.957956751719486910e+00
-5.957956751719486910e+00
-5.957956751719486910e+00
-5.957956751719486910e+00
-5.957956751719486910e+00
-5.957956751719486910e+00
-5.519137555736884693e+00
-5.519137555736884693e+00
-5.519137555736884693e+00
-5.537110578489576440e+00
-5.537110578489576440e+00
-6.016269924535805558e+00
-6.016269924535805558e+00
-6.016269924535805558e+00
-6.016269924535805558e+00
-6.016269924535805558e+00
-6.045717582192065009e+00
-6.045717582192065009e+00
-6.045717582192065009e+00
-6.045717582192065009e+00
-6.045717582192065009e+00
-6.045717582192065009e+00
-6.045717582192065009e+00
-6.045717582192065009e+00
-6.045717582192065009e+00
-6.045717582192065009e+00
-6.076638602845754633e+00
-6.076638602845754633e+00
-6.076638602845754633e+00
-6.076638602845754633e+00
-5.998072615089196979e+00
-6.069097646563731629e+00
-6.069097646563731629e+00
-6.069097646563731629e+00
-6.069097646563731629e+00
-6.069097646563731629e+00
-6.069097646563731629e+00
-6.069097646563731629e+00
-6.069097646563731629e+00
-6.069097646563731629e+00
-6.069097646563731629e+00
-6.069097646563731629e+00
-6.069097646563731629e+00
-6.069097646563731629e+00
-6.069097646563731629e+00
-6.069097646563731629e+00
-6.069097646563731629e+00
-6.069097646563731629e+00
-6.069097646563731629e+00
-6.069097646563731629e+00
-6.069097646563731629e+00
-6.069097646563731629e+00
-6.069097646563731629e+00
-5.688162652301969935e+00
-5.688162652301969935e+00
-5.688162652301969935e+00
-5.688162652301969935e+00
-5.670253450966245445e+00
-5.670253450966245445e+00
-5.670253450966245445e+00
-5.670253450966245445e+00
-5.670253450966245445e+00
-5.670253450966245445e+00
-5.670253450966245445e+00
-5.670253450966245445e+00
-5.670253450966245445e+00
-5.922389076043269363e+00
-5.922389076043269363e+00
-5.922389076043269363e+00
-5.700903230597822002e+00
-5.700903230597822002e+00
-5.700903230597822002e+00
-5.700903230597822002e+00
-5.700903230597822002e+00
-5.700903230597822002e+00
-5.592916481353584324e+00
-5.592916481353584324e+00
-5.592916481353584324e+00
-5.592916481353584324e+00
-5.592916481353584324e+00
-5.592916481353584324e+00
-5.592916481353584324e+00
-5.592916481353584324e+00
-5.592916481353584324e+00
-5.592916481353584324e+00
-5.592916481353584324e+00
-5.592916481353584324e+00
-5.592916481353584324e+00
-5.592916481353584324e+00
-5.592916481353584324e+00
-5.592916481353584324e+00
-5.592916481353584324e+00
-5.592916481353584324e+00
-5.592916481353584324e+00
-5.592916481353584324e+00
-5.592916481353584324e+00
-5.592916481353584324e+00
-5.592916481353584324e+00
-5.592916481353584324e+00
-5.592916481353584324e+00
-5.913259878213272813e+00
-5.913259878213272813e+00
-5.913259878213272813e+00
-5.913259878213272813e+00
-5.913259878213272813e+00
-5.913259878213272813e+00
-5.913259878213272813e+00
-5.913259878213272813e+00
-5.913259878213272813e+00
-5.913259878213272813e+00
-5.913259878213272813e+00
-5.913259878213272813e+00
-5.913259878213272813e+00
-5.913259878213272813e+00
-5.913259878213272813e+00
-5.913259878213272813e+00
-5.905429446218573908e+00
-5.849801331587548781e+00
-5.849801331587548781e+00
-5.849801331587548781e+00
-5.849801331587548781e+00
-5.849801331587548781e+00
-5.849801331587548781e+00
-5.849801331587548781e+00
-5.849801331587548781e+00
-5.849801331587548781e+00
-5.849801331587548781e+00
-5.849801331587548781e+00
-5.849801331587548781e+00
-5.849801331587548781e+00
-5.849801331587548781e+00
-5.849801331587548781e+00
-5.849801331587548781e+00
-5.849801331587548781e+00
-5.849801331587548781e+00
-5.849801331587548781e+00
-5.849801331587548781e+00
-5.849801331587548781e+00
-5.849801331587548781e+00
-5.849801331587548781e+00
-5.849801331587548781e+00
-5.849801331587548781e+00
-5.849801331587548781e+00
-5.849801331587548781e+00
-5.849801331587548781e+00
-5.849801331587548781e+00
-5.849801331587548781e+00
-5.762207804400879319e+00
-5.762207804400879319e+00
-5.762207804400879319e+00
-5.762207804400879319e+00
-5.762207804400879319e+00
-5.762207804400879319e+00
-5.762207804400879319e+00
-5.762207804400879319e+00
-5.762207804400879319e+00
-5.762207804400879319e+00
-5.585493594692952257e+00
-5.585493594692952257e+00
-5.585493594692952257e+00
-6.153720286790544947e+00
-6.153720286790544947e+00
-6.153720286790544947e+00
-6.153720286790544947e+00
-6.153720286790544947e+00
-6.153720286790544947e+00
-6.153720286790544947e+00
-6.153720286790544947e+00
-6.153720286790544947e+00
-6.011734501125707730e+00
-6.011734501125707730e+00
-6.011734501125707730e+00
-6.159806114765699725e+00
-6.159806114765699725e+00
-6.159806114765699725e+00
-6.159806114765699725e+00
-6.159806114765699725e+00
-6.159806114765699725e+00
-6.159806114765699725e+00
-6.159806114765699725e+00
-6.159806114765699725e+00
-5.937998427031828896e+00
-5.937998427031828896e+00
-5.937998427031828896e+00
-5.937998427031828896e+00
-5.937998427031828896e+00
-5.544562640655108510e+00
-5.544562640655108510e+00
-5.575978277290300156e+00
-5.575978277290300156e+00
-5.575978277290300156e+00
-5.575978277290300156e+00
-5.575978277290300156e+00
-5.575978277290300156e+00
-5.575978277290300156e+00
-5.575978277290300156e+00
-5.575978277290300156e+00
-5.575978277290300156e+00
-5.575978277290300156e+00
-5.573453228514691382e+00
-5.573453228514691382e+00
-5.573453228514691382e+00
-5.573453228514691382e+00
-5.573453228514691382e+00
-5.573453228514691382e+00
-5.573453228514691382e+00
-5.573453228514691382e+00
-5.573453228514691382e+00
-5.573453228514691382e+00
-5.573453228514691382e+00
-5.573453228514691382e+00
-5.573453228514691382e+00
-5.573453228514691382e+00
-5.573453228514691382e+00
-5.573453228514691382e+00
-5.573453228514691382e+00
-5.573453228514691382e+00
-5.573453228514691382e+00
-5.573453228514691382e+00
-5.573453228514691382e+00
-5.573453228514691382e+00
-5.573453228514691382e+00
-5.573453228514691382e+00
-5.573453228514691382e+00
-6.188576809534835022e+00
-6.188576809534835022e+00
-6.182020526543174022e+00
-6.182020526543174022e+00
-6.182020526543174022e+00
-6.182020526543174022e+00
-5.981047340378478516e+00
-5.981047340378478516e+00
-5.981047340378478516e+00
-5.981047340378478516e+00
-5.981047340378478516e+00
-5.981047340378478516e+00
-5.981047340378478516e+00
-5.981047340378478516e+00
-5.981047340378478516e+00
-5.981047340378478516e+00
-5.981047340378478516e+00
-5.981047340378478516e+00
-5.811353486537020885e+00
-5.811353486537020885e+00
-5.811353486537020885e+00
-5.811353486537020885e+00
-5.811353486537020885e+00
-5.811353486537020885e+00
-5.811353486537020885e+00
-5.811353486537020885e+00
-5.811353486537020885e+00
-5.811353486537020885e+00
-5.811353486537020885e+00
-5.811353486537020885e+00
-5.811353486537020885e+00
-5.811353486537020885e+00
-5.811353486537020885e+00
-5.811353486537020885e+00
-5.811353486537020885e+00
-5.811353486537020885e+00
-5.811353486537020885e+00
-5.811353486537020885e+00
-5.811353486537020885e+00
-5.811353486537020885e+00
-5.940045726914706670e+00
-5.940045726914706670e+00
-5.940045726914706670e+00
-5.940045726914706670e+00
-5.940045726914706670e+00
-5.772085536278455997e+00
-5.772085536278455997e+00
-5.772085536278455997e+00
-5.772085536278455997e+00
-5.772085536278455997e+00
-5.772085536278455997e+00
-5.772085536278455997e+00
-5.937002812927128836e+00
-5.937002812927128836e+00
-5.937002812927128836e+00
-5.937002812927128836e+00
-5.937002812927128836e+00
-5.737262291844442252e+00
-5.593926227343470003e+00
-5.593926227343470003e+00
-5.593926227343470003e+00
-5.593926227343470003e+00
-5.605740939226022235e+00
-5.605740939226022235e+00
-5.605740939226022235e+00
-5.605740939226022235e+00
-5.613662544673532651e+00
-5.614032253024682895e+00
-5.614032253024682895e+00
-5.653409155559357302e+00
-5.653409155559357302e+00
-5.653409155559357302e+00
-5.653409155559357302e+00
-5.619727858621804906e+00
-5.619727858621804906e+00
-5.619727858621804906e+00
-5.619727858621804906e+00
-5.619727858621804906e+00
-5.619727858621804906e+00
-5.619727858621804906e+00
-5.619727858621804906e+00
-5.619727858621804906e+00
-5.619727858621804906e+00
-5.619727858621804906e+00
-5.619727858621804906e+00
-5.619727858621804906e+00
-5.619727858621804906e+00
-5.619727858621804906e+00
-5.619727858621804906e+00
-5.619727858621804906e+00
-5.619727858621804906e+00
-5.619727858621804906e+00
-5.619727858621804906e+00
-5.619727858621804906e+00
-5.619727858621804906e+00
-5.619727858621804906e+00
-5.587041264054423806e+00
-5.587041264054423806e+00
-5.587041264054423806e+00
-5.587041264054423806e+00
-5.556935789936130909e+00
-5.556935789936130909e+00
-5.556935789936130909e+00
-5.708074934395959588e+00
-5.708074934395959588e+00
-5.708074934395959588e+00
-5.708074934395959588e+00
-5.708074934395959588e+00
-5.708074934395959588e+00
-5.729624691702439598e+00
-5.729624691702439598e+00
-5.729624691702439598e+00
-5.729624691702439598e+00
-5.729624691702439598e+00
-5.729624691702439598e+00
-5.729624691702439598e+00
-5.729624691702439598e+00
-5.729624691702439598e+00
-5.729624691702439598e+00
-5.729624691702439598e+00
-5.729624691702439598e+00
-5.729624691702439598e+00
-5.729624691702439598e+00
-5.729624691702439598e+00
-5.729624691702439598e+00
-5.729624691702439598e+00
-5.729624691702439598e+00
-5.729624691702439598e+00
-5.418441491646702524e+00
-5.418441491646702524e+00
-5.418441491646702524e+00
-5.418441491646702524e+00
-5.558783875824616416e+00
-5.558783875824616416e+00
-5.558783875824616416e+00
-5.558783875824616416e+00
-5.558783875824616416e+00
-5.637028933027278477e+00
-5.637028933027278477e+00
-5.637028933027278477e+00
-5.637028933027278477e+00
-5.753711350333394314e+00
-5.753711350333394314e+00
-5.753711350333394314e+00
-5.989138528448217258e+00
-5.755889028253792006e+00
-5.755889028253792006e+00
-5.755889028253792006e+00
-5.755889028253792006e+00
-5.755889028253792006e+00
-5.755889028253792006e+00
-5.755889028253792006e+00
-5.742323330209997856e+00
-5.742323330209997856e+00
-5.689807421390685960e+00
-5.689807421390685960e+00
-5.689807421390685960e+00
-5.689807421390685960e+00
-5.689807421390685960e+00
-5.689807421390685960e+00
-5.689807421390685960e+00
-5.702529764995976080e+00
-5.702529764995976080e+00
-5.702529764995976080e+00
-5.702529764995976080e+00
-5.702529764995976080e+00
-5.702529764995976080e+00
-5.702529764995976080e+00
-5.702529764995976080e+00
-5.702529764995976080e+00
-5.702529764995976080e+00
-5.702529764995976080e+00
-5.702529764995976080e+00
-5.702529764995976080e+00
-5.702529764995976080e+00
-5.702529764995976080e+00
-5.702529764995976080e+00
-5.702529764995976080e+00
-5.660789190697168571e+00
-5.660789190697168571e+00
-5.667527364727187766e+00
-5.667527364727187766e+00
-5.667527364727187766e+00
-5.667527364727187766e+00
-5.667527364727187766e+00
-5.770321329966557222e+00
-5.770321329966557222e+00
-5.770321329966557222e+00
-5.770321329966557222e+00
-5.770321329966557222e+00
-5.770321329966557222e+00
-5.756419657749153984e+00
-5.756419657749153984e+00
-5.756419657749153984e+00
-5.756419657749153984e+00
-5.756419657749153984e+00
-5.756419657749153984e+00
-5.756419657749153984e+00
-5.748137917163038679e+00
-5.748137917163038679e+00
-5.748137917163038679e+00
-5.748137917163038679e+00
-5.748137917163038679e+00
-5.748137917163038679e+00
-5.748137917163038679e+00
-5.748137917163038679e+00
-5.748137917163038679e+00
-5.748137917163038679e+00
-5.672419276337778093e+00
-5.672419276337778093e+00
-5.672419276337778093e+00
-5.672419276337778093e+00
-5.672419276337778093e+00
-5.672419276337778093e+00
-5.672419276337778093e+00
-5.672419276337778093e+00
-5.672419276337778093e+00
-5.672419276337778093e+00
-5.638241084082403987e+00
-5.638241084082403987e+00
-5.638241084082403987e+00
-5.638241084082403987e+00
-5.638241084082403987e+00
-5.638241084082403987e+00
-5.638241084082403987e+00
-5.638241084082403987e+00
-5.638241084082403987e+00
-5.638241084082403987e+00
-5.638241084082403987e+00
-5.638241084082403987e+00
-5.638241084082403987e+00
-5.638241084082403987e+00
-5.638241084082403987e+00
-5.638241084082403987e+00
-5.638241084082403987e+00
-5.638241084082403987e+00
-5.638241084082403987e+00
-5.961957898696111258e+00
-5.961957898696111258e+00
-5.961957898696111258e+00
-5.961957898696111258e+00
-5.961957898696111258e+00
-5.583675140176630691e+00
-5.583675140176630691e+00
-5.583675140176630691e+00
-5.583675140176630691e+00
-5.583675140176630691e+00
-5.583675140176630691e+00
-5.583675140176630691e+00
-5.583675140176630691e+00
-5.583675140176630691e+00
-5.583675140176630691e+00
-5.583675140176630691e+00
-5.583675140176630691e+00
-5.583675140176630691e+00
-5.733893888630328561e+00
-5.733893888630328561e+00
-5.733893888630328561e+00
-5.733893888630328561e+00
-5.505349394468230351e+00
-5.505349394468230351e+00
-5.505349394468230351e+00
-5.505349394468230351e+00
-5.505349394468230351e+00
-5.505349394468230351e+00
-5.505349394468230351e+00
-5.505349394468230351e+00
-5.505349394468230351e+00
-5.505349394468230351e+00
-5.505349394468230351e+00
-5.505349394468230351e+00
-5.505349394468230351e+00
-5.577710572893715302e+00
-5.577710572893715302e+00
-5.577710572893715302e+00
-5.577710572893715302e+00
-5.577710572893715302e+00
-5.577710572893715302e+00
-5.577710572893715302e+00
-5.577710572893715302e+00
-5.577710572893715302e+00
-5.577710572893715302e+00
-5.577710572893715302e+00
-5.577710572893715302e+00
-5.577710572893715302e+00
-5.577710572893715302e+00
-5.503233714495744167e+00
-5.503233714495744167e+00
-5.503233714495744167e+00
-5.503233714495744167e+00
-5.503233714495744167e+00
-5.503233714495744167e+00
-5.503233714495744167e+00
-5.503233714495744167e+00
-5.503233714495744167e+00
-5.503233714495744167e+00
-5.503233714495744167e+00
-5.503233714495744167e+00
-5.503233714495744167e+00
-5.503233714495744167e+00
-5.503233714495744167e+00
-5.503233714495744167e+00
-5.691248873679633391e+00
-5.691248873679633391e+00
-5.691248873679633391e+00
-5.691248873679633391e+00
-5.691248873679633391e+00
-5.691248873679633391e+00
-5.666768345732533518e+00
-5.666768345732533518e+00
-5.666768345732533518e+00
-5.666768345732533518e+00
-5.666768345732533518e+00
-5.676141888416063708e+00
-5.676141888416063708e+00
-5.641328673061859256e+00
-5.563216273233037690e+00
-5.563216273233037690e+00
-5.563216273233037690e+00
-5.592890496919532772e+00
-5.592890496919532772e+00
-5.592890496919532772e+00
-5.826807842655801650e+00
-5.826807842655801650e+00
-5.826807842655801650e+00
-5.839607683695980711e+00
-5.839607683695980711e+00
-6.018267079019637755e+00
-6.018267079019637755e+00
-6.018267079019637755e+00
-6.018267079019637755e+00
-5.863379793914735849e+00
-5.734817019840042995e+00
-5.734817019840042995e+00
-5.734817019840042995e+00
-5.734817019840042995e+00
-5.734817019840042995e+00
-5.734817019840042995e+00
-5.734817019840042995e+00
-5.734817019840042995e+00
-5.734817019840042995e+00
-5.734817019840042995e+00
-5.734817019840042995e+00
-5.734817019840042995e+00
-5.734817019840042995e+00
-5.734817019840042995e+00
