# Variable: dg_gbsa_00000300
# Sample shape: (2000,)
# Date: 2014-03-03 06:24:07.993624
-1.585012298241172068e+00
-1.585012298241172068e+00
-1.725158773462357464e+00
-1.349945141298137141e+00
-1.349945141298137141e+00
-1.349945141298137141e+00
-1.349945141298137141e+00
-1.349945141298137141e+00
-1.428158059858683160e+00
-1.428158059858683160e+00
-1.370393751228288659e+00
-1.370393751228288659e+00
-1.293473102394526952e+00
-1.293473102394526952e+00
-1.341659981707541860e+00
-1.341659981707541860e+00
-1.390980033072185318e+00
-1.390980033072185318e+00
-1.390980033072185318e+00
-1.286581187129704373e+00
-1.286581187129704373e+00
-1.286581187129704373e+00
-1.286581187129704373e+00
-1.285189652306171881e+00
-1.285189652306171881e+00
-1.285189652306171881e+00
-1.285189652306171881e+00
-1.217645395326340862e+00
-1.217645395326340862e+00
-1.246512619988640047e+00
-1.315245208959050505e+00
-1.282594286005082074e+00
-1.394634606961310475e+00
-1.472714868148015999e+00
-1.607656820782283891e+00
-1.623721241267187754e+00
-1.623721241267187754e+00
-1.623721241267187754e+00
-1.487740025237686892e+00
-1.431795082858142054e+00
-1.381894940399986726e+00
-1.279346117781863246e+00
-1.279346117781863246e+00
-1.279346117781863246e+00
-1.279346117781863246e+00
-1.280277226668698809e+00
-1.280277226668698809e+00
-1.427047339269809312e+00
-1.427047339269809312e+00
-1.427047339269809312e+00
-1.427047339269809312e+00
-1.427047339269809312e+00
-1.427047339269809312e+00
-1.384884062050405484e+00
-1.384884062050405484e+00
-1.384884062050405484e+00
-1.108058893885712770e+00
-1.108058893885712770e+00
-1.042562848523287622e+00
-1.042562848523287622e+00
-1.112637852619528411e+00
-1.169662744547623312e+00
-1.350648658453392326e+00
-1.350648658453392326e+00
-1.350648658453392326e+00
-1.350648658453392326e+00
-1.350648658453392326e+00
-1.350648658453392326e+00
-1.350648658453392326e+00
-1.350648658453392326e+00
-1.337247414525106759e+00
-1.209632160558755221e+00
-1.209632160558755221e+00
-1.228403748791258687e+00
-1.228403748791258687e+00
-1.228403748791258687e+00
-1.159184407549652018e+00
-1.159184407549652018e+00
-1.136539998975356180e+00
-1.655586704925186892e+00
-1.655586704925186892e+00
-1.655586704925186892e+00
-1.655586704925186892e+00
-1.605922701709812772e+00
-1.605922701709812772e+00
-1.605922701709812772e+00
-1.448588890965536446e+00
-1.448588890965536446e+00
-1.356013760284073610e+00
-1.558434780879412562e+00
-1.549386955356050866e+00
-1.499838286558482947e+00
-1.499838286558482947e+00
-1.499838286558482947e+00
-1.499838286558482947e+00
-1.499838286558482947e+00
-1.404872360010675836e+00
-1.404872360010675836e+00
-1.404872360010675836e+00
-1.404872360010675836e+00
-1.404872360010675836e+00
-1.565539928056997709e+00
-1.552936451840810861e+00
-1.552936451840810861e+00
-1.552936451840810861e+00
-1.552936451840810861e+00
-1.552936451840810861e+00
-1.552936451840810861e+00
-1.552936451840810861e+00
-1.552936451840810861e+00
-1.552936451840810861e+00
-1.552936451840810861e+00
-1.509351096691182503e+00
-1.509351096691182503e+00
-1.509351096691182503e+00
-1.521280117290197742e+00
-1.515716485266019875e+00
-1.515716485266019875e+00
-1.383608659412391306e+00
-1.518155147195090260e+00
-1.518155147195090260e+00
-1.518155147195090260e+00
-1.398491813849308762e+00
-1.398491813849308762e+00
-1.398491813849308762e+00
-1.513913530236676186e+00
-1.513913530236676186e+00
-1.513913530236676186e+00
-1.458142957085633018e+00
-1.458142957085633018e+00
-1.474990443563370057e+00
-1.474990443563370057e+00
-1.474990443563370057e+00
-1.474990443563370057e+00
-1.474990443563370057e+00
-1.474990443563370057e+00
-1.474990443563370057e+00
-1.474990443563370057e+00
-1.474990443563370057e+00
-1.421018722636293807e+00
-1.421018722636293807e+00
-1.517926871662613975e+00
-1.319667121420398770e+00
-1.549559387148680134e+00
-1.549559387148680134e+00
-1.549559387148680134e+00
-1.549559387148680134e+00
-1.308153737799387262e+00
-1.308153737799387262e+00
-1.308153737799387262e+00
-1.308153737799387262e+00
-1.539549795664975074e+00
-1.539549795664975074e+00
-1.522747212112747661e+00
-1.521175723686728709e+00
-1.521175723686728709e+00
-1.539941043744351479e+00
-1.539941043744351479e+00
-1.539941043744351479e+00
-1.539941043744351479e+00
-1.539941043744351479e+00
-1.539941043744351479e+00
-1.459719460051556617e+00
-1.459719460051556617e+00
-1.381487395065920332e+00
-1.399687895583376918e+00
-1.399687895583376918e+00
-1.402502078171213862e+00
-1.402502078171213862e+00
-1.422647194470319842e+00
-1.422647194470319842e+00
-1.422647194470319842e+00
-1.422647194470319842e+00
-1.432593876271585076e+00
-1.432593876271585076e+00
-1.432593876271585076e+00
-1.432593876271585076e+00
-1.432593876271585076e+00
-1.517101296047407510e+00
-1.517101296047407510e+00
-1.416250237087446573e+00
-1.416250237087446573e+00
-1.456147626070857681e+00
-1.456147626070857681e+00
-1.456147626070857681e+00
-1.456147626070857681e+00
-1.456147626070857681e+00
-1.456147626070857681e+00
-1.456147626070857681e+00
-8.808067834172148558e-01
-8.808067834172148558e-01
-8.808067834172148558e-01
-1.481150691869381975e+00
-1.481150691869381975e+00
-1.481150691869381975e+00
-1.473211763465837487e+00
-1.442741595536299437e+00
-1.442741595536299437e+00
-1.442741595536299437e+00
-1.442741595536299437e+00
-1.442741595536299437e+00
-1.329928465600679122e+00
-1.515594198872436627e+00
-1.515594198872436627e+00
-1.515594198872436627e+00
-1.530810706246195529e+00
-1.530810706246195529e+00
-1.530810706246195529e+00
-1.522412491574114179e+00
-1.594979608036136032e+00
-1.594979608036136032e+00
-1.594979608036136032e+00
-1.587021419240685294e+00
-1.612450606964286326e+00
-1.612450606964286326e+00
-1.506334623004920603e+00
-1.506334623004920603e+00
-1.507840466544915214e+00
-1.507840466544915214e+00
-1.552220512302610045e+00
-1.552220512302610045e+00
-1.552220512302610045e+00
-1.552220512302610045e+00
-1.578023853083185601e+00
-1.640751530517811529e+00
-1.640751530517811529e+00
-1.640751530517811529e+00
-1.640751530517811529e+00
-1.640751530517811529e+00
-1.640751530517811529e+00
-1.640751530517811529e+00
-1.312297115362397015e+00
-1.377977672999949110e+00
-1.377977672999949110e+00
-1.377977672999949110e+00
-1.377977672999949110e+00
-1.377977672999949110e+00
-1.377977672999949110e+00
-9.604477061824178152e-01
-1.282999438036012352e+00
-1.282999438036012352e+00
-1.459451638033923304e+00
-1.327377090490570843e+00
-1.588682713517723277e+00
-1.588682713517723277e+00
-1.489374537312961655e+00
-1.489374537312961655e+00
-1.489374537312961655e+00
-1.489374537312961655e+00
-1.616003294519894773e+00
-1.435780046546892175e+00
-1.575282153390333617e+00
-1.575282153390333617e+00
-1.518310256031685457e+00
-1.518310256031685457e+00
-1.518310256031685457e+00
-1.518310256031685457e+00
-1.518310256031685457e+00
-1.518310256031685457e+00
-1.321023440497782975e+00
-1.327346775317511218e+00
-1.327346775317511218e+00
-1.327346775317511218e+00
-1.327346775317511218e+00
-1.327346775317511218e+00
-1.327346775317511218e+00
-1.327346775317511218e+00
-1.327346775317511218e+00
-1.327346775317511218e+00
-1.327346775317511218e+00
-1.327346775317511218e+00
-1.327346775317511218e+00
-1.327346775317511218e+00
-1.486047048185797026e+00
-1.486047048185797026e+00
-1.540887310217716966e+00
-1.540887310217716966e+00
-1.515330023792915926e+00
-1.515330023792915926e+00
-1.515330023792915926e+00
-1.515330023792915926e+00
-1.515330023792915926e+00
-1.515330023792915926e+00
-1.449924126181957984e+00
-1.449924126181957984e+00
-1.467599809511669573e+00
-1.456045055936444843e+00
-1.456045055936444843e+00
-1.456045055936444843e+00
-1.609649188659842967e+00
-1.609649188659842967e+00
-1.612973486716159144e+00
-1.612849718753967876e+00
-1.612849718753967876e+00
-1.612849718753967876e+00
-1.305771603411060022e+00
-1.570892493537917378e+00
-1.570892493537917378e+00
-1.627068674587154762e+00
-1.627068674587154762e+00
-1.474815048633524306e+00
-1.474815048633524306e+00
-1.474815048633524306e+00
-1.241524292451701594e+00
-1.241524292451701594e+00
-1.241524292451701594e+00
-1.241524292451701594e+00
-1.191894707214763871e+00
-1.191894707214763871e+00
-1.191894707214763871e+00
-1.191894707214763871e+00
-1.284744611889636623e+00
-1.641027672113013702e+00
-1.532699592254813670e+00
-1.558445835660565937e+00
-1.558445835660565937e+00
-1.640338400809760122e+00
-1.532486360342051102e+00
-1.532486360342051102e+00
-1.532486360342051102e+00
-1.511689125921712451e+00
-1.689737089277453252e+00
-1.689737089277453252e+00
-1.689737089277453252e+00
-1.710738438265273498e+00
-1.710738438265273498e+00
-1.726356678665482036e+00
-1.726356678665482036e+00
-1.726356678665482036e+00
-1.726356678665482036e+00
-1.726356678665482036e+00
-1.726356678665482036e+00
-1.726356678665482036e+00
-1.726356678665482036e+00
-1.726356678665482036e+00
-1.473338380598429254e+00
-1.402998289688139444e+00
-1.398844655111688429e+00
-1.398844655111688429e+00
-1.665225562356398070e+00
-1.665225562356398070e+00
-1.677899242131249524e+00
-1.717768139410656980e+00
-1.717768139410656980e+00
-1.717768139410656980e+00
-1.656597704550048178e+00
-1.656597704550048178e+00
-1.474590875906424570e+00
-1.478661998508081332e+00
-1.518719852768440237e+00
-1.518719852768440237e+00
-1.518719852768440237e+00
-1.518719852768440237e+00
-1.538817672838900252e+00
-1.538817672838900252e+00
-1.407959037255602563e+00
-1.407959037255602563e+00
-1.612663041109336559e+00
-1.627265381311595149e+00
-1.660400093399543753e+00
-1.660400093399543753e+00
-1.365589935966476931e+00
-1.564602550995281449e+00
-1.564602550995281449e+00
-1.564602550995281449e+00
-1.585040220111095577e+00
-1.585040220111095577e+00
-1.585040220111095577e+00
-1.348231878152996721e+00
-1.354104018348124772e+00
-1.354104018348124772e+00
-1.679293854058814484e+00
-1.679293854058814484e+00
-1.679293854058814484e+00
-1.575001908989754895e+00
-1.575001908989754895e+00
-1.612127055173622203e+00
-1.612127055173622203e+00
-1.612127055173622203e+00
-1.612127055173622203e+00
-1.612127055173622203e+00
-1.612127055173622203e+00
-1.612127055173622203e+00
-1.612127055173622203e+00
-1.711702141661488819e+00
-1.711702141661488819e+00
-1.711702141661488819e+00
-1.711703737196913044e+00
-1.662069707254150819e+00
-1.622213460291320741e+00
-1.622213460291320741e+00
-1.432843121698208044e+00
-1.432843121698208044e+00
-1.432843121698208044e+00
-1.432843121698208044e+00
-1.432843121698208044e+00
-1.432843121698208044e+00
-1.549878380266703770e+00
-1.554321148655382512e+00
-1.550163069373106994e+00
-1.550163069373106994e+00
-1.654876919595051010e+00
-1.654876919595051010e+00
-1.654876919595051010e+00
-1.737175662476519555e+00
-1.448049144124893495e+00
-1.448049144124893495e+00
-1.448049144124893495e+00
-1.448049144124893495e+00
-1.448049144124893495e+00
-1.448049144124893495e+00
-1.448049144124893495e+00
-1.448049144124893495e+00
-1.556568460300365331e+00
-1.556568460300365331e+00
-1.556568460300365331e+00
-1.629093636974093817e+00
-1.490482408731435005e+00
-1.490482408731435005e+00
-1.490482408731435005e+00
-1.490482408731435005e+00
-1.490482408731435005e+00
-1.490482408731435005e+00
-1.490482408731435005e+00
-1.585166609310055152e+00
-1.637613568205678272e+00
-1.637613568205678272e+00
-1.637613568205678272e+00
-1.637613568205678272e+00
-1.637613568205678272e+00
-1.702867548050889468e+00
-1.702867548050889468e+00
-1.702867548050889468e+00
-1.702867548050889468e+00
-1.586683279697571392e+00
-1.586683279697571392e+00
-1.586683279697571392e+00
-1.586683279697571392e+00
-1.586683279697571392e+00
-1.586683279697571392e+00
-1.586683279697571392e+00
-1.576386263903878593e+00
-1.632902521932102280e+00
-1.632902521932102280e+00
-1.632902521932102280e+00
-1.628443000421469167e+00
-1.628443000421469167e+00
-1.628443000421469167e+00
-1.707837754864081736e+00
-1.707837754864081736e+00
-1.707837754864081736e+00
-1.707837754864081736e+00
-1.707837754864081736e+00
-1.587849502125843859e+00
-1.587849502125843859e+00
-1.587849502125843859e+00
-1.587849502125843859e+00
-1.778619125285978209e+00
-1.713015153348787623e+00
-1.691090559184437181e+00
-1.691090559184437181e+00
-1.730517607118157830e+00
-1.424224723137587301e+00
-1.680711031415950130e+00
-1.680711031415950130e+00
-1.680711031415950130e+00
-1.672053428270620756e+00
-1.672053428270620756e+00
-1.672053428270620756e+00
-1.672053428270620756e+00
-1.571234052085511701e+00
-1.571234052085511701e+00
-1.571234052085511701e+00
-1.571234052085511701e+00
-1.819947595578078614e+00
-1.819947595578078614e+00
-1.493846937073804115e+00
-1.493846937073804115e+00
-1.493846937073804115e+00
-1.493846937073804115e+00
-1.619714054049314900e+00
-1.619714054049314900e+00
-1.654516784456446343e+00
-1.654516784456446343e+00
-1.654516784456446343e+00
-1.683804774603469889e+00
-1.683804774603469889e+00
-1.683804774603469889e+00
-1.683952589563840085e+00
-1.700689642196859364e+00
-1.511503587945241422e+00
-1.511503587945241422e+00
-1.511503587945241422e+00
-1.511503587945241422e+00
-1.324108066340021539e+00
-1.324108066340021539e+00
-1.732541315870120835e+00
-1.732541315870120835e+00
-1.732541315870120835e+00
-1.732541315870120835e+00
-1.605328478731115283e+00
-1.605328478731115283e+00
-1.624501116189172478e+00
-1.597215636966333285e+00
-1.635872155256982374e+00
-1.912122246868067865e+00
-1.912122246868067865e+00
-1.831497220646582713e+00
-1.831497220646582713e+00
-1.829685490172406226e+00
-1.853085498736875669e+00
-1.853085498736875669e+00
-1.916494925664897986e+00
-1.916494925664897986e+00
-1.916494925664897986e+00
-1.916494925664897986e+00
-1.916494925664897986e+00
-1.916494925664897986e+00
-1.801779119735921864e+00
-1.801779119735921864e+00
-1.801779119735921864e+00
-1.879961039322511906e+00
-1.821643421800368978e+00
-1.821643421800368978e+00
-1.821643421800368978e+00
-1.844496845515234629e+00
-1.922898037255835968e+00
-1.922898037255835968e+00
-1.922898037255835968e+00
-1.922898037255835968e+00
-1.922898037255835968e+00
-1.822961903894836366e+00
-1.822961903894836366e+00
-1.822961903894836366e+00
-1.822961903894836366e+00
-1.822961903894836366e+00
-1.845437071747351165e+00
-1.845437071747351165e+00
-1.845437071747351165e+00
-1.845437071747351165e+00
-1.845437071747351165e+00
-1.845437071747351165e+00
-1.845437071747351165e+00
-1.845437071747351165e+00
-1.826799394523664244e+00
-1.772148203439511738e+00
-1.772148203439511738e+00
-1.906014195363790353e+00
-1.900883523273650288e+00
-1.900883523273650288e+00
-1.900883523273650288e+00
-1.900883523273650288e+00
-1.807225479906421128e+00
-1.807225479906421128e+00
-1.807225479906421128e+00
-1.807225479906421128e+00
-1.807225479906421128e+00
-1.807225479906421128e+00
-1.807225479906421128e+00
-1.784638738541028502e+00
-1.784638738541028502e+00
-1.808438542696075624e+00
-1.771981242054051053e+00
-1.771981242054051053e+00
-1.724683873740026518e+00
-1.724683873740026518e+00
-1.724683873740026518e+00
-1.724683873740026518e+00
-1.724683873740026518e+00
-1.724683873740026518e+00
-1.657977158891083214e+00
-1.657977158891083214e+00
-1.657977158891083214e+00
-1.730480681869769333e+00
-1.821070396649449918e+00
-1.821070396649449918e+00
-1.835871381012021075e+00
-1.835871381012021075e+00
-1.835871381012021075e+00
-1.830549700538241176e+00
-1.869637583227503841e+00
-1.919421365566508886e+00
-1.919421365566508886e+00
-1.800325928864925817e+00
-1.800325928864925817e+00
-1.833523892535761979e+00
-1.665752772847279406e+00
-1.665752772847279406e+00
-1.665752772847279406e+00
-1.768679851327753738e+00
-1.768679851327753738e+00
-1.768679851327753738e+00
-1.768679851327753738e+00
-1.768679851327753738e+00
-1.768679851327753738e+00
-1.770664469461823876e+00
-1.770664469461823876e+00
-1.770664469461823876e+00
-1.719654176248874844e+00
-1.719654176248874844e+00
-1.719654176248874844e+00
-1.719654176248874844e+00
-1.719654176248874844e+00
-1.719654176248874844e+00
-1.739655694359802940e+00
-1.739655694359802940e+00
-1.739655694359802940e+00
-1.739655694359802940e+00
-1.739655694359802940e+00
-1.739655694359802940e+00
-1.739655694359802940e+00
-1.739655694359802940e+00
-1.728856198874303862e+00
-1.715325602609842237e+00
-1.715325602609842237e+00
-1.715325602609842237e+00
-1.715325602609842237e+00
-1.634836082932597856e+00
-1.650159035312513955e+00
-1.650159035312513955e+00
-1.650159035312513955e+00
-1.650159035312513955e+00
-1.656133631675238638e+00
-1.656133631675238638e+00
-1.656133631675238638e+00
-1.656133631675238638e+00
-1.639595565102980101e+00
-1.639595565102980101e+00
-1.639595565102980101e+00
-1.639595565102980101e+00
-1.655498722543224055e+00
-1.577477040299949840e+00
-1.577477040299949840e+00
-1.385803090454743369e+00
-1.385803090454743369e+00
-1.385803090454743369e+00
-1.385803090454743369e+00
-1.385803090454743369e+00
-1.580628564663188573e+00
-1.657740791714670037e+00
-1.657740791714670037e+00
-1.668219470613089284e+00
-1.668219470613089284e+00
-1.564920746345592972e+00
-1.564920746345592972e+00
-1.564920746345592972e+00
-1.411308521978257957e+00
-1.586803172788018079e+00
-1.586803172788018079e+00
-1.586803172788018079e+00
-1.586803172788018079e+00
-1.586803172788018079e+00
-1.586803172788018079e+00
-1.586803172788018079e+00
-1.586803172788018079e+00
-1.586803172788018079e+00
-1.586803172788018079e+00
-1.586803172788018079e+00
-1.586803172788018079e+00
-1.586803172788018079e+00
-1.501202241412540106e+00
-1.501202241412540106e+00
-1.538755560924172539e+00
-1.538755560924172539e+00
-1.538755560924172539e+00
-1.390401081646833514e+00
-1.390401081646833514e+00
-1.390401081646833514e+00
-1.390401081646833514e+00
-1.390401081646833514e+00
-1.390401081646833514e+00
-1.390401081646833514e+00
-1.541624789484144387e+00
-1.541624789484144387e+00
-1.596321111427438266e+00
-1.440312164919326232e+00
-1.679587432576866934e+00
-1.679587432576866934e+00
-1.561906438028835220e+00
-1.672333102837119334e+00
-1.672333102837119334e+00
-1.672333102837119334e+00
-1.638981283964664026e+00
-1.570013239552368267e+00
-1.570013239552368267e+00
-1.570013239552368267e+00
-1.570013239552368267e+00
-1.570013239552368267e+00
-1.705919009549667908e+00
-1.705919009549667908e+00
-1.710258068135773746e+00
-1.710258068135773746e+00
-1.710258068135773746e+00
-1.710258068135773746e+00
-1.710258068135773746e+00
-1.710258068135773746e+00
-1.710258068135773746e+00
-1.690234212528906932e+00
-1.690234212528906932e+00
-1.690234212528906932e+00
-1.690234212528906932e+00
-1.690234212528906932e+00
-1.690234212528906932e+00
-1.690234212528906932e+00
-1.690234212528906932e+00
-1.690234212528906932e+00
-1.662181508700660615e+00
-1.662181508700660615e+00
-1.662181508700660615e+00
-1.662181508700660615e+00
-1.662181508700660615e+00
-1.662181508700660615e+00
-1.662181508700660615e+00
-1.662181508700660615e+00
-1.662181508700660615e+00
-1.605356286634222585e+00
-1.605356286634222585e+00
-1.605356286634222585e+00
-1.605356286634222585e+00
-1.670950685358868038e+00
-1.670950685358868038e+00
-1.670950685358868038e+00
-1.670950685358868038e+00
-1.670950685358868038e+00
-1.670950685358868038e+00
-1.669808623895590260e+00
-1.669808623895590260e+00
-1.669808623895590260e+00
-1.669808623895590260e+00
-1.669808623895590260e+00
-1.669808623895590260e+00
-1.669808623895590260e+00
-1.669808623895590260e+00
-1.669808623895590260e+00
-1.638424442101618972e+00
-1.638424442101618972e+00
-1.638424442101618972e+00
-1.638424442101618972e+00
-1.504727804865937379e+00
-1.504727804865937379e+00
-1.504727804865937379e+00
-1.504727804865937379e+00
-1.504727804865937379e+00
-1.669339536480876074e+00
-1.669339536480876074e+00
-1.669339536480876074e+00
-1.669339536480876074e+00
-1.677824479899944210e+00
-1.677824479899944210e+00
-1.560897945673926035e+00
-1.690909921781054814e+00
-1.690909921781054814e+00
-1.690909921781054814e+00
-1.542966520809078590e+00
-1.542966520809078590e+00
-1.542966520809078590e+00
-1.459340976255573574e+00
-1.682972360979302584e+00
-1.564895331745621787e+00
-1.532380143269526096e+00
-1.597869122689358212e+00
-1.597869122689358212e+00
-1.519974513445939701e+00
-1.545488492480655340e+00
-1.545488492480655340e+00
-1.545488492480655340e+00
-1.545488492480655340e+00
-1.480579148287070934e+00
-1.480579148287070934e+00
-1.495532848183101171e+00
-1.495532848183101171e+00
-1.476848672498480397e+00
-1.476848672498480397e+00
-1.476848672498480397e+00
-1.587613248916246667e+00
-1.587613248916246667e+00
-1.621972078575002918e+00
-1.602520336384527067e+00
-1.602520336384527067e+00
-1.343075563529253280e+00
-1.343075563529253280e+00
-1.343075563529253280e+00
-1.343075563529253280e+00
-1.640350367325441594e+00
-1.579824072908944776e+00
-1.579824072908944776e+00
-1.579824072908944776e+00
-1.579824072908944776e+00
-1.579824072908944776e+00
-1.579824072908944776e+00
-1.579824072908944776e+00
-1.579824072908944776e+00
-1.579824072908944776e+00
-1.579824072908944776e+00
-1.579824072908944776e+00
-1.579824072908944776e+00
-1.579824072908944776e+00
-1.553859241150077342e+00
-1.553859241150077342e+00
-1.601389101768770695e+00
-1.587451757937954566e+00
-1.587451757937954566e+00
-1.587451757937954566e+00
-1.554327644763895400e+00
-1.334665838208754618e+00
-1.334665838208754618e+00
-1.334665838208754618e+00
-1.634183053076837089e+00
-1.634183053076837089e+00
-1.634183053076837089e+00
-1.634183053076837089e+00
-1.634183053076837089e+00
-1.634183053076837089e+00
-1.624581804694910536e+00
-1.624581804694910536e+00
-1.512079804167008934e+00
-1.345746945696624675e+00
-1.345746945696624675e+00
-1.345746945696624675e+00
-1.345746945696624675e+00
-1.345746945696624675e+00
-1.345746945696624675e+00
-1.345746945696624675e+00
-1.345746945696624675e+00
-1.366303938068805568e+00
-1.366303938068805568e+00
-1.366303938068805568e+00
-1.275845854961621395e+00
-1.333092184413231518e+00
-1.333092184413231518e+00
-1.333092184413231518e+00
-1.333092184413231518e+00
-1.333092184413231518e+00
-1.440757661203125428e+00
-1.323139120470269381e+00
-1.451719901301892657e+00
-1.449609577769759072e+00
-1.449609577769759072e+00
-1.442750598914764426e+00
-1.424860430037314218e+00
-1.424860430037314218e+00
-1.319576175901219672e+00
-1.319576175901219672e+00
-1.393252987250771069e+00
-1.393252987250771069e+00
-1.363808064798096131e+00
-1.363808064798096131e+00
-1.363808064798096131e+00
-1.363808064798096131e+00
-1.363808064798096131e+00
-1.363808064798096131e+00
-1.363808064798096131e+00
-1.450050059513653622e+00
-1.469818515485832755e+00
-1.469818515485832755e+00
-1.469818515485832755e+00
-1.469818515485832755e+00
-1.469818515485832755e+00
-1.469818515485832755e+00
-1.469818515485832755e+00
-1.469818515485832755e+00
-1.469818515485832755e+00
-1.469818515485832755e+00
-1.469818515485832755e+00
-1.469818515485832755e+00
-1.469818515485832755e+00
-1.486364331801580452e+00
-1.547350368353878292e+00
-1.582164951309875001e+00
-1.582164951309875001e+00
-1.450945952654340676e+00
-1.521469074271149191e+00
-1.521469074271149191e+00
-1.521469074271149191e+00
-1.521469074271149191e+00
-1.521469074271149191e+00
-1.521469074271149191e+00
-1.521469074271149191e+00
-1.521469074271149191e+00
-1.521469074271149191e+00
-1.521469074271149191e+00
-1.521469074271149191e+00
-1.521469074271149191e+00
-1.482512481353934763e+00
-1.482512481353934763e+00
-1.482512481353934763e+00
-1.412509960152678934e+00
-1.381561131595881342e+00
-1.381561131595881342e+00
-1.558601742264873247e+00
-1.558601742264873247e+00
-1.558601742264873247e+00
-1.558601742264873247e+00
-1.558601742264873247e+00
-1.558601742264873247e+00
-1.558601742264873247e+00
-1.558601742264873247e+00
-1.587499168133416516e+00
-1.587499168133416516e+00
-1.587499168133416516e+00
-1.483626848880921001e+00
-1.483626848880921001e+00
-1.483626848880921001e+00
-1.548772788184550553e+00
-1.551799746817885906e+00
-1.426951151277093377e+00
-1.513325005598779249e+00
-1.513325005598779249e+00
-1.513325005598779249e+00
-1.509598632615565261e+00
-1.509598632615565261e+00
-1.546522969269615633e+00
-1.546522969269615633e+00
-1.546522969269615633e+00
-1.546522969269615633e+00
-1.487830856790050227e+00
-1.371099319786232229e+00
-1.371099319786232229e+00
-1.560606418558561970e+00
-1.560606418558561970e+00
-1.560606418558561970e+00
-1.560606418558561970e+00
-1.560606418558561970e+00
-1.560606418558561970e+00
-1.560606418558561970e+00
-1.560606418558561970e+00
-1.568410410251945608e+00
-1.568410410251945608e+00
-1.568410410251945608e+00
-1.568410410251945608e+00
-1.568410410251945608e+00
-1.568410410251945608e+00
-1.568410410251945608e+00
-1.568410410251945608e+00
-1.568410410251945608e+00
-1.568410410251945608e+00
-1.568410410251945608e+00
-1.568410410251945608e+00
-1.568410410251945608e+00
-1.568410410251945608e+00
-1.568410410251945608e+00
-1.568410410251945608e+00
-1.477790950133285319e+00
-1.477790950133285319e+00
-1.477790950133285319e+00
-1.527822268396672900e+00
-1.527822268396672900e+00
-1.527822268396672900e+00
-1.312501229929878388e+00
-1.312501229929878388e+00
-1.312501229929878388e+00
-1.312501229929878388e+00
-1.312501229929878388e+00
-1.467055959865650294e+00
-1.467055959865650294e+00
-1.498362302324284023e+00
-1.559099549317223055e+00
-1.559099549317223055e+00
-1.559099549317223055e+00
-1.559099549317223055e+00
-1.559099549317223055e+00
-1.559099549317223055e+00
-1.559099549317223055e+00
-1.559099549317223055e+00
-1.559099549317223055e+00
-1.559099549317223055e+00
-1.559099549317223055e+00
-1.559099549317223055e+00
-1.559099549317223055e+00
-1.559099549317223055e+00
-1.435233347730472397e+00
-1.435233347730472397e+00
-1.425032064062231596e+00
-1.425032064062231596e+00
-1.425032064062231596e+00
-1.425032064062231596e+00
-1.437313014189098181e+00
-1.437313014189098181e+00
-1.437313014189098181e+00
-1.445360666935120220e+00
-1.445360666935120220e+00
-1.445360666935120220e+00
-1.445360666935120220e+00
-1.445360666935120220e+00
-1.445360666935120220e+00
-1.445360666935120220e+00
-1.445360666935120220e+00
-1.567661534303916637e+00
-1.567661534303916637e+00
-1.484203293036320481e+00
-1.559433016220880486e+00
-1.247202461125973771e+00
-1.379063548822931695e+00
-1.473599478573917487e+00
-1.473599478573917487e+00
-1.473599478573917487e+00
-1.406117105575182213e+00
-1.406117105575182213e+00
-1.406117105575182213e+00
-1.406117105575182213e+00
-1.392294298394460172e+00
-1.392294298394460172e+00
-1.392294298394460172e+00
-1.392294298394460172e+00
-1.391820994207553452e+00
-1.391820994207553452e+00
-1.391820994207553452e+00
-1.391820994207553452e+00
-1.434499401435341381e+00
-1.434499401435341381e+00
-1.434499401435341381e+00
-1.434499401435341381e+00
-1.434499401435341381e+00
-1.434499401435341381e+00
-1.434499401435341381e+00
-1.434499401435341381e+00
-1.514902306332414961e+00
-1.514902306332414961e+00
-1.514902306332414961e+00
-1.514902306332414961e+00
-1.482938261378563549e+00
-1.482938261378563549e+00
-1.482938261378563549e+00
-1.482938261378563549e+00
-1.489230711191151801e+00
-1.490122273592830338e+00
-1.490122273592830338e+00
-1.418251266443022685e+00
-1.493188094910426367e+00
-1.493188094910426367e+00
-1.493188094910426367e+00
-1.523289922090606874e+00
-1.402554730840212427e+00
-1.402554730840212427e+00
-1.402554730840212427e+00
-1.402554730840212427e+00
-1.402554730840212427e+00
-1.402554730840212427e+00
-1.402554730840212427e+00
-1.402554730840212427e+00
-1.402554730840212427e+00
-1.272173844149645960e+00
-1.272173844149645960e+00
-1.272173844149645960e+00
-1.272173844149645960e+00
-1.272173844149645960e+00
-1.272173844149645960e+00
-1.385939508733512238e+00
-1.385939508733512238e+00
-1.385939508733512238e+00
-1.518747318771099586e+00
-1.533245379336705350e+00
-1.533245379336705350e+00
-1.533245379336705350e+00
-1.533245379336705350e+00
-1.533245379336705350e+00
-1.533245379336705350e+00
-1.558470908360089169e+00
-1.558470908360089169e+00
-1.558470908360089169e+00
-1.558470908360089169e+00
-1.558470908360089169e+00
-1.558470908360089169e+00
-1.558470908360089169e+00
-1.558470908360089169e+00
-1.296482054270932105e+00
-1.296482054270932105e+00
-1.296482054270932105e+00
-1.296482054270932105e+00
-1.296482054270932105e+00
-1.447686729649968473e+00
-1.488048305475005106e+00
-1.488048305475005106e+00
-1.516079013707760881e+00
-1.516079013707760881e+00
-1.516079013707760881e+00
-1.516079013707760881e+00
-1.516079013707760881e+00
-1.510720749886040437e+00
-1.510720749886040437e+00
-1.627677257384670284e+00
-1.627677257384670284e+00
-1.627677257384670284e+00
-1.627677257384670284e+00
-1.648329753948670984e+00
-1.648329753948670984e+00
-1.648329753948670984e+00
-1.591882559810952058e+00
-1.591882559810952058e+00
-1.590060458356518103e+00
-1.590060458356518103e+00
-1.590060458356518103e+00
-1.489094748779646871e+00
-1.522379327230654056e+00
-1.522379327230654056e+00
-1.522379327230654056e+00
-1.522379327230654056e+00
-1.467360935065304073e+00
-1.373015899731141909e+00
-1.373015899731141909e+00
-1.363552437229776482e+00
-1.363552437229776482e+00
-1.363552437229776482e+00
-1.338198467604744701e+00
-1.338198467604744701e+00
-1.414294224624196072e+00
-1.414294224624196072e+00
-1.333101871592592635e+00
-1.333101871592592635e+00
-1.333101871592592635e+00
-1.333101871592592635e+00
-1.333101871592592635e+00
-1.333101871592592635e+00
-1.333101871592592635e+00
-1.541364603243184028e+00
-1.541364603243184028e+00
-1.541364603243184028e+00
-1.510117751462509705e+00
-1.495817081422240458e+00
-1.495817081422240458e+00
-1.495817081422240458e+00
-1.495817081422240458e+00
-1.574830730832101677e+00
-1.574830730832101677e+00
-1.574830730832101677e+00
-1.574830730832101677e+00
-1.574830730832101677e+00
-1.574830730832101677e+00
-1.574830730832101677e+00
-1.574830730832101677e+00
-1.574830730832101677e+00
-1.574830730832101677e+00
-1.574830730832101677e+00
-1.566340203039048973e+00
-1.566340203039048973e+00
-1.589174822229272310e+00
-1.589174822229272310e+00
-1.589174822229272310e+00
-1.589174822229272310e+00
-1.544076101729792150e+00
-1.525724025347036772e+00
-1.525724025347036772e+00
-1.525724025347036772e+00
-1.531662722162717039e+00
-1.375517357375835914e+00
-1.375517357375835914e+00
-1.375517357375835914e+00
-1.230713400284601189e+00
-1.396385365188919536e+00
-1.396385365188919536e+00
-1.465343722421853956e+00
-1.479554814544735919e+00
-1.475114781359641469e+00
-1.475114781359641469e+00
-1.442094036087707032e+00
-1.299443709918691292e+00
-1.299443709918691292e+00
-1.469061775827498861e+00
-1.545524733928147931e+00
-1.545524733928147931e+00
-1.545524733928147931e+00
-1.545524733928147931e+00
-1.545524733928147931e+00
-1.527500198174617019e+00
-1.527500198174617019e+00
-1.518710393522711088e+00
-1.518710393522711088e+00
-1.392718027016400795e+00
-1.392718027016400795e+00
-1.268671985793979884e+00
-1.268671985793979884e+00
-1.268671985793979884e+00
-1.341419511725752134e+00
-1.412954886602397986e+00
-1.412954886602397986e+00
-1.384635044557414485e+00
-1.384635044557414485e+00
-1.273683334627753183e+00
-1.273683334627753183e+00
-1.408284982349403025e+00
-1.532608076901554206e+00
-1.504503632138837421e+00
-1.504503632138837421e+00
-1.504503632138837421e+00
-1.465486522842319728e+00
-1.468191069353151024e+00
-1.468191069353151024e+00
-1.468191069353151024e+00
-1.468191069353151024e+00
-1.462544469486914744e+00
-1.392954736093262147e+00
-1.392954736093262147e+00
-1.392954736093262147e+00
-1.392954736093262147e+00
-1.392954736093262147e+00
-1.392954736093262147e+00
-1.466576957337942799e+00
-1.423858091890469968e+00
-1.423858091890469968e+00
-1.423858091890469968e+00
-1.402539801187314694e+00
-1.462856624595977539e+00
-1.462856624595977539e+00
-1.331788290071213909e+00
-1.258864343508251604e+00
-1.522093270522458575e+00
-1.428055033857006384e+00
-1.442207433069641054e+00
-1.442207433069641054e+00
-1.442207433069641054e+00
-1.442207433069641054e+00
-1.442207433069641054e+00
-1.495683056446607706e+00
-1.494010137554336426e+00
-1.494010137554336426e+00
-1.494010137554336426e+00
-1.494010137554336426e+00
-1.494010137554336426e+00
-1.481354122635966997e+00
-1.481354122635966997e+00
-1.531528013386188380e+00
-1.558015382996480680e+00
-1.558015382996480680e+00
-1.413285732269287109e+00
-1.343611435498151874e+00
-1.343611435498151874e+00
-1.343611435498151874e+00
-1.460334311023952836e+00
-1.460334311023952836e+00
-1.460334311023952836e+00
-1.460334311023952836e+00
-1.460334311023952836e+00
-1.460334311023952836e+00
-1.460334311023952836e+00
-1.444587174154832176e+00
-1.444587174154832176e+00
-1.383618232624936439e+00
-1.383618232624936439e+00
-1.479932158672558895e+00
-1.497757480431697097e+00
-1.497757480431697097e+00
-1.497757480431697097e+00
-1.497757480431697097e+00
-1.364924711661402501e+00
-1.364924711661402501e+00
-1.345344642836094673e+00
-1.345344642836094673e+00
-1.248403101532682635e+00
-1.248403101532682635e+00
-1.252664776650715073e+00
-1.245801808957160084e+00
-1.245801808957160084e+00
-1.265017297938038521e+00
-1.525838334063498891e+00
-1.440869462649635224e+00
-1.440869462649635224e+00
-1.440869462649635224e+00
-1.306187924189959437e+00
-1.306187924189959437e+00
-1.306187924189959437e+00
-1.306187924189959437e+00
-1.443858356366421791e+00
-1.468042798525516668e+00
-1.468042798525516668e+00
-1.521981924943212716e+00
-1.521981924943212716e+00
-1.513119067562241682e+00
-1.527438656093969227e+00
-1.511434751988368852e+00
-1.511434751988368852e+00
-1.511434751988368852e+00
-1.511434751988368852e+00
-1.511434751988368852e+00
-1.450752323033932756e+00
-1.450752323033932756e+00
-1.450752323033932756e+00
-1.450752323033932756e+00
-1.450752323033932756e+00
-1.369672911116999403e+00
-1.369672911116999403e+00
-1.369672911116999403e+00
-1.369672911116999403e+00
-1.369672911116999403e+00
-1.382392975385968503e+00
-1.421901851493587277e+00
-1.421901851493587277e+00
-1.421901851493587277e+00
-1.421901851493587277e+00
-1.336690914562509658e+00
-1.442051070598069806e+00
-1.442051070598069806e+00
-1.442051070598069806e+00
-1.442051070598069806e+00
-1.442051070598069806e+00
-1.384701259277518748e+00
-1.384701259277518748e+00
-1.334347073024363173e+00
-1.334347073024363173e+00
-1.334347073024363173e+00
-1.444680171076699660e+00
-1.444680171076699660e+00
-1.324999628741700075e+00
-1.324999628741700075e+00
-1.390966471021079620e+00
-1.390966471021079620e+00
-1.390966471021079620e+00
-1.390966471021079620e+00
-1.390966471021079620e+00
-1.390966471021079620e+00
-1.457033832032183618e+00
-1.457033832032183618e+00
-1.457033832032183618e+00
-1.457033832032183618e+00
-1.528289076475066732e+00
-1.528289076475066732e+00
-1.478842294011015746e+00
-1.478842294011015746e+00
-1.475265331523596180e+00
-1.475265331523596180e+00
-1.475265331523596180e+00
-1.475265331523596180e+00
-1.475265331523596180e+00
-1.475265331523596180e+00
-1.475265331523596180e+00
-1.475265331523596180e+00
-1.446494978654908836e+00
-1.194393657589505775e+00
-1.194393657589505775e+00
-1.406463336762233007e+00
-1.391545422446431424e+00
-1.499024905392590146e+00
-1.499024905392590146e+00
-1.499024905392590146e+00
-1.525577577988458611e+00
-1.525577577988458611e+00
-1.483548439711503297e+00
-1.513204542674252417e+00
-1.490375393891197664e+00
-1.490375393891197664e+00
-1.490375393891197664e+00
-1.490375393891197664e+00
-1.439443281914034367e+00
-1.506525745355376200e+00
-1.502491661968924141e+00
-1.455672270481262798e+00
-1.455672270481262798e+00
-1.455672270481262798e+00
-1.455672270481262798e+00
-1.455672270481262798e+00
-1.455672270481262798e+00
-1.534135118269327691e+00
-1.330597564777498132e+00
-1.330597564777498132e+00
-1.331780768261356940e+00
-1.331780768261356940e+00
-1.306997316517291896e+00
-1.272797128666427247e+00
-1.366928020353298967e+00
-1.303812741777409023e+00
-1.303812741777409023e+00
-1.303812741777409023e+00
-1.303812741777409023e+00
-1.303812741777409023e+00
-1.303812741777409023e+00
-1.303812741777409023e+00
-1.303812741777409023e+00
-1.342994191222619316e+00
-1.451079749696341237e+00
-1.451079749696341237e+00
-1.436951397481885495e+00
-1.436951397481885495e+00
-1.436951397481885495e+00
-1.436951397481885495e+00
-1.436951397481885495e+00
-1.378916759563905581e+00
-1.378916759563905581e+00
-1.400148777387338228e+00
-1.351533154912478052e+00
-1.351533154912478052e+00
-1.404251240863398698e+00
-1.404251240863398698e+00
-1.294671919332179622e+00
-1.294671919332179622e+00
-1.294671919332179622e+00
-1.518639278229518164e+00
-1.669125734734033584e+00
-1.669125734734033584e+00
-1.685145480227060011e+00
-1.698020083498544386e+00
-1.566012776376640270e+00
-1.566012776376640270e+00
-1.566012776376640270e+00
-1.326826060935142548e+00
-1.326826060935142548e+00
-1.438693152331029346e+00
-1.350557826901029213e+00
-1.350557826901029213e+00
-1.140899913488792716e+00
-1.140899913488792716e+00
-1.136687016168014486e+00
-1.341748875824032794e+00
-1.341748875824032794e+00
-1.341748875824032794e+00
-1.341748875824032794e+00
-1.341748875824032794e+00
-1.341748875824032794e+00
-1.270660364832978395e+00
-1.270660364832978395e+00
-1.270660364832978395e+00
-1.270660364832978395e+00
-1.270660364832978395e+00
-1.270660364832978395e+00
-1.270660364832978395e+00
-1.368323999882655961e+00
-1.474820746974325081e+00
-1.474820746974325081e+00
-1.474820746974325081e+00
-1.474820746974325081e+00
-1.474820746974325081e+00
-1.486107678531916498e+00
-1.486107678531916498e+00
-1.486107678531916498e+00
-1.498159099491330748e+00
-1.498159099491330748e+00
-1.498159099491330748e+00
-1.478589743546728341e+00
-1.478589743546728341e+00
-1.478589743546728341e+00
-1.476983723175457230e+00
-1.451587243928052162e+00
-1.451587243928052162e+00
-1.451587243928052162e+00
-1.451587243928052162e+00
-1.451587243928052162e+00
-1.451587243928052162e+00
-1.451587243928052162e+00
-1.449459483473068300e+00
-1.449459483473068300e+00
-1.449459483473068300e+00
-1.462979594790456694e+00
-1.462979594790456694e+00
-1.462979594790456694e+00
-1.462979594790456694e+00
-1.459870010215511105e+00
-1.459870010215511105e+00
-1.459870010215511105e+00
-1.469808486406023462e+00
-1.469808486406023462e+00
-1.432667954701994262e+00
-1.432667954701994262e+00
-1.432667954701994262e+00
-1.429780263517828276e+00
-1.429780263517828276e+00
-1.429780263517828276e+00
-1.429780263517828276e+00
-1.429780263517828276e+00
-1.496649722980039732e+00
-1.496649722980039732e+00
-1.496649722980039732e+00
-1.461923692240085781e+00
-1.435659925522813296e+00
-1.459440925153218105e+00
-1.472401117503528978e+00
-1.530465842660936771e+00
-1.505640451128578361e+00
-1.505640451128578361e+00
-1.505640451128578361e+00
-1.505640451128578361e+00
-1.505640451128578361e+00
-1.403233973063656714e+00
-1.403233973063656714e+00
-1.403233973063656714e+00
-1.403233973063656714e+00
-1.412961382710910874e+00
-1.412961382710910874e+00
-1.412961382710910874e+00
-1.412961382710910874e+00
-1.412961382710910874e+00
-1.412961382710910874e+00
-1.412961382710910874e+00
-1.412961382710910874e+00
-1.412961382710910874e+00
-1.412961382710910874e+00
-1.412961382710910874e+00
-1.412961382710910874e+00
-1.509925033576629660e+00
-1.509925033576629660e+00
-1.451255372559818957e+00
-1.451255372559818957e+00
-1.451255372559818957e+00
-1.451255372559818957e+00
-1.451255372559818957e+00
-1.451255372559818957e+00
-1.451255372559818957e+00
-1.451255372559818957e+00
-1.451255372559818957e+00
-1.451255372559818957e+00
-1.451255372559818957e+00
-1.451255372559818957e+00
-1.479162426797199448e+00
-1.536542439323994147e+00
-1.417619776315488522e+00
-1.417619776315488522e+00
-1.506320833020182937e+00
-1.506320833020182937e+00
-1.506320833020182937e+00
-1.506320833020182937e+00
-1.428823056230125621e+00
-1.428823056230125621e+00
-1.428823056230125621e+00
-1.336935829250124108e+00
-1.339707502215587764e+00
-1.339707502215587764e+00
-1.339707502215587764e+00
-1.339707502215587764e+00
-1.339707502215587764e+00
-1.339707502215587764e+00
-1.330102378961916854e+00
-1.486372879312781503e+00
-1.486372879312781503e+00
-1.486372879312781503e+00
-1.486372879312781503e+00
-1.486372879312781503e+00
-1.441507220952050305e+00
-1.441507220952050305e+00
-1.441507220952050305e+00
-1.441507220952050305e+00
-1.448863778925762569e+00
-1.448863778925762569e+00
-1.448863778925762569e+00
-1.448863778925762569e+00
-1.448863778925762569e+00
-1.448863778925762569e+00
-1.448863778925762569e+00
-1.448863778925762569e+00
-1.448863778925762569e+00
-1.448863778925762569e+00
-1.461119656353106144e+00
-1.461119656353106144e+00
-1.461119656353106144e+00
-1.461119656353106144e+00
-1.461119656353106144e+00
-1.461119656353106144e+00
-1.461119656353106144e+00
-1.461119656353106144e+00
-1.461119656353106144e+00
-1.461119656353106144e+00
-1.461119656353106144e+00
-1.461119656353106144e+00
-1.461119656353106144e+00
-1.420186536945758693e+00
-1.420186536945758693e+00
-1.414673734121523196e+00
-1.414673734121523196e+00
-1.414673734121523196e+00
-1.488038162428379829e+00
-1.538723764182504672e+00
-1.538723764182504672e+00
-1.538723764182504672e+00
-1.538723764182504672e+00
-1.538723764182504672e+00
-1.538723764182504672e+00
-1.538723764182504672e+00
-1.346672014342211288e+00
-1.346672014342211288e+00
-1.346672014342211288e+00
-1.346672014342211288e+00
-1.346672014342211288e+00
-1.346672014342211288e+00
-1.346672014342211288e+00
-1.346672014342211288e+00
-1.346672014342211288e+00
-1.529489147047695452e+00
-1.529489147047695452e+00
-1.529489147047695452e+00
-1.529489147047695452e+00
-1.526399164765104510e+00
-1.438520150704319933e+00
-1.438520150704319933e+00
-1.438520150704319933e+00
-1.438520150704319933e+00
-1.438520150704319933e+00
-1.438520150704319933e+00
-1.381577770751019507e+00
-1.381577770751019507e+00
-1.284083718323570711e+00
-1.284083718323570711e+00
-1.192300429079774071e+00
-1.192300429079774071e+00
-1.192300429079774071e+00
-1.192300429079774071e+00
-1.330765323930670929e+00
-1.330765323930670929e+00
-1.330765323930670929e+00
-1.330765323930670929e+00
-1.330765323930670929e+00
-1.330765323930670929e+00
-1.239347184365383603e+00
-1.239347184365383603e+00
-1.366399214326993405e+00
-1.366399214326993405e+00
-1.117300007129034656e+00
-1.364570730730862769e+00
-1.364570730730862769e+00
-1.364570730730862769e+00
-1.192896247593896009e+00
-1.192896247593896009e+00
-1.318711053800856403e+00
-1.318711053800856403e+00
-1.318711053800856403e+00
-1.418211150123785735e+00
-1.490831375122070312e+00
-1.490831375122070312e+00
-1.490831375122070312e+00
-1.490831375122070312e+00
-1.490831375122070312e+00
-1.490831375122070312e+00
-1.490831375122070312e+00
-1.514532939881713114e+00
-1.514532939881713114e+00
-1.514532939881713114e+00
-1.514532939881713114e+00
-1.514532939881713114e+00
-1.514532939881713114e+00
-1.514532939881713114e+00
-1.514532939881713114e+00
-1.514532939881713114e+00
-1.514532939881713114e+00
-1.327758081556506209e+00
-1.326922932728754612e+00
-1.326922932728754612e+00
-1.326922932728754612e+00
-1.326922932728754612e+00
-1.326922932728754612e+00
-1.299901856519068089e+00
-1.490117145086109707e+00
-1.490117145086109707e+00
-1.490117145086109707e+00
-1.490117145086109707e+00
-1.490117145086109707e+00
-1.469871396088463289e+00
-1.469871396088463289e+00
-1.478452755433879329e+00
-1.503157570074894700e+00
-1.340067181486928272e+00
-1.340067181486928272e+00
-1.340067181486928272e+00
-1.340067181486928272e+00
-1.340067181486928272e+00
-1.340067181486928272e+00
-1.367803741367551451e+00
-1.367803741367551451e+00
-1.456282562781018308e+00
-1.456282562781018308e+00
-1.456282562781018308e+00
-1.456282562781018308e+00
-1.453984307969277356e+00
-1.354135017322080747e+00
-1.354135017322080747e+00
-1.354135017322080747e+00
-1.241098968294336968e+00
-1.347751508023497191e+00
-1.347751508023497191e+00
-1.347751508023497191e+00
-1.347751508023497191e+00
-1.386605188905850827e+00
-1.245809102833384863e+00
-1.245809102833384863e+00
-1.245809102833384863e+00
-1.221488014461889149e+00
-1.221488014461889149e+00
-1.221488014461889149e+00
-1.221488014461889149e+00
-1.221488014461889149e+00
-1.361475619941550974e+00
-1.385935633861767879e+00
-1.385371953989761984e+00
-1.385371953989761984e+00
-1.340989742862562784e+00
-1.340989742862562784e+00
-1.340989742862562784e+00
-1.340989742862562784e+00
-1.340989742862562784e+00
-1.217844381387101382e+00
-1.269892570393491127e+00
-1.320128117191176065e+00
-1.363965339004195698e+00
-1.249076417481693957e+00
-1.249076417481693957e+00
-1.249076417481693957e+00
-1.249076417481693957e+00
-1.249076417481693957e+00
-1.249076417481693957e+00
-1.249076417481693957e+00
-1.340226962962980162e+00
-1.446638690809902705e+00
-1.446638690809902705e+00
-1.446638690809902705e+00
-1.446638690809902705e+00
-1.446638690809902705e+00
-1.312987298400178693e+00
-1.312987298400178693e+00
-1.267982144656646160e+00
-1.267982144656646160e+00
-1.267982144656646160e+00
-1.434080231486041468e+00
-1.430397963660624772e+00
-1.455044883159104963e+00
-1.455044883159104963e+00
-1.413457252327388280e+00
-1.410971977970568059e+00
-1.316852938832562048e+00
-1.318484829671068281e+00
-1.206279712698883566e+00
-1.206279712698883566e+00
-1.206279712698883566e+00
-1.214757362241726701e+00
-1.214757362241726701e+00
-1.214757362241726701e+00
-1.214757362241726701e+00
-1.217409939884455561e+00
-1.217533479913014860e+00
-1.217533479913014860e+00
-1.250841649494937036e+00
-1.250841649494937036e+00
-1.250841649494937036e+00
-1.250841649494937036e+00
-1.239355503942952685e+00
-1.239355503942952685e+00
-1.239355503942952685e+00
-1.239355503942952685e+00
-1.239355503942952685e+00
-1.239355503942952685e+00
-1.239355503942952685e+00
-1.346559529094805363e+00
-1.346559529094805363e+00
-1.346559529094805363e+00
-1.141908747744149855e+00
-1.141908747744149855e+00
-1.141908747744149855e+00
-1.126856238618635375e+00
-1.126856238618635375e+00
-1.206749483914493659e+00
-1.226308013011574882e+00
-1.226308013011574882e+00
-1.226308013011574882e+00
-1.226308013011574882e+00
-1.226308013011574882e+00
-1.248115563255878913e+00
-1.248115563255878913e+00
-1.248115563255878913e+00
-1.245532505370918530e+00
-1.245532505370918530e+00
-1.245532505370918530e+00
-1.245532505370918530e+00
-1.236885729073110562e+00
-1.283947072111169874e+00
-1.373409199213206477e+00
-1.373409199213206477e+00
-1.373409199213206477e+00
-1.373409199213206477e+00
-1.373409199213206477e+00
-1.373409199213206477e+00
-1.427190367623907052e+00
-1.318297696159173027e+00
-1.457159879330695240e+00
-1.247543107939039997e+00
-1.247543107939039997e+00
-1.247543107939039997e+00
-1.247543107939039997e+00
-1.247543107939039997e+00
-1.247543107939039997e+00
-1.247543107939039997e+00
-1.247543107939039997e+00
-1.247543107939039997e+00
-1.434762322879886032e+00
-1.434762322879886032e+00
-1.434762322879886032e+00
-1.455496191750520918e+00
-1.455496191750520918e+00
-1.293613509511856385e+00
-1.293613509511856385e+00
-1.293613509511856385e+00
-1.290523071362001284e+00
-1.404907461790008139e+00
-1.404907461790008139e+00
-1.404907461790008139e+00
-1.404907461790008139e+00
-1.404907461790008139e+00
-1.404907461790008139e+00
-1.404907461790008139e+00
-1.404907461790008139e+00
-1.404907461790008139e+00
-1.404907461790008139e+00
-1.404907461790008139e+00
-1.377437698225674190e+00
-1.434678443303299522e+00
-1.340745398009028477e+00
-1.261913525670709690e+00
-1.173554483380873759e+00
-1.173554483380873759e+00
-1.062001826430369888e+00
-1.344940630473324683e+00
-1.276879078115605415e+00
-1.276879078115605415e+00
-1.276879078115605415e+00
-1.272090534407139595e+00
-1.272090534407139595e+00
-1.186211182100139094e+00
-1.186211182100139094e+00
-1.186211182100139094e+00
-1.320117632244102834e+00
-1.359388887540332158e+00
-1.209871718806016849e+00
-1.387167615142880450e+00
-1.391910914025388690e+00
-1.391910914025388690e+00
-1.391910914025388690e+00
-1.159813048506785904e+00
-1.159813048506785904e+00
-1.113712559694541637e+00
-1.407685061029904539e+00
-1.407685061029904539e+00
-1.407685061029904539e+00
-1.407685061029904539e+00
-1.407685061029904539e+00
-1.251975505347461493e+00
-1.161431377294186662e+00
-1.161431377294186662e+00
-1.161431377294186662e+00
-1.161431377294186662e+00
-1.161431377294186662e+00
-1.199642285334220571e+00
-1.199642285334220571e+00
-1.168198954762737829e+00
-1.169581030340541172e+00
-1.169581030340541172e+00
-1.181756105295330705e+00
-1.181756105295330705e+00
-1.181756105295330705e+00
-1.181756105295330705e+00
-1.309626986830001893e+00
-1.309626986830001893e+00
-1.343802557848607471e+00
-1.356051255366542252e+00
-1.356051255366542252e+00
-1.356051255366542252e+00
-1.387092966878391342e+00
-1.387092966878391342e+00
-1.387092966878391342e+00
-1.387092966878391342e+00
-1.387092966878391342e+00
-1.265998438257104342e+00
-1.265998438257104342e+00
-1.265998438257104342e+00
-1.265998438257104342e+00
-1.265998438257104342e+00
-1.306769610818895755e+00
-1.306769610818895755e+00
-1.306769610818895755e+00
-1.306769610818895755e+00
-1.306769610818895755e+00
-1.306769610818895755e+00
-1.198094502005932593e+00
-1.198094502005932593e+00
-1.198094502005932593e+00
-1.221866726191504160e+00
-1.312226455936468250e+00
-1.312226455936468250e+00
-1.312226455936468250e+00
-1.308793547504490729e+00
-1.308793547504490729e+00
-1.308793547504490729e+00
-1.308793547504490729e+00
-1.308793547504490729e+00
-1.185912589042182219e+00
-1.381385850632851575e+00
-1.381385850632851575e+00
-1.381385850632851575e+00
-1.381385850632851575e+00
-1.381385850632851575e+00
-1.324611001899091978e+00
-1.324611001899091978e+00
-1.324611001899091978e+00
-1.324611001899091978e+00
-1.268968527449248596e+00
-1.268968527449248596e+00
-1.353162538481032184e+00
-1.353162538481032184e+00
-1.241593926176286278e+00
-1.241593926176286278e+00
-1.241593926176286278e+00
-1.274937653404804694e+00
-1.274937653404804694e+00
-1.274937653404804694e+00
-1.373486696648096084e+00
-1.373486696648096084e+00
-1.291043785744369732e+00
-1.291043785744369732e+00
-1.291043785744369732e+00
-1.123231410068489922e+00
-1.309791668879142446e+00
-1.309791668879142446e+00
-1.230131599688849109e+00
-1.230131599688849109e+00
-1.230131599688849109e+00
-1.230131599688849109e+00
-1.230131599688849109e+00
-1.230131599688849109e+00
-1.256757325013782456e+00
-1.256757325013782456e+00
-1.256757325013782456e+00
-1.256757325013782456e+00
-1.256757325013782456e+00
-1.256757325013782456e+00
-1.256757325013782456e+00
-1.256757325013782456e+00
-1.256757325013782456e+00
-1.256757325013782456e+00
-1.256757325013782456e+00
-1.237575228309995889e+00
-1.237575228309995889e+00
-1.237575228309995889e+00
-1.237575228309995889e+00
-1.237575228309995889e+00
-1.237575228309995889e+00
-1.263211607705110762e+00
-1.263211607705110762e+00
-1.263211607705110762e+00
-1.263211607705110762e+00
-1.263211607705110762e+00
-1.263211607705110762e+00
-1.263211607705110762e+00
-1.263211607705110762e+00
-1.263211607705110762e+00
-1.386373152468445946e+00
-1.336497626842549691e+00
-1.336497626842549691e+00
-1.336497626842549691e+00
-1.336497626842549691e+00
-1.336497626842549691e+00
-1.363215209421190677e+00
-1.363215209421190677e+00
-1.353759040796050028e+00
-1.353759040796050028e+00
-1.353759040796050028e+00
-1.353759040796050028e+00
-1.353759040796050028e+00
-1.381651849181428693e+00
-1.381651849181428693e+00
-1.381651849181428693e+00
-1.381651849181428693e+00
-1.381651849181428693e+00
-1.381651849181428693e+00
-1.381651849181428693e+00
-1.275616553727800806e+00
-1.500957896559005800e+00
-1.500957896559005800e+00
-1.446193992293815400e+00
-1.474082128039737372e+00
-1.474082128039737372e+00
-1.427856845563957755e+00
-1.418953415996485834e+00
-1.418953415996485834e+00
-1.418953415996485834e+00
-1.442957904553094250e+00
-1.511655733644620359e+00
-1.519567651912769435e+00
-1.513962763901194331e+00
-1.365936167153527947e+00
-1.345065766037308208e+00
-1.345065766037308208e+00
-1.391472027816918366e+00
-1.409574630839418807e+00
-1.409574630839418807e+00
-1.409574630839418807e+00
-1.423261133708187964e+00
-1.441927872469958460e+00
-1.441927872469958460e+00
-1.079133546147246214e+00
-1.079133546147246214e+00
-1.079133546147246214e+00
-1.079133546147246214e+00
-1.079133546147246214e+00
-1.079133546147246214e+00
-1.079133546147246214e+00
-1.168411388907788062e+00
-1.334956453589590586e+00
-1.305210544775822434e+00
-1.305210544775822434e+00
-1.284468242360802481e+00
-1.284468242360802481e+00
-1.284468242360802481e+00
-1.481542737716470493e+00
-1.481542737716470493e+00
-1.481542737716470493e+00
-1.481542737716470493e+00
-1.411144067862749374e+00
-1.411144067862749374e+00
-1.411144067862749374e+00
