# Variable: dg_gbsa_00000183
# Sample shape: (2000,)
# Date: 2014-03-03 06:24:07.317947
-1.800665663943463946e+00
-4.132376574193542318e+00
-4.132376574193542318e+00
-4.132376574193542318e+00
-4.132376574193542318e+00
-3.937747236875457357e+00
-3.937747236875457357e+00
-3.570428086056535832e+00
-3.570428086056535832e+00
-3.570428086056535832e+00
-3.570428086056535832e+00
-3.570428086056535832e+00
-3.570428086056535832e+00
-3.570428086056535832e+00
-3.570428086056535832e+00
-2.150034585372895712e+00
-2.150034585372895712e+00
-2.150034585372895712e+00
-2.150034585372895712e+00
-2.150034585372895712e+00
-2.150034585372895712e+00
-2.150034585372895712e+00
-2.150034585372895712e+00
-2.150034585372895712e+00
-2.150034585372895712e+00
-2.150034585372895712e+00
-2.150034585372895712e+00
-2.150034585372895712e+00
-2.150034585372895712e+00
-2.150034585372895712e+00
-2.523278415089127424e+00
-2.523278415089127424e+00
-2.523278415089127424e+00
-2.523278415089127424e+00
-2.523278415089127424e+00
-2.523278415089127424e+00
-2.523278415089127424e+00
-2.523278415089127424e+00
-2.523278415089127424e+00
-2.523278415089127424e+00
-2.523278415089127424e+00
-2.894269576720024162e+00
-2.894269576720024162e+00
-2.979079122525100320e+00
-2.979079122525100320e+00
-2.979079122525100320e+00
-2.717634459982410711e+00
-2.717634459982410711e+00
-2.717634459982410711e+00
-2.717634459982410711e+00
-2.717634459982410711e+00
-3.213052084067583358e+00
-3.213052084067583358e+00
-1.464753374314900602e+00
-1.464753374314900602e+00
-2.518526910595866308e+00
-2.518526910595866308e+00
-2.518526910595866308e+00
-2.518526910595866308e+00
-2.518526910595866308e+00
-3.044739735969849814e+00
-3.044739735969849814e+00
-3.044739735969849814e+00
-3.044739735969849814e+00
-3.044739735969849814e+00
-3.044739735969849814e+00
-3.044739735969849814e+00
-3.044739735969849814e+00
-3.052734963980504812e+00
-3.052734963980504812e+00
-3.095699997750568588e+00
-2.772948710002133055e+00
-2.772948710002133055e+00
-2.517661218661423117e+00
-2.517661218661423117e+00
-2.517661218661423117e+00
-2.517661218661423117e+00
-2.517661218661423117e+00
-1.555824370958609038e+00
-2.584758269855214508e+00
-2.584758269855214508e+00
-2.584758269855214508e+00
-5.662404784280984593e+00
-6.296084442284548999e+00
-6.296050252239744793e+00
-3.017172302844191467e+00
-3.017172302844191467e+00
-3.017172302844191467e+00
-3.017172302844191467e+00
-3.017172302844191467e+00
-3.017172302844191467e+00
-3.017172302844191467e+00
-2.934175513214636322e+00
-2.934175513214636322e+00
-2.934175513214636322e+00
-2.934175513214636322e+00
-2.916265172210751544e+00
-2.916265172210751544e+00
-2.916265172210751544e+00
-2.916265172210751544e+00
-2.916265172210751544e+00
-2.562908779822617333e+00
-2.611564176716266505e+00
-2.611564176716266505e+00
-2.611564176716266505e+00
-2.611564176716266505e+00
-2.850527973065640541e+00
-2.850527973065640541e+00
-2.850527973065640541e+00
-5.050465436100275873e+00
-5.050465436100275873e+00
-2.329936674858370083e+00
-2.329936674858370083e+00
-2.891139820018644002e+00
-2.891139820018644002e+00
-2.891139820018644002e+00
-2.891139820018644002e+00
-2.891139820018644002e+00
-2.891139820018644002e+00
-2.891139820018644002e+00
-2.891139820018644002e+00
-2.891139820018644002e+00
-2.891139820018644002e+00
-2.891139820018644002e+00
-2.891139820018644002e+00
-2.891139820018644002e+00
-2.891139820018644002e+00
-2.891139820018644002e+00
-2.530697198944383608e+00
-2.530697198944383608e+00
-2.530697198944383608e+00
-2.530697198944383608e+00
-2.530697198944383608e+00
-2.530697198944383608e+00
-2.530697198944383608e+00
-2.530697198944383608e+00
-2.530697198944383608e+00
-2.530697198944383608e+00
-3.527163091626723368e+00
-3.527163091626723368e+00
-3.009700182519040812e+00
-3.005344598744613016e+00
-3.005344598744613016e+00
-3.005344598744613016e+00
-3.009382898903257608e+00
-3.009382898903257608e+00
-3.009382898903257608e+00
-3.009382898903257608e+00
-3.009700182519040812e+00
-3.009700182519040812e+00
-3.009700182519040812e+00
-3.009700182519040812e+00
-3.009700182519040812e+00
-3.009700182519040812e+00
-6.174440821543705660e+00
-6.174440821543705660e+00
-6.174440821543705660e+00
-6.174440821543705660e+00
-6.174440821543705660e+00
-6.174148154760181306e+00
-6.174148154760181306e+00
-4.882064421819682920e+00
-4.882064421819682920e+00
-4.882276400097468994e+00
-4.882276400097468994e+00
-4.882276400097468994e+00
-8.129291279138159965e+00
-8.129291279138159965e+00
-3.060722898114935475e+00
-3.060722898114935475e+00
-3.236579849432804856e+00
-3.236579849432804856e+00
-3.236579849432804856e+00
-3.236579849432804856e+00
-3.236579849432804856e+00
-3.236579849432804856e+00
-3.236579849432804856e+00
-3.236579849432804856e+00
-3.236579849432804856e+00
-3.236579849432804856e+00
-3.236579849432804856e+00
-3.236579849432804856e+00
-3.236579849432804856e+00
-3.236579849432804856e+00
-3.237742310956148728e+00
-3.237742310956148728e+00
-3.237742310956148728e+00
-3.237742310956148728e+00
-3.237742310956148728e+00
-3.237742310956148728e+00
-3.237742310956148728e+00
-3.237742310956148728e+00
-3.237742310956148728e+00
-3.237742310956148728e+00
-3.237742310956148728e+00
-3.237742310956148728e+00
-3.237742310956148728e+00
-3.237742310956148728e+00
-3.162167040385433836e+00
-3.162167040385433836e+00
-3.162167040385433836e+00
-3.162167040385433836e+00
-3.162167040385433836e+00
-3.162167040385433836e+00
-3.227974671022841857e+00
-3.227974671022841857e+00
-3.227974671022841857e+00
-3.227974671022841857e+00
-3.227974671022841857e+00
-3.227974671022841857e+00
-3.227974671022841857e+00
-3.227974671022841857e+00
-3.227974671022841857e+00
-3.227974671022841857e+00
-2.875324644960363329e+00
-2.875324644960363329e+00
-3.170242273100931207e+00
-3.170242273100931207e+00
-3.170242273100931207e+00
-3.170242273100931207e+00
-3.170242273100931207e+00
-3.170242273100931207e+00
-3.170242273100931207e+00
-3.170242273100931207e+00
-3.170242273100931207e+00
-3.170242273100931207e+00
-3.170989895413983906e+00
-3.170989895413983906e+00
-3.170989895413983906e+00
-3.170989895413983906e+00
-3.170989895413983906e+00
-3.170989895413983906e+00
-3.170989895413983906e+00
-3.170989895413983906e+00
-3.170989895413983906e+00
-3.170989895413983906e+00
-3.170989895413983906e+00
-3.170989895413983906e+00
-3.170989895413983906e+00
-3.170989895413983906e+00
-3.170989895413983906e+00
-3.170989895413983906e+00
-3.170989895413983906e+00
-3.170989895413983906e+00
-3.170989895413983906e+00
-4.060478101041074872e+00
-4.060486306651828414e+00
-4.059847636614884792e+00
-4.060486306651828414e+00
-4.060486306651828414e+00
-4.060486306651828414e+00
-3.056805174847633477e+00
-3.056805174847633477e+00
-3.056805174847633477e+00
-3.056805174847633477e+00
-3.056805174847633477e+00
-3.056805174847633477e+00
-3.056805174847633477e+00
-3.056805174847633477e+00
-3.056805174847633477e+00
-3.056805174847633477e+00
-3.056805174847633477e+00
-3.056805174847633477e+00
-3.056805174847633477e+00
-3.056805174847633477e+00
-3.169161183884221078e+00
-3.171083348203115548e+00
-3.171083348203115548e+00
-3.171083348203115548e+00
-3.451863392817130727e+00
-3.451863392817130727e+00
-2.900928201912465809e+00
-2.900928201912465809e+00
-2.900928201912465809e+00
-2.900928201912465809e+00
-2.959497344197552060e+00
-2.832313340662997891e+00
-2.832313340662997891e+00
-2.832313340662997891e+00
-2.832313340662997891e+00
-2.832313340662997891e+00
-2.832313340662997891e+00
-2.832313340662997891e+00
-2.832313340662997891e+00
-2.832313340662997891e+00
-3.388888749292202185e+00
-3.282035969867305170e+00
-3.282035969867305170e+00
-3.282035969867305170e+00
-3.211997663085820687e+00
-3.211997663085820687e+00
-2.026093165687575581e+00
-2.026093165687575581e+00
-2.026093165687575581e+00
-2.026093165687575581e+00
-2.026093165687575581e+00
-2.026093165687575581e+00
-2.321957630135588868e+00
-2.321957630135588868e+00
-2.194103045855607892e+00
-2.194103045855607892e+00
-2.194103045855607892e+00
-2.194103045855607892e+00
-2.194103045855607892e+00
-2.194103045855607892e+00
-2.808193631655399258e+00
-2.808193631655399258e+00
-3.004763140049308667e+00
-3.004763140049308667e+00
-1.033208680198479668e+00
-1.033208680198479668e+00
-3.440301687266129171e+00
-3.440301687266129171e+00
-3.440301687266129171e+00
-3.440301687266129171e+00
-3.440301687266129171e+00
-3.440301687266129171e+00
-3.440301687266129171e+00
-3.440301687266129171e+00
-5.479309800478057824e+00
-5.479309800478057824e+00
-5.479309800478057824e+00
-5.479309800478057824e+00
-5.479309800478057824e+00
-5.479309800478057824e+00
-3.742119322315456742e+00
-3.742119322315456742e+00
-3.742195908015818251e+00
-3.742195908015818251e+00
-3.742195908015818251e+00
-3.742195908015818251e+00
-3.742195908015818251e+00
-3.742195908015818251e+00
-3.742195908015818251e+00
-3.742195908015818251e+00
-3.742195908015818251e+00
-3.742195908015818251e+00
-3.742195908015818251e+00
-3.742195908015818251e+00
-3.742195908015818251e+00
-5.092063323945433595e+00
-5.092063323945433595e+00
-5.092063323945433595e+00
-5.092063323945433595e+00
-3.465359799036788147e+00
-3.465359799036788147e+00
-3.465359799036788147e+00
-3.465359799036788147e+00
-3.465359799036788147e+00
-3.465359799036788147e+00
-2.959507601210993322e+00
-2.959507601210993322e+00
-2.959507601210993322e+00
-2.959507601210993322e+00
-2.959507601210993322e+00
-2.959507601210993322e+00
-2.959709322475338578e+00
-2.959709322475338578e+00
-2.939376046962993261e+00
-2.939376046962993261e+00
-2.939376046962993261e+00
-2.939376046962993261e+00
-2.939376046962993261e+00
-2.939376046962993261e+00
-2.939376046962993261e+00
-2.939376046962993261e+00
-2.939376046962993261e+00
-2.939376046962993261e+00
-2.939376046962993261e+00
-2.939376046962993261e+00
-2.939376046962993261e+00
-2.939376046962993261e+00
-2.939376046962993261e+00
-2.939376046962993261e+00
-2.939376046962993261e+00
-2.938661019159320542e+00
-2.938661019159320542e+00
-2.938661019159320542e+00
-2.926475003390193397e+00
-2.926475003390193397e+00
-2.926475003390193397e+00
-2.799455795871595765e+00
-2.799455795871595765e+00
-6.864877777391363844e-01
-6.864877777391363844e-01
-6.864877777391363844e-01
-6.864877777391363844e-01
-6.864877777391363844e-01
-6.864877777391363844e-01
-6.864877777391363844e-01
-3.556848028193924094e+00
-3.556848028193924094e+00
-4.701112014157821761e+00
-4.701112014157821761e+00
-1.615595008401524146e-01
-1.072627066654183281e+00
-1.072627066654183281e+00
-1.072627066654183281e+00
-1.072627066654183281e+00
-1.072627066654183281e+00
-3.367977206155400971e+00
-3.368028491222607723e+00
-3.368028491222607723e+00
-3.368028491222607723e+00
-3.392743334943431943e+00
-3.392743334943431943e+00
-3.392743334943431943e+00
-3.274257506740708479e+00
-3.274257506740708479e+00
-3.274257506740708479e+00
-3.274257506740708479e+00
-3.274257506740708479e+00
-3.274257506740708479e+00
-3.274257506740708479e+00
-3.274257506740708479e+00
-3.274257506740708479e+00
-3.274257506740708479e+00
-3.274257506740708479e+00
-3.274257506740708479e+00
-3.274257506740708479e+00
-3.274257506740708479e+00
-3.274257506740708479e+00
-3.274257506740708479e+00
-3.274257506740708479e+00
-3.274257506740708479e+00
-3.274257506740708479e+00
-3.274257506740708479e+00
-3.274257506740708479e+00
-3.274257506740708479e+00
-3.274257506740708479e+00
-3.274257506740708479e+00
-3.274257506740708479e+00
-3.274257506740708479e+00
-3.274257506740708479e+00
-3.274257506740708479e+00
-3.274257506740708479e+00
-3.274257506740708479e+00
-1.030713832629114313e+00
-1.030713832629114313e+00
-1.030713832629114313e+00
-1.030713832629114313e+00
-1.173342619069903447e+00
-1.173342619069903447e+00
-1.744654392876998861e+00
-1.744654392876998861e+00
-1.744654392876998861e+00
-3.131223910169437019e+00
-3.131223910169437019e+00
-3.131223910169437019e+00
-3.165905379884329296e+00
-3.165905379884329296e+00
-3.165905379884329296e+00
-3.165905379884329296e+00
-3.165905379884329296e+00
-3.165905379884329296e+00
-3.165905379884329296e+00
-3.165905379884329296e+00
-3.165905379884329296e+00
-3.165905379884329296e+00
-3.165905379884329296e+00
-3.165905379884329296e+00
-3.165905379884329296e+00
-3.165854778618019338e+00
-3.165854778618019338e+00
-3.163441189388471741e+00
-3.163441189388471741e+00
-3.163441189388471741e+00
-3.163441189388471741e+00
-2.997811164272446760e+00
-2.997811164272446760e+00
-2.997811164272446760e+00
-2.997811164272446760e+00
-2.997811164272446760e+00
-2.997811164272446760e+00
-2.998728141274096259e+00
-2.998728141274096259e+00
-2.998728141274096259e+00
-2.998728141274096259e+00
-2.998728141274096259e+00
-2.998728141274096259e+00
-2.998728141274096259e+00
-2.998728141274096259e+00
-2.998728141274096259e+00
-2.998728141274096259e+00
-2.923963174765241924e+00
-2.923963174765241924e+00
-2.923711763969115029e+00
-2.923711763969115029e+00
-1.888254632457492255e+00
-1.888254632457492255e+00
-2.923704470092889807e+00
-2.748266232857056846e+00
-2.748266232857056846e+00
-2.748266232857056846e+00
-2.748266232857056846e+00
-2.748266232857056846e+00
-2.748266232857056846e+00
-2.748266232857056846e+00
-2.748266232857056846e+00
-2.748266232857056846e+00
-2.748266232857056846e+00
-3.033166177869982771e+00
-3.033166177869982771e+00
-3.033166177869982771e+00
-3.033166177869982771e+00
-2.600613789166364764e+00
-3.033166177869982771e+00
-3.033166177869982771e+00
-3.033166177869982771e+00
-3.033166177869982771e+00
-3.033166177869982771e+00
-2.061013281915201389e+00
-2.061013281915201389e+00
-2.061013281915201389e+00
-2.061013281915201389e+00
-2.834414888750298456e+00
-3.310449720568684029e+00
-3.310449720568684029e+00
-3.310449720568684029e+00
-3.310449720568684029e+00
-3.310449720568684029e+00
-3.310449720568684029e+00
-3.310449720568684029e+00
-3.310449720568684029e+00
-3.310449720568684029e+00
-3.310449720568684029e+00
-3.310449720568684029e+00
-3.310449720568684029e+00
-3.310449720568684029e+00
-3.310449720568684029e+00
-3.310449720568684029e+00
-3.327258458328976154e+00
-3.327258458328976154e+00
-3.327258458328976154e+00
-3.327258458328976154e+00
-3.327258458328976154e+00
-3.327258458328976154e+00
-3.327258458328976154e+00
-3.327258458328976154e+00
-3.327258458328976154e+00
-3.327258458328976154e+00
-3.327258458328976154e+00
-3.327258458328976154e+00
-3.327258458328976154e+00
-3.327258458328976154e+00
-3.327258458328976154e+00
-3.327250480651855469e+00
-3.327250480651855469e+00
-3.327250480651855469e+00
-3.327250480651855469e+00
-3.327250480651855469e+00
-3.327250480651855469e+00
-3.327250480651855469e+00
-3.327250480651855469e+00
-1.446299639532260484e+00
-1.446299639532260484e+00
-1.445479078456958888e+00
-1.445479078456958888e+00
-1.445479078456958888e+00
-1.446299639532260484e+00
-1.446299639532260484e+00
-1.446299639532260484e+00
-1.446299639532260484e+00
-3.277454959730801143e+00
-3.277454959730801143e+00
-3.212867685759272618e+00
-3.212867685759272618e+00
-3.212867685759272618e+00
-3.212867685759272618e+00
-3.212867685759272618e+00
-3.164293205304993695e+00
-3.164293205304993695e+00
-3.164293205304993695e+00
-3.164293205304993695e+00
-3.164293205304993695e+00
-3.164293205304993695e+00
-3.164293205304993695e+00
-3.164293205304993695e+00
-3.164293205304993695e+00
-3.164293205304993695e+00
-3.164293205304993695e+00
-3.164293205304993695e+00
-2.906376043651573315e+00
-2.906376043651573315e+00
-2.906376043651573315e+00
-2.906376043651573315e+00
-2.906376043651573315e+00
-2.906376043651573315e+00
-2.906376043651573315e+00
-2.921295439535983363e+00
-2.921295439535983363e+00
-2.921295439535983363e+00
-2.921295439535983363e+00
-2.921295439535983363e+00
-2.921295439535983363e+00
-2.921295439535983363e+00
-2.921295439535983363e+00
-2.921295439535983363e+00
-2.921295439535983363e+00
-2.921295439535983363e+00
-2.921295439535983363e+00
-2.921295439535983363e+00
-2.921295439535983363e+00
-2.921295439535983363e+00
-2.921295439535983363e+00
-2.921295439535983363e+00
-2.921295439535983363e+00
-2.921295439535983363e+00
-2.921295439535983363e+00
-2.921295439535983363e+00
-2.921295439535983363e+00
-2.921295439535983363e+00
-2.921295439535983363e+00
-2.921295439535983363e+00
-2.921295439535983363e+00
-2.921295439535983363e+00
-2.921295439535983363e+00
-2.920921172512192854e+00
-2.885936323133071024e+00
-3.592200306587875591e+00
-3.592200306587875591e+00
-3.592200306587875591e+00
-3.592200306587875591e+00
-3.592200306587875591e+00
-3.592200306587875591e+00
-3.592200306587875591e+00
-3.592200306587875591e+00
-3.592200306587875591e+00
-3.592200306587875591e+00
-3.592200306587875591e+00
-3.592200306587875591e+00
-3.592200306587875591e+00
-3.592200306587875591e+00
-3.592200306587875591e+00
-3.592200306587875591e+00
-3.592200306587875591e+00
-3.592200306587875591e+00
-3.592200306587875591e+00
-3.592200306587875591e+00
-3.592200306587875591e+00
-3.592200306587875591e+00
-3.592200306587875591e+00
-3.592200306587875591e+00
-3.592200306587875591e+00
-3.592200306587875591e+00
-3.592200306587875591e+00
-3.592200306587875591e+00
-3.592200306587875591e+00
-3.592200306587875591e+00
-3.606281134640053398e+00
-3.606281134640053398e+00
-3.606281134640053398e+00
-3.606281134640053398e+00
-3.606281134640053398e+00
-3.606281134640053398e+00
-3.606281134640053398e+00
-3.606281134640053398e+00
-3.606281134640053398e+00
-3.606281134640053398e+00
-3.606281134640053398e+00
-3.606281134640053398e+00
-3.606281134640053398e+00
-3.606281134640053398e+00
-3.606281134640053398e+00
-3.606281134640053398e+00
-3.606281134640053398e+00
-3.606281134640053398e+00
-3.606281134640053398e+00
-3.606281134640053398e+00
-3.606281134640053398e+00
-3.606281134640053398e+00
-3.606281134640053398e+00
-3.606281134640053398e+00
-3.606281134640053398e+00
-3.606281134640053398e+00
-3.606281134640053398e+00
-3.606281134640053398e+00
-3.606281134640053398e+00
-3.606281134640053398e+00
-3.081943747190398764e+00
-3.081943747190398764e+00
-3.081943747190398764e+00
-3.081943747190398764e+00
-3.081943747190398764e+00
-3.081943747190398764e+00
-3.081943747190398764e+00
-3.081943747190398764e+00
-3.081943747190398764e+00
-3.081943747190398764e+00
-3.827362169955017990e+00
-3.827362169955017990e+00
-3.827362169955017990e+00
-3.827362169955017990e+00
-3.827362169955017990e+00
-3.827362169955017990e+00
-3.827362169955017990e+00
-3.827362169955017990e+00
-3.827362169955017990e+00
-3.827362169955017990e+00
-3.827362169955017990e+00
-3.827362169955017990e+00
-3.827362169955017990e+00
-3.827362169955017990e+00
-3.827362169955017990e+00
-4.151277742695853590e+00
-4.151277742695853590e+00
-4.151277742695853590e+00
-4.151277742695853590e+00
-4.151277742695853590e+00
-4.151277742695853590e+00
-4.151277742695853590e+00
-4.151277742695853590e+00
-4.151277742695853590e+00
-4.151277742695853590e+00
-4.151277742695853590e+00
-4.151277742695853590e+00
-4.151277742695853590e+00
-4.151277742695853590e+00
-4.151277742695853590e+00
-4.151277742695853590e+00
-3.707292886810594101e+00
-3.707292886810594101e+00
-3.707292886810594101e+00
-3.707292886810594101e+00
-3.707292886810594101e+00
-3.707292886810594101e+00
-3.707292886810594101e+00
-3.707292886810594101e+00
-3.707292886810594101e+00
-3.707292886810594101e+00
-3.707292886810594101e+00
-3.706093044171597573e+00
-3.706093044171597573e+00
-3.706093044171597573e+00
-5.874943322934794487e+00
-5.874943322934794487e+00
-5.874943322934794487e+00
-5.874943322934794487e+00
-5.874943322934794487e+00
-3.477147158883497458e+00
-3.477147158883497458e+00
-3.707292886810594101e+00
-3.707292886810594101e+00
-3.707292886810594101e+00
-3.408438388977633959e+00
-3.408438388977633959e+00
-3.408438388977633959e+00
-3.408438388977633959e+00
-3.408438388977633959e+00
-3.408438388977633959e+00
-3.408438388977633959e+00
-3.487655355187264661e+00
-3.487655355187264661e+00
-3.487655355187264661e+00
-3.487655355187264661e+00
-3.487655355187264661e+00
-3.487655355187264661e+00
-3.704018848120140373e+00
-3.690567116892360389e+00
-3.690567116892360389e+00
-3.690567116892360389e+00
-3.690567116892360389e+00
-3.690567116892360389e+00
-3.690567116892360389e+00
-3.690567116892360389e+00
-3.690567116892360389e+00
-3.777015961378983544e+00
-3.777015961378983544e+00
-3.777015961378983544e+00
-3.777015961378983544e+00
-3.776713265515649898e+00
-3.776713265515649898e+00
-3.776713265515649898e+00
-3.776713265515649898e+00
-3.776713265515649898e+00
-3.776713265515649898e+00
-4.214754524012140458e+00
-4.214754524012140458e+00
-4.214754524012140458e+00
-4.214754524012140458e+00
-4.214754524012140458e+00
-4.214754524012140458e+00
-4.214754524012140458e+00
-4.214754524012140458e+00
-4.214754524012140458e+00
-3.716510978757081141e+00
-3.716510978757081141e+00
-3.716510978757081141e+00
-3.716510978757081141e+00
-3.716510978757081141e+00
-3.716510978757081141e+00
-3.716510978757081141e+00
-3.716510978757081141e+00
-3.624275355220524464e+00
-3.624275355220524464e+00
-3.624275355220524464e+00
-3.624275355220524464e+00
-3.624275355220524464e+00
-3.624275355220524464e+00
-3.624275355220524464e+00
-3.624275355220524464e+00
-3.624275355220524464e+00
-3.624275355220524464e+00
-3.624275355220524464e+00
-3.624275355220524464e+00
-3.624275355220524464e+00
-3.624275355220524464e+00
-3.624275355220524464e+00
-3.624275355220524464e+00
-3.716510978757081141e+00
-3.716510978757081141e+00
-3.716510978757081141e+00
-3.716510978757081141e+00
-3.716449436676433571e+00
-3.716449436676433571e+00
-3.716449436676433571e+00
-3.805015784604599549e+00
-3.805015784604599549e+00
-3.712846717688595088e+00
-3.712846717688595088e+00
-3.712846717688595088e+00
-3.712846717688595088e+00
-3.712846717688595088e+00
-3.712846717688595088e+00
-3.712846717688595088e+00
-3.712846717688595088e+00
-3.712846717688595088e+00
-3.712846717688595088e+00
-3.712846717688595088e+00
-3.712846717688595088e+00
-3.712846717688595088e+00
-3.712846717688595088e+00
-3.712846717688595088e+00
-3.712846717688595088e+00
-3.712846717688595088e+00
-3.712846717688595088e+00
-3.712846717688595088e+00
-3.712846717688595088e+00
-3.712846717688595088e+00
-3.712846717688595088e+00
-3.712846717688595088e+00
-3.712846717688595088e+00
-3.712846717688595088e+00
-3.712846717688595088e+00
-3.712846717688595088e+00
-3.712846717688595088e+00
-3.712846717688595088e+00
-3.712846717688595088e+00
-3.712846717688595088e+00
-3.712846717688595088e+00
-3.712846717688595088e+00
-3.712846717688595088e+00
-3.712846717688595088e+00
-3.712846717688595088e+00
-3.712846717688595088e+00
-3.302117378716258767e+00
-3.302117378716258767e+00
-3.302117378716258767e+00
-3.302117378716258767e+00
-3.302117378716258767e+00
-3.302117378716258767e+00
-3.302117378716258767e+00
-3.302117378716258767e+00
-3.302117378716258767e+00
-3.302117378716258767e+00
-3.302117378716258767e+00
-3.302117378716258767e+00
-3.302117378716258767e+00
-3.302117378716258767e+00
-3.302117378716258767e+00
-3.078796895466616501e+00
-3.078796895466616501e+00
-3.078796895466616501e+00
-3.078796895466616501e+00
-3.078796895466616501e+00
-3.078796895466616501e+00
-3.078796895466616501e+00
-3.078796895466616501e+00
-3.078796895466616501e+00
-3.078796895466616501e+00
-3.078796895466616501e+00
-3.081750915337702956e+00
-3.081750915337702956e+00
-3.081750915337702956e+00
-3.081750915337702956e+00
-3.081750915337702956e+00
-3.081750915337702956e+00
-3.081750915337702956e+00
-3.081750915337702956e+00
-3.081750915337702956e+00
-3.081750915337702956e+00
-3.080645437222365501e+00
-3.080645437222365501e+00
-3.081814736754670658e+00
-3.081814736754670658e+00
-3.081814736754670658e+00
-3.081814736754670658e+00
-3.081814736754670658e+00
-2.884265113743039510e+00
-2.884265113743039510e+00
-2.884831756752261889e+00
-3.079406845865924058e+00
-3.079406845865924058e+00
-3.079406845865924058e+00
-7.424931681178951415e+00
-7.424931681178951415e+00
-7.424931681178951415e+00
-6.799938345958351782e-01
-2.895333115047068251e+00
-2.895333115047068251e+00
-3.079427359892806582e+00
-3.079427359892806582e+00
-3.079427359892806582e+00
-3.079427359892806582e+00
-3.079427359892806582e+00
-3.079427359892806582e+00
-3.079427359892806582e+00
-3.079427359892806582e+00
-3.079079989037595499e+00
-3.079079989037595499e+00
-3.079079989037595499e+00
-3.079079989037595499e+00
-3.079079989037595499e+00
-3.079392258113474501e+00
-3.079392258113474501e+00
-3.079392258113474501e+00
-3.079392258113474501e+00
-3.079392258113474501e+00
-3.079427359892806582e+00
-3.079427359892806582e+00
-3.079427359892806582e+00
-3.079427359892806582e+00
-3.079427359892806582e+00
-3.079427359892806582e+00
-3.079427359892806582e+00
-3.079427359892806582e+00
-3.079427359892806582e+00
-3.079427359892806582e+00
-3.078895818662916728e+00
-3.079427359892806582e+00
-3.079427359892806582e+00
-5.111877822511282643e-01
-5.111877822511282643e-01
-5.111877822511282643e-01
-5.111877822511282643e-01
-2.910348470990562042e+00
-2.910348470990562042e+00
-2.910348470990562042e+00
-2.751769572781331163e+00
-2.751769572781331163e+00
-2.751769572781331163e+00
-2.751769572781331163e+00
-2.751769572781331163e+00
-2.751769572781331163e+00
-2.751769572781331163e+00
-2.751769572781331163e+00
-2.751769572781331163e+00
-2.751769572781331163e+00
-2.751769572781331163e+00
-2.751769572781331163e+00
-2.751769572781331163e+00
-2.751769572781331163e+00
-2.684420199056884115e+00
-2.684420199056884115e+00
-2.679379902651843004e+00
-2.679379902651843004e+00
-2.679379902651843004e+00
-2.679379902651843004e+00
-2.464698559923335974e+00
-2.464698559923335974e+00
-2.464698559923335974e+00
-3.353472649481282541e+00
-3.353472649481282541e+00
-3.353472649481282541e+00
-3.353472649481282541e+00
-3.353472649481282541e+00
-3.353229216362276333e+00
-3.353229216362276333e+00
-3.353229216362276333e+00
-3.353229216362276333e+00
-3.353229216362276333e+00
-3.353229216362276333e+00
-3.353229216362276333e+00
-3.353229216362276333e+00
-3.353229216362276333e+00
-3.353229216362276333e+00
-3.353229216362276333e+00
-3.353229216362276333e+00
-3.353229216362276333e+00
-3.353229216362276333e+00
-3.353442106374590725e+00
-3.353442106374590725e+00
-3.353442106374590725e+00
-3.353442106374590725e+00
-3.353442106374590725e+00
-3.353442106374590725e+00
-3.353442106374590725e+00
-3.353442106374590725e+00
-3.353442106374590725e+00
-3.353442106374590725e+00
-3.353442106374590725e+00
-3.353442106374590725e+00
-3.353442106374590725e+00
-3.353442106374590725e+00
-3.353472649481282541e+00
-3.353472649481282541e+00
-3.353472649481282541e+00
-3.406405904780838156e+00
-3.406405904780838156e+00
-3.406405904780838156e+00
-3.406405904780838156e+00
-3.406405904780838156e+00
-3.406405904780838156e+00
-3.406405904780838156e+00
-3.660321235656738281e+00
-3.660321235656738281e+00
-3.660321235656738281e+00
-3.660321235656738281e+00
-3.660321235656738281e+00
-3.660321235656738281e+00
-3.660321235656738281e+00
-3.660321235656738281e+00
-3.519327873025751785e+00
-3.519327873025751785e+00
-3.622570639586585095e+00
-3.622570639586585095e+00
-3.622570639586585095e+00
-3.622570639586585095e+00
-3.622570639586585095e+00
-3.622570639586585095e+00
-3.622570639586585095e+00
-3.622570639586585095e+00
-3.622570639586585095e+00
-3.622570639586585095e+00
-3.577853479987120444e+00
-3.833537347913927640e+00
-3.498842565780843739e+00
-3.498842565780843739e+00
-3.498842565780843739e+00
-3.498842565780843739e+00
-3.498842565780843739e+00
-3.498842565780843739e+00
-3.498842565780843739e+00
-3.498842565780843739e+00
-3.498842565780843739e+00
-3.498842565780843739e+00
-3.889120331685811838e+00
-3.889120331685811838e+00
-3.226426317860473514e+00
-3.226426317860473514e+00
-3.226426317860473514e+00
-3.226426317860473514e+00
-3.226426317860473514e+00
-3.226426317860473514e+00
-3.226426317860473514e+00
-3.226426317860473514e+00
-3.226426317860473514e+00
-3.226426317860473514e+00
-3.226426317860473514e+00
-3.226426317860473514e+00
-3.226426317860473514e+00
-3.226426317860473514e+00
-3.226426317860473514e+00
-3.226426317860473514e+00
-3.226426317860473514e+00
-3.226426317860473514e+00
-3.226426317860473514e+00
-3.226426317860473514e+00
-3.226426317860473514e+00
-3.122807232873161531e+00
-3.122807232873161531e+00
-4.020760665660150224e+00
-4.020760665660150224e+00
-4.020726475615346018e+00
-4.020726475615346018e+00
-4.020726475615346018e+00
-4.020726475615346018e+00
-4.020760665660150224e+00
-4.020760665660150224e+00
-3.118910935367270376e+00
-3.118910935367270376e+00
-3.127707350094504957e+00
-3.127707350094504957e+00
-3.127707350094504957e+00
-3.387502912809470246e+00
-3.655417471497282023e+00
-3.655417471497282023e+00
-3.655417471497282023e+00
-3.655417471497282023e+00
-3.655417471497282023e+00
-3.655417471497282023e+00
-3.655417471497282023e+00
-3.655417471497282023e+00
-3.655417471497282023e+00
-3.655417471497282023e+00
-3.655417471497282023e+00
-3.297829719164175444e+00
-3.297829719164175444e+00
-3.297829719164175444e+00
-3.297829719164175444e+00
-3.409829923801166451e+00
-3.409829923801166451e+00
-3.409829923801166451e+00
-3.409829923801166451e+00
-3.409829923801166451e+00
-3.418035534554184185e+00
-3.418035534554184185e+00
-3.418035534554184185e+00
-3.418035534554184185e+00
-3.238034521872409144e+00
-3.238034521872409144e+00
-3.238034521872409144e+00
-3.238034521872409144e+00
-3.238034521872409144e+00
-4.575237489339269992e+00
-4.575237489339269992e+00
-4.612400700439685863e+00
-4.612400700439685863e+00
-4.612400700439685863e+00
-4.124356501416995613e+00
-4.124356501416995613e+00
-4.124356501416995613e+00
-4.124381118249254463e+00
-4.124381118249254463e+00
-3.244353753886760394e+00
-2.299756666442404285e+00
-2.299756666442404285e+00
-2.299756666442404285e+00
-2.299756666442404285e+00
-1.740701339896732591e+00
-1.740701339896732591e+00
-1.740701339896732591e+00
-1.740701339896732591e+00
-1.740701339896732591e+00
-1.740701339896732591e+00
-1.740701339896732591e+00
-1.740701339896732591e+00
-1.740701339896732591e+00
-2.977573392951921250e+00
-2.977573392951921250e+00
-2.977573392951921250e+00
-2.419042769627179013e+00
-2.419042769627179013e+00
-3.593338151278960613e+00
-3.593338151278960613e+00
-3.593338151278960613e+00
-3.745782671649414919e+00
-3.768749264412582622e+00
-3.771806766152609569e+00
-3.771806766152609569e+00
-3.660397365489835408e+00
-3.660397365489835408e+00
-3.660381182201961625e+00
-3.658629968107088182e+00
-3.658629968107088182e+00
-3.658629968107088182e+00
-3.658629968107088182e+00
-3.658629968107088182e+00
-3.658629968107088182e+00
-3.658629968107088182e+00
-3.658629968107088182e+00
-3.658629968107088182e+00
-3.658629968107088182e+00
-3.658629968107088182e+00
-3.658629968107088182e+00
-3.842331483304842088e+00
-3.842331483304842088e+00
-3.020752228468827294e+00
-3.020752228468827294e+00
-2.118530282554845101e+00
-2.118530282554845101e+00
-3.835441505475892132e+00
-3.835441505475892132e+00
-2.854017409038361208e+00
-2.854017409038361208e+00
-2.854017409038361208e+00
-2.854017409038361208e+00
-2.854017409038361208e+00
-1.815807409085917312e+00
-3.890446905424216339e+00
-3.890446905424216339e+00
-3.890446905424216339e+00
-3.890446905424216339e+00
-3.890446905424216339e+00
-4.055585277695956670e+00
-4.293681558641830875e+00
-3.749820971808059511e+00
-3.749820971808059511e+00
-3.749820971808059511e+00
-3.749820971808059511e+00
-3.749820971808059511e+00
-3.749820971808059511e+00
-3.749820971808059511e+00
-3.643529364985215846e+00
-3.643529364985215846e+00
-3.643529364985215846e+00
-3.749820971808059511e+00
-3.749820971808059511e+00
-3.749820971808059511e+00
-3.749820971808059511e+00
-3.749820971808059511e+00
-3.749820971808059511e+00
-3.749820971808059511e+00
-3.749820971808059511e+00
-3.749820971808059511e+00
-3.749820971808059511e+00
-3.742671605505861088e+00
-3.749030497972185572e+00
-3.749030497972185572e+00
-3.749820971808059511e+00
-3.749820971808059511e+00
-3.749820971808059511e+00
-3.749820971808059511e+00
-3.749820971808059511e+00
-3.749820971808059511e+00
-3.749820971808059511e+00
-3.749820971808059511e+00
-3.749820971808059511e+00
-3.749820971808059511e+00
-3.749820971808059511e+00
-3.749820971808059511e+00
-3.749820971808059511e+00
-3.749820971808059511e+00
-3.620734406246965520e+00
-3.620734406246965520e+00
-3.749820971808059511e+00
-3.749820971808059511e+00
-4.058825126341606193e+00
-4.058825126341606193e+00
-4.058825126341606193e+00
-4.058825126341606193e+00
-4.058825126341606193e+00
-4.058825126341606193e+00
-4.058825126341606193e+00
-4.058825126341606193e+00
-4.058825126341606193e+00
-4.058825126341606193e+00
-3.840364871927702595e+00
-4.055562940200017508e+00
-4.055562940200017508e+00
-4.055562940200017508e+00
-4.055562940200017508e+00
-4.055562940200017508e+00
-4.055562940200017508e+00
-4.058816920730853539e+00
-4.058816920730853539e+00
-4.058816920730853539e+00
-4.058825126341606193e+00
-4.058825126341606193e+00
-3.799245416776171780e+00
-3.799245416776171780e+00
-3.799245416776171780e+00
-3.799245416776171780e+00
-3.799245416776171780e+00
-3.799245416776171780e+00
-3.799245416776171780e+00
-1.615014632390972205e+00
-1.615014632390972205e+00
-1.615014632390972205e+00
-1.615014632390972205e+00
-1.615014632390972205e+00
-1.615014632390972205e+00
-1.615014632390972205e+00
-2.668851876122089628e+00
-3.247065252373368960e+00
-3.247065252373368960e+00
-3.247065252373368960e+00
-3.481913023195576606e+00
-3.556461908621268098e+00
-3.556461908621268098e+00
-3.556461908621268098e+00
-3.556461908621268098e+00
-3.556461908621268098e+00
-3.556461908621268098e+00
-3.556461908621268098e+00
-3.556461908621268098e+00
-3.556461908621268098e+00
-3.556461908621268098e+00
-3.738306448518887937e+00
-3.738306448518887937e+00
-3.776034023292205610e+00
-3.776034023292205610e+00
-3.720958875652480735e+00
-3.720958875652480735e+00
-3.720958875652480735e+00
-3.720958875652480735e+00
-3.720958875652480735e+00
-3.720921038669564140e+00
-3.720921038669564140e+00
-3.720921038669564140e+00
-3.720921038669564140e+00
-3.720921038669564140e+00
-4.187106630314376687e+00
-4.146899137624591170e+00
-4.146899137624591170e+00
-4.146899137624591170e+00
-4.146899137624591170e+00
-4.146899137624591170e+00
-4.146899137624591170e+00
-4.146899137624591170e+00
-4.146899137624591170e+00
-4.146899137624591170e+00
-4.146899137624591170e+00
-4.146899137624591170e+00
-4.146899137624591170e+00
-4.146899137624591170e+00
-4.146899137624591170e+00
-4.146899137624591170e+00
-4.146899137624591170e+00
-4.146899137624591170e+00
-4.146899137624591170e+00
-4.146899137624591170e+00
-4.146899137624591170e+00
-4.146899137624591170e+00
-4.146899137624591170e+00
-4.303534217819884766e+00
-4.303534217819884766e+00
-4.303534217819884766e+00
-3.887023342271151982e+00
-3.887023342271151982e+00
-3.887023342271151982e+00
-3.887023342271151982e+00
-3.887083972617271233e+00
-3.887083972617271233e+00
-3.887083972617271233e+00
-3.887083972617271233e+00
-3.887083972617271233e+00
-3.887083972617271233e+00
-3.887083972617271233e+00
-3.887083972617271233e+00
-3.887122721334716147e+00
-3.693401927473896063e+00
-3.693401927473896063e+00
-3.693401927473896063e+00
-3.693401927473896063e+00
-3.693401927473896063e+00
-3.693401927473896063e+00
-3.693401927473896063e+00
-3.693401927473896063e+00
-3.693401927473896063e+00
-3.693401927473896063e+00
-3.693401927473896063e+00
-3.646551309078646774e+00
-3.646551309078646774e+00
-3.646551309078646774e+00
-3.241325199718001038e+00
-3.241325199718001038e+00
-3.241325199718001038e+00
-3.241325199718001038e+00
-3.326204493214477420e+00
-3.388679734151632150e+00
-3.388679734151632150e+00
-3.388679734151632150e+00
-3.388679734151632150e+00
-3.388679734151632150e+00
-3.388679734151632150e+00
-3.667368259758156057e+00
-3.533082755984129353e+00
-3.533082755984129353e+00
-3.371525676938817107e+00
-3.371525676938817107e+00
-3.371525676938817107e+00
-3.371525676938817107e+00
-3.371525676938817107e+00
-3.371525676938817107e+00
-3.371525676938817107e+00
-3.371525676938817107e+00
-3.371525676938817107e+00
-3.371525676938817107e+00
-3.371525676938817107e+00
-3.371525676938817107e+00
-3.371525676938817107e+00
-3.504237754850952680e+00
-3.504237754850952680e+00
-3.504237754850952680e+00
-3.504237754850952680e+00
-3.504237754850952680e+00
-3.504237754850952680e+00
-3.349683708716076680e+00
-3.349683708716076680e+00
-3.308912080287021329e+00
-3.308912080287021329e+00
-3.308912080287021329e+00
-3.356242954844954163e+00
-3.789609750415809053e+00
-3.789609750415809053e+00
-3.789609750415809053e+00
-3.789609750415809053e+00
-3.789617956026562151e+00
-3.789617956026562151e+00
-3.789617956026562151e+00
-3.789105105354498626e+00
-3.789105105354498626e+00
-3.789105105354498626e+00
-3.788387114413609424e+00
-3.788387114413609424e+00
-5.978233727624721716e+00
-3.760384555984409349e+00
-3.760384555984409349e+00
-3.760384555984409349e+00
-3.789617956026562151e+00
-3.789617956026562151e+00
-3.320877456300344921e+00
-3.640073891123667416e+00
-4.245051462381336904e+00
-4.245051462381336904e+00
-4.245051462381336904e+00
-3.730721273112251435e+00
-3.730721273112251435e+00
-4.085966551509003786e+00
-3.134500000262579356e+00
-5.246936933032412931e+00
-5.246632413700023534e+00
-3.469823423352797587e+00
-3.469823423352797587e+00
-3.469823423352797587e+00
-3.469823423352797587e+00
-3.469823423352797587e+00
-3.469823423352797587e+00
-3.469823423352797587e+00
-3.469823423352797587e+00
-3.469823423352797587e+00
-3.469823423352797587e+00
-3.469823423352797587e+00
-3.469823423352797587e+00
-3.469823423352797587e+00
-3.469823423352797587e+00
-3.469823423352797587e+00
-3.339559352648645341e+00
-3.339559352648645341e+00
-3.339552058772420562e+00
-3.339552058772420562e+00
-3.339552058772420562e+00
-2.540684794832597682e+00
-2.540684794832597682e+00
-2.540684794832597682e+00
-2.540684794832597682e+00
-2.540684794832597682e+00
-2.222033349323454754e+00
-2.222033349323454754e+00
-2.222033349323454754e+00
-2.967098930825694758e+00
-2.967098930825694758e+00
-2.967098930825694758e+00
-2.967098930825694758e+00
-2.967098930825694758e+00
-2.450245288316423853e+00
-2.450245288316423853e+00
-2.450245288316423853e+00
-2.450245288316423853e+00
-2.450245288316423853e+00
-2.450245288316423853e+00
-2.450245288316423853e+00
-2.450245288316423853e+00
-3.616231577346247228e+00
-3.576270708846316371e+00
-3.576270708846316371e+00
-3.862973608888585986e+00
-3.862973608888585986e+00
-3.862973608888585986e+00
-3.867492165209914123e+00
-3.867492165209914123e+00
-3.867492165209914123e+00
-4.072718137080992840e+00
-4.072718137080992840e+00
-4.091087308486150320e+00
-4.091087308486150320e+00
-4.091087308486150320e+00
-4.091087308486150320e+00
-4.091087308486150320e+00
-4.091087308486150320e+00
-4.091072720733700763e+00
-4.091072720733700763e+00
-4.091072720733700763e+00
-4.091072720733700763e+00
-4.091072720733700763e+00
-4.091072720733700763e+00
-4.091072720733700763e+00
-4.091072720733700763e+00
-4.091072720733700763e+00
-4.091072720733700763e+00
-4.091072720733700763e+00
-4.091087308486150320e+00
-4.091087308486150320e+00
-4.090768201401311366e+00
-4.090768201401311366e+00
-4.090768201401311366e+00
-3.362610964656559620e+00
-3.362610964656559620e+00
-3.362610964656559620e+00
-4.091087308486150320e+00
-4.091087308486150320e+00
-4.091087308486150320e+00
-4.091087308486150320e+00
-4.091087308486150320e+00
-4.091087308486150320e+00
-4.091087308486150320e+00
-4.091087308486150320e+00
-4.091087308486150320e+00
-4.091087308486150320e+00
-4.091087308486150320e+00
-4.091087308486150320e+00
-4.091087308486150320e+00
-4.091087308486150320e+00
-4.091087308486150320e+00
-4.145464523344604579e+00
-4.145464523344604579e+00
-4.145464523344604579e+00
-4.145464523344604579e+00
-4.145464523344604579e+00
-4.145464523344604579e+00
-4.145464523344604579e+00
-4.145464523344604579e+00
-4.145464523344604579e+00
-4.145464523344604579e+00
-4.145464523344604579e+00
-4.145464523344604579e+00
-4.145464523344604579e+00
-4.145464523344604579e+00
-4.145464523344604579e+00
-4.145464523344604579e+00
-4.145464523344604579e+00
-4.145464523344604579e+00
-4.145464523344604579e+00
-4.145464523344604579e+00
-4.145464523344604579e+00
-4.145464523344604579e+00
-4.145464523344604579e+00
-4.145464523344604579e+00
-4.145464523344604579e+00
-4.145464523344604579e+00
-4.145464523344604579e+00
-4.145464523344604579e+00
-4.145464523344604579e+00
-4.145464523344604579e+00
-3.669377494724484823e+00
-3.669377494724484823e+00
-3.669377494724484823e+00
-3.669377494724484823e+00
-3.669377494724484823e+00
-3.669377494724484823e+00
-3.669377494724484823e+00
-3.669377494724484823e+00
-3.669377494724484823e+00
-3.669377494724484823e+00
-3.669377494724484823e+00
-3.669377494724484823e+00
-4.926243885981192783e+00
-4.926243885981192783e+00
-4.926243885981192783e+00
-4.926243885981192783e+00
-5.550762891313541836e+00
-3.737891153441332381e+00
-3.737891153441332381e+00
-3.737891153441332381e+00
-3.737891153441332381e+00
-3.737891153441332381e+00
-3.737891153441332381e+00
-3.984038734071341015e+00
-3.984038734071341015e+00
-3.984038734071341015e+00
-3.984038734071341015e+00
-3.984038734071341015e+00
-3.679050998067764588e+00
-1.489365192034048491e+00
-1.489365192034048491e+00
-3.909645755249957055e+00
-3.909645755249957055e+00
-3.907805874972224647e+00
-3.907805874972224647e+00
-3.907805874972224647e+00
-3.909645755249957055e+00
-3.909645755249957055e+00
-3.909645755249957055e+00
-3.909645755249957055e+00
-3.909645755249957055e+00
-3.909645755249957055e+00
-3.909645755249957055e+00
-3.909645755249957055e+00
-3.909645755249957055e+00
-3.909645755249957055e+00
-4.245516446990674986e+00
-4.245516446990674986e+00
-4.245516446990674986e+00
-4.245516446990674986e+00
-4.245516446990674986e+00
-4.245516446990674986e+00
-4.245516446990674986e+00
-4.757572542413014638e+00
-4.490100174971337843e+00
-4.490100174971337843e+00
-4.023156704000031780e+00
-4.023156704000031780e+00
-4.023156704000031780e+00
-4.023156704000031780e+00
-4.023156704000031780e+00
-4.023156704000031780e+00
-4.023156704000031780e+00
-4.244867747873922070e+00
-4.244867747873922070e+00
-4.244867747873922070e+00
-4.244867747873922070e+00
-4.861860840543961615e+00
-4.861860840543961615e+00
-3.786078146721163051e+00
-3.786078146721163051e+00
-3.786078146721163051e+00
-3.786078146721163051e+00
-2.914706106167678445e+00
-2.914706106167678445e+00
-2.914706106167678445e+00
-2.914706106167678445e+00
-2.914706106167678445e+00
-2.914706106167678445e+00
-2.914706106167678445e+00
-2.914706106167678445e+00
-2.914706106167678445e+00
-2.914706106167678445e+00
-2.914706106167678445e+00
-2.914706106167678445e+00
-4.105461715056381244e+00
-4.105461715056381244e+00
-4.105461715056381244e+00
-4.105461715056381244e+00
-4.105461715056381244e+00
-4.105461715056381244e+00
-4.105461715056381244e+00
-3.929171006036761948e+00
-3.929171006036761948e+00
-3.929171006036761948e+00
-3.929171006036761948e+00
-3.929171006036761948e+00
-3.929171006036761948e+00
-3.929171006036761948e+00
-3.929171006036761948e+00
-3.929171006036761948e+00
-3.929171006036761948e+00
-3.929171006036761948e+00
-3.929171006036761948e+00
-4.395813604613790559e+00
-4.395813604613790559e+00
-4.395813604613790559e+00
-4.395813604613790559e+00
-4.395813604613790559e+00
-4.395813604613790559e+00
-4.395813604613790559e+00
-4.395813604613790559e+00
-4.395813604613790559e+00
-4.395813604613790559e+00
-4.395813604613790559e+00
-4.395813604613790559e+00
-4.395813604613790559e+00
-4.384198562592894532e+00
-4.384198562592894532e+00
-4.384198562592894532e+00
-4.384198562592894532e+00
-4.384198562592894532e+00
-4.384198562592894532e+00
-4.395813604613790559e+00
-4.395813604613790559e+00
-7.898769346751400855e-01
-1.346895161367966942e+00
-1.346895161367966942e+00
-1.346895161367966942e+00
-1.346895161367966942e+00
-1.346895161367966942e+00
-1.346895161367966942e+00
-3.798578938836121299e+00
-2.960766478660685319e+00
-2.960766478660685319e+00
-3.903755038463818217e+00
-3.903755038463818217e+00
-3.903755038463818217e+00
-3.903755038463818217e+00
-3.903755038463818217e+00
-3.903755038463818217e+00
-3.903755038463818217e+00
-3.903755038463818217e+00
-3.903755038463818217e+00
-3.903755038463818217e+00
-3.903755038463818217e+00
-3.903755038463818217e+00
-3.903755038463818217e+00
-3.903755038463818217e+00
-3.903755038463818217e+00
-3.903755038463818217e+00
-3.903755038463818217e+00
-3.903755038463818217e+00
-3.891531869512670827e+00
-3.891531869512670827e+00
-3.891531869512670827e+00
-3.891531869512670827e+00
-3.891531869512670827e+00
-3.891531869512670827e+00
-3.891531869512670827e+00
-2.798552039020604010e+00
-2.798552039020604010e+00
-2.798552039020604010e+00
-4.332318588606941745e+00
-2.067108455169269110e+00
-2.067108455169269110e+00
-2.067108455169269110e+00
-2.067108455169269110e+00
-2.067108455169269110e+00
-2.067108455169269110e+00
-3.365275736748602142e+00
-3.505679207139899223e+00
-3.505679207139899223e+00
-2.033297463995092702e+00
-5.447088418453646108e-01
-5.447088418453646108e-01
-5.447088418453646108e-01
-3.520582533703251471e-01
-3.520582533703251471e-01
-3.520582533703251471e-01
-3.520582533703251471e-01
-3.520582533703251471e-01
-1.204384900415832460e+00
-1.204384900415832460e+00
-1.204384900415832460e+00
-1.204384900415832460e+00
-1.204384900415832460e+00
-1.204384900415832460e+00
-1.204384900415832460e+00
-1.204384900415832460e+00
-1.204384900415832460e+00
-1.424032005251707478e+00
-1.424032005251707478e+00
-1.424032005251707478e+00
-1.424032005251707478e+00
-1.424032005251707478e+00
-3.619801473891073762e+00
-3.619801473891073762e+00
-3.619801473891073762e+00
-3.619801473891073762e+00
-3.619801473891073762e+00
-3.619801473891073762e+00
-4.238653821197567950e+00
-4.238653821197567950e+00
-4.238653821197567950e+00
-4.238653821197567950e+00
-4.238653821197567950e+00
-4.238653821197567950e+00
-2.937974483059651476e+00
-2.937974483059651476e+00
-4.263841855138482906e+00
-4.263841855138482906e+00
-3.633033021230314574e+00
-3.633033021230314574e+00
-3.633033021230314574e+00
-3.633033021230314574e+00
-3.633033021230314574e+00
-3.633033021230314574e+00
-3.633033021230314574e+00
-3.633033021230314574e+00
-4.228667137043881752e+00
-4.228667137043881752e+00
-4.228667137043881752e+00
-4.228667137043881752e+00
-4.228667137043881752e+00
-4.228667137043881752e+00
-4.228667137043881752e+00
-4.228667137043881752e+00
-4.414836033808341220e+00
-4.414836033808341220e+00
-4.414836033808341220e+00
-4.414836033808341220e+00
-4.414836033808341220e+00
-4.414836033808341220e+00
-4.414836033808341220e+00
-4.414836033808341220e+00
-4.414789079480143208e+00
-4.171652730062859860e+00
-4.171660479806349464e+00
-4.171660479806349464e+00
-4.171660479806349464e+00
-4.171660479806349464e+00
-4.171660479806349464e+00
-4.171660479806349464e+00
-4.171660479806349464e+00
-4.171660479806349464e+00
-4.171660479806349464e+00
-4.171660479806349464e+00
-4.171660479806349464e+00
-4.171660479806349464e+00
-4.171660479806349464e+00
-4.171660479806349464e+00
-4.171660479806349464e+00
-4.171660479806349464e+00
-4.171660479806349464e+00
-4.171660479806349464e+00
-4.171660479806349464e+00
-4.171660479806349464e+00
-4.171660479806349464e+00
-2.219742388387938803e+00
-4.159796078392013818e+00
-4.159796078392013818e+00
-4.159796078392013818e+00
-4.159796078392013818e+00
-4.159796078392013818e+00
-4.413650323054530311e+00
-4.413650323054530311e+00
-4.413650323054530311e+00
-4.399062114737457563e+00
-4.399062114737457563e+00
-4.399062114737457563e+00
-4.399062114737457563e+00
-4.399062114737457563e+00
-4.399062114737457563e+00
-4.399062114737457563e+00
-4.399062114737457563e+00
-4.399062114737457563e+00
-4.399062114737457563e+00
-4.399062114737457563e+00
-4.399062114737457563e+00
-4.058669219737298661e+00
-4.058669219737298661e+00
-4.058669219737298661e+00
-4.058669219737298661e+00
-4.058669219737298661e+00
-4.058669219737298661e+00
-4.058669219737298661e+00
-4.058669219737298661e+00
-4.058669219737298661e+00
-4.058669219737298661e+00
-4.063650025464380811e+00
-4.063685583110976829e+00
-4.063685583110976829e+00
-4.063685583110976829e+00
-4.063685583110976829e+00
-4.063685583110976829e+00
-4.063685583110976829e+00
-4.063685583110976829e+00
-4.063685583110976829e+00
-4.063685583110976829e+00
-4.063685583110976829e+00
-4.063685583110976829e+00
-4.063685583110976829e+00
-4.063685583110976829e+00
-4.063685583110976829e+00
-4.063685583110976829e+00
-4.063685583110976829e+00
-4.063685583110976829e+00
-4.063685583110976829e+00
-4.063685583110976829e+00
-4.063685583110976829e+00
-4.063685583110976829e+00
-4.063685583110976829e+00
-4.063685583110976829e+00
-4.059573204521923273e+00
-4.059573204521923273e+00
-4.059573204521923273e+00
-4.059573204521923273e+00
-4.059573204521923273e+00
-4.059573204521923273e+00
-3.557755873604440816e-02
-8.047577527923291951e-01
-8.047577527923291951e-01
-8.047577527923291951e-01
-5.132737624713612945e+00
-4.764455682233004197e+00
-4.764455682233004197e+00
-4.764455682233004197e+00
-4.764455682233004197e+00
-4.764455682233004197e+00
-4.764455682233004197e+00
-4.764455682233004197e+00
-3.328630390860154442e+00
-3.328630390860154442e+00
-2.769743507268551674e+00
-2.769743507268551674e+00
-2.769743507268551674e+00
-2.769743507268551674e+00
-2.769743507268551674e+00
-2.769743507268551674e+00
-2.769743507268551674e+00
-4.764094635359871432e+00
-4.764094635359871432e+00
-4.764094635359871432e+00
-4.764094635359871432e+00
-4.378481987101626061e+00
-4.378481987101626061e+00
-4.378481987101626061e+00
-4.378481987101626061e+00
-4.378481987101626061e+00
-4.378481987101626061e+00
-4.378481987101626061e+00
-4.378481987101626061e+00
-4.378481987101626061e+00
-4.466272904813631150e+00
-4.466272904813631150e+00
-4.466272904813631150e+00
-4.466272904813631150e+00
-4.465708997007993730e+00
-4.465708997007993730e+00
-4.465708997007993730e+00
-4.465708997007993730e+00
-4.465796979389955901e+00
-4.465796979389955901e+00
-4.465796979389955901e+00
-4.465796979389955901e+00
-4.465796979389955901e+00
-4.465796979389955901e+00
-4.463362192332630762e+00
-4.463362192332630762e+00
-4.463362192332630762e+00
-4.680305776359017678e+00
-4.689889473851278190e+00
-4.689889473851278190e+00
-4.643603902929827498e+00
-4.643603902929827498e+00
-4.643603902929827498e+00
-4.642256815164540029e+00
-4.642256815164540029e+00
-4.642256815164540029e+00
-4.642256815164540029e+00
-4.642256815164540029e+00
-4.642256815164540029e+00
-4.642256815164540029e+00
-4.642256815164540029e+00
-4.642256815164540029e+00
-4.642256815164540029e+00
-4.642256815164540029e+00
-4.642256815164540029e+00
-5.369719310198869167e+00
-5.369719310198869167e+00
-5.369719310198869167e+00
-5.369719310198869167e+00
-5.369719310198869167e+00
-5.392238697175997686e+00
-5.392238697175997686e+00
-5.392238697175997686e+00
-5.392238697175997686e+00
-5.392238697175997686e+00
-5.392823119008517629e+00
-5.392823119008517629e+00
-4.486014692550862826e+00
-4.486014692550862826e+00
-4.486014692550862826e+00
-4.486014692550862826e+00
-4.486014692550862826e+00
-4.486014692550862826e+00
-4.486014692550862826e+00
-4.486014692550862826e+00
-4.752302716840521413e+00
-4.752302716840521413e+00
-4.752302716840521413e+00
-4.752302716840521413e+00
-4.767745220410436247e+00
-4.767745220410436247e+00
-4.767745220410436247e+00
-4.767745220410436247e+00
-4.767745220410436247e+00
-4.767745220410436247e+00
-4.767745220410436247e+00
-4.767745220410436247e+00
-5.020722832324171492e+00
-5.020722832324171492e+00
-5.020722832324171492e+00
-5.020722832324171492e+00
-5.020722832324171492e+00
-5.020722832324171492e+00
-5.020722832324171492e+00
-5.020722832324171492e+00
-5.020722832324171492e+00
-5.020722832324171492e+00
-5.020722832324171492e+00
-5.020722832324171492e+00
-5.020722832324171492e+00
-5.020722832324171492e+00
-5.020722832324171492e+00
-5.020722832324171492e+00
-5.020722832324171492e+00
-5.020722832324171492e+00
-5.020722832324171492e+00
-4.123865988240870806e+00
-4.123865988240870806e+00
-4.123865988240870806e+00
-4.123865988240870806e+00
-4.123865988240870806e+00
-4.123865988240870806e+00
-4.123865988240870806e+00
-4.123865988240870806e+00
-4.123865988240870806e+00
-4.123865988240870806e+00
-4.123865988240870806e+00
-4.210484415349722731e+00
-4.210484415349722731e+00
-4.220901894067942806e+00
-4.220901894067942806e+00
-4.220901894067942806e+00
-4.838755208265256513e+00
-4.838755208265256513e+00
-4.838755208265256513e+00
-4.838755208265256513e+00
-4.838755208265256513e+00
-4.838755208265256513e+00
-4.838755208265256513e+00
-4.838755208265256513e+00
-4.838755208265256513e+00
