# Variable: dg_gbsa_00000161
# Sample shape: (2000,)
# Date: 2014-03-03 06:24:08.744889
-9.601112761415441232e-01
-9.601112761415441232e-01
-1.438555138516836251e+00
-3.164470537670711625e+00
-3.164470537670711625e+00
-3.164470537670711625e+00
-3.164470537670711625e+00
-3.164470537670711625e+00
-2.595054715814827162e+00
-2.595054715814827162e+00
-2.595054715814827162e+00
-2.595054715814827162e+00
-2.428755021687903248e+00
-2.428755021687903248e+00
-2.428755021687903248e+00
-2.428755021687903248e+00
-2.428755021687903248e+00
-2.428755021687903248e+00
-2.428755021687903248e+00
-2.428755021687903248e+00
-2.428755021687903248e+00
-2.428755021687903248e+00
-2.428755021687903248e+00
-2.422664407106475792e+00
-2.422664407106475792e+00
-2.422664407106475792e+00
-2.422664407106475792e+00
-2.422664407106475792e+00
-2.422664407106475792e+00
-2.422664407106475792e+00
-2.737084036803381970e+00
-2.790376059639750217e+00
-2.790376059639750217e+00
-2.933792812646460746e+00
-2.933792812646460746e+00
-2.933792812646460746e+00
-2.933792812646460746e+00
-2.740100510489644314e+00
-2.712796112775346380e+00
-2.998370285471811947e+00
-2.998370285471811947e+00
-2.998370285471811947e+00
-2.998370285471811947e+00
-2.998370285471811947e+00
-2.998370285471811947e+00
-3.002878356846066854e+00
-3.002878356846066854e+00
-3.002878356846066854e+00
-3.002878356846066854e+00
-3.002878356846066854e+00
-3.036986117609144387e+00
-3.158019104149783818e+00
-3.158019104149783818e+00
-3.158019104149783818e+00
-3.158019104149783818e+00
-3.158019104149783818e+00
-3.154827805367756088e+00
-3.154827805367756088e+00
-2.805338990847877412e+00
-2.805338990847877412e+00
-2.805338990847877412e+00
-2.805338990847877412e+00
-2.805338990847877412e+00
-2.805338990847877412e+00
-2.805338990847877412e+00
-2.805338990847877412e+00
-2.805338990847877412e+00
-2.805338990847877412e+00
-2.805338990847877412e+00
-2.805338990847877412e+00
-2.805338990847877412e+00
-3.020545948531841773e+00
-3.020545948531841773e+00
-3.020545948531841773e+00
-3.020545948531841773e+00
-3.020545948531841773e+00
-3.020545948531841773e+00
-3.020545948531841773e+00
-3.020545948531841773e+00
-3.550974178496555833e+00
-3.550974178496555833e+00
-3.550974178496555833e+00
-3.515807438079075364e+00
-3.311705406947527575e+00
-3.191418675118149029e+00
-3.191418675118149029e+00
-3.191418675118149029e+00
-3.191418675118149029e+00
-3.191418675118149029e+00
-3.080455796440518146e+00
-3.080455796440518146e+00
-3.080455796440518146e+00
-3.080455796440518146e+00
-3.250967704087324606e+00
-3.250967704087324606e+00
-3.250967704087324606e+00
-3.250967704087324606e+00
-3.250967704087324606e+00
-3.250967704087324606e+00
-3.250967704087324606e+00
-3.250967704087324606e+00
-3.250967704087324606e+00
-3.250967704087324606e+00
-3.250967704087324606e+00
-3.250967704087324606e+00
-3.250967704087324606e+00
-3.250967704087324606e+00
-3.250967704087324606e+00
-3.250967704087324606e+00
-3.250967704087324606e+00
-3.339298596573605060e+00
-3.339298596573605060e+00
-3.339298596573605060e+00
-3.339298596573605060e+00
-3.339298596573605060e+00
-3.339298596573605060e+00
-3.339298596573605060e+00
-3.339298596573605060e+00
-3.339298596573605060e+00
-3.339298596573605060e+00
-3.339298596573605060e+00
-3.339298596573605060e+00
-3.339298596573605060e+00
-3.339298596573605060e+00
-3.339298596573605060e+00
-3.339298596573605060e+00
-3.435637709287566732e+00
-3.435637709287566732e+00
-3.435637709287566732e+00
-3.435637709287566732e+00
-3.435637709287566732e+00
-3.435637709287566732e+00
-3.435637709287566732e+00
-3.435637709287566732e+00
-3.435637709287566732e+00
-3.435637709287566732e+00
-3.435637709287566732e+00
-3.435637709287566732e+00
-3.435637709287566732e+00
-3.450670388187094595e+00
-3.450670388187094595e+00
-3.450670388187094595e+00
-3.450670388187094595e+00
-3.450670388187094595e+00
-3.450670388187094595e+00
-3.450670388187094595e+00
-3.450670388187094595e+00
-3.450670388187094595e+00
-3.450670388187094595e+00
-3.450670388187094595e+00
-3.450670388187094595e+00
-3.450670388187094595e+00
-3.450670388187094595e+00
-3.450670388187094595e+00
-3.450670388187094595e+00
-3.450670388187094595e+00
-3.264747887678857374e+00
-3.264747887678857374e+00
-3.264747887678857374e+00
-3.264747887678857374e+00
-3.264747887678857374e+00
-3.264747887678857374e+00
-3.264747887678857374e+00
-3.264747887678857374e+00
-3.264747887678857374e+00
-3.264747887678857374e+00
-3.264747887678857374e+00
-3.264747887678857374e+00
-3.264747887678857374e+00
-3.264747887678857374e+00
-3.264747887678857374e+00
-3.264747887678857374e+00
-3.264747887678857374e+00
-3.248196714922757078e+00
-3.248196714922757078e+00
-3.248196714922757078e+00
-3.248196714922757078e+00
-3.248196714922757078e+00
-3.248196714922757078e+00
-3.248196714922757078e+00
-3.248196714922757078e+00
-3.248196714922757078e+00
-3.248196714922757078e+00
-3.148183767927763999e+00
-3.148183767927763999e+00
-3.148183767927763999e+00
-3.206547314076760635e+00
-3.206547314076760635e+00
-3.241070141983761310e+00
-3.241070141983761310e+00
-3.241070141983761310e+00
-3.241070141983761310e+00
-3.241070141983761310e+00
-3.241070141983761310e+00
-3.241070141983761310e+00
-3.291933987838132403e+00
-3.291933987838132403e+00
-3.291933987838132403e+00
-3.291933987838132403e+00
-3.291933987838132403e+00
-3.291933987838132403e+00
-3.290872500913776477e+00
-3.289786625090794114e+00
-3.289786625090794114e+00
-3.289786625090794114e+00
-3.172269058956926457e+00
-3.172269058956926457e+00
-3.225014269010058499e+00
-3.225014269010058499e+00
-3.310292674296216653e+00
-3.359078221293753774e+00
-3.020255789018269965e+00
-3.020255789018269965e+00
-3.020255789018269965e+00
-3.305386858734072231e+00
-3.305386858734072231e+00
-3.305386858734072231e+00
-3.305386858734072231e+00
-3.305386858734072231e+00
-3.305386858734072231e+00
-3.305386858734072231e+00
-3.305386858734072231e+00
-3.305386858734072231e+00
-3.305386858734072231e+00
-3.305386858734072231e+00
-3.322100548169808931e+00
-3.322100548169808931e+00
-3.322100548169808931e+00
-3.322100548169808931e+00
-3.250404708016215061e+00
-3.250404708016215061e+00
-3.143587714171546033e+00
-3.143587714171546033e+00
-3.143587714171546033e+00
-3.143587714171546033e+00
-3.143587714171546033e+00
-3.143587714171546033e+00
-3.143587714171546033e+00
-3.143587714171546033e+00
-3.143587714171546033e+00
-3.143587714171546033e+00
-3.143587714171546033e+00
-3.054035553284858207e+00
-3.054035553284858207e+00
-3.054035553284858207e+00
-3.054035553284858207e+00
-3.020019421841856566e+00
-3.020019421841856566e+00
-3.020019421841856566e+00
-3.020019421841856566e+00
-3.020019421841856566e+00
-3.020019421841856566e+00
-2.777895781551674492e+00
-2.829585658888515987e+00
-2.829585658888515987e+00
-2.829585658888515987e+00
-2.937856869305524921e+00
-2.937856869305524921e+00
-2.937856869305524921e+00
-2.937856869305524921e+00
-2.968376954700477022e+00
-2.968376954700477022e+00
-2.968376954700477022e+00
-3.108940206567825992e+00
-3.108940206567825992e+00
-3.108940206567825992e+00
-3.108940206567825992e+00
-3.107112634706223453e+00
-3.107112634706223453e+00
-3.107112634706223453e+00
-3.107112634706223453e+00
-3.107112634706223453e+00
-3.107112634706223453e+00
-3.107112634706223453e+00
-3.107112634706223453e+00
-3.046137425001446797e+00
-3.046137425001446797e+00
-3.046137425001446797e+00
-3.046137425001446797e+00
-3.046137425001446797e+00
-3.046137425001446797e+00
-3.046137425001446797e+00
-3.046137425001446797e+00
-3.046137425001446797e+00
-3.046137425001446797e+00
-3.046137425001446797e+00
-3.046137425001446797e+00
-3.046137425001446797e+00
-3.046137425001446797e+00
-3.046137425001446797e+00
-3.045179647879664220e+00
-3.045179647879664220e+00
-3.045179647879664220e+00
-3.045179647879664220e+00
-3.045179647879664220e+00
-3.045179647879664220e+00
-3.045179647879664220e+00
-3.045179647879664220e+00
-3.045179647879664220e+00
-3.045179647879664220e+00
-3.045179647879664220e+00
-3.045179647879664220e+00
-3.045179647879664220e+00
-3.117482931162613546e+00
-3.117482931162613546e+00
-3.117482931162613546e+00
-3.117482931162613546e+00
-3.117482931162613546e+00
-3.117482931162613546e+00
-3.145952753537471391e+00
-3.145952753537471391e+00
-3.268761115137978734e+00
-3.182087300156543730e+00
-3.182087300156543730e+00
-3.261908518424681436e+00
-3.261908518424681436e+00
-3.261908518424681436e+00
-3.261908518424681436e+00
-3.261908518424681436e+00
-3.261908518424681436e+00
-3.261908518424681436e+00
-3.261908518424681436e+00
-3.261908518424681436e+00
-3.261908518424681436e+00
-2.988740089518617804e+00
-2.988740089518617804e+00
-2.988740089518617804e+00
-2.988740089518617804e+00
-2.988740089518617804e+00
-2.982980662504528091e+00
-2.982980662504528091e+00
-2.982980662504528091e+00
-2.982980662504528091e+00
-2.982980662504528091e+00
-2.982980662504528091e+00
-3.389095713030083612e+00
-3.389095713030083612e+00
-3.389095713030083612e+00
-3.389095713030083612e+00
-3.630088118704509537e+00
-3.630088118704509537e+00
-3.630088118704509537e+00
-3.570777280380803109e+00
-3.570777280380803109e+00
-3.570777280380803109e+00
-3.570777280380803109e+00
-3.570777280380803109e+00
-3.291491112791101514e+00
-3.291491112791101514e+00
-3.291491112791101514e+00
-3.291491112791101514e+00
-3.291491112791101514e+00
-3.291491112791101514e+00
-3.291491112791101514e+00
-3.291491112791101514e+00
-3.291491112791101514e+00
-3.291491112791101514e+00
-3.291491112791101514e+00
-3.291491112791101514e+00
-3.330374539012434632e+00
-3.330374539012434632e+00
-3.330374539012434632e+00
-3.330374539012434632e+00
-3.330374539012434632e+00
-3.330374539012434632e+00
-3.428401956138829476e+00
-3.428401956138829476e+00
-3.291236055056861787e+00
-3.291236055056861787e+00
-3.291236055056861787e+00
-3.291236055056861787e+00
-3.291236055056861787e+00
-3.291236055056861787e+00
-3.291236055056861787e+00
-3.291236055056861787e+00
-3.291236055056861787e+00
-3.291236055056861787e+00
-3.291236055056861787e+00
-3.291236055056861787e+00
-3.291236055056861787e+00
-3.291236055056861787e+00
-3.291236055056861787e+00
-3.291236055056861787e+00
-3.291236055056861787e+00
-3.291236055056861787e+00
-3.291236055056861787e+00
-3.291236055056861787e+00
-3.157154096016236533e+00
-3.336402243911422261e+00
-3.336402243911422261e+00
-3.336402243911422261e+00
-3.336402243911422261e+00
-3.336402243911422261e+00
-3.336402243911422261e+00
-3.336402243911422261e+00
-3.336402243911422261e+00
-3.336402243911422261e+00
-3.336402243911422261e+00
-3.357538529609402911e+00
-3.482625999596560717e+00
-3.482625999596560717e+00
-3.482625999596560717e+00
-3.482625999596560717e+00
-3.482625999596560717e+00
-3.482625999596560717e+00
-3.482625999596560717e+00
-3.482625999596560717e+00
-3.482625999596560717e+00
-3.482625999596560717e+00
-3.482625999596560717e+00
-3.482625999596560717e+00
-3.482625999596560717e+00
-3.704478362322309426e+00
-3.704478362322309426e+00
-3.644492612514167451e+00
-3.644492612514167451e+00
-3.644492612514167451e+00
-3.575631582942109254e+00
-3.575631582942109254e+00
-3.419171555776213012e+00
-3.419171555776213012e+00
-3.419171555776213012e+00
-3.419171555776213012e+00
-3.419171555776213012e+00
-3.419171555776213012e+00
-3.419171555776213012e+00
-3.419171555776213012e+00
-3.419171555776213012e+00
-3.489152879149690190e+00
-3.489152879149690190e+00
-3.588994875920662242e+00
-3.588994875920662242e+00
-3.588994875920662242e+00
-3.588994875920662242e+00
-3.588994875920662242e+00
-3.588994875920662242e+00
-3.463395011128704404e+00
-3.463395011128704404e+00
-3.463395011128704404e+00
-3.463395011128704404e+00
-3.463395011128704404e+00
-3.530918298214388962e+00
-3.530918298214388962e+00
-3.530918298214388962e+00
-3.530918298214388962e+00
-3.509732095050993816e+00
-3.509732095050993816e+00
-3.509732095050993816e+00
-3.250234213659457527e+00
-3.250234213659457527e+00
-3.250234213659457527e+00
-3.250234213659457527e+00
-3.250234213659457527e+00
-3.326435389983722235e+00
-3.326435389983722235e+00
-3.326435389983722235e+00
-3.326435389983722235e+00
-3.326435389983722235e+00
-3.253172278176302168e+00
-3.155223498152956996e+00
-3.155223498152956996e+00
-3.155223498152956996e+00
-3.155223498152956996e+00
-3.155223498152956996e+00
-3.155223498152956996e+00
-3.155223498152956996e+00
-3.155223498152956996e+00
-3.155223498152956996e+00
-3.155223498152956996e+00
-3.155223498152956996e+00
-3.155223498152956996e+00
-3.155223498152956996e+00
-3.263126367820608387e+00
-3.263126367820608387e+00
-3.263126367820608387e+00
-3.263126367820608387e+00
-3.263126367820608387e+00
-3.263126367820608387e+00
-3.263126367820608387e+00
-3.263126367820608387e+00
-3.263126367820608387e+00
-3.263126367820608387e+00
-3.336249072510699243e+00
-3.336249072510699243e+00
-3.336249072510699243e+00
-3.336249072510699243e+00
-3.336249072510699243e+00
-3.336249072510699243e+00
-3.336249072510699243e+00
-3.356563201597953849e+00
-3.659978195540535495e+00
-3.659978195540535495e+00
-3.659978195540535495e+00
-3.659978195540535495e+00
-3.659978195540535495e+00
-3.659978195540535495e+00
-3.258685536867801602e+00
-3.258685536867801602e+00
-3.258685536867801602e+00
-3.258685536867801602e+00
-3.258685536867801602e+00
-3.258654765827477817e+00
-3.348345510362439104e+00
-3.348345510362439104e+00
-3.348211941254070290e+00
-3.266519159933348959e+00
-3.266519159933348959e+00
-3.266519159933348959e+00
-3.266529189013158252e+00
-3.266465367596190106e+00
-3.266515968862500507e+00
-3.266515968862500507e+00
-3.005380840192105385e+00
-3.008429680454115296e+00
-3.008406203290016290e+00
-3.008406203290016290e+00
-3.087833552242008839e+00
-2.913355143530646618e+00
-2.913355143530646618e+00
-2.846770487141654815e+00
-2.846770487141654815e+00
-2.846770487141654815e+00
-2.991573076631097283e+00
-2.991462756753195507e+00
-2.991462756753195507e+00
-2.991462756753195507e+00
-2.978906348832022655e+00
-2.953236463192999928e+00
-2.953236463192999928e+00
-2.953236463192999928e+00
-3.015193838918186042e+00
-3.274782437895269460e+00
-3.274782437895269460e+00
-3.287347279360827379e+00
-3.184341563777303374e+00
-3.184341563777303374e+00
-3.184341563777303374e+00
-3.184341563777303374e+00
-3.184341563777303374e+00
-3.184341563777303374e+00
-3.184341563777303374e+00
-3.184341563777303374e+00
-3.184341563777303374e+00
-3.293324838860768544e+00
-3.293324838860768544e+00
-3.293324838860768544e+00
-3.293324838860768544e+00
-3.293324838860768544e+00
-3.293324838860768544e+00
-3.293324838860768544e+00
-3.293324838860768544e+00
-3.067200771937178772e+00
-3.067200771937178772e+00
-3.067200771937178772e+00
-3.067200771937178772e+00
-3.067200771937178772e+00
-3.066658745760215243e+00
-3.066658745760215243e+00
-3.066658745760215243e+00
-3.066658745760215243e+00
-3.066658745760215243e+00
-3.249081781215922948e+00
-3.249081781215922948e+00
-3.249081781215922948e+00
-3.249081781215922948e+00
-3.249081781215922948e+00
-3.238330835594045887e+00
-3.344473829688806799e+00
-3.324380112423723332e+00
-3.324380112423723332e+00
-3.324380112423723332e+00
-3.324380112423723332e+00
-3.324380112423723332e+00
-3.324380112423723332e+00
-3.324380112423723332e+00
-3.324380112423723332e+00
-3.324380112423723332e+00
-3.324380112423723332e+00
-3.233064656959664607e+00
-3.233064656959664607e+00
-3.233064656959664607e+00
-3.233064656959664607e+00
-3.233602808264883333e+00
-3.227196505603097343e+00
-3.227196505603097343e+00
-3.227196505603097343e+00
-3.414063107215195458e+00
-3.414063107215195458e+00
-3.410539025330406648e+00
-3.410539025330406648e+00
-3.410539025330406648e+00
-3.410539025330406648e+00
-3.319852210823481808e+00
-3.338078011974094039e+00
-3.413783204715064912e+00
-3.413783204715064912e+00
-3.413783204715064912e+00
-3.413783204715064912e+00
-3.335814403074421008e+00
-3.335814403074421008e+00
-3.335814403074421008e+00
-3.335814403074421008e+00
-3.335814403074421008e+00
-3.335814403074421008e+00
-3.335814403074421008e+00
-3.335814403074421008e+00
-3.335814403074421008e+00
-3.335814403074421008e+00
-3.334232315734512841e+00
-3.334232315734512841e+00
-3.197951936812974960e+00
-3.197951936812974960e+00
-3.197951936812974960e+00
-3.197951936812974960e+00
-3.197951936812974960e+00
-3.197951936812974960e+00
-3.236235213781177844e+00
-3.236235213781177844e+00
-3.236235213781177844e+00
-3.236235213781177844e+00
-3.236235213781177844e+00
-3.236235213781177844e+00
-3.263564456261366598e+00
-3.263564456261366598e+00
-3.263564456261366598e+00
-3.263564456261366598e+00
-3.263564456261366598e+00
-3.263564456261366598e+00
-3.555518719251935078e+00
-3.549790519145433088e+00
-3.549790519145433088e+00
-3.549790519145433088e+00
-3.549790519145433088e+00
-3.549790519145433088e+00
-3.549790519145433088e+00
-3.480475445778374421e+00
-3.480475445778374421e+00
-3.480475445778374421e+00
-3.480475445778374421e+00
-3.480475445778374421e+00
-3.480475445778374421e+00
-3.481990064763202053e+00
-3.481990064763202053e+00
-3.388602692584006704e+00
-3.388602692584006704e+00
-3.328487020605608748e+00
-3.328336812342101769e+00
-3.328336812342101769e+00
-3.328336812342101769e+00
-3.328336812342101769e+00
-3.328698315082498915e+00
-3.328698315082498915e+00
-3.328698315082498915e+00
-3.328698315082498915e+00
-3.328698315082498915e+00
-3.323775176564320422e+00
-3.323775176564320422e+00
-3.323775176564320422e+00
-3.323775176564320422e+00
-3.323775176564320422e+00
-3.324528725151805642e+00
-3.324528725151805642e+00
-3.392079592206965533e+00
-3.392079592206965533e+00
-3.392079592206965533e+00
-3.392079592206965533e+00
-3.392079592206965533e+00
-3.392079592206965533e+00
-3.392079592206965533e+00
-3.392079592206965533e+00
-3.392079592206965533e+00
-3.348875456056904731e+00
-3.348875456056904731e+00
-3.348875456056904731e+00
-3.272221603539431811e+00
-3.272221603539431811e+00
-3.272221603539431811e+00
-3.272221603539431811e+00
-3.272221603539431811e+00
-3.272221603539431811e+00
-3.272221603539431811e+00
-3.118162173386057390e+00
-3.118162173386057390e+00
-3.118162173386057390e+00
-3.118162173386057390e+00
-3.118162173386057390e+00
-3.118162173386057390e+00
-3.118162173386057390e+00
-3.118162173386057390e+00
-3.118162173386057390e+00
-3.118162173386057390e+00
-3.118162173386057390e+00
-3.337548750080524318e+00
-3.337548750080524318e+00
-3.337548750080524318e+00
-3.334537746801431002e+00
-3.334537746801431002e+00
-3.334537746801431002e+00
-3.334537746801431002e+00
-3.334537746801431002e+00
-3.334537746801431002e+00
-3.334537746801431002e+00
-3.334537746801431002e+00
-3.334537746801431002e+00
-3.334537746801431002e+00
-3.350838876363196217e+00
-3.350838876363196217e+00
-3.350838876363196217e+00
-3.350530938026325956e+00
-3.350530938026325956e+00
-3.350530938026325956e+00
-3.350530938026325956e+00
-3.350530938026325956e+00
-3.350530938026325956e+00
-3.350530938026325956e+00
-3.350530938026325956e+00
-3.350530938026325956e+00
-3.350530938026325956e+00
-3.350530938026325956e+00
-3.350530938026325956e+00
-3.350530938026325956e+00
-3.350530938026325956e+00
-3.350530938026325956e+00
-3.350530938026325956e+00
-3.350530938026325956e+00
-3.350530938026325956e+00
-3.350530938026325956e+00
-3.350530938026325956e+00
-3.350530938026325956e+00
-3.350530938026325956e+00
-3.350530938026325956e+00
-3.350530938026325956e+00
-3.336340473897142278e+00
-3.336340473897142278e+00
-3.261039863353021762e+00
-3.261039863353021762e+00
-3.261039863353021762e+00
-3.233405417739547261e+00
-3.250693955795258550e+00
-3.250693955795258550e+00
-3.250693955795258550e+00
-3.250693955795258550e+00
-3.250693955795258550e+00
-3.250693955795258550e+00
-3.250693955795258550e+00
-3.250693955795258550e+00
-3.250693955795258550e+00
-3.240381098614140143e+00
-3.240381098614140143e+00
-3.240381098614140143e+00
-3.240381098614140143e+00
-3.079368780949375495e+00
-3.079368780949375495e+00
-3.079368780949375495e+00
-3.079368780949375495e+00
-3.079368780949375495e+00
-3.079368780949375495e+00
-3.079368780949375495e+00
-3.097996201159621155e+00
-3.074727368400383742e+00
-3.050612445999057787e+00
-3.182505786304947737e+00
-3.182505786304947737e+00
-3.182505786304947737e+00
-3.182505786304947737e+00
-3.183118471907839808e+00
-3.183118471907839808e+00
-3.183118471907839808e+00
-3.183118471907839808e+00
-3.183118471907839808e+00
-3.183118471907839808e+00
-3.183118471907839808e+00
-3.183118471907839808e+00
-3.183118471907839808e+00
-3.183118471907839808e+00
-3.183118471907839808e+00
-3.183118471907839808e+00
-3.183118471907839808e+00
-3.183118471907839808e+00
-3.183118471907839808e+00
-3.165411675637356037e+00
-3.165512650236344872e+00
-3.165512650236344872e+00
-3.226258330773668970e+00
-3.228197818048597512e+00
-3.228197818048597512e+00
-3.228197818048597512e+00
-3.228197818048597512e+00
-3.228197818048597512e+00
-3.228197818048597512e+00
-3.228197818048597512e+00
-3.228197818048597512e+00
-3.241779015579369538e+00
-3.241779015579369538e+00
-3.241779015579369538e+00
-3.295908694513441262e+00
-3.295908694513441262e+00
-3.295908694513441262e+00
-3.295908694513441262e+00
-3.295908694513441262e+00
-3.430415521844166982e+00
-3.430415521844166982e+00
-3.430415521844166982e+00
-3.430415521844166982e+00
-3.348975063054100865e+00
-3.348975063054100865e+00
-3.348975063054100865e+00
-3.348975063054100865e+00
-3.419773756432031409e+00
-3.419773756432031409e+00
-3.326937755708712530e+00
-3.326937755708712530e+00
-3.326937755708712530e+00
-3.281444254158559559e+00
-3.281444254158559559e+00
-3.281444254158559559e+00
-3.448396750207612715e+00
-3.438326642344604167e+00
-3.403085139695818384e+00
-3.401262582374120491e+00
-3.360503034427562596e+00
-3.360503034427562596e+00
-3.360503034427562596e+00
-3.360503034427562596e+00
-3.360503034427562596e+00
-3.317242826604022365e+00
-3.317242826604022365e+00
-3.317242826604022365e+00
-3.317242826604022365e+00
-3.317242826604022365e+00
-3.317242826604022365e+00
-3.327353050786268085e+00
-3.307147873975122554e+00
-3.307547213698436295e+00
-3.307547213698436295e+00
-3.473097917910515697e+00
-3.470420609468711337e+00
-3.466398948465204910e+00
-3.431440539387398125e+00
-3.433456840296320145e+00
-3.433456840296320145e+00
-3.433456840296320145e+00
-3.629601024532865150e+00
-3.638608505803357929e+00
-3.638608505803357929e+00
-3.352167273570656914e+00
-3.352167273570656914e+00
-3.352167273570656914e+00
-3.350988628759438814e+00
-3.350988628759438814e+00
-3.350988628759438814e+00
-3.350988628759438814e+00
-3.351936376801412099e+00
-3.351936376801412099e+00
-3.582341265268125241e+00
-3.582341265268125241e+00
-3.582341265268125241e+00
-3.582341265268125241e+00
-3.582341265268125241e+00
-3.585881074573523897e+00
-3.593649280686679326e+00
-3.593649280686679326e+00
-3.270147407487975055e+00
-3.269886423479302362e+00
-3.269886423479302362e+00
-3.331579852058600189e+00
-3.331579852058600189e+00
-3.360489586343272883e+00
-3.366472388316750664e+00
-3.366472388316750664e+00
-3.366472388316750664e+00
-3.586698672511609232e+00
-3.582094413144638612e+00
-3.583655986457664255e+00
-3.583655986457664255e+00
-3.583655986457664255e+00
-3.583655986457664255e+00
-3.558256885973490657e+00
-3.558256885973490657e+00
-3.575912397176767676e+00
-3.590297288694071387e+00
-3.590297288694071387e+00
-3.590297288694071387e+00
-3.236946594646738173e+00
-3.239979707488138239e+00
-3.239979707488138239e+00
-3.239979707488138239e+00
-3.239979707488138239e+00
-3.239979707488138239e+00
-3.239979707488138239e+00
-3.239979707488138239e+00
-3.239979707488138239e+00
-3.239979707488138239e+00
-3.239979707488138239e+00
-3.239979707488138239e+00
-3.239979707488138239e+00
-3.237848072161409796e+00
-3.237848072161409796e+00
-3.237848072161409796e+00
-3.237848072161409796e+00
-3.237848072161409796e+00
-3.237848072161409796e+00
-3.237848072161409796e+00
-3.414430992097289064e+00
-3.412428139272656757e+00
-3.412428139272656757e+00
-3.404961717288307099e+00
-3.404961717288307099e+00
-3.404961717288307099e+00
-3.404961717288307099e+00
-3.404961717288307099e+00
-3.404961717288307099e+00
-3.408650367255420477e+00
-3.408650367255420477e+00
-3.408650367255420477e+00
-3.405437642711981905e+00
-3.405437642711981905e+00
-3.397355799921156105e+00
-3.397355799921156105e+00
-3.397355799921156105e+00
-3.395874687180236329e+00
-3.395874687180236329e+00
-3.395874687180236329e+00
-3.395874687180236329e+00
-3.395874687180236329e+00
-3.395874687180236329e+00
-3.395874687180236329e+00
-3.395874687180236329e+00
-3.404197911687380174e+00
-3.404197911687380174e+00
-3.404197911687380174e+00
-3.404197911687380174e+00
-3.404197911687380174e+00
-3.404197911687380174e+00
-3.404197911687380174e+00
-3.413088463004642747e+00
-3.413088463004642747e+00
-3.413088463004642747e+00
-3.413088463004642747e+00
-3.413088463004642747e+00
-3.413088463004642747e+00
-3.413088463004642747e+00
-3.413088463004642747e+00
-3.413088463004642747e+00
-3.411381923901647184e+00
-3.345842343215504666e+00
-3.345842343215504666e+00
-3.345842343215504666e+00
-3.345842343215504666e+00
-3.332704476599027466e+00
-3.332704476599027466e+00
-3.332704476599027466e+00
-3.332704476599027466e+00
-3.332704476599027466e+00
-3.332762599675194615e+00
-3.332762599675194615e+00
-3.332762599675194615e+00
-3.332762599675194615e+00
-3.332762599675194615e+00
-3.439387445468063742e+00
-3.449651068984664448e+00
-3.449651068984664448e+00
-3.449651068984664448e+00
-3.449651068984664448e+00
-3.449651068984664448e+00
-3.444918710916493598e+00
-3.433610239630675132e+00
-3.433610239630675132e+00
-3.433610239630675132e+00
-3.433610239630675132e+00
-3.433610239630675132e+00
-3.433610239630675132e+00
-3.433610239630675132e+00
-3.433610239630675132e+00
-3.433610239630675132e+00
-3.450901968757235316e+00
-3.450901968757235316e+00
-3.450901968757235316e+00
-3.450901968757235316e+00
-3.450901968757235316e+00
-3.450901968757235316e+00
-3.452012461412476974e+00
-3.452012461412476974e+00
-3.452012461412476974e+00
-3.452012461412476974e+00
-3.452012461412476974e+00
-3.452012461412476974e+00
-3.376947990111137443e+00
-3.376947990111137443e+00
-3.363451583891480023e+00
-3.363451583891480023e+00
-3.363451583891480023e+00
-3.363451583891480023e+00
-3.376699770385858557e+00
-3.376699770385858557e+00
-3.376699770385858557e+00
-3.434617478350608266e+00
-3.464690585893153152e+00
-3.450474365263550336e+00
-3.450474365263550336e+00
-3.450474365263550336e+00
-3.450474365263550336e+00
-3.417353785060787352e+00
-3.417353785060787352e+00
-3.308547158542144206e+00
-3.337587270864336819e+00
-3.337587270864336819e+00
-3.337587270864336819e+00
-3.337587270864336819e+00
-3.337587270864336819e+00
-3.337587270864336819e+00
-3.320840075184692264e+00
-3.320840075184692264e+00
-3.344376729961562766e+00
-3.344376729961562766e+00
-3.344376729961562766e+00
-3.344376729961562766e+00
-3.344376729961562766e+00
-3.344376729961562766e+00
-3.354640353478163473e+00
-3.354640353478163473e+00
-3.352275769979502051e+00
-3.288900419129467956e+00
-3.288900419129467956e+00
-3.320414523093695447e+00
-3.545460919805055955e+00
-3.545460919805055955e+00
-3.545460919805055955e+00
-3.525593996503840533e+00
-3.525593996503840533e+00
-3.525593996503840533e+00
-3.525593996503840533e+00
-3.525593996503840533e+00
-3.532664497769357315e+00
-3.532664497769357315e+00
-3.534319295937882632e+00
-3.534319295937882632e+00
-3.534319295937882632e+00
-3.501705184265486714e+00
-3.528474165878149993e+00
-3.528474165878149993e+00
-3.528474165878149993e+00
-3.528474165878149993e+00
-3.317713281620528587e+00
-3.317633048982054689e+00
-3.317633048982054689e+00
-3.317633048982054689e+00
-3.012361307672970945e+00
-3.153374728463575583e+00
-3.153374728463575583e+00
-3.153374728463575583e+00
-3.130858532557295959e+00
-3.130858532557295959e+00
-3.130858532557295959e+00
-3.266677345873976623e+00
-3.328556768297009416e+00
-3.328556768297009416e+00
-3.328556768297009416e+00
-3.347923605209554676e+00
-3.246584084476157095e+00
-3.246584084476157095e+00
-3.246584084476157095e+00
-3.272338305559030491e+00
-3.272338305559030491e+00
-3.444186360156786808e+00
-3.444186360156786808e+00
-3.444186360156786808e+00
-3.453561954243005161e+00
-3.453561954243005161e+00
-3.453561954243005161e+00
-3.447269390463600924e+00
-3.205426336474445748e+00
-3.210406458400631102e+00
-3.210406458400631102e+00
-3.210406458400631102e+00
-3.204180907109043464e+00
-3.235586742598057342e+00
-3.235669254572851816e+00
-3.235669254572851816e+00
-3.235669254572851816e+00
-3.161429219218558462e+00
-3.161429219218558462e+00
-3.161429219218558462e+00
-3.161429219218558462e+00
-3.209350213949812236e+00
-3.209350213949812236e+00
-3.209350213949812236e+00
-3.286461985134029540e+00
-3.286461985134029540e+00
-3.268760659270714797e+00
-2.874899320802998481e+00
-2.839888486989825100e+00
-2.839888486989825100e+00
-2.839888486989825100e+00
-2.839888486989825100e+00
-2.839888486989825100e+00
-3.111390037244865958e+00
-3.111390037244865958e+00
-3.141559560713758525e+00
-3.141559560713758525e+00
-2.953049557614736642e+00
-2.953049557614736642e+00
-2.953049557614736642e+00
-2.944115243040124952e+00
-3.026397232799639347e+00
-3.026397232799639347e+00
-3.026397232799639347e+00
-3.092903252085581478e+00
-3.092903252085581478e+00
-3.092903252085581478e+00
-3.092903252085581478e+00
-3.321365690140149596e+00
-3.321365690140149596e+00
-3.321365690140149596e+00
-3.321365690140149596e+00
-3.321365690140149596e+00
-3.321365690140149596e+00
-3.426549083644071736e+00
-3.426549083644071736e+00
-3.426549083644071736e+00
-3.426549083644071736e+00
-3.426549083644071736e+00
-3.422931776903783252e+00
-3.422931776903783252e+00
-3.360478417595303302e+00
-3.360478417595303302e+00
-3.360478417595303302e+00
-3.360478417595303302e+00
-3.360478417595303302e+00
-3.254805650583416643e+00
-3.254805650583416643e+00
-3.254805650583416643e+00
-3.254805650583416643e+00
-3.254805650583416643e+00
-3.254805650583416643e+00
-3.254805650583416643e+00
-3.254805650583416643e+00
-3.254805650583416643e+00
-3.273602425482259104e+00
-3.273602425482259104e+00
-3.249233812948485678e+00
-3.249233812948485678e+00
-3.249233812948485678e+00
-3.249233812948485678e+00
-3.249233812948485678e+00
-3.230642862119364356e+00
-3.128476854036232435e+00
-3.128476854036232435e+00
-3.128476854036232435e+00
-3.128476854036232435e+00
-3.128476854036232435e+00
-3.128476854036232435e+00
-3.128476854036232435e+00
-3.128476854036232435e+00
-3.128476854036232435e+00
-3.128476854036232435e+00
-3.128476854036232435e+00
-3.128476854036232435e+00
-3.128476854036232435e+00
-3.128476854036232435e+00
-3.000897841517373710e+00
-3.000897841517373710e+00
-3.000897841517373710e+00
-2.991608178410429808e+00
-2.991608178410429808e+00
-2.910608999131970354e+00
-2.910608999131970354e+00
-2.910608999131970354e+00
-2.910608999131970354e+00
-3.049804421273517807e+00
-3.049804421273517807e+00
-3.049804421273517807e+00
-2.969910948044027332e+00
-2.961796966611085047e+00
-2.961796966611085047e+00
-2.961796966611085047e+00
-2.961796966611085047e+00
-2.961796966611085047e+00
-2.957951270371504293e+00
-2.957951270371504293e+00
-2.957951270371504293e+00
-2.957951270371504293e+00
-2.957951270371504293e+00
-2.957951270371504293e+00
-2.957951270371504293e+00
-2.957951270371504293e+00
-2.957951270371504293e+00
-2.957951270371504293e+00
-2.957951270371504293e+00
-3.078913369552582768e+00
-3.078913369552582768e+00
-3.078913369552582768e+00
-3.078913369552582768e+00
-3.073151435268540510e+00
-3.073151435268540510e+00
-3.073151435268540510e+00
-3.073151435268540510e+00
-3.073151435268540510e+00
-3.073151435268540510e+00
-3.073151435268540510e+00
-3.073151435268540510e+00
-3.090313470158476683e+00
-3.158950440970250906e+00
-3.158950440970250906e+00
-3.158950440970250906e+00
-3.158950440970250906e+00
-3.158950440970250906e+00
-3.175647263317217472e+00
-3.221426593641933955e+00
-3.221426593641933955e+00
-3.225672313405724356e+00
-3.225672313405724356e+00
-3.225672313405724356e+00
-3.217507730706471669e+00
-3.217507730706471669e+00
-3.217507730706471669e+00
-3.217507730706471669e+00
-3.217507730706471669e+00
-3.073128186038073473e+00
-3.073128186038073473e+00
-3.029022800306973018e+00
-3.023119775104704754e+00
-3.023119775104704754e+00
-3.023119775104704754e+00
-3.128788439311215086e+00
-3.083143361895763324e+00
-3.083143361895763324e+00
-3.076849658448199243e+00
-3.073394184586650812e+00
-3.073394184586650812e+00
-3.077065967464994056e+00
-3.077065967464994056e+00
-3.077065967464994056e+00
-3.077065967464994056e+00
-3.077065967464994056e+00
-3.073238961783239187e+00
-3.041450197792417764e+00
-3.045353561240901730e+00
-3.045353561240901730e+00
-3.130712655032797720e+00
-3.130712655032797720e+00
-3.130712655032797720e+00
-3.130712655032797720e+00
-3.130712655032797720e+00
-3.130712655032797720e+00
-3.159925996915331936e+00
-3.159925996915331936e+00
-3.160739492048040944e+00
-3.160739492048040944e+00
-3.182468405189295080e+00
-3.146131453504981579e+00
-3.146131453504981579e+00
-3.146131453504981579e+00
-3.146131453504981579e+00
-3.146131453504981579e+00
-3.146131453504981579e+00
-3.201221188897156456e+00
-3.201221188897156456e+00
-3.201221188897156456e+00
-3.201221188897156456e+00
-3.201221188897156456e+00
-3.279152609422147258e+00
-3.242593194512974453e+00
-3.242593194512974453e+00
-3.242593194512974453e+00
-3.242593194512974453e+00
-3.199699959836999952e+00
-3.199699959836999952e+00
-3.199699959836999952e+00
-3.199699959836999952e+00
-3.199699959836999952e+00
-3.199699959836999952e+00
-3.199699959836999952e+00
-3.206347644215103987e+00
-3.206347644215103987e+00
-3.206347644215103987e+00
-3.206347644215103987e+00
-3.206347644215103987e+00
-3.206347644215103987e+00
-3.200929433848160421e+00
-3.200929433848160421e+00
-3.200929433848160421e+00
-3.200929433848160421e+00
-3.227364036822637949e+00
-3.227364036822637949e+00
-3.016800543090353504e+00
-3.016800543090353504e+00
-3.016800543090353504e+00
-3.016800543090353504e+00
-3.016800543090353504e+00
-3.016800543090353504e+00
-3.016800543090353504e+00
-3.016800543090353504e+00
-3.016800543090353504e+00
-3.030040068106715001e+00
-3.030040068106715001e+00
-3.008931362378209684e+00
-3.008931362378209684e+00
-3.008931362378209684e+00
-3.008931362378209684e+00
-3.008931362378209684e+00
-3.008931362378209684e+00
-3.231090979639931859e+00
-3.232442854011491562e+00
-3.232442854011491562e+00
-3.232442854011491562e+00
-3.232442854011491562e+00
-3.232442854011491562e+00
-3.345129594748152080e+00
-3.417367689012341447e+00
-3.417367689012341447e+00
-3.417367689012341447e+00
-3.419380798850415015e+00
-3.419168592638996529e+00
-3.415199584304488667e+00
-3.211901247159472561e+00
-3.159467622381323171e+00
-3.159467622381323171e+00
-3.158619481336546020e+00
-3.158619481336546020e+00
-3.307182291953558728e+00
-3.374378950144547140e+00
-3.374040696634617031e+00
-3.355599498201738307e+00
-3.356131495298892542e+00
-3.356131495298892542e+00
-3.356131495298892542e+00
-3.356131495298892542e+00
-3.356131495298892542e+00
-3.356131495298892542e+00
-3.356131495298892542e+00
-3.356131495298892542e+00
-3.355405298747250242e+00
-3.311891400791262985e+00
-3.312482888566376182e+00
-3.316311717717186802e+00
-3.311757603749262202e+00
-3.311757603749262202e+00
-3.311757603749262202e+00
-3.307306059915750218e+00
-3.308607333020999519e+00
-3.382723828346733796e+00
-3.285248010609847391e+00
-2.993787223932619757e+00
-2.993787223932619757e+00
-3.079763334066416558e+00
-3.079763334066416558e+00
-3.079763334066416558e+00
-3.079763334066416558e+00
-2.988501670939516242e+00
-2.988501670939516242e+00
-2.988501670939516242e+00
-2.988501670939516242e+00
-2.988501670939516242e+00
-2.988501670939516242e+00
-3.068620570531082503e+00
-3.068620570531082503e+00
-3.431482023308427554e+00
-3.385279648162666355e+00
-3.385279648162666355e+00
-3.385279648162666355e+00
-3.385279648162666355e+00
-3.385279648162666355e+00
-3.385279648162666355e+00
-3.399415408220163304e+00
-3.399415408220163304e+00
-3.399415408220163304e+00
-3.392307525838993865e+00
-3.392617971445816671e+00
-3.392617971445816671e+00
-3.333203423319537340e+00
-3.333203423319537340e+00
-3.333203423319537340e+00
-3.333203423319537340e+00
-3.333203423319537340e+00
-3.246757314036498698e+00
-3.246757314036498698e+00
-3.246757314036498698e+00
-3.352064019635347947e+00
-3.352064019635347947e+00
-3.179274143270051312e+00
-3.179274143270051312e+00
-3.176241714229547153e+00
-3.176241714229547153e+00
-2.999528188322515554e+00
-3.002059391306189706e+00
-3.002059391306189706e+00
-3.002059391306189706e+00
-3.058792756118920320e+00
-3.058792756118920320e+00
-3.112880267331066708e+00
-3.112880267331066708e+00
-3.274592341246158167e+00
-3.032882400498107422e+00
-3.032882400498107422e+00
-3.066324139188397968e+00
-3.066324139188397968e+00
-3.066324139188397968e+00
-3.006245392458388732e+00
-2.983803730849782010e+00
-2.983803730849782010e+00
-2.983803730849782010e+00
-2.994698730527100672e+00
-2.994698730527100672e+00
-2.994698730527100672e+00
-2.994698730527100672e+00
-2.883853921470860726e+00
-2.883853921470860726e+00
-2.883853921470860726e+00
-2.883853921470860726e+00
-2.883853921470860726e+00
-2.883853921470860726e+00
-2.883853921470860726e+00
-2.831061757089530673e+00
-2.831061757089530673e+00
-2.831061757089530673e+00
-2.831061757089530673e+00
-2.876698400960597368e+00
-2.876698400960597368e+00
-2.789947544411536917e+00
-2.789947544411536917e+00
-2.789947544411536917e+00
-2.789947544411536917e+00
-2.789030567409887418e+00
-2.789030567409887418e+00
-2.806074760612064622e+00
-2.902021371611673395e+00
-2.902021371611673395e+00
-2.894290546614170623e+00
-2.894290546614170623e+00
-2.894290546614170623e+00
-2.894290546614170623e+00
-2.894290546614170623e+00
-2.894290546614170623e+00
-2.863543211388086540e+00
-2.863543211388086540e+00
-2.603683599322521136e+00
-2.621058068357507764e+00
-2.621058068357507764e+00
-2.622092887046915788e+00
-2.622092887046915788e+00
-2.906482716591362703e+00
-2.906482716591362703e+00
-2.906482716591362703e+00
-2.906482716591362703e+00
-2.906482716591362703e+00
-2.882913011437848283e+00
-2.882913011437848283e+00
-2.861109108131656420e+00
-2.861109108131656420e+00
-2.861109108131656420e+00
-2.861109108131656420e+00
-2.861109108131656420e+00
-2.861109108131656420e+00
-2.924421549299250689e+00
-2.841335409685940672e+00
-2.890699452241565659e+00
-2.890699452241565659e+00
-2.890699452241565659e+00
-2.890699452241565659e+00
-2.763911369425844367e+00
-2.878717209139471933e+00
-2.878717209139471933e+00
-2.878717209139471933e+00
-2.878717209139471933e+00
-2.878717209139471933e+00
-2.878717209139471933e+00
-2.878717209139471933e+00
-2.878717209139471933e+00
-2.878717209139471933e+00
-3.024255796326733581e+00
-3.024255796326733581e+00
-3.024255796326733581e+00
-3.024255796326733581e+00
-3.024255796326733581e+00
-2.982439775995724851e+00
-2.982439775995724851e+00
-2.982439775995724851e+00
-2.982439775995724851e+00
-2.982439775995724851e+00
-2.982439775995724851e+00
-2.982439775995724851e+00
-2.982439775995724851e+00
-2.757293316419903828e+00
-2.757293316419903828e+00
-2.740960276149654984e+00
-2.740960276149654984e+00
-2.713097896904152151e+00
-2.713097896904152151e+00
-2.713097896904152151e+00
-2.713097896904152151e+00
-2.713097896904152151e+00
-2.743213855969518278e+00
-2.743213855969518278e+00
-2.743213855969518278e+00
-2.727866856591423250e+00
-2.875949183112120444e+00
-2.921950292860800324e+00
-2.921950292860800324e+00
-2.921950292860800324e+00
-2.921950292860800324e+00
-3.007748158894350876e+00
-3.007748158894350876e+00
-3.007748158894350876e+00
-3.005668492435725092e+00
-2.940363227523307366e+00
-2.940363227523307366e+00
-2.940363227523307366e+00
-2.940363227523307366e+00
-2.936019040430481120e+00
-2.936019040430481120e+00
-2.936019040430481120e+00
-2.936019040430481120e+00
-2.943671912125829682e+00
-2.912772089299918488e+00
-2.912772089299918488e+00
-2.908747009291931196e+00
-2.908747009291931196e+00
-2.908747009291931196e+00
-2.908747009291931196e+00
-2.908747009291931196e+00
-2.908940069078259416e+00
-2.908940069078259416e+00
-2.908940069078259416e+00
-2.908940069078259416e+00
-2.908940069078259416e+00
-2.888004137042831321e+00
-2.888004137042831321e+00
-2.888004137042831321e+00
-2.886213718363249470e+00
-3.078235722864563151e+00
-3.078235722864563151e+00
-3.078235722864563151e+00
-3.109572494463072712e+00
-3.109572494463072712e+00
-3.109572494463072712e+00
-3.109572494463072712e+00
-3.109572494463072712e+00
-3.109572494463072712e+00
-3.109572494463072712e+00
-3.150841474077213711e+00
-3.150841474077213711e+00
-3.150841474077213711e+00
-3.150841474077213711e+00
-3.150841474077213711e+00
-3.066607004825744998e+00
-3.066607004825744998e+00
-3.031892484734208804e+00
-3.031892484734208804e+00
-3.031892484734208804e+00
-3.031892484734208804e+00
-3.031892484734208804e+00
-3.121005189578346162e+00
-3.121005189578346162e+00
-3.121005189578346162e+00
-3.121005189578346162e+00
-3.121005189578346162e+00
-3.121005189578346162e+00
-3.134254059873621046e+00
-3.137580979166705308e+00
-3.137580979166705308e+00
-3.137580979166705308e+00
-3.132789586287839434e+00
-3.132789586287839434e+00
-3.132789586287839434e+00
-3.132789586287839434e+00
-3.132789586287839434e+00
-3.132789586287839434e+00
-3.132789586287839434e+00
-3.132789586287839434e+00
-3.132789586287839434e+00
-3.132789586287839434e+00
-3.132789586287839434e+00
-3.132789586287839434e+00
-3.132789586287839434e+00
-3.132789586287839434e+00
-3.132789586287839434e+00
-3.054663510441096186e+00
-3.054663510441096186e+00
-3.054663510441096186e+00
-3.054663510441096186e+00
-3.054663510441096186e+00
-3.054663510441096186e+00
-3.054663510441096186e+00
-3.054663510441096186e+00
-3.054663510441096186e+00
-3.023100172812350550e+00
-3.164038831371649874e+00
-3.156357467972297659e+00
-3.156357467972297659e+00
-3.156357467972297659e+00
-2.860848807923880077e+00
-2.860848807923880077e+00
-2.860848807923880077e+00
-2.860848807923880077e+00
-2.860848807923880077e+00
-2.860848807923880077e+00
-2.860848807923880077e+00
-2.860848807923880077e+00
-2.775571770239514180e+00
-2.775571770239514180e+00
-2.775571770239514180e+00
-2.719098705634559909e+00
-2.719098705634559909e+00
-2.719098705634559909e+00
-2.719098705634559909e+00
-2.719098705634559909e+00
-2.719098705634559909e+00
-2.719098705634559909e+00
-2.719098705634559909e+00
-2.719098705634559909e+00
-2.592211927556170803e+00
-2.592211927556170803e+00
-2.591855895222942685e+00
-2.591855895222942685e+00
-2.595780684432837493e+00
-2.620279675004131281e+00
-2.561917040589662520e+00
-2.557955326131379437e+00
-2.557955326131379437e+00
-2.561305038787666799e+00
-2.561305038787666799e+00
-2.561305038787666799e+00
-2.561305038787666799e+00
-2.560912992940577837e+00
-2.560912992940577837e+00
-2.560912992940577837e+00
-2.564377356213775716e+00
-2.663137807900773257e+00
-2.641067222245108592e+00
-2.641067222245108592e+00
-2.641067222245108592e+00
-2.641067222245108592e+00
-2.642846244243089338e+00
-2.743721464168045188e+00
-2.743721464168045188e+00
-2.735308661743514058e+00
-2.784755672141197014e+00
-2.696552650422484376e+00
-2.696552650422484376e+00
-2.696552650422484376e+00
-2.696552650422484376e+00
-2.696552650422484376e+00
-2.696552650422484376e+00
-2.765855871240677555e+00
-2.765855871240677555e+00
-2.765855871240677555e+00
-2.765346895440358388e+00
-2.765346895440358388e+00
-2.788755223582397136e+00
-2.788755223582397136e+00
-2.788755223582397136e+00
-2.788755223582397136e+00
-2.788755223582397136e+00
-2.787904575267667440e+00
-2.787904575267667440e+00
-2.777342358693109858e+00
-2.777342358693109858e+00
-2.777342358693109858e+00
-2.777342358693109858e+00
-2.932671379176881921e+00
-2.932671379176881921e+00
-2.932671379176881921e+00
-2.931629494544880643e+00
-2.940913459311023992e+00
-2.940913459311023992e+00
-2.940913459311023992e+00
-2.940913459311023992e+00
-2.940913459311023992e+00
-2.940913459311023992e+00
-2.851873237361871372e+00
-2.812789685411617224e+00
-2.812789685411617224e+00
-2.812789685411617224e+00
-2.812789685411617224e+00
-2.812789685411617224e+00
-2.815188686888714820e+00
-2.806339847426113643e+00
-2.806339847426113643e+00
-2.806339847426113643e+00
-2.806339847426113643e+00
-2.938409836296825173e+00
-2.938409836296825173e+00
-2.938409836296825173e+00
-2.938409836296825173e+00
-2.938409836296825173e+00
-2.938409836296825173e+00
-2.938409836296825173e+00
-2.938409836296825173e+00
-2.938409836296825173e+00
-2.938409836296825173e+00
-2.938409836296825173e+00
-2.938409836296825173e+00
-2.912517487432942698e+00
-3.020949391060531841e+00
-3.020949391060531841e+00
-3.019988878735164750e+00
-3.019988878735164750e+00
-3.019988878735164750e+00
-2.919607135123549746e+00
-2.919607135123549746e+00
-2.908098766042443106e+00
-2.910734134695953657e+00
-2.910734134695953657e+00
-2.910734134695953657e+00
-2.910734134695953657e+00
-2.909936139050222970e+00
-2.909936139050222970e+00
-2.909936139050222970e+00
-2.909936139050222970e+00
-2.909936139050222970e+00
-3.018031384703305786e+00
-2.986154410396889336e+00
-2.986154410396889336e+00
-2.986154410396889336e+00
-2.985624692636055677e+00
-2.987943005607414992e+00
-2.987943005607414992e+00
-2.987943005607414992e+00
-2.987943005607414992e+00
-3.001761026181864356e+00
-3.105572259220976683e+00
-3.105572259220976683e+00
-3.130085837544720029e+00
-3.150311756316380052e+00
-3.150311756316380052e+00
-3.150311756316380052e+00
-3.089564708177263697e+00
-3.089564708177263697e+00
-3.089564708177263697e+00
-3.089564708177263697e+00
-3.089564708177263697e+00
-3.089564708177263697e+00
-3.089564708177263697e+00
-3.089564708177263697e+00
-3.061516790955289835e+00
-3.061516790955289835e+00
-3.061516790955289835e+00
-3.062235693630706912e+00
-3.055247248472720667e+00
-3.055247248472720667e+00
-3.055247248472720667e+00
-3.055247248472720667e+00
-3.062170960479210891e+00
-3.062170960479210891e+00
-3.062170960479210891e+00
-3.062170960479210891e+00
-3.062170960479210891e+00
-3.062170960479210891e+00
-3.078811711152698471e+00
-3.078811711152698471e+00
-3.078811711152698471e+00
-3.078811711152698471e+00
-3.080490214418954320e+00
-3.062070669681118407e+00
-3.049875536566710288e+00
-3.050058795206861184e+00
-2.924994574450169971e+00
-2.924994574450169971e+00
-2.924994574450169971e+00
-2.924994574450169971e+00
-2.924994574450169971e+00
-2.924994574450169971e+00
-2.879103556645759898e+00
-2.879103556645759898e+00
-2.879103556645759898e+00
-2.879103556645759898e+00
-2.879103556645759898e+00
-2.879103556645759898e+00
-2.661287214742335649e+00
-2.773522191020316274e+00
-2.777338255887733531e+00
-2.857031603388302976e+00
-2.857031603388302976e+00
-2.857031603388302976e+00
-2.517048760992163015e+00
-2.517048760992163015e+00
-2.517048760992163015e+00
-2.517048760992163015e+00
-2.840403161130945264e+00
-2.840403161130945264e+00
-2.840403161130945264e+00
-2.660358157258188694e+00
-2.659964971742939888e+00
-2.659964971742939888e+00
-2.655697826217738644e+00
-2.736752849236045115e+00
-2.736752849236045115e+00
-2.741659804466349382e+00
-2.741659804466349382e+00
-2.741659804466349382e+00
-2.786956371358430218e+00
-2.786956371358430218e+00
-2.786956371358430218e+00
-2.786956371358430218e+00
-2.861405649786925132e+00
-2.861405649786925132e+00
-2.861405649786925132e+00
-2.861405649786925132e+00
-3.034687862797403213e+00
-3.034687862797403213e+00
-3.036287956894241802e+00
-3.036287956894241802e+00
-3.036287956894241802e+00
-3.036287956894241802e+00
-3.021216529277269025e+00
-2.996476612856921129e+00
-2.994893613782485087e+00
-2.963284689427333696e+00
-2.963284689427333696e+00
-2.963284689427333696e+00
-2.963284689427333696e+00
-2.900330331995655708e+00
-2.900330331995655708e+00
-2.900330331995655708e+00
-2.963383156756369985e+00
-2.963383156756369985e+00
-2.968466760551496275e+00
-2.968466760551496275e+00
-2.968466760551496275e+00
-2.968466760551496275e+00
-2.968466760551496275e+00
-2.968466760551496275e+00
-2.968466760551496275e+00
-2.968466760551496275e+00
-2.968466760551496275e+00
-3.075520349506210227e+00
-3.075520349506210227e+00
-3.075520349506210227e+00
-3.075520349506210227e+00
-3.075520349506210227e+00
-3.075520349506210227e+00
-3.109038445963230313e+00
-3.109038445963230313e+00
-3.109038445963230313e+00
-2.922956163978941202e+00
-3.104291500142609905e+00
-2.777346689432118598e+00
-2.777346689432118598e+00
-2.777346689432118598e+00
-2.777346689432118598e+00
-2.802432837039516844e+00
-2.802432837039516844e+00
-2.802432837039516844e+00
-2.802432837039516844e+00
-2.793790277513901188e+00
-2.793790277513901188e+00
-2.793790277513901188e+00
-2.793790277513901188e+00
-2.793790277513901188e+00
-2.793790277513901188e+00
-2.793790277513901188e+00
-2.779170842289240717e+00
-2.779170842289240717e+00
-2.779170842289240717e+00
-2.779170842289240717e+00
-2.779170842289240717e+00
-2.779170842289240717e+00
-2.779170842289240717e+00
-2.779170842289240717e+00
-2.779170842289240717e+00
-2.779170842289240717e+00
-2.732334355779177049e+00
-2.732334355779177049e+00
-2.732334355779177049e+00
-2.732334355779177049e+00
-2.736169339138052603e+00
-2.736169339138052603e+00
-2.736169339138052603e+00
-2.736169339138052603e+00
-2.736169339138052603e+00
-2.736169339138052603e+00
-2.715110778808593750e+00
-2.715110778808593750e+00
-2.715110778808593750e+00
-2.715110778808593750e+00
-2.715110778808593750e+00
-2.715110778808593750e+00
-2.715110778808593750e+00
-2.715110778808593750e+00
-2.715110778808593750e+00
-2.715110778808593750e+00
-2.715110778808593750e+00
-2.715110778808593750e+00
-2.715110778808593750e+00
-2.715110778808593750e+00
-2.715110778808593750e+00
-2.732363303350444639e+00
-2.732363303350444639e+00
-2.732363303350444639e+00
-2.732363303350444639e+00
-2.934234775958963759e+00
-2.934234775958963759e+00
-2.934234775958963759e+00
-2.769327300456468244e+00
-2.744792296371314055e+00
-2.593320824675988234e+00
-2.593320824675988234e+00
-2.559634513198531636e+00
-2.559634513198531636e+00
-2.771332888484684620e+00
-2.771332888484684620e+00
-2.771332888484684620e+00
-2.771332888484684620e+00
-2.771332888484684620e+00
-2.771332888484684620e+00
-2.771332888484684620e+00
-2.771332888484684620e+00
-2.771332888484684620e+00
-2.864482297952042789e+00
-2.864482297952042789e+00
-2.994534162444776548e+00
-2.994534162444776548e+00
-2.852619947940395750e+00
-2.852619947940395750e+00
-2.852619947940395750e+00
-2.852447858048214435e+00
-2.955975769582715351e+00
-2.955975769582715351e+00
-2.957037940307967183e+00
-2.913176899430400812e+00
-2.913176899430400812e+00
-2.913176899430400812e+00
-2.929429251194911821e+00
-2.929429251194911821e+00
-2.822024872380506366e+00
-2.963565503661992562e+00
-2.963565503661992562e+00
-2.877672589303886141e+00
-2.877672589303886141e+00
-2.877672589303886141e+00
-2.877672589303886141e+00
-2.877672589303886141e+00
-2.877672589303886141e+00
-2.877672589303886141e+00
-2.877672589303886141e+00
-2.877672589303886141e+00
-2.877672589303886141e+00
-2.858374360414581261e+00
-2.858374360414581261e+00
-2.812060981590022823e+00
-2.797888980085033506e+00
-2.797888980085033506e+00
-2.927053498948281263e+00
-2.927053498948281263e+00
-2.927053498948281263e+00
-2.927053498948281263e+00
-2.927053498948281263e+00
-2.927053498948281263e+00
-2.927053498948281263e+00
-2.927053498948281263e+00
-2.927053498948281263e+00
-2.927053498948281263e+00
-2.927053498948281263e+00
-2.927053498948281263e+00
-2.927053498948281263e+00
-2.822607014876706621e+00
-2.822604735540386045e+00
-2.822604735540386045e+00
-2.822604735540386045e+00
-2.822604735540386045e+00
-2.822604735540386045e+00
-2.781863878151654479e+00
-2.781863878151654479e+00
-2.781863878151654479e+00
-2.781863878151654479e+00
-2.781863878151654479e+00
-2.785474118949350153e+00
-2.785474118949350153e+00
-2.764947099849781154e+00
-2.731982654184957671e+00
-2.731982654184957671e+00
-2.731982654184957671e+00
-2.717927810566830971e+00
-2.717927810566830971e+00
-2.715406864596598524e+00
-2.851313432361609834e+00
-2.851313432361609834e+00
-2.851313432361609834e+00
-2.858779398478695555e+00
-2.858779398478695555e+00
-2.963322982277514228e+00
-2.963322982277514228e+00
-2.963322982277514228e+00
-2.976123735052221608e+00
-2.885531513002588699e+00
-2.885531513002588699e+00
-2.885531513002588699e+00
-2.885531513002588699e+00
-2.885531513002588699e+00
-2.802666013145081791e+00
-2.802666013145081791e+00
-2.802666013145081791e+00
-2.821603651028518289e+00
-2.821603651028518289e+00
-2.821603651028518289e+00
-2.821603651028518289e+00
-2.821603651028518289e+00
-2.821603651028518289e+00
-2.802961187198558690e+00
