# Variable: dg_gbsa_00000193
# Sample shape: (2000,)
# Date: 2014-03-03 06:24:05.861525
-8.361785749176491311e-01
-2.267499726771396329e+00
-2.267499726771396329e+00
-2.267499726771396329e+00
-2.267499726771396329e+00
-2.089326969752120178e+00
-2.089326969752120178e+00
-1.992887338306434275e+00
-1.992887338306434275e+00
-1.992887338306434275e+00
-1.992887338306434275e+00
-1.992887338306434275e+00
-2.243587209435311536e+00
-2.243587209435311536e+00
-2.243587209435311536e+00
-2.273386112818526428e+00
-2.273386112818526428e+00
-2.273382010013149657e+00
-2.273382010013149657e+00
-2.273382010013149657e+00
-2.273386112818526428e+00
-2.273386112818526428e+00
-2.273386112818526428e+00
-2.283174038845083853e+00
-2.283174038845083853e+00
-2.283174038845083853e+00
-2.283174038845083853e+00
-2.283174038845083853e+00
-2.283174038845083853e+00
-2.283174038845083853e+00
-2.241335453084504437e+00
-2.241335453084504437e+00
-2.241335453084504437e+00
-2.317579252997957973e+00
-2.317579252997957973e+00
-2.317579252997957973e+00
-2.317579252997957973e+00
-2.317579252997957973e+00
-2.317579252997957973e+00
-2.317579252997957973e+00
-2.317579252997957973e+00
-2.263373900098053060e+00
-2.263373900098053060e+00
-2.165645987764143410e+00
-2.165645987764143410e+00
-2.159290742235931315e+00
-2.294886636460488294e+00
-2.294886636460488294e+00
-2.294886636460488294e+00
-2.294886636460488294e+00
-2.294886636460488294e+00
-2.165008685328992044e+00
-2.165008685328992044e+00
-2.408588821527834600e+00
-2.408588821527834600e+00
-2.408588821527834600e+00
-2.413217925660696483e+00
-2.413217925660696483e+00
-2.975498285165936174e+00
-2.975498285165936174e+00
-2.802242512456773582e+00
-2.802242512456773582e+00
-2.802310664612750024e+00
-2.802315679152654671e+00
-2.802315679152654671e+00
-2.802315679152654671e+00
-2.802315679152654671e+00
-2.802315679152654671e+00
-2.792494930683084853e+00
-2.792494930683084853e+00
-2.792494930683084853e+00
-2.652469146320058258e+00
-2.652469146320058258e+00
-2.438052890405600248e+00
-2.438052890405600248e+00
-2.438052890405600248e+00
-2.438052890405600248e+00
-2.438052890405600248e+00
-2.438052890405600248e+00
-2.657834020217107796e+00
-2.657834020217107796e+00
-2.657834020217107796e+00
-2.805370217755465134e+00
-2.805370217755465134e+00
-2.805370217755465134e+00
-2.810253923755302807e+00
-2.810253923755302807e+00
-2.810253923755302807e+00
-2.810253923755302807e+00
-2.772960106683734605e+00
-2.772960106683734605e+00
-2.772960106683734605e+00
-2.744870477607099790e+00
-2.744870477607099790e+00
-2.744870477607099790e+00
-2.744870477607099790e+00
-2.738776216087559945e+00
-2.738776216087559945e+00
-2.738776216087559945e+00
-2.738776216087559945e+00
-2.738776216087559945e+00
-2.738776216087559945e+00
-2.718704152517519290e+00
-2.718704152517519290e+00
-2.718704152517519290e+00
-2.718704152517519290e+00
-2.718704152517519290e+00
-2.718704152517519290e+00
-2.718704152517519290e+00
-2.718704152517519290e+00
-2.718704152517519290e+00
-2.718704152517519290e+00
-2.718704152517519290e+00
-2.718704152517519290e+00
-2.718704152517519290e+00
-2.718704152517519290e+00
-2.718704152517519290e+00
-2.718704152517519290e+00
-2.718704152517519290e+00
-2.718704152517519290e+00
-2.718704152517519290e+00
-2.718704152517519290e+00
-2.718704152517519290e+00
-2.718704152517519290e+00
-2.718704152517519290e+00
-2.718704152517519290e+00
-2.718704152517519290e+00
-2.718704152517519290e+00
-2.428404915629107652e+00
-2.428404915629107652e+00
-2.428404915629107652e+00
-2.428404915629107652e+00
-2.428404915629107652e+00
-2.428404915629107652e+00
-2.428404915629107652e+00
-2.428404915629107652e+00
-2.428404915629107652e+00
-2.428404915629107652e+00
-2.753162475206655913e+00
-2.753162475206655913e+00
-2.374178136967791897e+00
-2.374178136967791897e+00
-2.374178136967791897e+00
-2.374178136967791897e+00
-2.374178136967791897e+00
-2.374178136967791897e+00
-2.374178136967791897e+00
-2.374178136967791897e+00
-2.374178136967791897e+00
-2.374178136967791897e+00
-2.374178136967791897e+00
-2.374178136967791897e+00
-2.374178136967791897e+00
-2.374178136967791897e+00
-2.374178136967791897e+00
-2.374178136967791897e+00
-2.374178136967791897e+00
-2.374178136967791897e+00
-2.374178136967791897e+00
-2.374178136967791897e+00
-2.374178136967791897e+00
-2.315980298569279672e+00
-2.315980298569279672e+00
-2.315980298569279672e+00
-2.315980298569279672e+00
-2.315980298569279672e+00
-2.492311351841767664e+00
-2.492311351841767664e+00
-2.492311351841767664e+00
-2.492311351841767664e+00
-2.624114658363006836e+00
-2.624114658363006836e+00
-2.624114658363006836e+00
-2.624114658363006836e+00
-2.624114658363006836e+00
-2.624114658363006836e+00
-2.624114658363006836e+00
-2.624114658363006836e+00
-2.624114658363006836e+00
-2.624114658363006836e+00
-2.624114658363006836e+00
-2.624114658363006836e+00
-2.624114658363006836e+00
-2.624114658363006836e+00
-2.624114658363006836e+00
-2.624114658363006836e+00
-2.624114658363006836e+00
-2.624114658363006836e+00
-2.624114658363006836e+00
-2.624114658363006836e+00
-2.624114658363006836e+00
-2.624114658363006836e+00
-2.624114658363006836e+00
-2.624114658363006836e+00
-2.624114658363006836e+00
-2.624114658363006836e+00
-2.624114658363006836e+00
-2.624114658363006836e+00
-2.624114658363006836e+00
-2.624114658363006836e+00
-2.624114658363006836e+00
-2.625763530257099188e+00
-2.625763530257099188e+00
-2.625763530257099188e+00
-2.625763530257099188e+00
-2.625763530257099188e+00
-2.625763530257099188e+00
-2.625763530257099188e+00
-2.625763530257099188e+00
-2.652763864506270775e+00
-2.652763864506270775e+00
-2.652763864506270775e+00
-2.652763864506270775e+00
-2.652763864506270775e+00
-2.380895569037297044e+00
-2.380895569037297044e+00
-2.473896593710204428e+00
-2.473896593710204428e+00
-2.473896593710204428e+00
-2.473896593710204428e+00
-2.473896593710204428e+00
-2.473896593710204428e+00
-2.473896593710204428e+00
-2.473896593710204428e+00
-2.473896593710204428e+00
-2.473896593710204428e+00
-2.473896593710204428e+00
-2.473896593710204428e+00
-2.473896593710204428e+00
-2.473896593710204428e+00
-2.473896593710204428e+00
-2.641651416143997011e+00
-2.641651416143997011e+00
-2.641651416143997011e+00
-2.641651416143997011e+00
-2.641651416143997011e+00
-2.641651416143997011e+00
-2.641651416143997011e+00
-2.641651416143997011e+00
-2.641651416143997011e+00
-2.641651416143997011e+00
-2.641651416143997011e+00
-2.641651416143997011e+00
-2.641651416143997011e+00
-2.641651416143997011e+00
-2.641651416143997011e+00
-2.641651416143997011e+00
-2.641651416143997011e+00
-2.641651416143997011e+00
-2.641651416143997011e+00
-2.641651416143997011e+00
-2.641651416143997011e+00
-2.641651416143997011e+00
-2.641651416143997011e+00
-2.641651416143997011e+00
-2.641651416143997011e+00
-2.641651416143997011e+00
-2.641651416143997011e+00
-2.641651416143997011e+00
-2.641651416143997011e+00
-2.590844553697633224e+00
-2.590844553697633224e+00
-2.590844553697633224e+00
-2.590844553697633224e+00
-2.590844553697633224e+00
-2.590844553697633224e+00
-2.590844553697633224e+00
-2.590844553697633224e+00
-2.590844553697633224e+00
-2.800317385000662629e+00
-2.800317385000662629e+00
-2.448928515724196675e+00
-2.448928515724196675e+00
-2.448928515724196675e+00
-2.448928515724196675e+00
-2.448928515724196675e+00
-2.340719987055995155e+00
-2.340719987055995155e+00
-2.340719987055995155e+00
-2.340719987055995155e+00
-2.340719987055995155e+00
-2.340719987055995155e+00
-2.340719987055995155e+00
-2.340719987055995155e+00
-2.340719987055995155e+00
-2.588292836687076992e+00
-2.503011696197334768e+00
-2.503011696197334768e+00
-2.503011696197334768e+00
-2.417001623952365730e+00
-2.417001623952365730e+00
-2.417001623952365730e+00
-2.417001623952365730e+00
-2.417001623952365730e+00
-2.417001623952365730e+00
-2.417001623952365730e+00
-2.417001623952365730e+00
-2.417001623952365730e+00
-2.417001623952365730e+00
-2.438291536918333779e+00
-2.438291536918333779e+00
-2.438291536918333779e+00
-2.438291536918333779e+00
-2.438291536918333779e+00
-2.438291536918333779e+00
-2.248929973770053881e+00
-2.248929973770053881e+00
-2.248929973770053881e+00
-2.248929973770053881e+00
-2.248929973770053881e+00
-2.248929973770053881e+00
-2.460068316122313803e+00
-2.460068316122313803e+00
-2.460068316122313803e+00
-2.460068316122313803e+00
-2.460068316122313803e+00
-2.460068316122313803e+00
-2.460068316122313803e+00
-2.460068316122313803e+00
-2.583154072952999591e+00
-2.583154072952999591e+00
-2.583154072952999591e+00
-2.583154072952999591e+00
-2.583154072952999591e+00
-2.583154072952999591e+00
-2.478681832381005812e+00
-2.478681832381005812e+00
-2.478681832381005812e+00
-2.478681832381005812e+00
-2.478681832381005812e+00
-2.478681832381005812e+00
-2.478681832381005812e+00
-2.478681832381005812e+00
-2.478681832381005812e+00
-2.478681832381005812e+00
-2.478681832381005812e+00
-2.478681832381005812e+00
-2.478681832381005812e+00
-2.478681832381005812e+00
-2.551410895688583924e+00
-2.622565165532478648e+00
-2.622565165532478648e+00
-2.622565165532478648e+00
-2.622565165532478648e+00
-2.622565165532478648e+00
-2.622565165532478648e+00
-2.622565165532478648e+00
-3.083312488650728600e+00
-3.083312488650728600e+00
-3.083312488650728600e+00
-2.656548702466100309e+00
-2.656548702466100309e+00
-2.656548702466100309e+00
-2.656548702466100309e+00
-2.656548702466100309e+00
-2.656548702466100309e+00
-2.656548702466100309e+00
-2.656548702466100309e+00
-2.649809160834288413e+00
-2.662189831925167560e+00
-2.662189831925167560e+00
-2.662189831925167560e+00
-2.662189831925167560e+00
-2.662189831925167560e+00
-2.662189831925167560e+00
-2.504847245736057992e+00
-2.504847245736057992e+00
-2.504847245736057992e+00
-2.504847245736057992e+00
-2.504847245736057992e+00
-2.504847245736057992e+00
-2.504847245736057992e+00
-2.504847245736057992e+00
-2.504847245736057992e+00
-2.504847245736057992e+00
-2.504847245736057992e+00
-2.504847245736057992e+00
-2.504847245736057992e+00
-2.504847245736057992e+00
-2.504847245736057992e+00
-2.504847245736057992e+00
-2.504847245736057992e+00
-2.504847245736057992e+00
-2.504847245736057992e+00
-2.504847245736057992e+00
-2.504847245736057992e+00
-2.504847245736057992e+00
-2.504847245736057992e+00
-2.504847245736057992e+00
-2.504847245736057992e+00
-3.107001403093793801e+00
-3.107001403093793801e+00
-3.107001403093793801e+00
-3.107001403093793801e+00
-2.699439657805754678e+00
-2.831764020609810029e+00
-2.831764020609810029e+00
-2.831764020609810029e+00
-2.796444792592502449e+00
-2.837497235256216666e+00
-2.837497235256216666e+00
-2.837497235256216666e+00
-2.837497235256216666e+00
-2.837497235256216666e+00
-2.856305406836660676e+00
-2.856305406836660676e+00
-2.856305406836660676e+00
-2.766068989186623917e+00
-2.766068989186623917e+00
-2.766068989186623917e+00
-2.766068989186623917e+00
-2.766068989186623917e+00
-2.766068989186623917e+00
-2.766068989186623917e+00
-2.766068989186623917e+00
-2.766068989186623917e+00
-2.766068989186623917e+00
-2.766068989186623917e+00
-2.766068989186623917e+00
-2.766068989186623917e+00
-2.766068989186623917e+00
-2.766068989186623917e+00
-2.766068989186623917e+00
-2.766068989186623917e+00
-2.766068989186623917e+00
-2.766068989186623917e+00
-2.766068989186623917e+00
-2.766068989186623917e+00
-2.766068989186623917e+00
-2.766068989186623917e+00
-2.766068989186623917e+00
-2.766068989186623917e+00
-2.766068989186623917e+00
-2.766068989186623917e+00
-2.766068989186623917e+00
-2.766068989186623917e+00
-2.766068989186623917e+00
-2.766068989186623917e+00
-2.766068989186623917e+00
-2.766068989186623917e+00
-2.766068989186623917e+00
-2.766068989186623917e+00
-2.766068989186623917e+00
-2.683399512252661712e+00
-2.683399512252661712e+00
-2.717266803033949074e+00
-2.717266803033949074e+00
-2.717266803033949074e+00
-2.717266803033949074e+00
-2.717266803033949074e+00
-2.717266803033949074e+00
-2.717266803033949074e+00
-2.717266803033949074e+00
-2.717266803033949074e+00
-2.717266803033949074e+00
-2.717266803033949074e+00
-2.717266803033949074e+00
-2.717266803033949074e+00
-2.717266803033949074e+00
-2.886449401738766518e+00
-2.886449401738766518e+00
-2.886449401738766518e+00
-2.886449401738766518e+00
-2.886449401738766518e+00
-2.886449401738766518e+00
-2.886449401738766518e+00
-2.886449401738766518e+00
-2.886449401738766518e+00
-2.830213388111121553e+00
-2.830213388111121553e+00
-2.830213388111121553e+00
-2.830213388111121553e+00
-2.830213388111121553e+00
-2.830213388111121553e+00
-2.830213388111121553e+00
-2.830213388111121553e+00
-2.830213388111121553e+00
-2.830213388111121553e+00
-2.830213388111121553e+00
-2.830213388111121553e+00
-2.830213388111121553e+00
-2.830213388111121553e+00
-2.830213388111121553e+00
-2.830213388111121553e+00
-2.769883458518616948e+00
-2.769883458518616948e+00
-2.769883458518616948e+00
-2.769883458518616948e+00
-2.769883458518616948e+00
-2.735710964604043838e+00
-2.735710964604043838e+00
-2.594391656879257102e+00
-2.594391656879257102e+00
-2.594391656879257102e+00
-2.594391656879257102e+00
-2.594391656879257102e+00
-2.594391656879257102e+00
-2.594391656879257102e+00
-2.594391656879257102e+00
-2.594391656879257102e+00
-2.594391656879257102e+00
-2.823244773179121481e+00
-2.672873765059228468e+00
-2.672873765059228468e+00
-2.672873765059228468e+00
-2.672873765059228468e+00
-2.672873765059228468e+00
-2.672873765059228468e+00
-2.672873765059228468e+00
-2.672873765059228468e+00
-2.672873765059228468e+00
-2.672873765059228468e+00
-2.190410748950382125e+00
-2.672867382917531565e+00
-2.672867382917531565e+00
-2.517786126291774451e+00
-2.675996455818015818e+00
-2.675996455818015818e+00
-2.675996455818015818e+00
-2.675996455818015818e+00
-2.675996455818015818e+00
-2.675996455818015818e+00
-2.675996455818015818e+00
-2.675996455818015818e+00
-2.675996455818015818e+00
-2.675996455818015818e+00
-2.675412945720023306e+00
-2.675480642008735810e+00
-2.675480642008735810e+00
-2.675480642008735810e+00
-2.675480642008735810e+00
-2.675996455818015818e+00
-2.675996455818015818e+00
-2.675996455818015818e+00
-2.675996455818015818e+00
-2.675996455818015818e+00
-2.675996455818015818e+00
-2.675996455818015818e+00
-2.675996455818015818e+00
-2.675996455818015818e+00
-2.675996455818015818e+00
-2.675996455818015818e+00
-2.675996455818015818e+00
-2.675996455818015818e+00
-2.675996455818015818e+00
-2.675996455818015818e+00
-2.675971611052124555e+00
-2.675971611052124555e+00
-2.675971611052124555e+00
-2.675971611052124555e+00
-2.675971611052124555e+00
-2.675971611052124555e+00
-2.675971611052124555e+00
-2.675971611052124555e+00
-2.649392270221309076e+00
-2.649392270221309076e+00
-2.640065453932344486e+00
-2.640065453932344486e+00
-2.640065453932344486e+00
-2.640065453932344486e+00
-2.640065453932344486e+00
-2.640065453932344486e+00
-2.640065453932344486e+00
-2.675136918091637117e+00
-2.675136918091637117e+00
-2.608430545143141988e+00
-2.608430545143141988e+00
-2.608430545143141988e+00
-2.608430545143141988e+00
-2.608430545143141988e+00
-2.608233154617805472e+00
-2.608233154617805472e+00
-2.608233154617805472e+00
-2.608233154617805472e+00
-2.608233154617805472e+00
-2.608233154617805472e+00
-2.608233154617805472e+00
-2.608233154617805472e+00
-2.608233154617805472e+00
-2.608233154617805472e+00
-2.608233154617805472e+00
-2.608233154617805472e+00
-2.507957400145083948e+00
-2.507922070432119455e+00
-2.507922070432119455e+00
-2.507922070432119455e+00
-2.507922070432119455e+00
-2.507922070432119455e+00
-2.507922070432119455e+00
-2.508191715918808740e+00
-2.508191715918808740e+00
-2.508191715918808740e+00
-2.508191715918808740e+00
-2.508191715918808740e+00
-2.508191715918808740e+00
-2.508191715918808740e+00
-2.508191715918808740e+00
-2.508191715918808740e+00
-2.657901716505819856e+00
-2.657901716505819856e+00
-2.657901716505819856e+00
-2.657901716505819856e+00
-2.657901716505819856e+00
-2.657901716505819856e+00
-2.657901716505819856e+00
-2.657901716505819856e+00
-2.657901716505819856e+00
-2.657901716505819856e+00
-2.657901716505819856e+00
-2.657901716505819856e+00
-2.657901716505819856e+00
-2.657901716505819856e+00
-2.657901716505819856e+00
-2.657901716505819856e+00
-2.657901716505819856e+00
-2.657901716505819856e+00
-2.657901716505819856e+00
-2.657883253881625940e+00
-2.630089254725731518e+00
-2.861586629090755896e+00
-2.861586629090755896e+00
-2.861586629090755896e+00
-2.814318436281630920e+00
-2.814318436281630920e+00
-2.814318436281630920e+00
-2.814318436281630920e+00
-2.814318436281630920e+00
-2.814318436281630920e+00
-2.814318436281630920e+00
-2.814318436281630920e+00
-2.814318436281630920e+00
-2.814318436281630920e+00
-2.814318436281630920e+00
-2.814318436281630920e+00
-2.814318436281630920e+00
-2.813040184473216243e+00
-2.813040184473216243e+00
-2.813040184473216243e+00
-2.813040184473216243e+00
-2.813040184473216243e+00
-2.813040184473216243e+00
-2.813040184473216243e+00
-2.813040184473216243e+00
-2.773629547761001568e+00
-2.773629547761001568e+00
-2.773629547761001568e+00
-2.773629547761001568e+00
-2.773629547761001568e+00
-2.773629547761001568e+00
-2.774088834029538653e+00
-2.774088834029538653e+00
-2.774088834029538653e+00
-2.774088834029538653e+00
-2.774088834029538653e+00
-2.774088834029538653e+00
-2.774088834029538653e+00
-2.774088834029538653e+00
-2.774088834029538653e+00
-2.774088834029538653e+00
-2.774088834029538653e+00
-2.774088834029538653e+00
-2.774088834029538653e+00
-2.774088834029538653e+00
-2.774088834029538653e+00
-2.774088834029538653e+00
-2.774088834029538653e+00
-2.774088834029538653e+00
-2.774088834029538653e+00
-2.774088834029538653e+00
-2.774088834029538653e+00
-2.774088834029538653e+00
-2.774088834029538653e+00
-2.774088834029538653e+00
-2.774088834029538653e+00
-2.774094988237603143e+00
-2.774094988237603143e+00
-2.774094988237603143e+00
-2.774094988237603143e+00
-2.774094988237603143e+00
-2.391862139875072568e+00
-2.391862139875072568e+00
-2.391862139875072568e+00
-2.391862139875072568e+00
-2.391862139875072568e+00
-2.391862139875072568e+00
-2.391862139875072568e+00
-2.391862139875072568e+00
-2.391862139875072568e+00
-2.391862139875072568e+00
-2.613801801181887985e+00
-2.613801801181887985e+00
-2.613801801181887985e+00
-2.613801801181887985e+00
-2.613801801181887985e+00
-2.613801801181887985e+00
-2.613801801181887985e+00
-2.613801801181887985e+00
-2.613801801181887985e+00
-2.613801801181887985e+00
-2.613801801181887985e+00
-2.613801801181887985e+00
-2.613801801181887985e+00
-2.613801801181887985e+00
-2.613801801181887985e+00
-2.706266270085000869e+00
-2.706266270085000869e+00
-2.706266270085000869e+00
-2.706266270085000869e+00
-2.706266270085000869e+00
-2.706266270085000869e+00
-2.706266270085000869e+00
-2.706266270085000869e+00
-2.706266270085000869e+00
-2.706266270085000869e+00
-2.706266270085000869e+00
-2.706266270085000869e+00
-2.706266270085000869e+00
-2.706266270085000869e+00
-2.706266270085000869e+00
-2.706266270085000869e+00
-2.409157971807009080e+00
-2.409157971807009080e+00
-2.409157971807009080e+00
-2.409157971807009080e+00
-2.409157971807009080e+00
-2.409157971807009080e+00
-2.409157971807009080e+00
-2.409157971807009080e+00
-2.409157971807009080e+00
-2.409157971807009080e+00
-2.409157971807009080e+00
-2.409157971807009080e+00
-2.409157971807009080e+00
-2.409157971807009080e+00
-2.528902677459424986e+00
-2.528902677459424986e+00
-2.528902677459424986e+00
-2.528784379904402080e+00
-2.528892420445983724e+00
-2.529000005120300987e+00
-2.529000005120300987e+00
-2.529000005120300987e+00
-2.529000005120300987e+00
-2.529000005120300987e+00
-2.324159469020981916e+00
-2.324159469020981916e+00
-2.324159469020981916e+00
-2.324159469020981916e+00
-2.324159469020981916e+00
-2.324159469020981916e+00
-2.324159469020981916e+00
-2.346926391922492972e+00
-2.346926391922492972e+00
-2.346926391922492972e+00
-2.346926391922492972e+00
-2.346926391922492972e+00
-2.346926391922492972e+00
-2.408380034320896979e+00
-2.404588586285738572e+00
-2.404588586285738572e+00
-2.404588586285738572e+00
-2.404588586285738572e+00
-2.404588586285738572e+00
-2.404588586285738572e+00
-2.404588586285738572e+00
-2.404588586285738572e+00
-2.462509713254968702e+00
-2.462509713254968702e+00
-2.462509713254968702e+00
-2.462509713254968702e+00
-2.462509713254968702e+00
-2.462509713254968702e+00
-2.462509713254968702e+00
-2.462509713254968702e+00
-2.462509713254968702e+00
-2.462509713254968702e+00
-2.755988852243806075e+00
-2.755988852243806075e+00
-2.755988852243806075e+00
-2.755988852243806075e+00
-2.755988852243806075e+00
-2.755988852243806075e+00
-2.755988852243806075e+00
-2.652709844235480396e+00
-2.652709844235480396e+00
-2.512122431403136069e+00
-2.512122431403136069e+00
-2.512122431403136069e+00
-2.512122431403136069e+00
-2.512122431403136069e+00
-2.512122431403136069e+00
-2.512122431403136069e+00
-2.512122431403136069e+00
-2.512122431403136069e+00
-2.512122431403136069e+00
-2.512122431403136069e+00
-2.512122431403136069e+00
-2.512122431403136069e+00
-2.512122431403136069e+00
-2.512122431403136069e+00
-2.512122431403136069e+00
-2.512122431403136069e+00
-2.512122431403136069e+00
-2.512122431403136069e+00
-2.512122431403136069e+00
-2.512122431403136069e+00
-2.512122431403136069e+00
-2.512122431403136069e+00
-2.512122431403136069e+00
-2.512122431403136069e+00
-2.512122431403136069e+00
-2.512122431403136069e+00
-2.512122431403136069e+00
-2.584818216400438295e+00
-2.584818216400438295e+00
-2.584818216400438295e+00
-2.646149914305707007e+00
-2.646149914305707007e+00
-2.646149914305707007e+00
-2.646149914305707007e+00
-2.646149914305707007e+00
-2.646149914305707007e+00
-2.646149914305707007e+00
-2.646149914305707007e+00
-2.646149914305707007e+00
-2.646149914305707007e+00
-2.646149914305707007e+00
-2.646149914305707007e+00
-2.646149914305707007e+00
-2.646149914305707007e+00
-2.646149914305707007e+00
-2.646149914305707007e+00
-2.646149914305707007e+00
-2.646149914305707007e+00
-2.646149914305707007e+00
-2.699030744869895582e+00
-2.698170067475357037e+00
-2.698170067475357037e+00
-2.756184419300086397e+00
-2.756190117640887394e+00
-2.756190117640887394e+00
-2.756190117640887394e+00
-2.756190117640887394e+00
-2.756190117640887394e+00
-2.756190117640887394e+00
-2.756190117640887394e+00
-2.756190117640887394e+00
-2.756190117640887394e+00
-2.756178948892917813e+00
-2.756178948892917813e+00
-2.756178948892917813e+00
-2.756178948892917813e+00
-2.756178948892917813e+00
-2.756178948892917813e+00
-2.756178948892917813e+00
-2.606926183171755174e+00
-2.606926183171755174e+00
-2.606926183171755174e+00
-2.606926183171755174e+00
-2.606926183171755174e+00
-2.606926183171755174e+00
-2.606926183171755174e+00
-2.606926183171755174e+00
-2.606926183171755174e+00
-2.606926183171755174e+00
-2.606926183171755174e+00
-2.606926183171755174e+00
-2.606926183171755174e+00
-2.606926183171755174e+00
-2.606926183171755174e+00
-2.534839208905601105e+00
-2.534839208905601105e+00
-2.534839208905601105e+00
-2.534839208905601105e+00
-2.534839208905601105e+00
-2.534839208905601105e+00
-2.534839208905601105e+00
-2.534839208905601105e+00
-2.534839208905601105e+00
-2.534839208905601105e+00
-2.534839208905601105e+00
-2.534839208905601105e+00
-2.534839208905601105e+00
-2.534839208905601105e+00
-2.534839208905601105e+00
-2.534839208905601105e+00
-2.534839208905601105e+00
-2.534839208905601105e+00
-2.534839208905601105e+00
-2.534839208905601105e+00
-2.534839208905601105e+00
-2.534839208905601105e+00
-2.534839208905601105e+00
-2.534839208905601105e+00
-2.534839208905601105e+00
-2.534839208905601105e+00
-2.534839208905601105e+00
-2.534839208905601105e+00
-2.534823709418623228e+00
-2.534823709418623228e+00
-2.533025085128287834e+00
-2.533040584615266155e+00
-2.533040584615266155e+00
-2.533040584615266155e+00
-2.530400885222746865e+00
-2.530400885222746865e+00
-2.530400885222746865e+00
-2.532346982573003835e+00
-2.533025085128287834e+00
-2.533025085128287834e+00
-2.533040584615266155e+00
-2.533040584615266155e+00
-2.533040584615266155e+00
-2.533040584615266155e+00
-2.533040584615266155e+00
-2.533040584615266155e+00
-2.533040584615266155e+00
-2.533040584615266155e+00
-2.533040584615266155e+00
-2.533040584615266155e+00
-2.533040584615266155e+00
-2.533040584615266155e+00
-2.533040584615266155e+00
-2.533040584615266155e+00
-2.533040584615266155e+00
-2.533040584615266155e+00
-2.533040584615266155e+00
-2.533040584615266155e+00
-2.533040584615266155e+00
-2.533040584615266155e+00
-2.533040584615266155e+00
-2.533040584615266155e+00
-2.533040584615266155e+00
-2.533040584615266155e+00
-2.533040584615266155e+00
-2.533040584615266155e+00
-2.533040584615266155e+00
-2.533040584615266155e+00
-2.533040584615266155e+00
-2.533040584615266155e+00
-2.533040584615266155e+00
-2.532384363688656492e+00
-2.532384363688656492e+00
-2.532384363688656492e+00
-2.532384363688656492e+00
-2.615809668546424938e+00
-2.615809668546424938e+00
-2.615809668546424938e+00
-2.762375552613238305e+00
-2.762375552613238305e+00
-2.762375552613238305e+00
-2.762375552613238305e+00
-2.762375552613238305e+00
-2.762375552613238305e+00
-2.762375552613238305e+00
-2.762375552613238305e+00
-2.762375552613238305e+00
-2.762375552613238305e+00
-2.762375552613238305e+00
-2.762375552613238305e+00
-2.762404272250873927e+00
-2.762404272250873927e+00
-2.787026346983462854e+00
-2.787026346983462854e+00
-2.788579942619367369e+00
-2.788579942619367369e+00
-2.788545296707299226e+00
-2.788545296707299226e+00
-2.788493327839196567e+00
-2.788493327839196567e+00
-2.788493327839196567e+00
-2.788763657126782203e+00
-2.788763657126782203e+00
-2.788763657126782203e+00
-2.788763657126782203e+00
-2.788763657126782203e+00
-2.788757958785981206e+00
-2.788757958785981206e+00
-2.788757958785981206e+00
-2.788757958785981206e+00
-2.788757958785981206e+00
-2.788757958785981206e+00
-2.788757958785981206e+00
-2.788757958785981206e+00
-2.788757958785981206e+00
-2.788757958785981206e+00
-2.788757958785981206e+00
-2.788757958785981206e+00
-2.788757958785981206e+00
-2.788757958785981206e+00
-2.788757958785981206e+00
-2.788757958785981206e+00
-2.788757958785981206e+00
-2.788763657126782203e+00
-2.788763657126782203e+00
-2.788763657126782203e+00
-2.788757958785981206e+00
-2.788763657126782203e+00
-2.788763657126782203e+00
-2.788763657126782203e+00
-2.788763657126782203e+00
-2.788763657126782203e+00
-2.788763657126782203e+00
-2.788763657126782203e+00
-2.788561935862436947e+00
-2.788561935862436947e+00
-2.788561935862436947e+00
-2.828640418116494804e+00
-2.828640418116494804e+00
-2.828640418116494804e+00
-2.828640418116494804e+00
-2.828640418116494804e+00
-2.828640418116494804e+00
-2.828640418116494804e+00
-2.908408983715633500e+00
-2.908408983715633500e+00
-2.908408983715633500e+00
-2.908408983715633500e+00
-2.908408983715633500e+00
-2.908408983715633500e+00
-2.908408983715633500e+00
-2.908408983715633500e+00
-2.803957485104154213e+00
-2.803957485104154213e+00
-2.781701589405650488e+00
-2.781701589405650488e+00
-2.781701589405650488e+00
-2.781701589405650488e+00
-2.781701589405650488e+00
-2.781701589405650488e+00
-2.781701589405650488e+00
-2.781701589405650488e+00
-2.781701589405650488e+00
-2.781701589405650488e+00
-2.749153806420174817e+00
-2.826494195037316359e+00
-2.724924461335570314e+00
-2.724924461335570314e+00
-2.724924461335570314e+00
-2.724924461335570314e+00
-2.724924461335570314e+00
-2.724924461335570314e+00
-2.724924461335570314e+00
-2.724924461335570314e+00
-2.724924461335570314e+00
-2.724924461335570314e+00
-3.010464671920863644e+00
-3.010464671920863644e+00
-2.801397790416476852e+00
-2.801397790416476852e+00
-2.801397790416476852e+00
-2.801397790416476852e+00
-2.801397790416476852e+00
-2.801397790416476852e+00
-2.801397790416476852e+00
-2.801397790416476852e+00
-2.801397790416476852e+00
-2.801397790416476852e+00
-2.801397790416476852e+00
-2.801397790416476852e+00
-2.801397790416476852e+00
-2.801397790416476852e+00
-2.801397790416476852e+00
-2.801397790416476852e+00
-2.801397790416476852e+00
-2.801397790416476852e+00
-2.801397790416476852e+00
-2.801397790416476852e+00
-2.801397790416476852e+00
-2.721142814446589675e+00
-2.721142814446589675e+00
-3.001908955109050758e+00
-3.001908955109050758e+00
-3.001896646692921333e+00
-3.001896646692921333e+00
-3.001890948352120780e+00
-3.001890948352120780e+00
-3.001908955109050758e+00
-3.001908955109050758e+00
-2.353065784301174190e+00
-2.353065784301174190e+00
-2.359415559422217701e+00
-2.359415559422217701e+00
-2.359415559422217701e+00
-2.551773538097140914e+00
-2.958976743781999375e+00
-2.958976743781999375e+00
-2.958976743781999375e+00
-2.958976743781999375e+00
-2.974473723489968968e+00
-2.974473723489968968e+00
-2.974473723489968968e+00
-2.974473723489968968e+00
-2.974473723489968968e+00
-2.974473723489968968e+00
-2.974473723489968968e+00
-2.498748881411141820e+00
-2.498748881411141820e+00
-2.498748881411141820e+00
-2.498748881411141820e+00
-2.583265304565429688e+00
-2.583265304565429688e+00
-2.583265304565429688e+00
-2.583265304565429688e+00
-2.583265304565429688e+00
-2.583265304565429688e+00
-2.583265304565429688e+00
-2.583265304565429688e+00
-2.583265304565429688e+00
-2.528244633063759128e+00
-2.528244633063759128e+00
-2.528244633063759128e+00
-2.528244633063759128e+00
-2.528244633063759128e+00
-2.929268330050699642e+00
-2.929268330050699642e+00
-2.929273800457868671e+00
-2.929273800457868671e+00
-2.929273800457868671e+00
-2.791323807681723501e+00
-2.791323807681723501e+00
-2.791323807681723501e+00
-2.791323807681723501e+00
-2.791323807681723501e+00
-2.530175002993406697e+00
-2.530175002993406697e+00
-2.530175002993406697e+00
-2.530175002993406697e+00
-2.530175002993406697e+00
-2.650525328306121420e+00
-2.650525328306121420e+00
-2.650525328306121420e+00
-2.650525328306121420e+00
-2.650525328306121420e+00
-2.650525328306121420e+00
-2.650525328306121420e+00
-2.650525328306121420e+00
-2.650525328306121420e+00
-2.627044517269097934e+00
-2.627044517269097934e+00
-2.627028333981223707e+00
-2.818599713692017783e+00
-2.818599713692017783e+00
-2.819489794525087856e+00
-2.819489794525087856e+00
-2.819489794525087856e+00
-2.950294067937146991e+00
-2.950511744555734062e+00
-2.950656938279335950e+00
-2.950656938279335950e+00
-2.868804603416194698e+00
-2.868804603416194698e+00
-2.868792067066433304e+00
-2.868751039012668258e+00
-2.868751039012668258e+00
-2.868751039012668258e+00
-2.868751039012668258e+00
-2.868751039012668258e+00
-2.868751039012668258e+00
-2.868751039012668258e+00
-2.868751039012668258e+00
-2.868751039012668258e+00
-2.868751039012668258e+00
-2.868751039012668258e+00
-2.868751039012668258e+00
-3.008204254092039509e+00
-3.008204254092039509e+00
-2.567737097949871927e+00
-2.567737097949871927e+00
-2.808373471291069734e+00
-2.808373471291069734e+00
-2.808445726252422503e+00
-2.808445726252422503e+00
-2.808406065800449714e+00
-2.808406065800449714e+00
-2.808406065800449714e+00
-2.808406065800449714e+00
-2.808406065800449714e+00
-2.808346575122490307e+00
-2.808450512858695181e+00
-2.808450512858695181e+00
-2.808450512858695181e+00
-2.808450512858695181e+00
-2.808450512858695181e+00
-2.808460997805768411e+00
-2.972983037536504280e+00
-2.597113868246570867e+00
-2.597113868246570867e+00
-2.597113868246570867e+00
-2.597113868246570867e+00
-2.597113868246570867e+00
-2.597113868246570867e+00
-2.597113868246570867e+00
-2.597113868246570867e+00
-2.597113868246570867e+00
-2.597113868246570867e+00
-2.597113868246570867e+00
-2.597113868246570867e+00
-2.597113868246570867e+00
-2.597113868246570867e+00
-2.597113868246570867e+00
-2.597113868246570867e+00
-2.597113868246570867e+00
-2.597113868246570867e+00
-2.597113868246570867e+00
-2.597113868246570867e+00
-2.597113868246570867e+00
-2.602765710586343317e+00
-2.602765710586343317e+00
-2.602765710586343317e+00
-2.602765710586343317e+00
-2.602765710586343317e+00
-2.602765710586343317e+00
-2.616568231673814804e+00
-2.616568231673814804e+00
-2.616568231673814804e+00
-2.616568231673814804e+00
-2.616568231673814804e+00
-2.723856364335885960e+00
-2.723856364335885960e+00
-2.723856364335885960e+00
-2.752163442097475876e+00
-2.752163442097475876e+00
-2.752163442097475876e+00
-2.752163442097475876e+00
-2.752163442097475876e+00
-2.752163442097475876e+00
-2.972051928649668717e+00
-2.972051928649668717e+00
-2.972051928649668717e+00
-2.972051928649668717e+00
-2.972051928649668717e+00
-2.972051928649668717e+00
-2.972051928649668717e+00
-2.972051928649668717e+00
-2.972051928649668717e+00
-2.958648063484614621e+00
-2.958625270121411965e+00
-2.958641681342918162e+00
-2.801877590711896016e+00
-2.801877590711896016e+00
-2.801877590711896016e+00
-2.801877590711896016e+00
-2.801877590711896016e+00
-2.801883972853592919e+00
-2.801883972853592919e+00
-2.801883972853592919e+00
-2.801883972853592919e+00
-2.801883972853592919e+00
-2.686747401439892879e+00
-2.750239454309525211e+00
-2.750239454309525211e+00
-2.750239454309525211e+00
-2.750239454309525211e+00
-2.750239454309525211e+00
-2.750239454309525211e+00
-2.750174265290765252e+00
-2.750174265290765252e+00
-2.750174265290765252e+00
-2.750174265290765252e+00
-2.750174265290765252e+00
-2.750174265290765252e+00
-2.750174265290765252e+00
-2.529290848434769146e+00
-2.529295862974673792e+00
-2.529295862974673792e+00
-2.601862637536247469e+00
-2.601862637536247469e+00
-2.658120988659831152e+00
-2.658120988659831152e+00
-2.658120988659831152e+00
-2.658120988659831152e+00
-2.658120988659831152e+00
-2.658120988659831152e+00
-2.658120988659831152e+00
-2.658120988659831152e+00
-2.658120988659831152e+00
-2.658120988659831152e+00
-2.809292499695407397e+00
-2.809292499695407397e+00
-2.809297970102576425e+00
-2.809297970102576425e+00
-2.769822600238865729e+00
-2.769822600238865729e+00
-2.769822600238865729e+00
-2.769822600238865729e+00
-2.769822600238865729e+00
-2.769822600238865729e+00
-2.769822600238865729e+00
-2.769822600238865729e+00
-2.769822600238865729e+00
-2.769822600238865729e+00
-2.841411539519038243e+00
-2.829832283078370203e+00
-2.829832283078370203e+00
-2.829832283078370203e+00
-2.868922445103953223e+00
-2.868922445103953223e+00
-2.868922445103953223e+00
-2.868922445103953223e+00
-2.868922445103953223e+00
-2.868922445103953223e+00
-2.868922445103953223e+00
-2.868922445103953223e+00
-2.868922445103953223e+00
-2.868922445103953223e+00
-2.868922445103953223e+00
-2.868922445103953223e+00
-2.868922445103953223e+00
-2.896951899701732724e+00
-2.896951899701732724e+00
-2.896951899701732724e+00
-2.896951899701732724e+00
-2.896951899701732724e+00
-2.896951899701732724e+00
-3.006139631253127664e+00
-3.006139631253127664e+00
-3.006139631253127664e+00
-2.882915062840536446e+00
-2.882915062840536446e+00
-2.882915062840536446e+00
-2.882915062840536446e+00
-2.882915062840536446e+00
-2.882915062840536446e+00
-2.882915062840536446e+00
-2.882915062840536446e+00
-2.882915062840536446e+00
-2.882915062840536446e+00
-2.882915062840536446e+00
-2.882915062840536446e+00
-2.882915062840536446e+00
-2.882904122026198834e+00
-2.882904122026198834e+00
-2.882904122026198834e+00
-2.882904122026198834e+00
-2.882904122026198834e+00
-2.882904122026198834e+00
-2.882904122026198834e+00
-2.882904122026198834e+00
-2.882904122026198834e+00
-2.882904122026198834e+00
-2.882904122026198834e+00
-2.848943150522147860e+00
-2.848943150522147860e+00
-2.848943150522147860e+00
-3.138727713269439779e+00
-3.138727713269439779e+00
-3.138727713269439779e+00
-3.138727713269439779e+00
-2.893624980408648462e+00
-2.893735300286549794e+00
-2.893735300286549794e+00
-2.893735300286549794e+00
-2.893735300286549794e+00
-2.893735300286549794e+00
-2.749716346624020424e+00
-2.836140574278384729e+00
-2.794753752976484762e+00
-2.768609765382842980e+00
-2.649732119266662966e+00
-2.649732119266662966e+00
-2.649732119266662966e+00
-2.649732119266662966e+00
-2.649732119266662966e+00
-2.649732119266662966e+00
-2.649732119266662966e+00
-2.649732119266662966e+00
-2.649732119266662966e+00
-2.649732119266662966e+00
-2.649732119266662966e+00
-2.649732119266662966e+00
-2.649732119266662966e+00
-2.690507622567463120e+00
-2.690507622567463120e+00
-2.690507622567463120e+00
-2.690507622567463120e+00
-2.690507622567463120e+00
-2.690507622567463120e+00
-2.642975482612449412e+00
-2.642975482612449412e+00
-2.630326305703040823e+00
-2.630326305703040823e+00
-2.630326305703040823e+00
-2.665373380963706573e+00
-2.797530212548221318e+00
-2.797530212548221318e+00
-2.797530212548221318e+00
-2.797530212548221318e+00
-2.696643823875295887e+00
-2.696643823875295887e+00
-2.696643823875295887e+00
-2.696638353468127303e+00
-2.696638353468127303e+00
-2.696616015972188141e+00
-2.696605075157850973e+00
-2.660254675389247758e+00
-2.649648467623708648e+00
-2.660216154605434813e+00
-2.660216154605434813e+00
-2.700028182443651392e+00
-2.700078099909065443e+00
-2.700078099909065443e+00
-2.371446580321565190e+00
-2.464319962160537170e+00
-2.877585290722819433e+00
-2.877585290722819433e+00
-3.085767561801304737e+00
-2.929933212455326341e+00
-2.929933212455326341e+00
-3.190881891414722560e+00
-2.489881807257978696e+00
-3.095627514855583406e+00
-3.095627514855583406e+00
-2.592439861188199135e+00
-2.592439861188199135e+00
-2.592439861188199135e+00
-2.592439861188199135e+00
-2.592439861188199135e+00
-2.592439861188199135e+00
-2.592439861188199135e+00
-2.592439861188199135e+00
-2.592439861188199135e+00
-2.592439861188199135e+00
-2.592439861188199135e+00
-2.592439861188199135e+00
-2.592439861188199135e+00
-2.592439861188199135e+00
-2.592439861188199135e+00
-2.512248934568912073e+00
-2.512248934568912073e+00
-2.512248934568912073e+00
-2.512248934568912073e+00
-2.512248934568912073e+00
-2.512248934568912073e+00
-2.512248934568912073e+00
-2.512248934568912073e+00
-2.512248934568912073e+00
-2.512248934568912073e+00
-2.512175084072134634e+00
-2.517349405452808497e+00
-2.517349405452808497e+00
-2.499470747223775380e+00
-2.499470747223775380e+00
-2.499470747223775380e+00
-2.499470747223775380e+00
-2.499470747223775380e+00
-2.622559923058942033e+00
-2.622559923058942033e+00
-2.622559923058942033e+00
-2.622559923058942033e+00
-2.622559923058942033e+00
-2.622559923058942033e+00
-2.622559923058942033e+00
-2.622559923058942033e+00
-2.634226478080676337e+00
-2.605157418187216134e+00
-2.520381606559680243e+00
-2.605901849429420380e+00
-2.605901849429420380e+00
-2.605901849429420380e+00
-2.834054981545325980e+00
-2.626508417366567372e+00
-2.626508417366567372e+00
-2.688213698494730686e+00
-2.688213698494730686e+00
-2.688218485101002919e+00
-2.688218485101002919e+00
-2.688218485101002919e+00
-2.688218485101002919e+00
-2.688218485101002919e+00
-2.688218485101002919e+00
-2.688218485101002919e+00
-2.688218485101002919e+00
-2.688218485101002919e+00
-2.688218485101002919e+00
-2.688218485101002919e+00
-2.688218485101002919e+00
-2.688218485101002919e+00
-2.688218485101002919e+00
-2.688218485101002919e+00
-2.688218485101002919e+00
-2.688218485101002919e+00
-2.688218485101002919e+00
-2.688218485101002919e+00
-2.688218485101002919e+00
-2.688218485101002919e+00
-2.688218485101002919e+00
-2.740692226198389481e+00
-2.740692226198389481e+00
-2.740692226198389481e+00
-2.740745562668283952e+00
-2.740745562668283952e+00
-2.740745562668283952e+00
-2.740745562668283952e+00
-2.740745562668283952e+00
-2.740745562668283952e+00
-2.740745562668283952e+00
-2.740745562668283952e+00
-2.740745562668283952e+00
-2.740745562668283952e+00
-2.740745562668283952e+00
-2.740745562668283952e+00
-2.740745562668283952e+00
-2.740745562668283952e+00
-2.740745562668283952e+00
-2.777697707225442070e+00
-2.777697707225442070e+00
-2.777697707225442070e+00
-2.777697707225442070e+00
-2.777697707225442070e+00
-2.777697707225442070e+00
-2.777697707225442070e+00
-2.777697707225442070e+00
-2.777697707225442070e+00
-2.777697707225442070e+00
-2.777697707225442070e+00
-2.777697707225442070e+00
-2.777697707225442070e+00
-2.777697707225442070e+00
-2.777697707225442070e+00
-2.777697707225442070e+00
-2.777697707225442070e+00
-2.777697707225442070e+00
-2.777697707225442070e+00
-2.777697707225442070e+00
-2.777697707225442070e+00
-2.777697707225442070e+00
-2.777697707225442070e+00
-2.777697707225442070e+00
-2.777697707225442070e+00
-2.777697707225442070e+00
-2.777697707225442070e+00
-2.777697707225442070e+00
-2.777697707225442070e+00
-2.777697707225442070e+00
-2.639359543473952741e+00
-2.639359543473952741e+00
-2.639359543473952741e+00
-2.639359543473952741e+00
-2.639359543473952741e+00
-2.639359543473952741e+00
-2.639359543473952741e+00
-2.639359543473952741e+00
-2.639359543473952741e+00
-2.639359543473952741e+00
-2.639359543473952741e+00
-2.639359543473952741e+00
-2.637769934324187826e+00
-2.637769934324187826e+00
-2.637769934324187826e+00
-2.637769934324187826e+00
-2.684918461976498083e+00
-2.687606483299007198e+00
-2.687606483299007198e+00
-2.687606483299007198e+00
-2.687606483299007198e+00
-2.687606483299007198e+00
-2.687606483299007198e+00
-2.759733801818030408e+00
-2.759733801818030408e+00
-2.759733801818030408e+00
-2.759733801818030408e+00
-2.759733801818030408e+00
-2.548941006851925373e+00
-2.548931433639380462e+00
-2.548931433639380462e+00
-2.708323826981319904e+00
-2.708323826981319904e+00
-2.708323826981319904e+00
-2.708323826981319904e+00
-2.708323826981319904e+00
-2.708323826981319904e+00
-2.708323826981319904e+00
-2.708323826981319904e+00
-2.708323826981319904e+00
-2.708323826981319904e+00
-2.708323826981319904e+00
-2.683741868567968147e+00
-2.683741868567968147e+00
-2.683741868567968147e+00
-2.683741868567968147e+00
-2.779745462975583781e+00
-2.779745462975583781e+00
-2.779745462975583781e+00
-2.779745462975583781e+00
-2.779745462975583781e+00
-2.779745462975583781e+00
-2.779745462975583781e+00
-2.922175491289244587e+00
-2.848328641450200038e+00
-2.848328641450200038e+00
-2.540039514720325631e+00
-2.540039514720325631e+00
-2.540039514720325631e+00
-2.540039514720325631e+00
-2.540039514720325631e+00
-2.540039514720325631e+00
-2.540039514720325631e+00
-2.686345098579362656e+00
-2.686345098579362656e+00
-2.686345098579362656e+00
-2.686345098579362656e+00
-2.686165942744588531e+00
-2.686165942744588531e+00
-2.594276094527818710e+00
-2.594276094527818710e+00
-2.594276094527818710e+00
-2.594276094527818710e+00
-2.594285895673996034e+00
-2.594285895673996034e+00
-2.594285895673996034e+00
-2.594285895673996034e+00
-2.594285895673996034e+00
-2.594285895673996034e+00
-2.594285895673996034e+00
-2.594290910213900681e+00
-2.594290910213900681e+00
-2.594290910213900681e+00
-2.603233658332897438e+00
-2.603233658332897438e+00
-2.603292921077224875e+00
-2.603292921077224875e+00
-2.603292921077224875e+00
-2.603292921077224875e+00
-2.603292921077224875e+00
-2.603292921077224875e+00
-2.603292921077224875e+00
-2.486799004884796105e+00
-2.486799004884796105e+00
-2.494012876404858581e+00
-2.494012876404858581e+00
-2.494012876404858581e+00
-2.494012876404858581e+00
-2.494012876404858581e+00
-2.494012876404858581e+00
-2.494012876404858581e+00
-2.494012876404858581e+00
-2.494012876404858581e+00
-2.494012876404858581e+00
-2.802996744845155153e+00
-2.802996744845155153e+00
-2.802996744845155153e+00
-2.802996744845155153e+00
-2.802996744845155153e+00
-2.802996744845155153e+00
-2.802996744845155153e+00
-2.802996744845155153e+00
-2.802996744845155153e+00
-2.802996744845155153e+00
-2.802996744845155153e+00
-2.802996744845155153e+00
-2.802996744845155153e+00
-2.802996744845155153e+00
-2.802996744845155153e+00
-2.802996744845155153e+00
-2.802996744845155153e+00
-2.823106645398112402e+00
-2.823106645398112402e+00
-2.823106645398112402e+00
-2.823106645398112402e+00
-2.822801670198458623e+00
-2.883775512301443023e+00
-2.883775512301443023e+00
-2.883775512301443023e+00
-2.883775512301443023e+00
-2.883775512301443023e+00
-2.883775512301443023e+00
-2.683143086916629727e+00
-2.682648698868760562e+00
-2.682648698868760562e+00
-2.683148557323798311e+00
-2.683148557323798311e+00
-2.683148557323798311e+00
-2.683148557323798311e+00
-2.683148557323798311e+00
-2.683148557323798311e+00
-2.683148557323798311e+00
-2.683148557323798311e+00
-2.683148557323798311e+00
-2.683148557323798311e+00
-2.683148557323798311e+00
-2.683148557323798311e+00
-2.683148557323798311e+00
-2.683148557323798311e+00
-2.683148557323798311e+00
-2.683148557323798311e+00
-2.683148557323798311e+00
-2.683148557323798311e+00
-2.683148557323798311e+00
-2.683148557323798311e+00
-2.683148557323798311e+00
-2.683148557323798311e+00
-2.683148557323798311e+00
-2.683148557323798311e+00
-2.722052725505646364e+00
-2.720370803234909651e+00
-2.720370803234909651e+00
-2.720370803234909651e+00
-2.922421431678202897e+00
-2.715738052163935379e+00
-2.715738052163935379e+00
-2.715738052163935379e+00
-2.715738052163935379e+00
-2.715738052163935379e+00
-2.715738052163935379e+00
-2.716457638640248806e+00
-2.388948692190487222e+00
-2.388948692190487222e+00
-2.855085278104413593e+00
-2.855105336264032179e+00
-2.855105336264032179e+00
-2.855105336264032179e+00
-2.855111034604832732e+00
-2.855111034604832732e+00
-2.855111034604832732e+00
-2.855111034604832732e+00
-2.858916614525176758e+00
-3.023780098836690744e+00
-3.023780098836690744e+00
-3.023780098836690744e+00
-2.997461058213651164e+00
-2.996405041696464266e+00
-2.996405041696464266e+00
-2.996405041696464266e+00
-2.996405041696464266e+00
-2.996405041696464266e+00
-2.467863874271312596e+00
-2.572176105433622517e+00
-2.572176105433622517e+00
-2.572176105433622517e+00
-2.572176105433622517e+00
-2.572181347907159132e+00
-2.572181347907159132e+00
-2.572181347907159132e+00
-2.572181347907159132e+00
-2.572181347907159132e+00
-2.572181347907159132e+00
-3.022902782287014034e+00
-3.022902782287014034e+00
-3.022902782287014034e+00
-3.022902782287014034e+00
-3.022902782287014034e+00
-3.022902782287014034e+00
-3.022817079241371552e+00
-3.022817079241371552e+00
-3.022914178968615584e+00
-3.022914178968615584e+00
-2.581281370232255679e+00
-2.581281370232255679e+00
-2.581281370232255679e+00
-2.581281370232255679e+00
-2.581281370232255679e+00
-2.581281370232255679e+00
-2.581281370232255679e+00
-2.581281370232255679e+00
-2.752355818082907746e+00
-2.752355818082907746e+00
-2.752355818082907746e+00
-2.752355818082907746e+00
-2.752355818082907746e+00
-2.752355818082907746e+00
-2.752355818082907746e+00
-2.752355818082907746e+00
-2.877190965539410783e+00
-2.877190965539410783e+00
-2.877190965539410783e+00
-2.877190965539410783e+00
-2.877190965539410783e+00
-2.877190965539410783e+00
-2.877190965539410783e+00
-2.877190965539410783e+00
-2.877190965539410783e+00
-2.714140693270681304e+00
-2.714140693270681304e+00
-2.714140693270681304e+00
-2.714140693270681304e+00
-2.714140693270681304e+00
-2.714140693270681304e+00
-2.714140693270681304e+00
-2.714140693270681304e+00
-2.714140693270681304e+00
-2.714140693270681304e+00
-2.714140693270681304e+00
-2.714140693270681304e+00
-2.714140693270681304e+00
-2.714140693270681304e+00
-2.714140693270681304e+00
-2.714140693270681304e+00
-2.714140693270681304e+00
-2.714140693270681304e+00
-2.714140693270681304e+00
-2.714140693270681304e+00
-2.714140693270681304e+00
-2.714140693270681304e+00
-2.714020800180234616e+00
-2.751207944312013431e+00
-2.751207944312013431e+00
-2.751207944312013431e+00
-2.751207944312013431e+00
-2.751207944312013431e+00
-2.829034743299903454e+00
-2.829034743299903454e+00
-2.829034743299903454e+00
-2.829034743299903454e+00
-2.829034743299903454e+00
-2.829034743299903454e+00
-2.875565342875785024e+00
-2.875565342875785024e+00
-2.875565342875785024e+00
-2.875565342875785024e+00
-2.875565342875785024e+00
-2.875565342875785024e+00
-2.875565342875785024e+00
-2.875565342875785024e+00
-2.875565342875785024e+00
-2.576051660978999180e+00
-2.576051660978999180e+00
-2.576051660978999180e+00
-2.576051660978999180e+00
-2.576051660978999180e+00
-2.576051660978999180e+00
-2.576051660978999180e+00
-2.576051660978999180e+00
-2.576051660978999180e+00
-2.576051660978999180e+00
-2.576051660978999180e+00
-2.576051660978999180e+00
-2.576051660978999180e+00
-2.576051660978999180e+00
-2.576051660978999180e+00
-2.576051660978999180e+00
-2.576051660978999180e+00
-2.576051660978999180e+00
-2.576051660978999180e+00
-2.576051660978999180e+00
-2.576051660978999180e+00
-2.576051660978999180e+00
-2.576051660978999180e+00
-2.576051660978999180e+00
-2.576051660978999180e+00
-2.576051660978999180e+00
-2.576051660978999180e+00
-2.576051660978999180e+00
-2.576051660978999180e+00
-2.576051660978999180e+00
-2.576051660978999180e+00
-2.576051660978999180e+00
-2.576051660978999180e+00
-2.576051660978999180e+00
-2.576051660978999180e+00
-2.576051660978999180e+00
-2.576051660978999180e+00
-2.603452018752380415e+00
-2.603452018752380415e+00
-2.603452018752380415e+00
-2.603447915947004088e+00
-2.838418542996874905e+00
-2.838418542996874905e+00
-2.838418542996874905e+00
-3.034472693448768688e+00
-2.799438700849193662e+00
-2.799438700849193662e+00
-2.799438700849193662e+00
-2.799438700849193662e+00
-2.799438700849193662e+00
-2.799438700849193662e+00
-2.799438700849193662e+00
-2.799438700849193662e+00
-2.799438700849193662e+00
-2.799438700849193662e+00
-2.799438700849193662e+00
-2.799438700849193662e+00
-2.799438700849193662e+00
-2.799438700849193662e+00
-2.799438700849193662e+00
-2.799438700849193662e+00
-2.799438700849193662e+00
-2.799438700849193662e+00
-2.799438700849193662e+00
-2.799438700849193662e+00
-2.695100485252832634e+00
-2.695100485252832634e+00
-2.695100485252832634e+00
-2.695100485252832634e+00
-2.695100485252832634e+00
-2.695100485252832634e+00
-2.695100485252832634e+00
-2.695100485252832634e+00
-2.695100485252832634e+00
-2.719050839571834022e+00
-2.719050839571834022e+00
-2.719050839571834022e+00
-2.719050839571834022e+00
-2.718684094357900705e+00
-2.718684094357900705e+00
-2.718684094357900705e+00
-2.718684094357900705e+00
-2.718684094357900705e+00
-2.718684094357900705e+00
-2.718684094357900705e+00
-2.718684094357900705e+00
-2.718684094357900705e+00
-2.718684094357900705e+00
-2.718684094357900705e+00
-2.718684094357900705e+00
-2.718684094357900705e+00
-2.864185984230406046e+00
-2.864185984230406046e+00
-2.864185984230406046e+00
-2.851558233082408300e+00
-2.851558233082408300e+00
-2.851558233082408300e+00
-2.851558233082408300e+00
-2.851558233082408300e+00
-2.851558233082408300e+00
-2.851558233082408300e+00
-2.851558233082408300e+00
-2.851558233082408300e+00
-2.851558233082408300e+00
-2.851558233082408300e+00
-2.851558233082408300e+00
-2.851558233082408300e+00
-2.851558233082408300e+00
-2.851558233082408300e+00
-3.052181996989204560e+00
-3.052181996989204560e+00
-2.804800383675394748e+00
-2.804800383675394748e+00
-2.804800383675394748e+00
-2.804800383675394748e+00
-2.804800383675394748e+00
-2.804800383675394748e+00
-2.804800383675394748e+00
-2.804800383675394748e+00
-2.804800383675394748e+00
-2.804800383675394748e+00
-2.804790582529217424e+00
-2.804790582529217424e+00
-2.804785340055680809e+00
-2.804785340055680809e+00
-2.804785340055680809e+00
-2.804785340055680809e+00
-2.804785340055680809e+00
-2.804785340055680809e+00
-2.525531083174462843e+00
-2.525531083174462843e+00
-2.525531083174462843e+00
-2.525531083174462843e+00
-2.582493293353749664e+00
-2.582493293353749664e+00
-2.582493293353749664e+00
-2.582493293353749664e+00
-2.582493293353749664e+00
-2.582493293353749664e+00
-2.582493293353749664e+00
-2.582493293353749664e+00
-2.582493293353749664e+00
-2.582493293353749664e+00
-2.582493293353749664e+00
-2.582493293353749664e+00
-2.582493293353749664e+00
-2.582493293353749664e+00
-2.657087765505846910e+00
-2.657087765505846910e+00
-2.657087765505846910e+00
-2.657087765505846910e+00
-2.657087765505846910e+00
-2.660146178980402176e+00
-2.660146178980402176e+00
-2.660146178980402176e+00
-2.634653625707097380e+00
-2.634653625707097380e+00
-2.634653625707097380e+00
-2.634653625707097380e+00
-2.634653625707097380e+00
-2.634653625707097380e+00
-2.634653625707097380e+00
-2.634653625707097380e+00
-2.634653625707097380e+00
-2.634653625707097380e+00
-2.634653625707097380e+00
-2.634653625707097380e+00
-2.634653625707097380e+00
-2.634653625707097380e+00
-2.634653625707097380e+00
-2.634653625707097380e+00
-2.595422828630553180e+00
-2.595422828630553180e+00
-2.588304005435046129e+00
-2.588304005435046129e+00
-2.588304005435046129e+00
-2.588304005435046129e+00
-2.588304005435046129e+00
-2.588304005435046129e+00
-2.588304005435046129e+00
-2.588304005435046129e+00
-2.588304005435046129e+00
-2.588304005435046129e+00
-2.588304005435046129e+00
-2.588304005435046129e+00
