# Variable: dg_gbsa_00000211
# Sample shape: (2000,)
# Date: 2014-03-03 06:24:05.783293
-2.260493274856479662e+00
-2.260493274856479662e+00
-3.244195795879765143e+00
-9.475584011916675209e+00
-9.475584011916675209e+00
-9.475584011916675209e+00
-9.475584011916675209e+00
-9.475584011916675209e+00
-8.099794843684646750e+00
-8.099794843684646750e+00
-8.099794843684646750e+00
-8.099794843684646750e+00
-7.523242647743589195e+00
-7.523242647743589195e+00
-7.523242647743589195e+00
-7.523242647743589195e+00
-7.523242647743589195e+00
-7.523242647743589195e+00
-7.523242647743589195e+00
-7.523242647743589195e+00
-7.523242647743589195e+00
-7.523242647743589195e+00
-7.523242647743589195e+00
-7.502263636251708334e+00
-7.502263636251708334e+00
-7.502263636251708334e+00
-7.502263636251708334e+00
-7.502263636251708334e+00
-7.502263636251708334e+00
-7.502263636251708334e+00
-8.262761008443156641e+00
-8.357337966247907701e+00
-8.357337966247907701e+00
-8.489304245316047215e+00
-8.489304245316047215e+00
-8.489304245316047215e+00
-8.489304245316047215e+00
-8.032635566609311439e+00
-7.984400251399490500e+00
-8.481765112503079962e+00
-8.481765112503079962e+00
-8.481765112503079962e+00
-8.481765112503079962e+00
-8.481765112503079962e+00
-8.481765112503079962e+00
-8.496723029171302954e+00
-8.496723029171302954e+00
-8.496723029171302954e+00
-8.496723029171302954e+00
-8.496723029171302954e+00
-8.575934524973764184e+00
-8.784709879362788243e+00
-8.784709879362788243e+00
-8.784709879362788243e+00
-8.784709879362788243e+00
-8.438496015267890726e+00
-8.428160592657201633e+00
-8.428160592657201633e+00
-7.312415434799047986e+00
-7.312415434799047986e+00
-7.312415434799047986e+00
-7.312415434799047986e+00
-7.312415434799047986e+00
-7.312415434799047986e+00
-7.312415434799047986e+00
-7.312415434799047986e+00
-7.312415434799047986e+00
-7.312415434799047986e+00
-7.312415434799047986e+00
-7.312415434799047986e+00
-7.312415434799047986e+00
-7.665064321193366226e+00
-7.665064321193366226e+00
-7.665064321193366226e+00
-7.665064321193366226e+00
-7.665064321193366226e+00
-7.665064321193366226e+00
-7.665064321193366226e+00
-7.665064321193366226e+00
-8.281915639144283858e+00
-8.281915639144283858e+00
-8.281915639144283858e+00
-8.226658144598935962e+00
-7.904101056304989825e+00
-7.648153013298661484e+00
-7.648153013298661484e+00
-7.648153013298661484e+00
-7.648153013298661484e+00
-7.648153013298661484e+00
-7.519071006410207758e+00
-7.519071006410207758e+00
-7.519071006410207758e+00
-7.519071006410207758e+00
-7.791761686423540390e+00
-7.791761686423540390e+00
-7.791761686423540390e+00
-7.791761686423540390e+00
-7.791761686423540390e+00
-7.791761686423540390e+00
-7.791761686423540390e+00
-7.791761686423540390e+00
-7.791761686423540390e+00
-7.791761686423540390e+00
-7.791761686423540390e+00
-7.791761686423540390e+00
-7.791761686423540390e+00
-7.791761686423540390e+00
-7.791761686423540390e+00
-7.791761686423540390e+00
-7.791761686423540390e+00
-7.932064866016744986e+00
-7.932064866016744986e+00
-7.932064866016744986e+00
-7.932064866016744986e+00
-7.932064866016744986e+00
-7.932064866016744986e+00
-7.932064866016744986e+00
-7.932064866016744986e+00
-7.932064866016744986e+00
-7.932064866016744986e+00
-7.932064866016744986e+00
-7.932064866016744986e+00
-7.932064866016744986e+00
-7.932064866016744986e+00
-7.932064866016744986e+00
-7.932064866016744986e+00
-8.136421954882532503e+00
-8.136421954882532503e+00
-8.136421954882532503e+00
-8.136421954882532503e+00
-8.136421954882532503e+00
-8.408042258559859761e+00
-8.408042258559859761e+00
-8.408042258559859761e+00
-8.408042258559859761e+00
-8.408042258559859761e+00
-8.408042258559859761e+00
-8.408042258559859761e+00
-8.408042258559859761e+00
-8.432143049076000096e+00
-8.432143049076000096e+00
-8.432143049076000096e+00
-8.432143049076000096e+00
-8.432143049076000096e+00
-8.432143049076000096e+00
-8.432143049076000096e+00
-8.432143049076000096e+00
-8.432143049076000096e+00
-8.432143049076000096e+00
-8.432143049076000096e+00
-8.432143049076000096e+00
-8.432143049076000096e+00
-8.432143049076000096e+00
-8.432143049076000096e+00
-8.432143049076000096e+00
-8.432143049076000096e+00
-8.030596016469921494e+00
-8.030596016469921494e+00
-8.030596016469921494e+00
-8.030596016469921494e+00
-8.030596016469921494e+00
-8.030596016469921494e+00
-8.030596016469921494e+00
-8.030596016469921494e+00
-8.030596016469921494e+00
-8.030596016469921494e+00
-8.030596016469921494e+00
-8.030596016469921494e+00
-8.030596016469921494e+00
-8.030596016469921494e+00
-8.030596016469921494e+00
-8.030596016469921494e+00
-8.030596016469921494e+00
-8.003955133558458002e+00
-8.003955133558458002e+00
-8.003955133558458002e+00
-8.003955133558458002e+00
-8.003955133558458002e+00
-8.003955133558458002e+00
-8.003955133558458002e+00
-8.003955133558458002e+00
-8.003955133558458002e+00
-8.003955133558458002e+00
-7.841917114549566747e+00
-7.841917114549566747e+00
-7.841917114549566747e+00
-7.968911705235905529e+00
-7.968911705235905529e+00
-8.043950192103194397e+00
-8.043950192103194397e+00
-8.043950192103194397e+00
-8.043950192103194397e+00
-8.043950192103194397e+00
-8.043950192103194397e+00
-8.043950192103194397e+00
-8.126308995496701826e+00
-8.126308995496701826e+00
-8.126308995496701826e+00
-8.126308995496701826e+00
-8.126308995496701826e+00
-8.126308995496701826e+00
-8.123028574664552082e+00
-8.121272573963405961e+00
-8.121272573963405961e+00
-8.121272573963405961e+00
-7.930640736683832515e+00
-7.930640736683832515e+00
-8.016351076202683501e+00
-8.016351076202683501e+00
-8.115418326558391016e+00
-8.193933257181374330e+00
-7.461674126794643591e+00
-7.461674126794643591e+00
-7.461674126794643591e+00
-8.078255115457976032e+00
-8.078255115457976032e+00
-8.078255115457976032e+00
-8.078255115457976032e+00
-8.078255115457976032e+00
-8.078255115457976032e+00
-8.078255115457976032e+00
-8.078255115457976032e+00
-8.078255115457976032e+00
-8.078255115457976032e+00
-8.078255115457976032e+00
-8.114279570132778119e+00
-8.114279570132778119e+00
-8.114279570132778119e+00
-8.114279570132778119e+00
-7.998738188588595754e+00
-7.998738188588595754e+00
-7.669677697905618707e+00
-7.669677697905618707e+00
-7.669677697905618707e+00
-7.669677697905618707e+00
-7.669677697905618707e+00
-7.669677697905618707e+00
-7.669677697905618707e+00
-7.669677697905618707e+00
-7.669677697905618707e+00
-7.669677697905618707e+00
-7.669677697905618707e+00
-7.525423060867571401e+00
-7.525423060867571401e+00
-7.525423060867571401e+00
-7.525423060867571401e+00
-7.470435895609809585e+00
-7.470435895609809585e+00
-7.470435895609809585e+00
-7.470435895609809585e+00
-7.470435895609809585e+00
-7.470435895609809585e+00
-6.943928807916877943e+00
-7.056606431308257044e+00
-7.056606431308257044e+00
-7.056606431308257044e+00
-7.292130709150324464e+00
-7.292130709150324464e+00
-7.292130709150324464e+00
-7.292130709150324464e+00
-7.386594611873589677e+00
-7.386594611873589677e+00
-7.386594611873589677e+00
-7.613857207289161266e+00
-7.613857207289161266e+00
-7.613857207289161266e+00
-7.613857207289161266e+00
-7.609913955455072099e+00
-7.609913955455072099e+00
-7.609913955455072099e+00
-7.609913955455072099e+00
-7.609913955455072099e+00
-7.609913955455072099e+00
-7.609913955455072099e+00
-7.609913955455072099e+00
-7.511548284818747589e+00
-7.511548284818747589e+00
-7.511548284818747589e+00
-7.511548284818747589e+00
-7.511548284818747589e+00
-7.511548284818747589e+00
-7.511548284818747589e+00
-7.511548284818747589e+00
-7.511548284818747589e+00
-7.511548284818747589e+00
-7.511548284818747589e+00
-7.511548284818747589e+00
-7.511548284818747589e+00
-7.511548284818747589e+00
-7.361822784744758152e+00
-7.360291526604792800e+00
-7.360291526604792800e+00
-7.360291526604792800e+00
-7.360291526604792800e+00
-7.360291526604792800e+00
-7.360291526604792800e+00
-7.360291526604792800e+00
-7.360291526604792800e+00
-7.360291526604792800e+00
-7.360291526604792800e+00
-7.360291526604792800e+00
-7.360291526604792800e+00
-7.360291526604792800e+00
-7.475679736748252147e+00
-7.475679736748252147e+00
-7.475679736748252147e+00
-7.475679736748252147e+00
-7.475679736748252147e+00
-7.475679736748252147e+00
-7.520990663459150127e+00
-7.520990663459150127e+00
-7.708055339397480665e+00
-7.524545060516999229e+00
-7.524545060516999229e+00
-7.650560448320144147e+00
-7.650560448320144147e+00
-7.650560448320144147e+00
-7.650560448320144147e+00
-7.650560448320144147e+00
-7.650560448320144147e+00
-7.650560448320144147e+00
-7.650560448320144147e+00
-7.650560448320144147e+00
-7.650560448320144147e+00
-7.217076266928794226e+00
-7.217076266928794226e+00
-7.217076266928794226e+00
-7.217076266928794226e+00
-7.217076266928794226e+00
-7.204748704374178025e+00
-7.204748704374178025e+00
-7.204748704374178025e+00
-7.204748704374178025e+00
-7.204748704374178025e+00
-7.204748704374178025e+00
-7.845979803606838665e+00
-7.845979803606838665e+00
-7.845979803606838665e+00
-7.845979803606838665e+00
-8.116807809979235344e+00
-8.116807809979235344e+00
-8.116807809979235344e+00
-8.025480274032679162e+00
-8.025480274032679162e+00
-8.025480274032679162e+00
-8.025480274032679162e+00
-8.025480274032679162e+00
-7.198327358092678097e+00
-7.198327358092678097e+00
-7.198327358092678097e+00
-7.198327358092678097e+00
-7.198327358092678097e+00
-7.198327358092678097e+00
-7.198327358092678097e+00
-7.198327358092678097e+00
-7.198327358092678097e+00
-7.198327358092678097e+00
-7.198327358092678097e+00
-7.198327358092678097e+00
-7.239943024761133827e+00
-7.239943024761133827e+00
-7.239943024761133827e+00
-7.239943024761133827e+00
-7.239943024761133827e+00
-7.239943024761133827e+00
-7.526738237924375241e+00
-7.526738237924375241e+00
-7.247054554080415656e+00
-7.247054554080415656e+00
-7.247054554080415656e+00
-7.247054554080415656e+00
-7.247054554080415656e+00
-7.247054554080415656e+00
-7.247054554080415656e+00
-7.247054554080415656e+00
-7.247054554080415656e+00
-7.247054554080415656e+00
-7.247054554080415656e+00
-7.247054554080415656e+00
-7.247054554080415656e+00
-7.222022426743808232e+00
-7.222022426743808232e+00
-7.222022426743808232e+00
-7.222022426743808232e+00
-7.222022426743808232e+00
-7.222022426743808232e+00
-7.222022426743808232e+00
-7.017270556827347683e+00
-7.290699285941187213e+00
-7.290699285941187213e+00
-7.290699285941187213e+00
-7.290699285941187213e+00
-7.290699285941187213e+00
-7.290699285941187213e+00
-7.290699285941187213e+00
-7.290699285941187213e+00
-7.290699285941187213e+00
-7.290699285941187213e+00
-7.353007679459697243e+00
-7.489001545805775706e+00
-7.494584096321411870e+00
-7.494584096321411870e+00
-7.494584096321411870e+00
-7.494584096321411870e+00
-7.494584096321411870e+00
-7.494584096321411870e+00
-7.494584096321411870e+00
-7.494584096321411870e+00
-7.494584096321411870e+00
-7.494584096321411870e+00
-7.494584096321411870e+00
-7.494584096321411870e+00
-7.827417800348984933e+00
-7.827417800348984933e+00
-7.707546591530793911e+00
-7.707546591530793911e+00
-7.707546591530793911e+00
-7.604511016641474441e+00
-7.604511016641474441e+00
-7.369278949715666549e+00
-7.369278949715666549e+00
-7.369278949715666549e+00
-7.369278949715666549e+00
-7.369278949715666549e+00
-7.369278949715666549e+00
-7.369278949715666549e+00
-7.369278949715666549e+00
-7.369278949715666549e+00
-7.474691416519776865e+00
-7.474691416519776865e+00
-7.675382420848022136e+00
-7.675382420848022136e+00
-7.675382420848022136e+00
-7.675382420848022136e+00
-7.675382420848022136e+00
-7.675382420848022136e+00
-7.486161036883439479e+00
-7.486161036883439479e+00
-7.486161036883439479e+00
-7.486161036883439479e+00
-7.765565729961796393e+00
-7.869400440165007282e+00
-7.869400440165007282e+00
-7.869400440165007282e+00
-7.869400440165007282e+00
-7.806504433743127969e+00
-8.279271609012756272e+00
-8.279271609012756272e+00
-7.793294312165298443e+00
-7.793294312165298443e+00
-7.793294312165298443e+00
-7.793294312165298443e+00
-7.793294312165298443e+00
-7.914626119697526718e+00
-7.914626119697526718e+00
-7.914626119697526718e+00
-7.914626119697526718e+00
-7.914626119697526718e+00
-7.797980627639799600e+00
-7.503127960584359712e+00
-7.503127960584359712e+00
-7.503127960584359712e+00
-7.503127960584359712e+00
-7.503127960584359712e+00
-7.503127960584359712e+00
-7.503127960584359712e+00
-7.503127960584359712e+00
-7.503127960584359712e+00
-7.503127960584359712e+00
-7.503127960584359712e+00
-7.503127960584359712e+00
-7.503127960584359712e+00
-7.622967258694066217e+00
-7.622967258694066217e+00
-7.622967258694066217e+00
-7.622967258694066217e+00
-7.622967258694066217e+00
-7.622967258694066217e+00
-7.336733674000143424e+00
-7.336733674000143424e+00
-7.336733674000143424e+00
-7.336733674000143424e+00
-7.449285478026642870e+00
-7.449285478026642870e+00
-7.642195284024706936e+00
-7.642195284024706936e+00
-7.642195284024706936e+00
-7.642195284024706936e+00
-7.642195284024706936e+00
-7.702118124150408640e+00
-8.171512793400546926e+00
-8.171512793400546926e+00
-8.171512793400546926e+00
-8.171512793400546926e+00
-8.171512793400546926e+00
-8.171512793400546926e+00
-7.549238934343676988e+00
-7.549238934343676988e+00
-7.549238934343676988e+00
-7.549238934343676988e+00
-7.549238934343676988e+00
-7.549217052715001763e+00
-7.817147110889791861e+00
-7.817147110889791861e+00
-7.817032232339249376e+00
-7.688116617002176412e+00
-7.688116617002176412e+00
-7.688116617002176412e+00
-7.688122087409345440e+00
-7.688116617002176412e+00
-7.688122087409345440e+00
-7.688122087409345440e+00
-7.276886963707538847e+00
-7.277537942160611451e+00
-7.277533383487971186e+00
-7.277523810275425831e+00
-7.447715015301968222e+00
-7.073363200200446954e+00
-7.073363200200446954e+00
-6.930088221912857449e+00
-6.930088221912857449e+00
-6.930088221912857449e+00
-7.241372168633951389e+00
-7.241343904863579262e+00
-7.241260481154257356e+00
-7.241260481154257356e+00
-7.217661144628578995e+00
-7.163111156077047070e+00
-7.163111156077047070e+00
-7.163093833121012999e+00
-7.258964998088420550e+00
-7.801382309164188733e+00
-7.801382309164188733e+00
-7.819622470133618997e+00
-7.600798889510262057e+00
-7.600798889510262057e+00
-7.600798889510262057e+00
-7.600798889510262057e+00
-7.600798889510262057e+00
-7.600798889510262057e+00
-7.600798889510262057e+00
-7.600798889510262057e+00
-7.600798889510262057e+00
-7.831961885237101129e+00
-7.831961885237101129e+00
-7.831961885237101129e+00
-7.831961885237101129e+00
-7.831961885237101129e+00
-7.831961885237101129e+00
-7.831961885237101129e+00
-7.831961885237101129e+00
-7.475670619402970729e+00
-7.475634605889109885e+00
-7.475634605889109885e+00
-7.475634605889109885e+00
-7.475634605889109885e+00
-7.474383250249275079e+00
-7.474383250249275079e+00
-7.474383250249275079e+00
-7.475031493498763169e+00
-7.475031493498763169e+00
-7.755770054191749807e+00
-7.755770054191749807e+00
-7.755770054191749807e+00
-7.755770054191749807e+00
-7.755770054191749807e+00
-7.738825467986768736e+00
-7.912790798092435018e+00
-7.884900838877456408e+00
-7.884900838877456408e+00
-7.884900838877456408e+00
-7.884900838877456408e+00
-7.884900838877456408e+00
-7.884900838877456408e+00
-7.884900838877456408e+00
-7.884900838877456408e+00
-7.884900838877456408e+00
-7.889369249799738526e+00
-7.695456991688015336e+00
-7.695456991688015336e+00
-7.695456991688015336e+00
-7.695456991688015336e+00
-7.696497280784591943e+00
-7.681294107528306547e+00
-7.681294107528306547e+00
-7.681294107528306547e+00
-7.975846358056733365e+00
-7.975846358056733365e+00
-7.965885658337098718e+00
-7.965885658337098718e+00
-7.965885658337098718e+00
-7.965885658337098718e+00
-7.831384757280805076e+00
-7.860444471895352336e+00
-7.980539967407459301e+00
-7.980539967407459301e+00
-7.980539967407459301e+00
-7.980539967407459301e+00
-7.719361759280610968e+00
-7.719361759280610968e+00
-7.719361759280610968e+00
-7.719361759280610968e+00
-7.719361759280610968e+00
-7.719361759280610968e+00
-7.719361759280610968e+00
-7.719361759280610968e+00
-7.719361759280610968e+00
-7.719361759280610968e+00
-7.714567859131792993e+00
-7.714567859131792993e+00
-7.431295588185180101e+00
-7.431295588185180101e+00
-7.431295588185180101e+00
-7.431295588185180101e+00
-7.431295588185180101e+00
-7.431295588185180101e+00
-7.493345504964969983e+00
-7.492389095444980107e+00
-7.492389095444980107e+00
-7.492389095444980107e+00
-7.492389095444980107e+00
-7.492536340571270159e+00
-7.573904088532718681e+00
-7.573904088532718681e+00
-7.573904088532718681e+00
-7.573904088532718681e+00
-7.574251459387929764e+00
-7.574251459387929764e+00
-8.185841613244372539e+00
-8.183027088756086087e+00
-8.183027088756086087e+00
-8.191347578059646750e+00
-8.191347578059646750e+00
-8.191347578059646750e+00
-8.191347578059646750e+00
-8.107706875919610923e+00
-8.107706875919610923e+00
-8.107706875919610923e+00
-8.107706875919610923e+00
-8.107706875919610923e+00
-8.107706875919610923e+00
-8.111908148625156301e+00
-8.111908148625156301e+00
-8.013581226706277150e+00
-8.013581226706277150e+00
-7.906338452836979336e+00
-7.906012963610442590e+00
-7.906012963610442590e+00
-7.906012963610442590e+00
-7.906012963610442590e+00
-7.906947491501758130e+00
-7.906947491501758130e+00
-7.906947491501758130e+00
-7.906947491501758130e+00
-7.906947491501758130e+00
-7.896487161260717258e+00
-7.896487161260717258e+00
-7.896487161260717258e+00
-7.896487161260717258e+00
-8.093639723885354798e+00
-8.094926181304522572e+00
-8.094926181304522572e+00
-8.220668960483761722e+00
-8.220668960483761722e+00
-8.220668960483761722e+00
-8.220668960483761722e+00
-8.220668960483761722e+00
-8.220668960483761722e+00
-8.220668960483761722e+00
-8.220668960483761722e+00
-8.220668960483761722e+00
-8.136999082838826780e+00
-8.136999082838826780e+00
-8.136999082838826780e+00
-8.011910929050772623e+00
-8.011910929050772623e+00
-8.011910929050772623e+00
-8.011910929050772623e+00
-8.011910929050772623e+00
-8.011910929050772623e+00
-8.009302456565841055e+00
-7.754639503376889564e+00
-7.754639503376889564e+00
-7.754612151341046200e+00
-7.754612151341046200e+00
-7.754612151341046200e+00
-7.754612151341046200e+00
-7.754612151341046200e+00
-7.754612151341046200e+00
-7.754612151341046200e+00
-7.754612151341046200e+00
-7.754612151341046200e+00
-8.127448663656842598e+00
-8.127448663656842598e+00
-8.127448663656842598e+00
-8.122270011537160883e+00
-8.122270011537160883e+00
-8.122270011537160883e+00
-8.122270011537160883e+00
-8.122270011537160883e+00
-8.122270011537160883e+00
-8.122270011537160883e+00
-8.122270011537160883e+00
-8.122270011537160883e+00
-8.122270011537160883e+00
-8.144316664161463493e+00
-8.144316664161463493e+00
-8.144316664161463493e+00
-8.143468751050317422e+00
-8.143468751050317422e+00
-8.143468751050317422e+00
-8.143468751050317422e+00
-8.143468751050317422e+00
-8.143468751050317422e+00
-8.143468751050317422e+00
-8.143468751050317422e+00
-8.143468751050317422e+00
-8.143468751050317422e+00
-8.143468751050317422e+00
-8.143468751050317422e+00
-8.143468751050317422e+00
-8.143468751050317422e+00
-8.143468751050317422e+00
-8.143468751050317422e+00
-8.143468751050317422e+00
-8.143468751050317422e+00
-8.143468751050317422e+00
-8.143008325113621382e+00
-8.143008325113621382e+00
-8.143008325113621382e+00
-8.143008325113621382e+00
-8.143008325113621382e+00
-8.113910317648892701e+00
-8.113910317648892701e+00
-7.888796680516083626e+00
-7.888836796835320797e+00
-7.895548986431289329e+00
-7.864847237931610557e+00
-7.894324526960033062e+00
-7.894324526960033062e+00
-7.894324526960033062e+00
-7.894324526960033062e+00
-7.894288969313437043e+00
-7.894288969313437043e+00
-7.894288969313437043e+00
-7.894288969313437043e+00
-7.894288969313437043e+00
-7.877135595901518350e+00
-7.876307740949991754e+00
-7.876307740949991754e+00
-7.876307740949991754e+00
-7.638088831710085458e+00
-7.638088831710085458e+00
-7.638088831710085458e+00
-7.638126668693002053e+00
-7.638126668693002053e+00
-7.638126668693002053e+00
-7.638126668693002053e+00
-7.672153968883973718e+00
-7.628792786461445097e+00
-7.591432184835692709e+00
-7.781651462241294226e+00
-7.781651462241294226e+00
-7.781651462241294226e+00
-7.781651462241294226e+00
-7.782027096866877436e+00
-7.782027096866877436e+00
-7.782027096866877436e+00
-7.782027096866877436e+00
-7.782027096866877436e+00
-7.782027096866877436e+00
-7.782027096866877436e+00
-7.782027096866877436e+00
-7.782027096866877436e+00
-7.718054331967296733e+00
-7.715427624791803218e+00
-7.715427624791803218e+00
-7.715427624791803218e+00
-7.715427624791803218e+00
-7.715427624791803218e+00
-7.664234642772783879e+00
-7.667979136479743829e+00
-7.667979136479743829e+00
-7.849524627452142411e+00
-7.854180855687215690e+00
-7.860611319313997036e+00
-7.860611319313997036e+00
-7.860611319313997036e+00
-7.860611319313997036e+00
-7.860611319313997036e+00
-7.860611319313997036e+00
-7.860611319313997036e+00
-7.894856979924451679e+00
-7.895952884827242890e+00
-7.895952884827242890e+00
-7.965215533458935404e+00
-7.965215533458935404e+00
-7.965215533458935404e+00
-7.965215533458935404e+00
-7.965219180397047793e+00
-8.212670313468626304e+00
-8.212045775316868301e+00
-8.212045775316868301e+00
-8.686925439488135225e+00
-8.530722521459166430e+00
-8.530722521459166430e+00
-8.532427465026739100e+00
-8.532427465026739100e+00
-8.804535546676605762e+00
-8.802433998589306086e+00
-8.597838035277153068e+00
-8.597838035277153068e+00
-8.597838035277153068e+00
-8.460626547468779179e+00
-8.460626547468779179e+00
-8.460626547468779179e+00
-8.717725655316849398e+00
-8.693497221966774546e+00
-8.630610332890176650e+00
-8.624172575387170525e+00
-8.548062800449349297e+00
-8.548062800449349297e+00
-8.549285436451548037e+00
-8.549285436451548037e+00
-8.549285436451548037e+00
-8.473632440512311348e+00
-8.467591287529035782e+00
-8.467591287529035782e+00
-8.467591287529035782e+00
-8.467591287529035782e+00
-8.467591287529035782e+00
-8.498272066134568092e+00
-8.531069892314377512e+00
-8.532307116069027586e+00
-8.532307116069027586e+00
-8.708213528985046636e+00
-8.705391710620537182e+00
-8.699938626407892173e+00
-8.595007099567361308e+00
-8.597824359259231386e+00
-8.597824359259231386e+00
-8.597824359259231386e+00
-8.917364517999653017e+00
-8.932228526011479985e+00
-8.932228526011479985e+00
-8.464982815044104214e+00
-8.464982815044104214e+00
-8.464982815044104214e+00
-8.462139115050918647e+00
-8.462139115050918647e+00
-8.462139115050918647e+00
-8.462139115050918647e+00
-8.464112108569755932e+00
-8.464105726428059029e+00
-8.832967076201283518e+00
-8.832967076201283518e+00
-8.832967076201283518e+00
-8.832967076201283518e+00
-8.832967076201283518e+00
-8.841953131710365454e+00
-8.854794000804309562e+00
-8.855065697693687454e+00
-8.151975234197612608e+00
-8.151154673122309902e+00
-8.151154673122309902e+00
-8.285659221116716822e+00
-8.285659221116716822e+00
-8.330772757302279174e+00
-8.339910160743027490e+00
-8.339910160743027490e+00
-8.339910160743027490e+00
-8.816958841356674625e+00
-8.805342431733986786e+00
-8.808520738298987851e+00
-8.808520738298987851e+00
-8.808520738298987851e+00
-8.808520738298987851e+00
-8.765426694093196858e+00
-8.763218473066107350e+00
-8.794061540417644096e+00
-8.818018276878341055e+00
-8.818018276878341055e+00
-8.818018276878341055e+00
-8.053219797050520157e+00
-8.060886572697421926e+00
-8.060886572697421926e+00
-8.060886572697421926e+00
-8.060741606907452450e+00
-8.060676873755955540e+00
-8.060676873755955540e+00
-8.060676873755955540e+00
-8.060676873755955540e+00
-8.060676873755955540e+00
-8.060676873755955540e+00
-8.060676873755955540e+00
-8.060676873755955540e+00
-8.055391548696483994e+00
-8.055391548696483994e+00
-8.055391548696483994e+00
-8.055391548696483994e+00
-8.055391548696483994e+00
-8.055391548696483994e+00
-8.055391548696483994e+00
-8.438447693337900901e+00
-8.432865142822265625e+00
-8.432865142822265625e+00
-8.419480879949565733e+00
-8.419480879949565733e+00
-8.419480879949565733e+00
-8.419480879949565733e+00
-8.419480879949565733e+00
-8.419480879949565733e+00
-8.429330348056771172e+00
-8.429330348056771172e+00
-8.429330348056771172e+00
-8.420922332238513164e+00
-8.420922332238513164e+00
-8.410482971891617865e+00
-8.410482971891617865e+00
-8.410482971891617865e+00
-8.405622515122248117e+00
-8.405802126824285736e+00
-8.405802126824285736e+00
-8.405802126824285736e+00
-8.405717335513170241e+00
-8.405717335513170241e+00
-8.405717335513170241e+00
-8.405717335513170241e+00
-8.415513011283216827e+00
-8.415513011283216827e+00
-8.415513011283216827e+00
-8.417706644557856777e+00
-8.417706644557856777e+00
-8.417706644557856777e+00
-8.417706644557856777e+00
-8.433612765135316991e+00
-8.433612765135316991e+00
-8.433612765135316991e+00
-8.433612765135316991e+00
-8.433612765135316991e+00
-8.433612765135316991e+00
-8.433612765135316991e+00
-8.431613331315165993e+00
-8.431613331315165993e+00
-8.428505228308829089e+00
-8.252032628250850266e+00
-8.252032628250850266e+00
-8.263268844575316407e+00
-8.263268844575316407e+00
-8.244246415380764859e+00
-8.242499532024901043e+00
-8.242499532024901043e+00
-8.242499532024901043e+00
-8.242499532024901043e+00
-8.242603469761105472e+00
-8.242603469761105472e+00
-8.242603469761105472e+00
-8.242603469761105472e+00
-8.242603469761105472e+00
-8.462487397640657605e+00
-8.488948668850083479e+00
-8.488948668850083479e+00
-8.488948668850083479e+00
-8.488948668850083479e+00
-8.488948668850083479e+00
-8.481320186053361354e+00
-8.450612055411985679e+00
-8.450612055411985679e+00
-8.450612055411985679e+00
-8.450612055411985679e+00
-8.450612055411985679e+00
-8.450612055411985679e+00
-8.450612055411985679e+00
-8.450612055411985679e+00
-8.439361251335069980e+00
-8.484644370142861547e+00
-8.484644370142861547e+00
-8.484425553856114632e+00
-8.484425553856114632e+00
-8.484425553856114632e+00
-8.484425553856114632e+00
-8.486264522399318722e+00
-8.486264522399318722e+00
-8.486264522399318722e+00
-8.486264522399318722e+00
-8.486264522399318722e+00
-8.486264522399318722e+00
-8.359672918374405626e+00
-8.359672918374405626e+00
-8.329461683050851661e+00
-8.329461683050851661e+00
-8.329461683050851661e+00
-8.329494505493864054e+00
-8.359179669994697193e+00
-8.359179669994697193e+00
-8.359179669994697193e+00
-8.441154633151869646e+00
-8.512207928396774648e+00
-8.483119950011856147e+00
-8.483119950011856147e+00
-8.483119950011856147e+00
-8.512749498706474682e+00
-8.465425006290239196e+00
-8.465425006290239196e+00
-8.230026091945786604e+00
-8.270469723878353108e+00
-8.271309431378744748e+00
-8.271309431378744748e+00
-8.271309431378744748e+00
-8.271309431378744748e+00
-8.271309431378744748e+00
-8.226963575665854123e+00
-8.226963575665854123e+00
-8.268783015001343273e+00
-8.268783015001343273e+00
-8.267918690668691895e+00
-8.267918690668691895e+00
-8.267918690668691895e+00
-8.267918690668691895e+00
-8.290117602959188758e+00
-8.290117602959188758e+00
-8.284204092809847708e+00
-8.153490536983335701e+00
-8.153490536983335701e+00
-8.246563132816699948e+00
-8.734986613403085798e+00
-8.734986613403085798e+00
-8.734986613403085798e+00
-8.692204382405909868e+00
-8.692204382405909868e+00
-8.689864871606770791e+00
-8.689864871606770791e+00
-8.689864871606770791e+00
-8.705094485164371676e+00
-8.705094485164371676e+00
-8.710771856070932628e+00
-8.710771856070932628e+00
-8.710771856070932628e+00
-8.640376833155324121e+00
-8.708219911126743540e+00
-8.708219911126743540e+00
-8.708219911126743540e+00
-8.708219911126743540e+00
-8.377359656485269923e+00
-8.377247513138312840e+00
-8.377247513138312840e+00
-8.377247513138312840e+00
-7.704535132384436658e+00
-8.015950824744841441e+00
-8.015950824744841441e+00
-8.015950824744841441e+00
-7.979083015631534437e+00
-7.979083015631534437e+00
-7.979083015631534437e+00
-8.199103703690303391e+00
-8.334418783680202836e+00
-8.334418783680202836e+00
-8.334418783680202836e+00
-8.365145149012139569e+00
-8.169079373945013600e+00
-8.169079373945013600e+00
-8.169079373945013600e+00
-8.225510270828042536e+00
-8.225625149378585022e+00
-8.594702580234972800e+00
-8.210452975096254491e+00
-8.210452975096254491e+00
-8.236400028031825471e+00
-8.236400028031825471e+00
-8.233905522362906737e+00
-8.232724826149000918e+00
-7.715425801322746580e+00
-7.723728967670272283e+00
-7.723728967670272283e+00
-7.723728967670272283e+00
-7.711030329162714025e+00
-7.750815688765983147e+00
-7.750989830060852626e+00
-7.750989830060852626e+00
-7.750989830060852626e+00
-7.635035888642699220e+00
-7.632610674797918549e+00
-7.632610674797918549e+00
-8.559557949379797748e+00
-8.648036314926001111e+00
-8.648036314926001111e+00
-8.647745471611532508e+00
-8.775746617216908518e+00
-8.775746617216908518e+00
-8.736495534047113765e+00
-7.910729366324371625e+00
-7.831189646091789136e+00
-7.831189646091789136e+00
-7.831189646091789136e+00
-7.831189646091789136e+00
-7.831189646091789136e+00
-8.444528050905887540e+00
-8.444528050905887540e+00
-8.499181065459096018e+00
-8.499181065459096018e+00
-8.161129048859868007e+00
-8.021123094722828029e+00
-8.021123094722828029e+00
-7.989743927468761164e+00
-8.137009111918636961e+00
-8.137009111918636961e+00
-8.137009111918636961e+00
-8.297475300601060866e+00
-8.297475300601060866e+00
-8.297475300601060866e+00
-8.297475300601060866e+00
-8.717152174298666623e+00
-8.717152174298666623e+00
-8.717158556440363526e+00
-8.717158556440363526e+00
-8.717158556440363526e+00
-8.712811406210320797e+00
-8.902942701233959255e+00
-8.902942701233959255e+00
-8.902942701233959255e+00
-8.902942701233959255e+00
-8.902942701233959255e+00
-8.890141948459252319e+00
-8.890141948459252319e+00
-8.751061404868247351e+00
-8.751061404868247351e+00
-8.751061404868247351e+00
-8.751061404868247351e+00
-8.751061404868247351e+00
-8.566394134871590182e+00
-8.566394134871590182e+00
-8.566394134871590182e+00
-8.566394134871590182e+00
-8.566394134871590182e+00
-8.566394134871590182e+00
-8.566394134871590182e+00
-8.566394134871590182e+00
-8.566394134871590182e+00
-8.618960189089948543e+00
-8.618960189089948543e+00
-8.562319593265453221e+00
-8.562319593265453221e+00
-8.562319593265453221e+00
-8.562319593265453221e+00
-8.562319593265453221e+00
-8.529746053779557968e+00
-8.301100357084839843e+00
-8.737936074601531544e+00
-8.737942456743228448e+00
-8.737942456743228448e+00
-8.737942456743228448e+00
-8.732329818988164405e+00
-8.733184114241007379e+00
-8.733177732099310475e+00
-8.736321392752243398e+00
-8.736321392752243398e+00
-8.736321392752243398e+00
-8.737239509422053629e+00
-8.734746827222192422e+00
-8.734746827222192422e+00
-8.440097932833786842e+00
-8.440097932833786842e+00
-8.440097932833786842e+00
-8.439131494233986786e+00
-8.439131494233986786e+00
-8.288225753813355468e+00
-8.287680536565543932e+00
-8.287680536565543932e+00
-8.287680536565543932e+00
-8.520553034532593273e+00
-8.520553034532593273e+00
-8.520553034532593273e+00
-8.382629482057764037e+00
-8.379659962699699705e+00
-8.379659962699699705e+00
-8.379659962699699705e+00
-8.379659962699699705e+00
-8.379659962699699705e+00
-8.368048111749653017e+00
-8.368048111749653017e+00
-8.368048111749653017e+00
-8.368048111749653017e+00
-8.368048111749653017e+00
-8.368048111749653017e+00
-8.374589806988863572e+00
-8.371072335179404078e+00
-8.371072335179404078e+00
-8.371072335179404078e+00
-8.371072335179404078e+00
-8.652505637582811104e+00
-8.652505637582811104e+00
-8.652505637582811104e+00
-8.652505637582811104e+00
-8.643856012114602194e+00
-8.654584392306908569e+00
-8.654584392306908569e+00
-8.641226569735524166e+00
-8.640320305614579866e+00
-8.640320305614579866e+00
-8.645485281716341674e+00
-8.645485281716341674e+00
-8.669864151263555030e+00
-8.801245096764645837e+00
-8.801245096764645837e+00
-8.800156485738078516e+00
-8.800156485738078516e+00
-8.800928724883391396e+00
-8.816926018913662233e+00
-8.893135172915048514e+00
-8.893135172915048514e+00
-8.904706907545858030e+00
-8.904706907545858030e+00
-8.904706907545858030e+00
-8.880043576825872975e+00
-8.880043576825872975e+00
-8.816564060306001593e+00
-8.816564060306001593e+00
-8.816564060306001593e+00
-8.441997987590372787e+00
-8.441997987590372787e+00
-8.350567425642140051e+00
-8.307923778293236694e+00
-8.307923778293236694e+00
-8.307923778293236694e+00
-8.501109383986054979e+00
-8.396828835598597607e+00
-8.396828835598597607e+00
-8.380200621274871864e+00
-8.373677160726222368e+00
-8.373677160726222368e+00
-8.384070022612183593e+00
-8.384070022612183593e+00
-8.384070022612183593e+00
-8.384070022612183593e+00
-8.384070022612183593e+00
-8.373118267460489150e+00
-8.345314923025680898e+00
-8.351401662735364440e+00
-8.351401662735364440e+00
-8.607477804442892122e+00
-8.607477804442892122e+00
-8.618604612623983030e+00
-8.618604612623983030e+00
-8.618604612623983030e+00
-8.607751324801325765e+00
-8.656866463830775515e+00
-8.656866463830775515e+00
-8.659537845998146466e+00
-8.659537845998146466e+00
-8.725266611598872402e+00
-8.615169196922053629e+00
-8.616639824715900176e+00
-8.616639824715900176e+00
-8.616639824715900176e+00
-8.616639824715900176e+00
-8.616639824715900176e+00
-8.735859143346489830e+00
-8.735859143346489830e+00
-8.735859143346489830e+00
-8.735859143346489830e+00
-8.735859143346489830e+00
-8.914219945612190443e+00
-8.852969620013555030e+00
-8.852969620013555030e+00
-8.852969620013555030e+00
-8.852969620013555030e+00
-8.724356700539816600e+00
-8.724356700539816600e+00
-8.724356700539816600e+00
-8.724356700539816600e+00
-8.724356700539816600e+00
-8.724356700539816600e+00
-8.724356700539816600e+00
-8.711942523205028266e+00
-8.711942523205028266e+00
-8.711942523205028266e+00
-8.711942523205028266e+00
-8.711942523205028266e+00
-8.711942523205028266e+00
-8.701992764299731675e+00
-8.701992764299731675e+00
-8.701992764299731675e+00
-8.701992764299731675e+00
-8.765289933913980036e+00
-8.765289933913980036e+00
-8.347143862489076582e+00
-8.347143862489076582e+00
-8.347143862489076582e+00
-8.347143862489076582e+00
-8.347143862489076582e+00
-8.347143862489076582e+00
-8.349802480373053726e+00
-8.349802480373053726e+00
-8.349802480373053726e+00
-8.364424878734931568e+00
-8.364424878734931568e+00
-8.301209765228213300e+00
-8.301209765228213300e+00
-8.301209765228213300e+00
-8.301209765228213300e+00
-8.301209765228213300e+00
-8.301209765228213300e+00
-8.734664771114662329e+00
-8.596607193664199897e+00
-8.596607193664199897e+00
-8.596607193664199897e+00
-8.596607193664199897e+00
-8.596607193664199897e+00
-8.850380293953714173e+00
-8.915727954521688758e+00
-8.912379153599930603e+00
-8.912379153599930603e+00
-8.916040679464831697e+00
-8.915438022941749807e+00
-8.908250819656634789e+00
-8.452706309623060577e+00
-8.369509622198217258e+00
-8.369509622198217258e+00
-8.366851004314240114e+00
-8.366851004314240114e+00
-8.701223260358004197e+00
-8.802999273996736207e+00
-8.804699658891665948e+00
-8.793955779212382140e+00
-8.795586872283177371e+00
-8.795586872283177371e+00
-8.795586872283177371e+00
-8.778786340133637012e+00
-8.778786340133637012e+00
-8.778786340133637012e+00
-8.785394591993400226e+00
-8.785394591993400226e+00
-8.782822588889594329e+00
-8.685415607109579383e+00
-8.687526272542161365e+00
-8.697653819680441600e+00
-8.684788333754237755e+00
-8.684788333754237755e+00
-8.684788333754237755e+00
-8.676937387732657214e+00
-8.681525235878121194e+00
-8.803805247319587579e+00
-8.642856751071791521e+00
-8.115005310817156925e+00
-8.099686347275801168e+00
-8.351859353468476854e+00
-8.294381785347173519e+00
-8.294381785347173519e+00
-8.294381785347173519e+00
-8.079774976916340279e+00
-8.079774976916340279e+00
-8.079774976916340279e+00
-8.079774976916340279e+00
-8.079774976916340279e+00
-8.079774976916340279e+00
-8.313378685974937454e+00
-8.313378685974937454e+00
-8.968826461704464847e+00
-8.944522354388555030e+00
-8.944522354388555030e+00
-8.944522354388555030e+00
-8.944522354388555030e+00
-8.944522354388555030e+00
-8.944522354388555030e+00
-8.979683396465235390e+00
-8.980942501848559800e+00
-8.985361679106324218e+00
-8.961805194103465766e+00
-8.963595840716680030e+00
-8.963595840716680030e+00
-8.844242497110457180e+00
-8.844242497110457180e+00
-8.844242497110457180e+00
-8.844242497110457180e+00
-8.844242497110457180e+00
-8.683620401823725743e+00
-8.683620401823725743e+00
-8.683620401823725743e+00
-8.880159367110943336e+00
-8.880159367110943336e+00
-8.559049201513111882e+00
-8.559049201513111882e+00
-8.553806727976461133e+00
-8.553806727976461133e+00
-8.279334518695195655e+00
-8.289132929668827643e+00
-8.289132929668827643e+00
-8.289164840377310384e+00
-8.461530076386139854e+00
-8.461530076386139854e+00
-8.558556864867929548e+00
-8.558556864867929548e+00
-8.799634061853470968e+00
-8.395866043936909051e+00
-8.395866043936909051e+00
-8.517254379009880694e+00
-8.526728212491503811e+00
-8.827915155181008444e+00
-8.719345807573306573e+00
-8.640219103081959062e+00
-8.640219103081959062e+00
-8.640219103081959062e+00
-8.678541128767607304e+00
-8.678541128767607304e+00
-8.678541128767607304e+00
-8.678541128767607304e+00
-8.340745309570777977e+00
-8.340745309570777977e+00
-8.340745309570777977e+00
-8.340745309570777977e+00
-8.340745309570777977e+00
-8.340745309570777977e+00
-8.340745309570777977e+00
-8.263238757335887641e+00
-8.263238757335887641e+00
-8.263238757335887641e+00
-8.263238757335887641e+00
-8.362791050460552711e+00
-8.362791050460552711e+00
-8.203178245296442128e+00
-8.203178245296442128e+00
-8.203210156004924869e+00
-8.203210156004924869e+00
-8.199057205229371093e+00
-8.199057205229371093e+00
-8.253380171883401673e+00
-8.427148567330997153e+00
-8.427154037738164405e+00
-8.404017862352768375e+00
-8.403995980724094039e+00
-8.403995980724094039e+00
-8.403995980724094039e+00
-8.410698141240253278e+00
-8.410698141240253278e+00
-8.358241495165268375e+00
-8.358241495165268375e+00
-7.745822118755508079e+00
-7.777988112907336493e+00
-7.777988112907336493e+00
-7.770016817928043551e+00
-7.770016817928043551e+00
-8.438581718313534097e+00
-8.440664119975744839e+00
-8.440664119975744839e+00
-8.440664119975744839e+00
-8.440664119975744839e+00
-8.466033133220490114e+00
-8.466033133220490114e+00
-8.428204355914552082e+00
-8.470467809965231964e+00
-8.470467809965231964e+00
-8.470467809965231964e+00
-8.470467809965231964e+00
-8.470474192106928868e+00
-8.580440317011699847e+00
-8.439901909910242139e+00
-8.591249841577008439e+00
-8.591255311984177467e+00
-8.591255311984177467e+00
-8.585804962975116084e+00
-8.200510510067182679e+00
-8.548929859985584301e+00
-8.548929859985584301e+00
-8.548929859985584301e+00
-8.548929859985584301e+00
-8.539614668311854118e+00
-8.539614668311854118e+00
-8.539614668311854118e+00
-8.539614668311854118e+00
-8.539614668311854118e+00
-8.788828184226273876e+00
-8.788828184226273876e+00
-8.788828184226273876e+00
-8.788828184226273876e+00
-8.788828184226273876e+00
-8.717579777792352047e+00
-8.717579777792352047e+00
-8.717579777792352047e+00
-8.717579777792352047e+00
-8.717579777792352047e+00
-8.717579777792352047e+00
-8.717579777792352047e+00
-8.717579777792352047e+00
-8.185330130174099494e+00
-8.185330130174099494e+00
-8.138953841667101230e+00
-8.138953841667101230e+00
-8.052902513434736065e+00
-8.052902513434736065e+00
-8.052902513434736065e+00
-8.052902513434736065e+00
-8.052902513434736065e+00
-8.130984370156864927e+00
-8.130984370156864927e+00
-8.131006251785541039e+00
-8.090825199397070122e+00
-8.441303245879950623e+00
-8.515941481289397430e+00
-8.526719095146223282e+00
-8.212922863932913486e+00
-8.212922863932913486e+00
-8.350958559754701582e+00
-8.350958559754701582e+00
-8.350958559754701582e+00
-8.332896187018253187e+00
-8.182418050091307293e+00
-8.182418050091307293e+00
-8.182418050091307293e+00
-8.182418050091307293e+00
-8.170678556307324314e+00
-8.170678556307324314e+00
-8.170678556307324314e+00
-8.170678556307324314e+00
-8.184762119563085747e+00
-8.130916901801786167e+00
-8.130916901801786167e+00
-8.123906575015123366e+00
-8.123906575015123366e+00
-8.123906575015123366e+00
-8.123906575015123366e+00
-8.123906575015123366e+00
-8.124858425862473865e+00
-8.124858425862473865e+00
-8.124858425862473865e+00
-8.124858425862473865e+00
-8.124858425862473865e+00
-8.093242207631098140e+00
-8.093242207631098140e+00
-8.093242207631098140e+00
-8.090428594877341339e+00
-8.533617278585925447e+00
-8.533617278585925447e+00
-8.533617278585925447e+00
-8.585151249318458966e+00
-8.585151249318458966e+00
-8.585151249318458966e+00
-8.585151249318458966e+00
-8.585151249318458966e+00
-8.585151249318458966e+00
-8.585151249318458966e+00
-8.658896896624883155e+00
-8.658896896624883155e+00
-8.658896896624883155e+00
-8.658896896624883155e+00
-8.658896896624883155e+00
-8.512788703291183978e+00
-8.501644572154058110e+00
-8.422560719185531397e+00
-8.422560719185531397e+00
-8.422560719185531397e+00
-8.422560719185531397e+00
-8.422560719185531397e+00
-8.580478609861879491e+00
-8.580478609861879491e+00
-8.572593929662758683e+00
-8.572593929662758683e+00
-8.572593929662758683e+00
-8.572593929662758683e+00
-8.595123801586959544e+00
-8.602152363064183405e+00
-8.602152363064183405e+00
-8.602152363064183405e+00
-8.591948230225542105e+00
-8.591948230225542105e+00
-8.591948230225542105e+00
-8.591948230225542105e+00
-8.591948230225542105e+00
-8.591948230225542105e+00
-8.591942759818373077e+00
-8.591942759818373077e+00
-8.591942759818373077e+00
-8.591942759818373077e+00
-8.591942759818373077e+00
-8.591936377676676173e+00
-8.591936377676676173e+00
-8.591936377676676173e+00
-8.591936377676676173e+00
-8.505523090836650368e+00
-8.505523090836650368e+00
-8.505523090836650368e+00
-8.505523090836650368e+00
-8.505523090836650368e+00
-8.505523090836650368e+00
-8.505523090836650368e+00
-8.505523090836650368e+00
-8.505523090836650368e+00
-8.447209462153066895e+00
-8.686237079919409965e+00
-8.667627666466094283e+00
-8.667627666466094283e+00
-9.507630568845321761e+00
-8.937947836706332083e+00
-8.937947836706332083e+00
-8.937947836706332083e+00
-8.937947836706332083e+00
-8.937947836706332083e+00
-8.937947836706332083e+00
-8.937947836706332083e+00
-8.937947836706332083e+00
-8.731803748165443579e+00
-8.731803748165443579e+00
-8.731803748165443579e+00
-8.622221463497007576e+00
-8.622221463497007576e+00
-8.622221463497007576e+00
-8.622221463497007576e+00
-8.622221463497007576e+00
-8.622221463497007576e+00
-8.622237874718514661e+00
-8.628185119045395979e+00
-8.628185119045395979e+00
-8.316681900170291186e+00
-8.316681900170291186e+00
-8.316029098248161944e+00
-8.316029098248161944e+00
-8.326935266673450187e+00
-7.817437042469731701e+00
-7.711066798543838807e+00
-7.688112058329536147e+00
-7.678775896761658615e+00
-7.685389619028590857e+00
-7.685389619028590857e+00
-7.685389619028590857e+00
-7.685389619028590857e+00
-7.684372123295216461e+00
-7.684372123295216461e+00
-7.683763084630436779e+00
-7.692697171271416501e+00
-7.872780240060722079e+00
-7.806502610274072218e+00
-7.806502610274072218e+00
-7.806502610274072218e+00
-7.806502610274072218e+00
-7.813863954854056715e+00
-8.003728111660958433e+00
-8.003728111660958433e+00
-7.987709847736540247e+00
-8.083588762447437404e+00
-7.914490271252837772e+00
-7.914499388598119189e+00
-7.914499388598119189e+00
-7.914499388598119189e+00
-7.914499388598119189e+00
-7.914499388598119189e+00
-8.069241707913050732e+00
-8.069241707913050732e+00
-8.073756617296265148e+00
-8.063126704432995950e+00
-8.063126704432995950e+00
-8.100040100272709154e+00
-8.100040100272709154e+00
-8.100040100272709154e+00
-8.100040100272709154e+00
-8.100040100272709154e+00
-8.986727457429436683e+00
-8.986727457429436683e+00
-8.954274266901252943e+00
-8.955793216625089315e+00
-8.955793216625089315e+00
-8.955793216625089315e+00
-9.231457974669126543e+00
-9.231457974669126543e+00
-9.231457974669126543e+00
-9.230649266142689768e+00
-9.249519435671045287e+00
-9.249519435671045287e+00
-9.249519435671045287e+00
-9.249519435671045287e+00
-9.249519435671045287e+00
-9.249519435671045287e+00
-9.059697218652436490e+00
-8.987202471118584057e+00
-8.740198087965779905e+00
-8.740198087965779905e+00
-8.735667679095586280e+00
-8.735667679095586280e+00
-8.740156148177486983e+00
-8.724327525034917485e+00
-8.724327525034917485e+00
-8.724322054627748457e+00
-8.724322054627748457e+00
-8.982110433779071812e+00
-8.982110433779071812e+00
-8.982110433779071812e+00
-8.982110433779071812e+00
-8.982110433779071812e+00
-8.982110433779071812e+00
-8.982110433779071812e+00
-8.982110433779071812e+00
-8.982110433779071812e+00
-8.982110433779071812e+00
-8.982110433779071812e+00
-8.982110433779071812e+00
-8.955846097227720293e+00
-9.048843019095251350e+00
-9.048843019095251350e+00
-9.043798391951201054e+00
-9.043798391951201054e+00
-9.043798391951201054e+00
-8.802832426578090619e+00
-8.802832426578090619e+00
-8.783895700429182440e+00
-8.791079256776185957e+00
-8.791079256776185957e+00
-8.788788979641566357e+00
-8.788784420968925204e+00
-9.028297081504224053e+00
-9.044920737155308643e+00
-9.044920737155308643e+00
-9.044920737155308643e+00
-9.044908884606442712e+00
-9.214526152747538390e+00
-9.000073427451955155e+00
-8.998342955317596648e+00
-8.998307397671000629e+00
-8.994874717172654854e+00
-8.994541934069893330e+00
-8.994541934069893330e+00
-8.994541934069893330e+00
-8.994541934069893330e+00
-9.036576542754017893e+00
-9.222817466546198162e+00
-9.219936385437360826e+00
-9.278436919699206697e+00
-9.321125242039988379e+00
-9.321125242039988379e+00
-9.321125242039988379e+00
-9.145018247527783473e+00
-9.145018247527783473e+00
-9.141382250229668216e+00
-9.141382250229668216e+00
-9.141382250229668216e+00
-9.138808423656806568e+00
-9.138808423656806568e+00
-9.138808423656806568e+00
-9.084354167230726418e+00
-9.084354167230726418e+00
-9.084354167230726418e+00
-9.088308359879151865e+00
-9.073956746672124041e+00
-9.073956746672124041e+00
-9.073956746672124041e+00
-9.073956746672124041e+00
-9.086501302044432293e+00
-9.086501302044432293e+00
-9.086501302044432293e+00
-9.086501302044432293e+00
-9.086501302044432293e+00
-9.086501302044432293e+00
-9.131661336690926944e+00
-9.081994598271968755e+00
-9.081994598271968755e+00
-9.081994598271968755e+00
-9.085306018078075141e+00
-9.041365884230195604e+00
-9.017157509039737562e+00
-9.017885984927699994e+00
-8.801838635942447198e+00
-8.801838635942447198e+00
-8.805804681139738577e+00
-8.805804681139738577e+00
-8.805804681139738577e+00
-8.805804681139738577e+00
-8.748475725746519771e+00
-8.748475725746519771e+00
-8.748475725746519771e+00
-8.748475725746519771e+00
-8.748475725746519771e+00
-8.748475725746519771e+00
-8.328742324508169759e+00
-8.542024382669655580e+00
-8.555942010241301077e+00
-8.715150917009458098e+00
-8.715150917009458098e+00
-8.715150917009458098e+00
-8.081345895508277977e+00
-8.081345895508277977e+00
-8.081345895508277977e+00
-8.081345895508277977e+00
-8.689149160002202166e+00
-8.689149160002202166e+00
-8.689149160002202166e+00
-8.249834436303570939e+00
-8.249113254291833286e+00
-8.249113254291833286e+00
-8.235884898023440925e+00
-8.435282151056293642e+00
-8.435282151056293642e+00
-8.450096925403601134e+00
-8.449068488855889569e+00
-8.449068488855889569e+00
-8.559511450918863673e+00
-8.559511450918863673e+00
-8.559511450918863673e+00
-8.559511450918863673e+00
-8.615683415195910300e+00
-8.615749971816461183e+00
-8.615749971816461183e+00
-8.961152392181338300e+00
-9.271046399614322198e+00
-9.271046399614322198e+00
-9.274037800601060866e+00
-9.274037800601060866e+00
-9.274037800601060866e+00
-9.274037800601060866e+00
-9.246435037762438469e+00
-9.172201612483474875e+00
-9.167002902204174575e+00
-9.090467347241723672e+00
-9.090467347241723672e+00
-9.090467347241723672e+00
-9.090467347241723672e+00
-8.972890974230793404e+00
-8.972890974230793404e+00
-8.972890974230793404e+00
-9.116683361863087143e+00
-9.116683361863087143e+00
-9.126018611696435912e+00
-9.126018611696435912e+00
-9.126018611696435912e+00
-9.126018611696435912e+00
-9.126018611696435912e+00
-9.126018611696435912e+00
-9.126018611696435912e+00
-9.121308591124204668e+00
-9.121308591124204668e+00
-9.320303769230157798e+00
-9.320303769230157798e+00
-9.320303769230157798e+00
-9.320303769230157798e+00
-9.320303769230157798e+00
-9.320303769230157798e+00
-9.379311227889635560e+00
-9.379311227889635560e+00
-9.389607445915615358e+00
-9.031307628916051655e+00
-9.372133141949801072e+00
-8.758381721394467689e+00
-8.744948224857250096e+00
-8.896786669700141204e+00
-8.896786669700141204e+00
-8.943783849420784193e+00
-8.943783849420784193e+00
-8.943783849420784193e+00
-8.943783849420784193e+00
-8.922738281308349784e+00
-8.922738281308349784e+00
-8.922738281308349784e+00
-8.922738281308349784e+00
-8.922738281308349784e+00
-8.922738281308349784e+00
-8.922748310388159965e+00
-8.878323133771322873e+00
-8.878323133771322873e+00
-8.878323133771322873e+00
-8.878323133771322873e+00
-8.878323133771322873e+00
-8.878323133771322873e+00
-8.878323133771322873e+00
-8.878323133771322873e+00
-8.878318575098683496e+00
-8.878318575098683496e+00
-8.766300135771128765e+00
-8.764095561682152535e+00
-8.764095561682152535e+00
-8.766759649973298707e+00
-8.783949492766341294e+00
-8.783949492766341294e+00
-8.783949492766341294e+00
-8.783953139704454571e+00
-8.783944022359172266e+00
-8.781304550900285832e+00
-8.730064158685804543e+00
-8.730064158685804543e+00
-8.729994866861668257e+00
-8.729825284239439043e+00
-8.729825284239439043e+00
-8.729825284239439043e+00
-8.729825284239439043e+00
-8.729825284239439043e+00
-8.729825284239439043e+00
-8.729825284239439043e+00
-8.729825284239439043e+00
-8.729825284239439043e+00
-8.729825284239439043e+00
-8.732239557269881658e+00
-8.729825284239439043e+00
-8.782885498572033711e+00
-8.782885498572033711e+00
-8.782885498572033711e+00
-8.782885498572033711e+00
-9.273033069151081165e+00
-9.273033069151081165e+00
-9.273033069151081165e+00
-8.985310621972748990e+00
-8.904004871959211087e+00
-8.554002750900005836e+00
-8.554002750900005836e+00
-8.491914541270034533e+00
-8.491914541270034533e+00
-8.818659226251606142e+00
-8.818655579313492865e+00
-8.818655579313492865e+00
-8.818655579313492865e+00
-8.818655579313492865e+00
-8.818655579313492865e+00
-8.818655579313492865e+00
-8.818655579313492865e+00
-8.818655579313492865e+00
-9.045487836031794515e+00
-9.045496953377075045e+00
-9.277490539259025226e+00
-9.277490539259025226e+00
-8.932940590677935333e+00
-8.932940590677935333e+00
-8.932940590677935333e+00
-8.931683308763668450e+00
-9.132759976797304446e+00
-9.132759976797304446e+00
-9.148261287244281448e+00
-9.065805839990794368e+00
-9.065818604274188175e+00
-9.065818604274188175e+00
-9.096606055819508541e+00
-9.096606055819508541e+00
-8.906845836748811251e+00
-9.328808428908397232e+00
-9.328803870235756079e+00
-9.171657306970191215e+00
-9.171657306970191215e+00
-9.171657306970191215e+00
-9.177598169155375629e+00
-9.177598169155375629e+00
-9.177598169155375629e+00
-9.177561699774251736e+00
-9.177561699774251736e+00
-9.177561699774251736e+00
-9.177561699774251736e+00
-9.113947246544219283e+00
-9.113947246544219283e+00
-9.000068868779315778e+00
-8.973194581828654037e+00
-8.973194581828654037e+00
-9.220949322498094958e+00
-9.220754211309078130e+00
-9.235430402008114825e+00
-9.235430402008114825e+00
-9.235430402008114825e+00
-9.235516105053756419e+00
-9.235516105053756419e+00
-9.227379786124876304e+00
-9.227379786124876304e+00
-9.227379786124876304e+00
-9.227379786124876304e+00
-9.227362463168841344e+00
-9.227362463168841344e+00
-9.039928078879361451e+00
-9.066335557751628471e+00
-9.066335557751628471e+00
-9.066335557751628471e+00
-9.066335557751628471e+00
-9.066335557751628471e+00
-8.938741045745791425e+00
-8.918836969262555314e+00
-8.904215482635205348e+00
-8.904215482635205348e+00
-8.904215482635205348e+00
-8.910750795732720775e+00
-8.900264025190363526e+00
-8.849308094148653936e+00
-8.849139423260952597e+00
-8.849139423260952597e+00
-8.849139423260952597e+00
-8.826269474357765432e+00
-8.826269474357765432e+00
-8.821274992612762489e+00
-9.161331913439310526e+00
-9.161331913439310526e+00
-9.165801236096120519e+00
-9.184410649549436201e+00
-9.184410649549436201e+00
-9.444265019141464990e+00
-9.444265019141464990e+00
-9.444148317121866754e+00
-9.482344523442634454e+00
-9.262731380717932339e+00
-9.070800321735797311e+00
-9.070800321735797311e+00
-9.070800321735797311e+00
-9.070800321735797311e+00
-8.922362646682767462e+00
-8.922362646682767462e+00
-8.922362646682767462e+00
-8.956371256315913243e+00
-8.956371256315913243e+00
-8.956371256315913243e+00
-8.956371256315913243e+00
-8.956371256315913243e+00
-8.956371256315913243e+00
-8.902394748782564093e+00
