# Variable: dg_gbsa_00000159
# Sample shape: (2000,)
# Date: 2014-03-03 06:24:05.639273
-5.314633905545702586e-01
-5.314633905545702586e-01
-8.933897456065190701e-01
-2.299768518991269772e+00
-2.299768518991269772e+00
-2.299768518991269772e+00
-2.299768518991269772e+00
-2.299768518991269772e+00
-1.826796887253711921e+00
-1.826796887253711921e+00
-1.826796887253711921e+00
-1.826796887253711921e+00
-1.807573648529344323e+00
-1.807573648529344323e+00
-1.807573648529344323e+00
-1.807573648529344323e+00
-1.807573648529344323e+00
-1.807573648529344323e+00
-1.807573648529344323e+00
-1.807573648529344323e+00
-1.807573648529344323e+00
-1.807573648529344323e+00
-1.807573648529344323e+00
-1.806855999488903297e+00
-1.806855999488903297e+00
-1.806855999488903297e+00
-1.806855999488903297e+00
-1.806855999488903297e+00
-1.806855999488903297e+00
-1.806855999488903297e+00
-2.074739445235943336e+00
-2.121076073290968811e+00
-2.121076073290968811e+00
-2.190210167354197157e+00
-2.190210167354197157e+00
-2.190210167354197157e+00
-2.190210167354197157e+00
-2.026582311261908131e+00
-2.003601358679922839e+00
-2.249244978049516952e+00
-2.249244978049516952e+00
-2.249401568454720390e+00
-2.249401568454720390e+00
-2.249401568454720390e+00
-2.249576849417750157e+00
-2.250114316922072977e+00
-2.250114316922072977e+00
-2.250114316922072977e+00
-2.250114316922072977e+00
-2.250114316922072977e+00
-2.279069865866782951e+00
-2.381912380969775089e+00
-2.381912380969775089e+00
-2.381912380969775089e+00
-2.381912380969775089e+00
-2.381912380969775089e+00
-2.381531731804287677e+00
-2.381531731804287677e+00
-2.338815373626767169e+00
-2.338815373626767169e+00
-2.338815373626767169e+00
-2.338815373626767169e+00
-2.338815373626767169e+00
-2.338815373626767169e+00
-2.338815373626767169e+00
-2.338815373626767169e+00
-2.338815373626767169e+00
-2.338815373626767169e+00
-2.338815373626767169e+00
-2.338815373626767169e+00
-2.338815373626767169e+00
-2.535672078397032347e+00
-2.535672078397032347e+00
-2.535672078397032347e+00
-2.535672078397032347e+00
-2.535666152122599382e+00
-2.535666152122599382e+00
-2.535666152122599382e+00
-2.535666152122599382e+00
-2.893666692263309415e+00
-2.893666692263309415e+00
-2.893802996575262299e+00
-2.862775758849047225e+00
-2.683026840764295429e+00
-2.577230305790217280e+00
-2.577230305790217280e+00
-2.577230305790217280e+00
-2.577230305790217280e+00
-2.577230305790217280e+00
-2.502364592616006522e+00
-2.502364592616006522e+00
-2.502364592616006522e+00
-2.502364592616006522e+00
-2.652732181731419114e+00
-2.652732181731419114e+00
-2.652732181731419114e+00
-2.652717138111705175e+00
-2.652819936179749760e+00
-2.652819936179749760e+00
-2.652819936179749760e+00
-2.652819936179749760e+00
-2.652819936179749760e+00
-2.652819936179749760e+00
-2.652819936179749760e+00
-2.652819936179749760e+00
-2.652819936179749760e+00
-2.652819936179749760e+00
-2.652819936179749760e+00
-2.652819936179749760e+00
-2.652819936179749760e+00
-2.730866235255283048e+00
-2.730866235255283048e+00
-2.730866235255283048e+00
-2.730869426326131499e+00
-2.730872617396979951e+00
-2.730863044184434596e+00
-2.730872617396979951e+00
-2.730872617396979951e+00
-2.730872617396979951e+00
-2.730872617396979951e+00
-2.730872617396979951e+00
-2.730872617396979951e+00
-2.730872617396979951e+00
-2.730872617396979951e+00
-2.730872617396979951e+00
-2.730872617396979951e+00
-2.816312399694613777e+00
-2.816302826482068866e+00
-2.816312399694613777e+00
-2.816312399694613777e+00
-2.816312399694613777e+00
-2.816312399694613777e+00
-2.816312399694613777e+00
-2.816312399694613777e+00
-2.816309208623765770e+00
-2.816309208623765770e+00
-2.816228292184395521e+00
-2.816228292184395521e+00
-2.797914052784556738e+00
-2.829930294540142555e+00
-2.829930294540142555e+00
-2.829930294540142555e+00
-2.829930294540142555e+00
-2.829930294540142555e+00
-2.829930294540142555e+00
-2.829930294540142555e+00
-2.829930294540142555e+00
-2.829930294540142555e+00
-2.829930294540142555e+00
-2.829930294540142555e+00
-2.829930294540142555e+00
-2.829930294540142555e+00
-2.829930294540142555e+00
-2.829930294540142555e+00
-2.829930294540142555e+00
-2.829930294540142555e+00
-2.665074787905749254e+00
-2.665074787905749254e+00
-2.665074787905749254e+00
-2.665074787905749254e+00
-2.665074787905749254e+00
-2.665074787905749254e+00
-2.665074787905749254e+00
-2.665074787905749254e+00
-2.665074787905749254e+00
-2.665074787905749254e+00
-2.665074787905749254e+00
-2.665071596834901246e+00
-2.665071596834901246e+00
-2.665071596834901246e+00
-2.665068405764052795e+00
-2.665074787905749254e+00
-2.665074787905749254e+00
-2.650120062308375157e+00
-2.650120062308375157e+00
-2.650120062308375157e+00
-2.650120062308375157e+00
-2.650120062308375157e+00
-2.650120062308375157e+00
-2.650116871237526706e+00
-2.650120062308375157e+00
-2.650120062308375157e+00
-2.650120062308375157e+00
-2.561889232686555218e+00
-2.561889232686555218e+00
-2.561889232686555218e+00
-2.613503436057563079e+00
-2.613503436057563079e+00
-2.644049277952934318e+00
-2.644049277952934318e+00
-2.644049277952934318e+00
-2.644049277952934318e+00
-2.644049277952934318e+00
-2.644049277952934318e+00
-2.644043123744869828e+00
-2.688981606901033938e+00
-2.688981606901033938e+00
-2.688981606901033938e+00
-2.688981606901033938e+00
-2.688981606901033938e+00
-2.688981606901033938e+00
-2.688847581925401187e+00
-2.687887753400930002e+00
-2.687887753400930002e+00
-2.687887753400930002e+00
-2.584099085791388806e+00
-2.584099085791388806e+00
-2.630665698881130776e+00
-2.630665698881130776e+00
-2.688255866216655576e+00
-2.731218620650398776e+00
-2.432610747007293295e+00
-2.432610747007293295e+00
-2.432610747007293295e+00
-2.683825976078186404e+00
-2.683825976078186404e+00
-2.683825976078186404e+00
-2.683825976078186404e+00
-2.683825976078186404e+00
-2.683825976078186404e+00
-2.683823012940969921e+00
-2.683823012940969921e+00
-2.683823012940969921e+00
-2.683825976078186404e+00
-2.683825976078186404e+00
-2.698575561406735268e+00
-2.698575561406735268e+00
-2.698575561406735268e+00
-2.698575561406735268e+00
-2.635486039331264685e+00
-2.635486039331264685e+00
-2.621934701106288124e+00
-2.621934701106288124e+00
-2.621934701106288124e+00
-2.621934701106288124e+00
-2.621934701106288124e+00
-2.621934701106288124e+00
-2.621934701106288124e+00
-2.621934701106288124e+00
-2.621934701106288124e+00
-2.621934701106288124e+00
-2.621934701106288124e+00
-2.541999516022136696e+00
-2.541999516022136696e+00
-2.541999516022136696e+00
-2.541999516022136696e+00
-2.511654255722949980e+00
-2.511654255722949980e+00
-2.511654255722949980e+00
-2.511654255722949980e+00
-2.511654255722949980e+00
-2.511654255722949980e+00
-2.295652721397735352e+00
-2.341704432412725634e+00
-2.341720387766967448e+00
-2.341720387766967448e+00
-2.438296323524606457e+00
-2.438296323524606457e+00
-2.438296323524606457e+00
-2.438296323524606457e+00
-2.442170511468190419e+00
-2.442170511468190419e+00
-2.442170511468190419e+00
-2.566814422607421875e+00
-2.566814422607421875e+00
-2.566814422607421875e+00
-2.566814422607421875e+00
-2.565187432342003859e+00
-2.565187432342003859e+00
-2.565187432342003859e+00
-2.565187432342003859e+00
-2.565187432342003859e+00
-2.565248746489019460e+00
-2.565237349807418354e+00
-2.565248746489019460e+00
-2.511131375971077162e+00
-2.511131375971077162e+00
-2.511131375971077162e+00
-2.511131375971077162e+00
-2.511131375971077162e+00
-2.511131375971077162e+00
-2.511131375971077162e+00
-2.511131375971077162e+00
-2.511131375971077162e+00
-2.511131375971077162e+00
-2.511131375971077162e+00
-2.511131375971077162e+00
-2.511009659411574280e+00
-2.511009659411574280e+00
-2.511009659411574280e+00
-2.510165165304909518e+00
-2.510165165304909518e+00
-2.510165165304909518e+00
-2.510165165304909518e+00
-2.510165165304909518e+00
-2.510165165304909518e+00
-2.510281411457243816e+00
-2.510281411457243816e+00
-2.510281411457243816e+00
-2.510281411457243816e+00
-2.510281411457243816e+00
-2.510281411457243816e+00
-2.510281411457243816e+00
-2.574449971346736366e+00
-2.574449971346736366e+00
-2.574449971346736366e+00
-2.574449971346736366e+00
-2.574449971346736366e+00
-2.574447236143152296e+00
-2.599714818921645243e+00
-2.599735560882159735e+00
-2.683393358044596777e+00
-2.606547129541692431e+00
-2.606528894851130040e+00
-2.676574039641575364e+00
-2.676574039641575364e+00
-2.676574039641575364e+00
-2.676574039641575364e+00
-2.675472664331614681e+00
-2.675472664331614681e+00
-2.677046546060769749e+00
-2.677046546060769749e+00
-2.677046546060769749e+00
-2.677046546060769749e+00
-2.436055963855400464e+00
-2.436055963855400464e+00
-2.436055963855400464e+00
-2.436055963855400464e+00
-2.436055963855400464e+00
-2.430970536591217979e+00
-2.430970536591217979e+00
-2.430970536591217979e+00
-2.430970536591217979e+00
-2.430970536591217979e+00
-2.430970536591217979e+00
-2.798846529273184114e+00
-2.798846529273184114e+00
-2.798846529273184114e+00
-2.798846529273184114e+00
-2.964292839881794706e+00
-2.964292839881794706e+00
-2.964292839881794706e+00
-2.910617204742723452e+00
-2.910617204742723452e+00
-2.910617204742723452e+00
-2.910617204742723452e+00
-2.910617204742723452e+00
-2.874412226631354095e+00
-2.874412226631354095e+00
-2.874412226631354095e+00
-2.874412226631354095e+00
-2.874412226631354095e+00
-2.874412226631354095e+00
-2.874412226631354095e+00
-2.874412226631354095e+00
-2.874412226631354095e+00
-2.874412226631354095e+00
-2.874412226631354095e+00
-2.874412226631354095e+00
-2.901846774449539534e+00
-2.901846774449539534e+00
-2.901846774449539534e+00
-2.901846774449539534e+00
-2.901846774449539534e+00
-2.901846774449539534e+00
-2.914449452898014492e+00
-2.914440335552733075e+00
-2.790798192726266169e+00
-2.790798192726266169e+00
-2.790807082137915618e+00
-2.790807082137915618e+00
-2.790807082137915618e+00
-2.790807082137915618e+00
-2.790807082137915618e+00
-2.790807082137915618e+00
-2.790807082137915618e+00
-2.789451332894611557e+00
-2.789451332894611557e+00
-2.789451332894611557e+00
-2.789451332894611557e+00
-2.789451332894611557e+00
-2.789451332894611557e+00
-2.790807082137915618e+00
-2.790807082137915618e+00
-2.790807082137915618e+00
-2.790807082137915618e+00
-2.790807082137915618e+00
-2.670540408468155213e+00
-2.833242854014409229e+00
-2.833242854014409229e+00
-2.833242854014409229e+00
-2.833242854014409229e+00
-2.833242854014409229e+00
-2.833242854014409229e+00
-2.833242854014409229e+00
-2.833242854014409229e+00
-2.833242854014409229e+00
-2.833242854014409229e+00
-2.836006549302751978e+00
-2.923500469492224862e+00
-2.923500469492224862e+00
-2.923500469492224862e+00
-2.923500469492224862e+00
-2.923500469492224862e+00
-2.923500469492224862e+00
-2.923500469492224862e+00
-2.923500469492224862e+00
-2.923500469492224862e+00
-2.923500469492224862e+00
-2.923500469492224862e+00
-2.923500469492224862e+00
-2.923500469492224862e+00
-3.121434616541087337e+00
-3.121434616541087337e+00
-3.067596692656011648e+00
-3.067596692656011648e+00
-3.067596692656011648e+00
-3.006178379970572134e+00
-3.006178379970572134e+00
-2.866738385041858628e+00
-2.866738385041858628e+00
-2.866738385041858628e+00
-2.866738385041858628e+00
-2.866738385041858628e+00
-2.866738385041858628e+00
-2.866738385041858628e+00
-2.866738385041858628e+00
-2.866717643081344136e+00
-2.928907055243934909e+00
-2.928907055243934909e+00
-3.018383542164789546e+00
-3.018383542164789546e+00
-3.018438702103740656e+00
-3.018500016250756257e+00
-3.018509133596037231e+00
-3.018509133596037231e+00
-2.906482488657730734e+00
-2.906482488657730734e+00
-2.906482488657730734e+00
-2.906482488657730734e+00
-2.906482488657730734e+00
-2.966705061509549601e+00
-2.966705061509549601e+00
-2.966705061509549601e+00
-2.966705061509549601e+00
-2.963916977322579971e+00
-2.963916977322579971e+00
-2.963916977322579971e+00
-2.728542907744019086e+00
-2.728542907744019086e+00
-2.728542907744019086e+00
-2.728542907744019086e+00
-2.728542907744019086e+00
-2.796464622818489065e+00
-2.796464622818489065e+00
-2.796464622818489065e+00
-2.796464622818489065e+00
-2.796464622818489065e+00
-2.731161181375127533e+00
-2.718431315959981109e+00
-2.718431315959981109e+00
-2.718431315959981109e+00
-2.718431315959981109e+00
-2.718431315959981109e+00
-2.718431315959981109e+00
-2.718431315959981109e+00
-2.718431315959981109e+00
-2.718431315959981109e+00
-2.718431315959981109e+00
-2.718431315959981109e+00
-2.718431315959981109e+00
-2.718431315959981109e+00
-2.815990785339822278e+00
-2.815990785339822278e+00
-2.815984403198125374e+00
-2.815984403198125374e+00
-2.815984403198125374e+00
-2.815984403198125374e+00
-2.815993976410670729e+00
-2.815993976410670729e+00
-2.815993976410670729e+00
-2.815993976410670729e+00
-2.882029084812842257e+00
-2.882029084812842257e+00
-2.882066921795759296e+00
-2.882066921795759296e+00
-2.882066921795759296e+00
-2.882066921795759296e+00
-2.882066921795759296e+00
-2.884706849121910555e+00
-3.167094281708988657e+00
-3.167094281708988657e+00
-3.167094281708988657e+00
-3.167094281708988657e+00
-3.156024684869536134e+00
-3.156024684869536134e+00
-2.790997634654291293e+00
-2.794067900677711602e+00
-2.794067900677711602e+00
-2.794061746469647112e+00
-2.794061746469647112e+00
-2.729085161854614139e+00
-2.763713295099611944e+00
-2.763713295099611944e+00
-2.695750779905008887e+00
-2.706794620244042271e+00
-2.706794620244042271e+00
-2.706794620244042271e+00
-2.732931313961459274e+00
-2.683519177409476431e+00
-2.703583491236028369e+00
-2.703583491236028369e+00
-2.439370118865091364e+00
-2.503485114351057472e+00
-2.492588747071946109e+00
-2.492588747071946109e+00
-2.572234228509789666e+00
-2.416835004467352999e+00
-2.416835004467352999e+00
-2.357594141768679652e+00
-2.357594141768679652e+00
-2.357594141768679652e+00
-2.486473515658259803e+00
-2.472478846518988860e+00
-2.472478846518988860e+00
-2.472478846518988860e+00
-2.356775632096065998e+00
-2.342575366820705440e+00
-2.342575366820705440e+00
-2.342575366820705440e+00
-2.245249985280957539e+00
-2.284837270557994238e+00
-2.284837270557994238e+00
-2.317966284305141844e+00
-2.228963899338906263e+00
-2.228963899338906263e+00
-2.228963899338906263e+00
-2.228963899338906263e+00
-2.228963899338906263e+00
-2.228963899338906263e+00
-2.228963899338906263e+00
-2.228963899338906263e+00
-2.228963899338906263e+00
-2.325913418319439430e+00
-2.325913418319439430e+00
-2.325913418319439430e+00
-2.325913418319439430e+00
-2.325913418319439430e+00
-2.325913418319439430e+00
-2.325913418319439430e+00
-2.325913418319439430e+00
-2.536740631263980639e+00
-2.536740631263980639e+00
-2.536740631263980639e+00
-2.536740631263980639e+00
-2.536740631263980639e+00
-2.531603235131695939e+00
-2.531603235131695939e+00
-2.531603235131695939e+00
-2.531603235131695939e+00
-2.531603235131695939e+00
-1.971641416531447755e+00
-1.971641416531447755e+00
-1.971641416531447755e+00
-1.971641416531447755e+00
-1.971641416531447755e+00
-1.940022235162855324e+00
-2.311291475824826414e+00
-2.492522874252289800e+00
-2.492522874252289800e+00
-2.492522874252289800e+00
-2.492522874252289800e+00
-2.492522874252289800e+00
-2.492522874252289800e+00
-2.492522874252289800e+00
-2.492522874252289800e+00
-2.492522874252289800e+00
-2.492522874252289800e+00
-2.413773855789213663e+00
-2.413773855789213663e+00
-2.413773855789213663e+00
-2.413773855789213663e+00
-2.415482674228529358e+00
-2.398806821775709697e+00
-2.398806821775709697e+00
-2.398806821775709697e+00
-2.452918721886483411e+00
-2.452918721886483411e+00
-2.268720083437275825e+00
-2.268720083437275825e+00
-2.268720083437275825e+00
-2.268720083437275825e+00
-2.683205768665437585e+00
-2.674838325033680242e+00
-2.588465610380154214e+00
-2.588465610380154214e+00
-2.588465610380154214e+00
-2.588465610380154214e+00
-2.649639350278427674e+00
-2.649639350278427674e+00
-2.649639350278427674e+00
-2.649639350278427674e+00
-2.649639350278427674e+00
-2.649639350278427674e+00
-2.649639350278427674e+00
-2.649639350278427674e+00
-2.649639350278427674e+00
-2.649639350278427674e+00
-2.644367245369613872e+00
-2.644367245369613872e+00
-2.462066610274305845e+00
-2.462066610274305845e+00
-2.462066610274305845e+00
-2.462066610274305845e+00
-2.462066610274305845e+00
-2.462066610274305845e+00
-2.576102490178941551e+00
-2.576102490178941551e+00
-2.576102490178941551e+00
-2.576102490178941551e+00
-2.576102490178941551e+00
-2.576102490178941551e+00
-2.579525597464741971e+00
-2.579525597464741971e+00
-2.579525597464741971e+00
-2.579525597464741971e+00
-2.579525597464741971e+00
-2.579525597464741971e+00
-2.844782450003104035e+00
-2.801069793919988005e+00
-2.801069793919988005e+00
-2.801069793919988005e+00
-2.801069793919988005e+00
-2.801069793919988005e+00
-2.801069793919988005e+00
-2.556514557643328800e+00
-2.556514557643328800e+00
-2.556514557643328800e+00
-2.556514557643328800e+00
-2.556514557643328800e+00
-2.556514557643328800e+00
-2.558058808000319928e+00
-2.558058808000319928e+00
-2.571283289396967930e+00
-2.571283289396967930e+00
-2.716890940474734339e+00
-2.716405441838514179e+00
-2.716405441838514179e+00
-2.716405441838514179e+00
-2.716405441838514179e+00
-2.717086735464646630e+00
-2.717086735464646630e+00
-2.717086735464646630e+00
-2.717086735464646630e+00
-2.717086735464646630e+00
-2.712730467889322483e+00
-2.712730467889322483e+00
-2.712730467889322483e+00
-2.712730467889322483e+00
-2.712730467889322483e+00
-2.712079945303513817e+00
-2.712079945303513817e+00
-2.472328866189114294e+00
-2.472328866189114294e+00
-2.472328866189114294e+00
-2.472328866189114294e+00
-2.472328866189114294e+00
-2.472328866189114294e+00
-2.472328866189114294e+00
-2.472328866189114294e+00
-2.472328866189114294e+00
-2.681929568259711516e+00
-2.681929568259711516e+00
-2.681929568259711516e+00
-2.654728652414354517e+00
-2.654728652414354517e+00
-2.654728652414354517e+00
-2.654728652414354517e+00
-2.654728652414354517e+00
-2.654728652414354517e+00
-2.654728652414354517e+00
-2.649413695982719474e+00
-2.649413695982719474e+00
-2.649413695982719474e+00
-2.649413695982719474e+00
-2.649413695982719474e+00
-2.649413695982719474e+00
-2.649413695982719474e+00
-2.649413695982719474e+00
-2.649413695982719474e+00
-2.649413695982719474e+00
-2.649413695982719474e+00
-2.362818380614767566e+00
-2.362818380614767566e+00
-2.362818380614767566e+00
-2.356792955052100513e+00
-2.356792955052100513e+00
-2.356792955052100513e+00
-2.356792955052100513e+00
-2.356792955052100513e+00
-2.356792955052100513e+00
-2.356792955052100513e+00
-2.356792955052100513e+00
-2.356792955052100513e+00
-2.356792955052100513e+00
-2.397593758986055423e+00
-2.397593758986055423e+00
-2.397593758986055423e+00
-2.411425911445690407e+00
-2.411425911445690407e+00
-2.411425911445690407e+00
-2.411425911445690407e+00
-2.411425911445690407e+00
-2.411425911445690407e+00
-2.411425911445690407e+00
-2.411425911445690407e+00
-2.411425911445690407e+00
-2.411425911445690407e+00
-2.411425911445690407e+00
-2.411425911445690407e+00
-2.411425911445690407e+00
-2.411425911445690407e+00
-2.411425911445690407e+00
-2.411425911445690407e+00
-2.411425911445690407e+00
-2.411425911445690407e+00
-2.411425911445690407e+00
-2.411425911445690407e+00
-2.411425911445690407e+00
-2.411425911445690407e+00
-2.411425911445690407e+00
-2.411425911445690407e+00
-2.386125278290553542e+00
-2.386125278290553542e+00
-2.377432573365891422e+00
-2.377435764436739873e+00
-2.377435764436739873e+00
-2.293759960517372409e+00
-2.324669584489461371e+00
-2.324669584489461371e+00
-2.324669584489461371e+00
-2.324669584489461371e+00
-2.324669584489461371e+00
-2.324669584489461371e+00
-2.324669584489461371e+00
-2.324669584489461371e+00
-2.324669584489461371e+00
-2.324042311134119299e+00
-2.324042311134119299e+00
-2.324042311134119299e+00
-2.324042311134119299e+00
-1.653458488602939092e+00
-1.653458488602939092e+00
-1.653458488602939092e+00
-1.653460653972443239e+00
-1.653460653972443239e+00
-1.653460653972443239e+00
-1.653460653972443239e+00
-1.620411189062873403e+00
-1.570420670919618900e+00
-1.531963024722914346e+00
-1.689327606507514679e+00
-1.689327606507514679e+00
-1.689327606507514679e+00
-1.689327606507514679e+00
-1.690486307125930177e+00
-1.690486307125930177e+00
-1.690486307125930177e+00
-1.690486307125930177e+00
-1.690486307125930177e+00
-1.690486307125930177e+00
-1.690486307125930177e+00
-1.690486307125930177e+00
-1.690486307125930177e+00
-1.690486307125930177e+00
-1.690486307125930177e+00
-1.690486307125930177e+00
-1.690486307125930177e+00
-1.690486307125930177e+00
-1.690486307125930177e+00
-1.702259307153822121e+00
-1.702259307153822121e+00
-1.702259307153822121e+00
-1.708137943457463059e+00
-1.708137943457463059e+00
-1.708137943457463059e+00
-1.708137943457463059e+00
-1.708137943457463059e+00
-1.708137943457463059e+00
-1.708137943457463059e+00
-1.708137943457463059e+00
-1.708137943457463059e+00
-1.710756558989019682e+00
-1.710756558989019682e+00
-1.710756558989019682e+00
-1.816381118037732501e+00
-1.816381118037732501e+00
-1.816381118037732501e+00
-1.816381118037732501e+00
-1.816381118037732501e+00
-2.328486105224142566e+00
-2.328486105224142566e+00
-2.328486105224142566e+00
-2.328486105224142566e+00
-1.962973556372677120e+00
-1.962973556372677120e+00
-1.962973556372677120e+00
-1.962973556372677120e+00
-2.253785871866784252e+00
-2.253785871866784252e+00
-2.170002939140363463e+00
-2.170002939140363463e+00
-2.170002939140363463e+00
-2.164516120750179073e+00
-2.164516120750179073e+00
-2.164516120750179073e+00
-2.081562410577077582e+00
-2.076579553447307713e+00
-1.996128782487508024e+00
-1.996128782487508024e+00
-1.883974494715265680e+00
-1.883974494715265680e+00
-1.883974494715265680e+00
-1.883974494715265680e+00
-1.883974494715265680e+00
-1.800955709490219769e+00
-1.800955709490219769e+00
-1.800955709490219769e+00
-1.800955709490219769e+00
-1.800955709490219769e+00
-1.800955709490219769e+00
-1.802797071336560197e+00
-2.871558269624728155e+00
-2.874969296428031118e+00
-2.874969296428031118e+00
-2.973885426785704222e+00
-2.972342316096872938e+00
-2.970697091140892976e+00
-2.965795834251389262e+00
-2.979442904601817155e+00
-2.979442904601817155e+00
-2.979442904601817155e+00
-2.818981274592033071e+00
-2.698300673446509368e+00
-2.698300673446509368e+00
-2.924863512611753702e+00
-2.924863512611753702e+00
-2.924863512611753702e+00
-2.915621715567535688e+00
-2.915621715567535688e+00
-2.915621715567535688e+00
-2.915621715567535688e+00
-2.924922319488817202e+00
-2.924922319488817202e+00
-2.965670470753773547e+00
-2.965670470753773547e+00
-2.965670470753773547e+00
-2.965670470753773547e+00
-2.965670470753773547e+00
-2.978672488925561801e+00
-3.017568679430288725e+00
-3.017568679430288725e+00
-2.709278413032254473e+00
-2.708119142579758609e+00
-2.708119142579758609e+00
-2.766477902122483012e+00
-2.766477902122483012e+00
-2.719248913898066888e+00
-2.703245465659730229e+00
-2.703245465659730229e+00
-2.703245465659730229e+00
-2.915304887819016422e+00
-2.900667217903793560e+00
-2.909359239027559330e+00
-2.909359239027559330e+00
-2.909359239027559330e+00
-2.909359239027559330e+00
-2.817354284326615055e+00
-2.817354284326615055e+00
-2.782916475664360956e+00
-2.829120218411913967e+00
-2.829120218411913967e+00
-2.829120218411913967e+00
-2.488321145679480928e+00
-2.495641006338436441e+00
-2.495641006338436441e+00
-2.495641006338436441e+00
-2.495641006338436441e+00
-2.495641006338436441e+00
-2.495641006338436441e+00
-2.495641006338436441e+00
-2.495641006338436441e+00
-2.495641006338436441e+00
-2.495641006338436441e+00
-2.495641006338436441e+00
-2.495641006338436441e+00
-2.490396253465466447e+00
-2.490396253465466447e+00
-2.490396253465466447e+00
-2.490396253465466447e+00
-2.490396253465466447e+00
-2.490396253465466447e+00
-2.490396253465466447e+00
-2.659099279808496696e+00
-2.654587561496128956e+00
-2.654587561496128956e+00
-2.621289876861280455e+00
-2.621289876861280455e+00
-2.621289876861280455e+00
-2.621289876861280455e+00
-2.621289876861280455e+00
-2.621289876861280455e+00
-2.629598285682342773e+00
-2.629598285682342773e+00
-2.629598285682342773e+00
-2.622223265084436150e+00
-2.622223265084436150e+00
-2.683089294579471318e+00
-2.683089294579471318e+00
-2.683089294579471318e+00
-2.679884775646785844e+00
-2.679884775646785844e+00
-2.679884775646785844e+00
-2.679884775646785844e+00
-2.679884775646785844e+00
-2.679884775646785844e+00
-2.679884775646785844e+00
-2.679884775646785844e+00
-2.610756607857990463e+00
-2.610756607857990463e+00
-2.610756607857990463e+00
-2.610756607857990463e+00
-2.610756607857990463e+00
-2.610756607857990463e+00
-2.610756607857990463e+00
-2.649513302979916052e+00
-2.649513302979916052e+00
-2.649513302979916052e+00
-2.649513302979916052e+00
-2.649513302979916052e+00
-2.649513302979916052e+00
-2.649513302979916052e+00
-2.649513302979916052e+00
-2.649513302979916052e+00
-2.641920605763422358e+00
-2.571092053079696349e+00
-2.571092053079696349e+00
-2.571092053079696349e+00
-2.571092053079696349e+00
-2.648097607191388203e+00
-2.648097607191388203e+00
-2.648097607191388203e+00
-2.648097607191388203e+00
-2.648097607191388203e+00
-2.648374546554302711e+00
-2.648374546554302711e+00
-2.648374546554302711e+00
-2.648374546554302711e+00
-2.648374546554302711e+00
-2.542238618402134609e+00
-2.559406807500135272e+00
-2.559406807500135272e+00
-2.559406807500135272e+00
-2.559406807500135272e+00
-2.559406807500135272e+00
-2.541640748485324508e+00
-2.523901585639092726e+00
-2.523901585639092726e+00
-2.523901585639092726e+00
-2.523901585639092726e+00
-2.523901585639092726e+00
-2.523901585639092726e+00
-2.523901585639092726e+00
-2.523901585639092726e+00
-2.523901585639092726e+00
-2.553776846789037158e+00
-2.553776846789037158e+00
-2.553776846789037158e+00
-2.553776846789037158e+00
-2.553776846789037158e+00
-2.553776846789037158e+00
-2.558046271650558534e+00
-2.558046271650558534e+00
-2.558046271650558534e+00
-2.558046271650558534e+00
-2.558046271650558534e+00
-2.558046271650558534e+00
-2.303416596771882041e+00
-2.303416596771882041e+00
-2.282354389504310355e+00
-2.282354389504310355e+00
-2.282354389504310355e+00
-2.282354389504310355e+00
-2.303012698375928036e+00
-2.303012698375928036e+00
-2.303012698375928036e+00
-2.527179043334027320e+00
-2.585547604022928603e+00
-2.554346680869107988e+00
-2.554346680869107988e+00
-2.554346680869107988e+00
-2.554346680869107988e+00
-2.816842117455447880e+00
-2.816842117455447880e+00
-2.710715762515824689e+00
-2.430259839526553556e+00
-2.430259839526553556e+00
-2.430259839526553556e+00
-2.430259839526553556e+00
-2.430259839526553556e+00
-2.430259839526553556e+00
-2.403047299065963482e+00
-2.403047299065963482e+00
-2.485575685081700570e+00
-2.485575685081700570e+00
-2.485575685081700570e+00
-2.485575685081700570e+00
-2.485575685081700570e+00
-2.485575685081700570e+00
-2.495207704503950907e+00
-2.495207704503950907e+00
-2.457506342098316310e+00
-2.400658326668675180e+00
-2.400658326668675180e+00
-2.404882164803791245e+00
-2.615831094307835336e+00
-2.615831094307835336e+00
-2.615831094307835336e+00
-2.596956821974103047e+00
-2.596956821974103047e+00
-2.596956821974103047e+00
-2.596956821974103047e+00
-2.596956821974103047e+00
-2.603669239503703547e+00
-2.603669239503703547e+00
-2.686155457797515300e+00
-2.686155457797515300e+00
-2.686155457797515300e+00
-2.655054825441787170e+00
-2.645806418322240283e+00
-2.645806418322240283e+00
-2.645806418322240283e+00
-2.645806418322240283e+00
-2.896002100257070833e+00
-2.895207523615820566e+00
-2.895207523615820566e+00
-2.895207523615820566e+00
-2.612969843424984617e+00
-2.743196533013484206e+00
-2.743196533013484206e+00
-2.743196533013484206e+00
-2.723263281025348537e+00
-2.723263281025348537e+00
-2.723263281025348537e+00
-2.746301444948973103e+00
-2.804424065248916076e+00
-2.804424065248916076e+00
-2.804424065248916076e+00
-2.787386254188435331e+00
-1.893666916550003521e+00
-1.893666916550003521e+00
-1.893666916550003521e+00
-1.914350526054776180e+00
-1.914350526054776180e+00
-2.062078871644933642e+00
-2.062078871644933642e+00
-2.062078871644933642e+00
-2.317789407806688295e+00
-2.317789407806688295e+00
-2.317789407806688295e+00
-2.863547997994358774e+00
-2.624751960798157757e+00
-2.653040803869185282e+00
-2.653040803869185282e+00
-2.653040803869185282e+00
-2.630569966755679001e+00
-2.354064589476721814e+00
-2.354142314845243611e+00
-2.354142314845243611e+00
-2.354142314845243611e+00
-2.346841144744114427e+00
-2.346841144744114427e+00
-2.346841144744114427e+00
-2.346841144744114427e+00
-2.542114850439943119e+00
-2.542114850439943119e+00
-2.542114850439943119e+00
-2.574289961937052507e+00
-2.574289961937052507e+00
-2.619710980592220739e+00
-1.569466768669580459e+00
-1.541657839860788304e+00
-1.541657839860788304e+00
-1.541657839860788304e+00
-1.541657839860788304e+00
-1.541657839860788304e+00
-1.761409794167396292e+00
-1.761409794167396292e+00
-1.830719055226838199e+00
-1.830719055226838199e+00
-1.497800331954518338e+00
-1.497800331954518338e+00
-1.497800331954518338e+00
-1.495925691797901802e+00
-1.623046215815936000e+00
-1.623046215815936000e+00
-1.623046215815936000e+00
-1.696782517843447025e+00
-1.696782517843447025e+00
-1.696782517843447025e+00
-1.696782517843447025e+00
-2.334013951668092002e+00
-2.334013951668092002e+00
-2.334013951668092002e+00
-2.334013951668092002e+00
-2.334013951668092002e+00
-2.334013951668092002e+00
-2.591871394709920562e+00
-2.591871394709920562e+00
-2.591871394709920562e+00
-2.591871394709920562e+00
-2.591871394709920562e+00
-2.585458481972805700e+00
-2.585458481972805700e+00
-2.526735028618836143e+00
-2.526735028618836143e+00
-2.526735028618836143e+00
-2.526735028618836143e+00
-2.526735028618836143e+00
-2.269212420082456827e+00
-2.269212420082456827e+00
-2.269212420082456827e+00
-2.269212420082456827e+00
-2.269212420082456827e+00
-2.269212420082456827e+00
-2.269212420082456827e+00
-2.269212420082456827e+00
-2.269212420082456827e+00
-2.294695400143216713e+00
-2.294695400143216713e+00
-2.265216059712105157e+00
-2.265216059712105157e+00
-2.265216059712105157e+00
-2.265216059712105157e+00
-2.265216059712105157e+00
-2.213884949912076738e+00
-2.124336663897133270e+00
-2.124336663897133270e+00
-2.124336663897133270e+00
-2.124336663897133270e+00
-2.124336663897133270e+00
-2.124336663897133270e+00
-2.124336663897133270e+00
-2.124336663897133270e+00
-2.124336663897133270e+00
-2.124336663897133270e+00
-2.124336663897133270e+00
-2.124336663897133270e+00
-2.124336663897133270e+00
-2.124336663897133270e+00
-2.013901679511279852e+00
-2.013901679511279852e+00
-2.013901679511279852e+00
-2.463205822567182679e+00
-2.463205822567182679e+00
-2.134742518000119382e+00
-2.134742518000119382e+00
-2.134742518000119382e+00
-2.134742518000119382e+00
-2.121107756065820915e+00
-2.121107756065820915e+00
-2.121107756065820915e+00
-2.134523017912476117e+00
-2.368621798819838808e+00
-2.368621798819838808e+00
-2.368621798819838808e+00
-2.368621798819838808e+00
-2.368621798819838808e+00
-2.357274122949311934e+00
-2.357274122949311934e+00
-2.357274122949311934e+00
-2.357274122949311934e+00
-2.357274122949311934e+00
-2.357274122949311934e+00
-2.357274122949311934e+00
-2.357274122949311934e+00
-2.357274122949311934e+00
-2.357274122949311934e+00
-2.357274122949311934e+00
-2.468938353412693854e+00
-2.468938353412693854e+00
-2.468938353412693854e+00
-2.468938353412693854e+00
-2.487813993348217956e+00
-2.487813993348217956e+00
-2.487813993348217956e+00
-2.487813993348217956e+00
-2.487813993348217956e+00
-2.487813993348217956e+00
-2.487813993348217956e+00
-2.487813993348217956e+00
-2.395977025734079113e+00
-2.711196474545772173e+00
-2.711196474545772173e+00
-2.711196474545772173e+00
-2.711196474545772173e+00
-2.711196474545772173e+00
-2.719609049036671333e+00
-2.708498652077085733e+00
-2.708498652077085733e+00
-2.724833287882759247e+00
-2.724833287882759247e+00
-2.724833287882759247e+00
-2.723590365787309064e+00
-2.723590365787309064e+00
-2.723590365787309064e+00
-2.723590365787309064e+00
-2.723590365787309064e+00
-2.637420967933552518e+00
-2.637420967933552518e+00
-1.836232769785602015e+00
-1.812370967682643164e+00
-1.812370967682643164e+00
-1.812370967682643164e+00
-2.604795915446819432e+00
-2.562405274429467195e+00
-2.562405274429467195e+00
-2.543639498504580043e+00
-2.528062514091768520e+00
-2.528062514091768520e+00
-2.538378562343735823e+00
-2.538378562343735823e+00
-2.538378562343735823e+00
-2.538378562343735823e+00
-2.538378562343735823e+00
-2.527687563267082105e+00
-2.522563843152719087e+00
-2.512610437309308775e+00
-2.512610437309308775e+00
-2.523289355903465037e+00
-2.523289355903465037e+00
-2.523289355903465037e+00
-2.523289355903465037e+00
-2.523289355903465037e+00
-2.523289355903465037e+00
-2.538524211934602093e+00
-2.538524211934602093e+00
-2.540634877367183631e+00
-2.540634877367183631e+00
-2.541422843933105469e+00
-2.536759777689071349e+00
-2.536759777689071349e+00
-2.536759777689071349e+00
-2.536759777689071349e+00
-2.536759777689071349e+00
-2.536759777689071349e+00
-2.616048770926422407e+00
-2.616048770926422407e+00
-2.616048770926422407e+00
-2.616048770926422407e+00
-2.616048770926422407e+00
-2.687951118950633767e+00
-2.666827825469678892e+00
-2.666827825469678892e+00
-2.666827825469678892e+00
-2.666827825469678892e+00
-2.661428761527825149e+00
-2.661428761527825149e+00
-2.661428761527825149e+00
-2.661428761527825149e+00
-2.661428761527825149e+00
-2.661428761527825149e+00
-2.661428761527825149e+00
-2.196590713515564008e+00
-2.196590713515564008e+00
-2.196590713515564008e+00
-2.196590713515564008e+00
-2.196590713515564008e+00
-2.196590713515564008e+00
-2.181576725173862474e+00
-2.181576725173862474e+00
-2.181576725173862474e+00
-2.181576725173862474e+00
-2.551192307335468534e+00
-2.551192307335468534e+00
-1.693957394441272690e+00
-1.693957394441272690e+00
-1.693957394441272690e+00
-1.693957394441272690e+00
-1.693957394441272690e+00
-1.693957394441272690e+00
-1.693957394441272690e+00
-1.693957394441272690e+00
-1.693957394441272690e+00
-1.627559643630543729e+00
-1.627559643630543729e+00
-1.625579014335034156e+00
-1.625579014335034156e+00
-1.625579014335034156e+00
-1.625579014335034156e+00
-1.625579014335034156e+00
-1.625579014335034156e+00
-2.689126800624635827e+00
-2.693336734808197797e+00
-2.693336734808197797e+00
-2.693336734808197797e+00
-2.693336734808197797e+00
-2.693336734808197797e+00
-2.798237718542036845e+00
-2.809502426570505751e+00
-2.809502426570505751e+00
-2.809502426570505751e+00
-2.818690887144828849e+00
-2.818095752431603263e+00
-2.800109965395516820e+00
-2.613404056993998470e+00
-2.697365461754297478e+00
-2.697365461754297478e+00
-2.694262145354232363e+00
-2.694262145354232363e+00
-2.831861348270686030e+00
-2.659463061885213531e+00
-2.658867015437459624e+00
-2.762482225553027249e+00
-2.763775976848419802e+00
-2.763775976848419802e+00
-2.763775976848419802e+00
-2.763775976848419802e+00
-2.763775976848419802e+00
-2.763775976848419802e+00
-2.763775976848419802e+00
-2.763775976848419802e+00
-2.762025446554442709e+00
-2.721958816849250784e+00
-2.723359469018064249e+00
-2.734336752736545417e+00
-2.721680281950912050e+00
-2.721680281950912050e+00
-2.721680281950912050e+00
-2.702085967273602396e+00
-2.705144380748157662e+00
-2.740396140410384707e+00
-2.693267215050429098e+00
-1.577447180994154152e+00
-1.577447180994154152e+00
-1.632885996743780099e+00
-1.632885996743780099e+00
-1.632885996743780099e+00
-1.632885996743780099e+00
-1.577007497017971493e+00
-1.577007497017971493e+00
-1.577007497017971493e+00
-1.577007497017971493e+00
-1.577007497017971493e+00
-1.577007497017971493e+00
-1.542153595510449948e+00
-1.542153595510449948e+00
-2.471666718988072109e+00
-2.498307146032271220e+00
-2.498307146032271220e+00
-2.498307146032271220e+00
-2.498307146032271220e+00
-2.498307146032271220e+00
-2.498307146032271220e+00
-2.528689103646214242e+00
-2.528689103646214242e+00
-2.528689103646214242e+00
-2.516017817174499349e+00
-2.516240508332991066e+00
-2.516240508332991066e+00
-2.151324689730175432e+00
-2.151324689730175432e+00
-2.151324689730175432e+00
-2.151324689730175432e+00
-2.151324689730175432e+00
-1.896110934919426505e+00
-1.896110934919426505e+00
-1.896110934919426505e+00
-2.226675673606974382e+00
-2.226675673606974382e+00
-1.745428113590918651e+00
-1.745428113590918651e+00
-1.740229175377986159e+00
-1.740229175377986159e+00
-1.841868428837500682e+00
-1.842475302132775994e+00
-1.842475302132775994e+00
-1.842475302132775994e+00
-1.848690482444106609e+00
-1.848690482444106609e+00
-1.974778011241788755e+00
-1.974778011241788755e+00
-1.823837396975457104e+00
-1.565271536205284475e+00
-1.565271536205284475e+00
-1.649751034111183401e+00
-1.649751034111183401e+00
-1.649751034111183401e+00
-1.559940282518959220e+00
-1.557698897148409367e+00
-1.557698897148409367e+00
-1.557698897148409367e+00
-1.560568011741565231e+00
-1.560568011741565231e+00
-1.560568011741565231e+00
-1.560568011741565231e+00
-1.549305013215336535e+00
-1.549305013215336535e+00
-1.549305013215336535e+00
-1.549305013215336535e+00
-1.549305013215336535e+00
-1.549305013215336535e+00
-1.549305013215336535e+00
-1.681813432427254895e+00
-1.681813432427254895e+00
-1.681813432427254895e+00
-1.681813432427254895e+00
-1.722619478834746642e+00
-1.722619478834746642e+00
-1.570710944400006914e+00
-1.570710944400006914e+00
-1.570710944400006914e+00
-1.570710944400006914e+00
-1.570710944400006914e+00
-1.570710944400006914e+00
-1.577735175138221813e+00
-1.751283044796828614e+00
-1.751283044796828614e+00
-1.750427723842642669e+00
-1.750427723842642669e+00
-1.750427723842642669e+00
-1.750427723842642669e+00
-1.750427723842642669e+00
-1.750427723842642669e+00
-1.722973003898022437e+00
-1.722973003898022437e+00
-1.512024986128506221e+00
-1.554162392880674926e+00
-1.554162392880674926e+00
-1.543803948973150542e+00
-1.543803948973150542e+00
-1.776526352643510664e+00
-1.776526352643510664e+00
-1.776526352643510664e+00
-1.776526352643510664e+00
-1.776526352643510664e+00
-1.688592520544223374e+00
-1.688592520544223374e+00
-1.651113393429816334e+00
-1.651113393429816334e+00
-1.651113393429816334e+00
-1.651113393429816334e+00
-1.651113393429816334e+00
-1.651113393429816334e+00
-1.794285345715728619e+00
-1.644488502414914732e+00
-1.650792918743184456e+00
-1.650792918743184456e+00
-1.650792918743184456e+00
-1.650792918743184456e+00
-1.635308361418160494e+00
-1.649232713031951070e+00
-1.649232713031951070e+00
-1.649232713031951070e+00
-1.649232713031951070e+00
-1.649232713031951070e+00
-1.649232713031951070e+00
-1.649232713031951070e+00
-1.649232713031951070e+00
-1.649232713031951070e+00
-1.923120728414327463e+00
-1.923120728414327463e+00
-1.923120728414327463e+00
-1.923120728414327463e+00
-1.923120728414327463e+00
-1.838332152503398209e+00
-1.838332152503398209e+00
-1.838332152503398209e+00
-1.838332152503398209e+00
-1.838332152503398209e+00
-1.838332152503398209e+00
-1.838332152503398209e+00
-1.838332152503398209e+00
-1.656973567109262913e+00
-1.656973567109262913e+00
-1.644902315923862046e+00
-1.644902315923862046e+00
-1.642011889536111768e+00
-1.642011889536111768e+00
-1.642011889536111768e+00
-1.642011889536111768e+00
-1.642011889536111768e+00
-1.667578863140273926e+00
-1.667578863140273926e+00
-1.667581370410226249e+00
-1.655277512953340580e+00
-1.774708581928085227e+00
-1.841119210989023758e+00
-1.841119210989023758e+00
-1.841119210989023758e+00
-1.841119210989023758e+00
-2.269779746892575112e+00
-2.269779746892575112e+00
-2.269779746892575112e+00
-2.265967328963270688e+00
-2.207990814121457923e+00
-2.207990814121457923e+00
-2.207990814121457923e+00
-2.207990814121457923e+00
-2.287180884162508754e+00
-2.287180884162508754e+00
-2.287180884162508754e+00
-2.287180884162508754e+00
-2.315245212605988812e+00
-2.207277609786841399e+00
-2.207277609786841399e+00
-2.194163676201727142e+00
-2.194163676201727142e+00
-2.194163676201727142e+00
-2.194163676201727142e+00
-2.194163676201727142e+00
-2.194379301417626049e+00
-2.194379301417626049e+00
-2.194379301417626049e+00
-2.194379301417626049e+00
-2.194379301417626049e+00
-2.375418779726921947e+00
-2.375418779726921947e+00
-2.375418779726921947e+00
-2.369755312771915534e+00
-2.548940323051029466e+00
-2.548940323051029466e+00
-2.548940323051029466e+00
-2.105054162428438236e+00
-2.105054162428438236e+00
-2.105054162428438236e+00
-2.105054162428438236e+00
-2.105054162428438236e+00
-2.105054162428438236e+00
-2.105054162428438236e+00
-2.530377635992279828e+00
-2.530377635992279828e+00
-2.530377635992279828e+00
-2.530377635992279828e+00
-2.530377635992279828e+00
-1.953719906779593618e+00
-1.953719906779593618e+00
-1.924045227225834154e+00
-1.924045227225834154e+00
-1.924045227225834154e+00
-1.924045227225834154e+00
-1.924045227225834154e+00
-2.545311391695507464e+00
-2.545311391695507464e+00
-2.545311391695507464e+00
-2.545311391695507464e+00
-2.545311391695507464e+00
-2.545311391695507464e+00
-2.482593401440242875e+00
-2.491032416232457081e+00
-2.491032416232457081e+00
-2.491032416232457081e+00
-2.478940992920621866e+00
-2.478940992920621866e+00
-2.478940992920621866e+00
-2.478940992920621866e+00
-2.478940992920621866e+00
-2.478940992920621866e+00
-2.478940992920621866e+00
-2.478940992920621866e+00
-2.478940992920621866e+00
-2.478940992920621866e+00
-2.478940992920621866e+00
-2.478940992920621866e+00
-2.478940992920621866e+00
-2.478940992920621866e+00
-2.478940992920621866e+00
-2.395185412230044886e+00
-2.395185412230044886e+00
-2.395185412230044886e+00
-2.395185412230044886e+00
-2.395185412230044886e+00
-2.395185412230044886e+00
-2.395185412230044886e+00
-2.395185412230044886e+00
-2.395185412230044886e+00
-2.483746517684673805e+00
-2.568294395680181363e+00
-2.546647994513721258e+00
-2.546647994513721258e+00
-2.546647994513721258e+00
-1.486011490539200564e+00
-1.486011490539200564e+00
-1.486011490539200564e+00
-1.486011490539200564e+00
-1.486011490539200564e+00
-1.486011490539200564e+00
-1.486011490539200564e+00
-1.486011490539200564e+00
-1.420570377182094335e+00
-1.420570377182094335e+00
-1.420570377182094335e+00
-1.503640333507530569e+00
-1.503640333507530569e+00
-1.503640333507530569e+00
-1.503640333507530569e+00
-1.503640333507530569e+00
-1.503640333507530569e+00
-1.503640333507530569e+00
-1.503640333507530569e+00
-1.503640333507530569e+00
-1.404150380231226292e+00
-1.404150380231226292e+00
-1.403546242139535494e+00
-1.403546242139535494e+00
-1.405950714023801451e+00
-1.458288720643315051e+00
-1.357734317305439031e+00
-1.337914348332421399e+00
-1.337914348332421399e+00
-1.343235345005305170e+00
-1.343235345005305170e+00
-1.343235345005305170e+00
-1.343235345005305170e+00
-1.342988378915002556e+00
-1.342988378915002556e+00
-1.342988378915002556e+00
-1.345235804526801138e+00
-1.514569637196469643e+00
-1.503897442644458238e+00
-1.503897442644458238e+00
-1.503897442644458238e+00
-1.503897442644458238e+00
-1.504207204450384694e+00
-1.779340649198163593e+00
-1.779340649198163593e+00
-1.750372449936875796e+00
-1.966365208817257626e+00
-1.634784797865391548e+00
-1.634784797865391548e+00
-1.634784797865391548e+00
-1.634784797865391548e+00
-1.634784797865391548e+00
-1.634784797865391548e+00
-2.290555669518319348e+00
-2.290555669518319348e+00
-2.290555669518319348e+00
-2.289213596292936970e+00
-2.289213596292936970e+00
-2.221826841452837265e+00
-2.221826841452837265e+00
-2.221826841452837265e+00
-2.221826841452837265e+00
-2.221826841452837265e+00
-2.226117236208505101e+00
-2.226117236208505101e+00
-2.224859954294237330e+00
-2.224859954294237330e+00
-2.224859954294237330e+00
-2.224859954294237330e+00
-2.284057053735561560e+00
-2.284057053735561560e+00
-2.284057053735561560e+00
-2.303242227543380150e+00
-2.338429026120479204e+00
-2.338429026120479204e+00
-2.338429026120479204e+00
-2.338429026120479204e+00
-2.338429026120479204e+00
-2.338429026120479204e+00
-1.756239461625283216e+00
-1.659519129911754431e+00
-1.659519129911754431e+00
-1.659519129911754431e+00
-1.659519129911754431e+00
-1.659519129911754431e+00
-1.663961442433169235e+00
-1.652427202884827251e+00
-1.652427202884827251e+00
-1.652427202884827251e+00
-1.652427202884827251e+00
-2.071401585128521461e+00
-2.071401585128521461e+00
-2.071401585128521461e+00
-2.071401585128521461e+00
-2.071401585128521461e+00
-2.071401585128521461e+00
-2.071401585128521461e+00
-2.071401585128521461e+00
-2.071401585128521461e+00
-2.071401585128521461e+00
-2.071401585128521461e+00
-2.071401585128521461e+00
-2.467041717660586553e+00
-2.183484301740306943e+00
-2.183484301740306943e+00
-2.182755142051448605e+00
-2.182755142051448605e+00
-2.182755142051448605e+00
-2.093437069004853601e+00
-2.093437069004853601e+00
-2.031411769057323013e+00
-2.037906965835600381e+00
-2.037906965835600381e+00
-2.037906965835600381e+00
-2.037906965835600381e+00
-2.037248693506302555e+00
-2.037248693506302555e+00
-2.037248693506302555e+00
-2.037248693506302555e+00
-2.037248693506302555e+00
-2.009735508585067443e+00
-1.982235543814489409e+00
-1.982235543814489409e+00
-1.982235543814489409e+00
-1.982119297662155111e+00
-1.975673106614763697e+00
-1.975673106614763697e+00
-1.975673106614763697e+00
-1.975673106614763697e+00
-1.977218040772651175e+00
-2.149000450484383151e+00
-2.149000450484383151e+00
-2.170533340702093028e+00
-2.295441654854477154e+00
-2.295441654854477154e+00
-2.295441654854477154e+00
-2.288349044026653623e+00
-2.288349044026653623e+00
-2.288349044026653623e+00
-2.288349044026653623e+00
-2.288349044026653623e+00
-2.288349044026653623e+00
-2.288349044026653623e+00
-2.288349044026653623e+00
-2.206420807264047212e+00
-2.206420807264047212e+00
-2.206420807264047212e+00
-2.207003861494775343e+00
-2.167710838536687223e+00
-2.167710838536687223e+00
-2.167710838536687223e+00
-2.167710838536687223e+00
-2.181313233895237680e+00
-2.181313233895237680e+00
-2.181313233895237680e+00
-2.181313233895237680e+00
-2.181313233895237680e+00
-2.181313233895237680e+00
-2.473778524088813935e+00
-2.473778524088813935e+00
-2.473778524088813935e+00
-2.473778524088813935e+00
-2.480407062041827704e+00
-2.463218586850576486e+00
-2.416288191684117237e+00
-2.416652885495362391e+00
-2.367258983633941938e+00
-2.367258983633941938e+00
-2.367258983633941938e+00
-2.367258983633941938e+00
-2.367258983633941938e+00
-2.367258983633941938e+00
-2.249365099073596053e+00
-2.249365099073596053e+00
-2.249365099073596053e+00
-2.249365099073596053e+00
-2.249365099073596053e+00
-2.249365099073596053e+00
-1.620954126974364584e+00
-1.834309009931283319e+00
-1.837914122222258362e+00
-2.213772122764222416e+00
-2.213772122764222416e+00
-2.213772122764222416e+00
-1.291389219163708635e+00
-1.291389219163708635e+00
-1.291389219163708635e+00
-1.291389219163708635e+00
-2.359752673263987521e+00
-2.359752673263987521e+00
-2.359752673263987521e+00
-2.191785872552408421e+00
-2.190729172234325617e+00
-2.190729172234325617e+00
-2.179924662208921671e+00
-2.255303453988828366e+00
-2.255303453988828366e+00
-2.267866699918962059e+00
-2.267866699918962059e+00
-2.267866699918962059e+00
-2.310154087001005330e+00
-2.310154087001005330e+00
-2.310154087001005330e+00
-2.310154087001005330e+00
-2.306365830036695819e+00
-2.306365830036695819e+00
-2.306365830036695819e+00
-2.306365830036695819e+00
-2.372606762508588929e+00
-2.372606762508588929e+00
-2.401532452147503882e+00
-2.401532452147503882e+00
-2.401532452147503882e+00
-2.401532452147503882e+00
-2.361187059610341255e+00
-2.358055479439904900e+00
-2.355276512598216243e+00
-2.325990459887064876e+00
-2.325990459887064876e+00
-2.325990459887064876e+00
-2.325990459887064876e+00
-2.034428698610848851e+00
-2.034428698610848851e+00
-2.034428698610848851e+00
-2.184672747697702366e+00
-2.184672747697702366e+00
-2.196320612161610786e+00
-2.196320612161610786e+00
-2.196320612161610786e+00
-2.196320612161610786e+00
-2.196320612161610786e+00
-2.196320612161610786e+00
-2.196320612161610786e+00
-2.196320612161610786e+00
-2.196320612161610786e+00
-2.473915740135294694e+00
-2.473915740135294694e+00
-2.473915740135294694e+00
-2.473915740135294694e+00
-2.473915740135294694e+00
-2.473915740135294694e+00
-2.488349409449852612e+00
-2.488349409449852612e+00
-2.488349409449852612e+00
-1.736936674063337849e+00
-2.214950767575440516e+00
-1.485784354674884344e+00
-1.485784354674884344e+00
-1.485784354674884344e+00
-1.485784354674884344e+00
-1.519981807322164702e+00
-1.519981807322164702e+00
-1.519981807322164702e+00
-1.519981807322164702e+00
-1.513135820684195831e+00
-1.513135820684195831e+00
-1.513135820684195831e+00
-1.513135820684195831e+00
-1.513135820684195831e+00
-1.513135820684195831e+00
-1.513135820684195831e+00
-1.511716363990739831e+00
-1.511716363990739831e+00
-1.511716363990739831e+00
-1.511716363990739831e+00
-1.511716363990739831e+00
-1.511716363990739831e+00
-1.511716363990739831e+00
-1.511716363990739831e+00
-1.511716363990739831e+00
-1.511716363990739831e+00
-1.474679314155651566e+00
-1.474679314155651566e+00
-1.474679314155651566e+00
-1.474679314155651566e+00
-1.475598456526805435e+00
-1.475598456526805435e+00
-1.475598456526805435e+00
-1.475598456526805435e+00
-1.475598456526805435e+00
-1.475598456526805435e+00
-1.459024148507054308e+00
-1.459024148507054308e+00
-1.459024148507054308e+00
-1.459024148507054308e+00
-1.459024148507054308e+00
-1.459024148507054308e+00
-1.459024148507054308e+00
-1.459024148507054308e+00
-1.459024148507054308e+00
-1.459024148507054308e+00
-1.459024148507054308e+00
-1.459024148507054308e+00
-1.459024148507054308e+00
-1.459024148507054308e+00
-1.459024148507054308e+00
-1.467943419461952281e+00
-1.467943419461952281e+00
-1.467943419461952281e+00
-1.467943419461952281e+00
-1.629091927471853607e+00
-1.629091927471853607e+00
-1.629091927471853607e+00
-1.472711335176719372e+00
-1.462467883786553235e+00
-1.327907378085484646e+00
-1.327907378085484646e+00
-1.280934815197100285e+00
-1.280934815197100285e+00
-1.692867643746545525e+00
-1.692867643746545525e+00
-1.692867643746545525e+00
-1.692867643746545525e+00
-1.692867643746545525e+00
-1.692867643746545525e+00
-1.692867643746545525e+00
-1.692867643746545525e+00
-1.692867643746545525e+00
-1.771336531775859147e+00
-1.771336531775859147e+00
-1.932529828744454115e+00
-1.932529828744454115e+00
-1.810274662068879215e+00
-1.810274662068879215e+00
-1.810274662068879215e+00
-1.810274662068879215e+00
-2.143650392273416028e+00
-2.143650392273416028e+00
-2.136392757496003991e+00
-2.031312389993758849e+00
-2.031312389993758849e+00
-2.031312389993758849e+00
-2.098533209149741730e+00
-2.098533209149741730e+00
-1.930991960529159446e+00
-1.968830083114011309e+00
-1.968830083114011309e+00
-1.757960816414360750e+00
-1.757960816414360750e+00
-1.757960816414360750e+00
-1.757960816414360750e+00
-1.757960816414360750e+00
-1.757960816414360750e+00
-1.757960816414360750e+00
-1.757960816414360750e+00
-1.757960816414360750e+00
-1.757960816414360750e+00
-1.741794167695492224e+00
-1.741794167695492224e+00
-1.703340396370532028e+00
-1.674728571342920302e+00
-1.674728571342920302e+00
-1.987512891196839826e+00
-1.987512891196839826e+00
-1.987512891196839826e+00
-1.987512891196839826e+00
-1.987512891196839826e+00
-1.987512891196839826e+00
-1.987512891196839826e+00
-1.987512891196839826e+00
-1.987512891196839826e+00
-1.987512891196839826e+00
-1.987512891196839826e+00
-1.987512891196839826e+00
-1.987512891196839826e+00
-1.994608009294615458e+00
-1.994605502024663135e+00
-1.994605502024663135e+00
-1.994605502024663135e+00
-1.994605502024663135e+00
-1.994605502024663135e+00
-1.989582072708392380e+00
-1.989582072708392380e+00
-1.989582072708392380e+00
-1.989582072708392380e+00
-1.989582072708392380e+00
-1.986792165052366332e+00
-1.986792165052366332e+00
-1.968542886737655540e+00
-1.990139370438701372e+00
-1.990139370438701372e+00
-1.990139370438701372e+00
-2.036658117465717677e+00
-2.036658117465717677e+00
-2.029890312063534541e+00
-2.153061316072598874e+00
-2.153061316072598874e+00
-2.153061316072598874e+00
-2.159867186391330574e+00
-2.159867186391330574e+00
-2.255574011210045970e+00
-2.255574011210045970e+00
-2.255574011210045970e+00
-2.278272098154684233e+00
-2.195125556128886490e+00
-2.195125556128886490e+00
-2.195125556128886490e+00
-2.195125556128886490e+00
-2.195125556128886490e+00
-1.980311328092906775e+00
-1.980311328092906775e+00
-1.980311328092906775e+00
-2.025711376853928325e+00
-2.025711376853928325e+00
-2.025711376853928325e+00
-2.025711376853928325e+00
-2.025711376853928325e+00
-2.025711376853928325e+00
-1.997926495043315098e+00
