# Variable: dg_gbsa_00000009
# Sample shape: (2000,)
# Date: 2014-03-03 06:24:07.749247
-6.410318282548601587e-01
-6.410318282548601587e-01
-6.410318282548601587e-01
-6.410318282548601587e-01
-6.410318282548601587e-01
-6.410318282548601587e-01
-6.410318282548601587e-01
-6.410318282548601587e-01
-6.410318282548601587e-01
-6.410318282548601587e-01
-6.410318282548601587e-01
-6.410318282548601587e-01
-4.304984217620032583e-01
-4.304984217620032583e-01
-4.304984217620032583e-01
-4.304984217620032583e-01
-4.304984217620032583e-01
-4.304984217620032583e-01
-4.304984217620032583e-01
-4.304984217620032583e-01
-4.304984217620032583e-01
-4.304984217620032583e-01
-4.304984217620032583e-01
-4.234059818844038148e-01
-4.234059818844038148e-01
-4.234059818844038148e-01
-4.234059818844038148e-01
-4.234059818844038148e-01
-4.234059818844038148e-01
-4.234059818844038148e-01
-4.234059818844038148e-01
-4.234059818844038148e-01
-4.234059818844038148e-01
-5.130893185763240050e-01
-5.130893185763240050e-01
-5.130893185763240050e-01
-5.130893185763240050e-01
-5.130893185763240050e-01
-5.130893185763240050e-01
-5.130893185763240050e-01
-5.130893185763240050e-01
-5.130893185763240050e-01
-5.130893185763240050e-01
-5.130893185763240050e-01
-5.130893185763240050e-01
-5.183064344964108949e-01
-5.183064344964108949e-01
-5.183064344964108949e-01
-5.183064344964108949e-01
-5.183064344964108949e-01
-5.183064344964108949e-01
-5.183064344964108949e-01
-5.183064344964108949e-01
-5.183064344964108949e-01
-5.183064344964108949e-01
-5.183064344964108949e-01
-5.147038864587961671e-01
-5.147038864587961671e-01
-1.854451504993620825e-01
-1.854451504993620825e-01
-1.854451504993620825e-01
-1.854451504993620825e-01
-1.854451504993620825e-01
-1.854451504993620825e-01
-1.854451504993620825e-01
-1.854451504993620825e-01
-1.854451504993620825e-01
-1.854451504993620825e-01
-1.854451504993620825e-01
-1.854451504993620825e-01
-1.854451504993620825e-01
-1.854451504993620825e-01
-1.854451504993620825e-01
-1.854451504993620825e-01
-1.854451504993620825e-01
-1.854451504993620825e-01
-1.854451504993620825e-01
-1.854451504993620825e-01
-1.854451504993620825e-01
-3.097492125932390650e-01
-3.097492125932390650e-01
-3.097492125932390650e-01
-3.097492125932390650e-01
-3.097492125932390650e-01
-3.097492125932390650e-01
-3.097492125932390650e-01
-3.097492125932390650e-01
-3.097492125932390650e-01
-3.097492125932390650e-01
-2.804382866244926609e-01
-2.804382866244926609e-01
-2.804382866244926609e-01
-2.804382866244926609e-01
-2.804382866244926609e-01
-2.804382866244926609e-01
-2.804382866244926609e-01
-2.804382866244926609e-01
-2.804382866244926609e-01
-2.804382866244926609e-01
-2.804382866244926609e-01
-2.804382866244926609e-01
-2.804382866244926609e-01
-2.804382866244926609e-01
-2.804382866244926609e-01
-2.804382866244926609e-01
-2.804382866244926609e-01
-2.804382866244926609e-01
-2.804382866244926609e-01
-2.804382866244926609e-01
-2.804382866244926609e-01
-2.804382866244926609e-01
-2.804382866244926609e-01
-2.804382866244926609e-01
-2.804382866244926609e-01
-2.804382866244926609e-01
-2.804382866244926609e-01
-2.804382866244926609e-01
-2.804382866244926609e-01
-2.804382866244926609e-01
-2.804382866244926609e-01
-2.804382866244926609e-01
-2.804382866244926609e-01
-2.804382866244926609e-01
-2.804382866244926609e-01
-2.804382866244926609e-01
-2.804382866244926609e-01
-2.804382866244926609e-01
-2.804382866244926609e-01
-2.804382866244926609e-01
-2.804382866244926609e-01
-2.804382866244926609e-01
-2.804382866244926609e-01
-2.804382866244926609e-01
-2.804382866244926609e-01
-2.804382866244926609e-01
-2.804382866244926609e-01
-2.804382866244926609e-01
-2.804382866244926609e-01
-2.804382866244926609e-01
-2.804382866244926609e-01
-2.804382866244926609e-01
-2.804382866244926609e-01
-2.804382866244926609e-01
-2.804382866244926609e-01
-2.804382866244926609e-01
-2.804382866244926609e-01
-2.804382866244926609e-01
-2.804382866244926609e-01
-2.804382866244926609e-01
-2.804382866244926609e-01
-2.804382866244926609e-01
-2.804382866244926609e-01
-2.804382866244926609e-01
-2.804382866244926609e-01
-2.804382866244926609e-01
-2.804382866244926609e-01
-2.804382866244926609e-01
-2.804382866244926609e-01
-2.804382866244926609e-01
-2.804382866244926609e-01
-2.804382866244926609e-01
-2.804382866244926609e-01
-2.804382866244926609e-01
-2.804382866244926609e-01
-2.804382866244926609e-01
-2.804382866244926609e-01
-2.804382866244926609e-01
-2.804382866244926609e-01
-2.804382866244926609e-01
-2.804382866244926609e-01
-2.804382866244926609e-01
-2.804382866244926609e-01
-2.804382866244926609e-01
-2.804382866244926609e-01
-2.804382866244926609e-01
-2.804382866244926609e-01
-2.804382866244926609e-01
-2.804382866244926609e-01
-2.804382866244926609e-01
-2.804382866244926609e-01
-2.804382866244926609e-01
-2.804382866244926609e-01
-2.804382866244926609e-01
-2.804382866244926609e-01
-2.804382866244926609e-01
-2.804382866244926609e-01
-2.804382866244926609e-01
-2.804382866244926609e-01
-2.804382866244926609e-01
-2.804382866244926609e-01
-2.804382866244926609e-01
-2.804382866244926609e-01
-2.804382866244926609e-01
-2.804382866244926609e-01
-2.804382866244926609e-01
-2.804382866244926609e-01
-2.804382866244926609e-01
-2.804382866244926609e-01
-2.804382866244926609e-01
-2.804382866244926609e-01
-2.804382866244926609e-01
-2.795358973752927745e-01
-2.795358973752927745e-01
-2.795358973752927745e-01
-2.795358973752927745e-01
-2.795358973752927745e-01
-2.795358973752927745e-01
-2.795358973752927745e-01
-2.795358973752927745e-01
-3.013679219933358411e-01
-3.013679219933358411e-01
-3.013679219933358411e-01
-3.013679219933358411e-01
-3.013679219933358411e-01
-3.013679219933358411e-01
-3.013679219933358411e-01
-3.013679219933358411e-01
-3.013679219933358411e-01
-3.013679219933358411e-01
-3.013679219933358411e-01
-3.013679219933358411e-01
-3.013679219933358411e-01
-3.013679219933358411e-01
-3.013679219933358411e-01
-3.013679219933358411e-01
-3.013679219933358411e-01
-3.013679219933358411e-01
-3.013679219933358411e-01
-3.013679219933358411e-01
-3.013679219933358411e-01
-3.013679219933358411e-01
-2.126246120916041871e-01
-2.126246120916041871e-01
-2.126246120916041871e-01
-2.126246120916041871e-01
-2.126246120916041871e-01
-2.126246120916041871e-01
-2.126246120916041871e-01
-2.126246120916041871e-01
-2.126246120916041871e-01
-2.126246120916041871e-01
-2.126246120916041871e-01
-2.126246120916041871e-01
-2.126246120916041871e-01
-2.126246120916041871e-01
-2.126246120916041871e-01
-2.126246120916041871e-01
-2.126246120916041871e-01
-2.126246120916041871e-01
-2.126246120916041871e-01
-2.126246120916041871e-01
-2.126246120916041871e-01
-2.126246120916041871e-01
-2.126246120916041871e-01
-2.126246120916041871e-01
-2.126246120916041871e-01
-2.126246120916041871e-01
-2.126246120916041871e-01
-2.126246120916041871e-01
-2.126246120916041871e-01
-2.375363477329451023e-01
-2.375363477329451023e-01
-2.375363477329451023e-01
-2.375363477329451023e-01
-2.375363477329451023e-01
-2.375363477329451023e-01
-2.375363477329451023e-01
-2.375363477329451023e-01
-2.375363477329451023e-01
-2.375363477329451023e-01
-2.375363477329451023e-01
-2.375363477329451023e-01
-2.375363477329451023e-01
-2.375363477329451023e-01
-2.375363477329451023e-01
-2.375363477329451023e-01
-2.375363477329451023e-01
-2.375363477329451023e-01
-2.375363477329451023e-01
-2.375363477329451023e-01
-2.375363477329451023e-01
-2.375363477329451023e-01
-2.375363477329451023e-01
-2.375363477329451023e-01
-2.375363477329451023e-01
-2.375363477329451023e-01
-2.375363477329451023e-01
-2.375363477329451023e-01
-2.375363477329451023e-01
-2.375363477329451023e-01
-2.375363477329451023e-01
-2.375363477329451023e-01
-2.375363477329451023e-01
-2.375363477329451023e-01
-2.375363477329451023e-01
-2.375363477329451023e-01
-2.375363477329451023e-01
-2.375363477329451023e-01
-2.375363477329451023e-01
-2.375363477329451023e-01
-2.375363477329451023e-01
-2.375363477329451023e-01
-2.375363477329451023e-01
-2.375363477329451023e-01
-2.375363477329451023e-01
-2.375363477329451023e-01
-2.375363477329451023e-01
-2.375363477329451023e-01
-2.375363477329451023e-01
-2.375363477329451023e-01
-2.375363477329451023e-01
-2.668456924121193063e-01
-2.668456924121193063e-01
-2.668456924121193063e-01
-2.668456924121193063e-01
-2.668456924121193063e-01
-2.668456924121193063e-01
-2.668456924121193063e-01
-2.668456924121193063e-01
-2.668456924121193063e-01
-2.668456924121193063e-01
-2.668456924121193063e-01
-2.668456924121193063e-01
-2.668456924121193063e-01
-2.668456924121193063e-01
-2.668456924121193063e-01
-2.668456924121193063e-01
-2.668456924121193063e-01
-2.668456924121193063e-01
-2.668456924121193063e-01
-2.668456924121193063e-01
-2.668456924121193063e-01
-2.668456924121193063e-01
-2.668456924121193063e-01
-2.668456924121193063e-01
-2.668456924121193063e-01
-2.668456924121193063e-01
-2.668456924121193063e-01
-2.668456924121193063e-01
-3.262320907348428278e-01
-3.262320907348428278e-01
-3.262320907348428278e-01
-3.262320907348428278e-01
-3.262320907348428278e-01
-3.262320907348428278e-01
-3.262320907348428278e-01
-3.262320907348428278e-01
-1.166963568722996503e-01
-1.166963568722996503e-01
-1.166963568722996503e-01
-1.166963568722996503e-01
-1.166963568722996503e-01
-1.166963568722996503e-01
-1.166963568722996503e-01
-1.166963568722996503e-01
-1.166963568722996503e-01
-1.166963568722996503e-01
-1.166963568722996503e-01
-1.166963568722996503e-01
-1.227480019255760280e-01
-1.227480019255760280e-01
-1.227480019255760280e-01
-1.227480019255760280e-01
-1.227480019255760280e-01
-1.227480019255760280e-01
-1.871423015858885430e-01
-1.871423015858885430e-01
-1.871423015858885430e-01
-1.871423015858885430e-01
-1.871423015858885430e-01
-1.871423015858885430e-01
-1.871423015858885430e-01
-1.871423015858885430e-01
-1.871423015858885430e-01
-1.871423015858885430e-01
-1.871423015858885430e-01
-1.871423015858885430e-01
-1.871423015858885430e-01
-1.871423015858885430e-01
-1.871423015858885430e-01
-1.871423015858885430e-01
-1.871423015858885430e-01
-1.871423015858885430e-01
-1.871423015858885430e-01
-1.871423015858885430e-01
-1.871423015858885430e-01
-1.871423015858885430e-01
-1.871423015858885430e-01
-1.871423015858885430e-01
-1.871423015858885430e-01
-1.871423015858885430e-01
-1.871423015858885430e-01
-1.871423015858885430e-01
-1.871423015858885430e-01
-1.871423015858885430e-01
-1.871423015858885430e-01
-1.871423015858885430e-01
-1.871423015858885430e-01
-2.027701721820502900e-01
-2.288050792869144590e-01
-2.288050792869144590e-01
-2.288050792869144590e-01
-2.288050792869144590e-01
-2.288050792869144590e-01
-2.288050792869144590e-01
-2.288050792869144590e-01
-2.288050792869144590e-01
-2.288050792869144590e-01
-2.288050792869144590e-01
-2.288050792869144590e-01
-2.288050792869144590e-01
-2.288050792869144590e-01
-2.288050792869144590e-01
-2.288050792869144590e-01
-2.288050792869144590e-01
-2.288050792869144590e-01
-2.288050792869144590e-01
-2.288050792869144590e-01
-2.288050792869144590e-01
-2.288050792869144590e-01
-2.288050792869144590e-01
-2.288050792869144590e-01
-2.288050792869144590e-01
-2.288050792869144590e-01
-2.288050792869144590e-01
-2.288050792869144590e-01
-2.288050792869144590e-01
-2.288050792869144590e-01
-2.288050792869144590e-01
-2.288050792869144590e-01
-2.288050792869144590e-01
-2.288050792869144590e-01
-2.288050792869144590e-01
-2.288050792869144590e-01
-2.288050792869144590e-01
-2.288050792869144590e-01
-2.288050792869144590e-01
-2.288050792869144590e-01
-2.288050792869144590e-01
-2.288050792869144590e-01
-2.288050792869144590e-01
-2.288050792869144590e-01
-2.288050792869144590e-01
-2.288050792869144590e-01
-2.288050792869144590e-01
-2.124690188960408899e-01
-2.124690188960408899e-01
-2.124690188960408899e-01
-2.124690188960408899e-01
-2.124690188960408899e-01
-2.124690188960408899e-01
-2.124690188960408899e-01
-2.124690188960408899e-01
-2.124690188960408899e-01
-2.124690188960408899e-01
-2.124690188960408899e-01
-2.124690188960408899e-01
-2.124690188960408899e-01
-2.124690188960408899e-01
-1.412001554186439745e-01
-1.412001554186439745e-01
-1.412001554186439745e-01
-1.412001554186439745e-01
-1.412001554186439745e-01
-1.412001554186439745e-01
-1.412001554186439745e-01
-1.412001554186439745e-01
-1.412001554186439745e-01
-1.412001554186439745e-01
-1.412001554186439745e-01
-1.412001554186439745e-01
-1.412001554186439745e-01
-1.412001554186439745e-01
-1.412001554186439745e-01
-1.412001554186439745e-01
-1.412001554186439745e-01
-1.412001554186439745e-01
-1.412001554186439745e-01
-1.412001554186439745e-01
-1.412001554186439745e-01
-1.412001554186439745e-01
-1.412001554186439745e-01
-1.412001554186439745e-01
-1.412001554186439745e-01
-1.412001554186439745e-01
-1.412001554186439745e-01
-1.412001554186439745e-01
-1.412001554186439745e-01
-1.412001554186439745e-01
-1.545349566931934204e-01
-1.545349566931934204e-01
-1.545349566931934204e-01
-1.545349566931934204e-01
-1.545349566931934204e-01
-1.545349566931934204e-01
-1.545349566931934204e-01
-1.545349566931934204e-01
-1.545349566931934204e-01
-1.545349566931934204e-01
-1.545349566931934204e-01
-1.545349566931934204e-01
-1.545349566931934204e-01
-2.204851740632868540e-01
-2.204851740632868540e-01
-2.204851740632868540e-01
-2.204851740632868540e-01
-2.204851740632868540e-01
-2.204851740632868540e-01
-2.204851740632868540e-01
-2.204851740632868540e-01
-2.204851740632868540e-01
-2.204851740632868540e-01
-2.204851740632868540e-01
-2.204851740632868540e-01
-2.204851740632868540e-01
-2.204851740632868540e-01
-2.204851740632868540e-01
-2.204851740632868540e-01
-2.204851740632868540e-01
-2.204851740632868540e-01
-2.204851740632868540e-01
-2.204851740632868540e-01
-2.204851740632868540e-01
-2.204851740632868540e-01
-2.204851740632868540e-01
-2.204851740632868540e-01
-2.204851740632868540e-01
-2.204851740632868540e-01
-2.204851740632868540e-01
-2.204851740632868540e-01
-2.204851740632868540e-01
-2.204851740632868540e-01
-2.204851740632868540e-01
-2.204851740632868540e-01
-2.204851740632868540e-01
-2.204851740632868540e-01
-2.204851740632868540e-01
-2.204851740632868540e-01
-2.204851740632868540e-01
-2.204851740632868540e-01
-2.204851740632868540e-01
-2.204851740632868540e-01
-2.204851740632868540e-01
-2.204851740632868540e-01
-2.204851740632868540e-01
-2.204851740632868540e-01
-2.204851740632868540e-01
-2.204851740632868540e-01
-2.204851740632868540e-01
-2.204851740632868540e-01
-2.204851740632868540e-01
-2.204851740632868540e-01
-2.204851740632868540e-01
-2.204851740632868540e-01
-2.204851740632868540e-01
-2.204851740632868540e-01
-2.204851740632868540e-01
-2.204851740632868540e-01
-2.204851740632868540e-01
-2.204851740632868540e-01
-2.204851740632868540e-01
-2.204851740632868540e-01
-2.204851740632868540e-01
-2.204851740632868540e-01
-2.204851740632868540e-01
-2.204851740632868540e-01
-2.204851740632868540e-01
-2.204851740632868540e-01
-2.204851740632868540e-01
-2.204851740632868540e-01
-2.204851740632868540e-01
-2.204851740632868540e-01
-2.204851740632868540e-01
-2.204851740632868540e-01
-2.204851740632868540e-01
-2.204851740632868540e-01
-2.204851740632868540e-01
-2.204851740632868540e-01
-2.204851740632868540e-01
-2.204851740632868540e-01
-2.204851740632868540e-01
-2.204851740632868540e-01
-2.204851740632868540e-01
-2.204851740632868540e-01
-2.204851740632868540e-01
-2.204851740632868540e-01
-2.204851740632868540e-01
-2.204851740632868540e-01
-2.204851740632868540e-01
-2.204851740632868540e-01
-2.204851740632868540e-01
-2.204851740632868540e-01
-2.204851740632868540e-01
-2.204851740632868540e-01
-2.204851740632868540e-01
-2.204851740632868540e-01
-2.204851740632868540e-01
-2.204851740632868540e-01
-1.528916976647896608e-01
-1.528916976647896608e-01
-1.528916976647896608e-01
-1.528916976647896608e-01
-1.528916976647896608e-01
-1.528916976647896608e-01
-1.528916976647896608e-01
-1.528916976647896608e-01
-1.528916976647896608e-01
-1.528916976647896608e-01
-1.528916976647896608e-01
-1.528916976647896608e-01
-1.528916976647896608e-01
-1.528916976647896608e-01
-1.528916976647896608e-01
-1.528916976647896608e-01
-1.528916976647896608e-01
-1.528916976647896608e-01
-1.528916976647896608e-01
-1.528916976647896608e-01
-1.528916976647896608e-01
-1.528916976647896608e-01
-1.528916976647896608e-01
-1.528916976647896608e-01
-1.719570068738656421e-01
-1.719570068738656421e-01
-1.719570068738656421e-01
-1.719570068738656421e-01
-1.719570068738656421e-01
-1.719570068738656421e-01
-1.719570068738656421e-01
-1.719570068738656421e-01
-1.719570068738656421e-01
-1.719570068738656421e-01
-1.719570068738656421e-01
-1.719570068738656421e-01
-1.719570068738656421e-01
-1.719570068738656421e-01
-1.719570068738656421e-01
-1.719570068738656421e-01
-1.719570068738656421e-01
-1.719570068738656421e-01
-1.719570068738656421e-01
-1.719570068738656421e-01
-1.719570068738656421e-01
-1.497720697641828358e-01
-1.497720697641828358e-01
-1.497720697641828358e-01
-1.497720697641828358e-01
-1.497720697641828358e-01
-1.497720697641828358e-01
-1.497720697641828358e-01
-1.497720697641828358e-01
-1.497720697641828358e-01
-1.497720697641828358e-01
-1.497720697641828358e-01
-1.497720697641828358e-01
-1.497720697641828358e-01
-1.497720697641828358e-01
-1.497720697641828358e-01
-1.497720697641828358e-01
-1.497720697641828358e-01
-1.497720697641828358e-01
-1.497720697641828358e-01
-1.497720697641828358e-01
-1.497720697641828358e-01
-1.497720697641828358e-01
-1.497720697641828358e-01
-1.497720697641828358e-01
-1.497720697641828358e-01
-1.497720697641828358e-01
-1.497720697641828358e-01
-1.497720697641828358e-01
-1.497720697641828358e-01
-1.497720697641828358e-01
-1.497720697641828358e-01
-1.497720697641828358e-01
-1.497720697641828358e-01
-1.497720697641828358e-01
-1.497720697641828358e-01
-1.497720697641828358e-01
-1.497720697641828358e-01
-1.497720697641828358e-01
-1.497720697641828358e-01
-1.497720697641828358e-01
-1.497720697641828358e-01
-1.497720697641828358e-01
-1.497720697641828358e-01
-1.497720697641828358e-01
-1.497720697641828358e-01
-1.497720697641828358e-01
-1.497720697641828358e-01
-1.497720697641828358e-01
-1.497720697641828358e-01
-1.497720697641828358e-01
-1.497720697641828358e-01
-1.497720697641828358e-01
-1.497720697641828358e-01
-1.497720697641828358e-01
-1.497720697641828358e-01
-1.497720697641828358e-01
-1.497720697641828358e-01
-1.497720697641828358e-01
-1.497720697641828358e-01
-1.497720697641828358e-01
-1.497720697641828358e-01
-1.497720697641828358e-01
-1.497720697641828358e-01
-1.497720697641828358e-01
-1.497720697641828358e-01
-1.497720697641828358e-01
-1.497720697641828358e-01
-1.497720697641828358e-01
-1.497720697641828358e-01
-1.497720697641828358e-01
-1.497720697641828358e-01
-1.497720697641828358e-01
-1.497720697641828358e-01
-1.497720697641828358e-01
-1.497720697641828358e-01
-1.497720697641828358e-01
-1.497720697641828358e-01
-1.497720697641828358e-01
-1.497720697641828358e-01
-1.497720697641828358e-01
-1.497720697641828358e-01
-1.497720697641828358e-01
-1.497720697641828358e-01
-1.497720697641828358e-01
-1.497720697641828358e-01
-1.497720697641828358e-01
-1.497720697641828358e-01
-1.497720697641828358e-01
-1.497720697641828358e-01
-1.497720697641828358e-01
-1.497720697641828358e-01
-1.041316293735577020e-01
-1.041316293735577020e-01
-1.041316293735577020e-01
-1.041316293735577020e-01
-1.041316293735577020e-01
-1.041316293735577020e-01
-1.041316293735577020e-01
-1.041316293735577020e-01
-1.041316293735577020e-01
-1.041316293735577020e-01
-1.041316293735577020e-01
-1.041316293735577020e-01
-1.041316293735577020e-01
-1.041316293735577020e-01
-1.041316293735577020e-01
-1.041316293735577020e-01
-1.041316293735577020e-01
-1.041316293735577020e-01
-1.041316293735577020e-01
-1.041316293735577020e-01
-1.041316293735577020e-01
-1.041316293735577020e-01
-1.041316293735577020e-01
-1.041316293735577020e-01
-1.041316293735577020e-01
-1.041316293735577020e-01
-1.041316293735577020e-01
-1.041316293735577020e-01
-1.041316293735577020e-01
-1.041316293735577020e-01
-1.041316293735577020e-01
-1.041316293735577020e-01
-1.041316293735577020e-01
-1.041316293735577020e-01
-1.041316293735577020e-01
-1.041316293735577020e-01
-1.041316293735577020e-01
-1.041316293735577020e-01
-1.041316293735577020e-01
-1.041316293735577020e-01
-1.041316293735577020e-01
-1.041316293735577020e-01
-1.041316293735577020e-01
-1.041316293735577020e-01
-1.041316293735577020e-01
-1.041316293735577020e-01
-1.041316293735577020e-01
-1.041316293735577020e-01
-1.041316293735577020e-01
-1.411235127348744733e-01
-1.411235127348744733e-01
-1.411235127348744733e-01
-1.411235127348744733e-01
-1.411235127348744733e-01
-1.411235127348744733e-01
-1.411235127348744733e-01
-1.411235127348744733e-01
-1.411235127348744733e-01
-1.411235127348744733e-01
-1.411235127348744733e-01
-1.411235127348744733e-01
-1.411235127348744733e-01
-1.411235127348744733e-01
-1.411235127348744733e-01
-1.411235127348744733e-01
-1.411235127348744733e-01
-1.411235127348744733e-01
-1.411235127348744733e-01
-1.411235127348744733e-01
-1.411235127348744733e-01
-1.411235127348744733e-01
-1.411235127348744733e-01
-1.411235127348744733e-01
-1.411235127348744733e-01
-1.411235127348744733e-01
-1.411235127348744733e-01
-1.411235127348744733e-01
-1.411235127348744733e-01
-1.411235127348744733e-01
-1.137674738070704877e-01
-1.137674738070704877e-01
-1.137674738070704877e-01
-1.137674738070704877e-01
-1.137674738070704877e-01
-1.137674738070704877e-01
-1.137674738070704877e-01
-1.137674738070704877e-01
-1.137674738070704877e-01
-1.137674738070704877e-01
-1.137674738070704877e-01
-1.137674738070704877e-01
-1.137674738070704877e-01
-1.137674738070704877e-01
-1.137674738070704877e-01
-1.137674738070704877e-01
-1.137674738070704877e-01
-1.137674738070704877e-01
-1.137674738070704877e-01
-1.137674738070704877e-01
-1.137674738070704877e-01
-1.137674738070704877e-01
-1.403491794493184619e-01
-1.399017599754989738e-01
-1.399017599754989738e-01
-1.185446208339348273e-01
-1.185446208339348273e-01
-1.185446208339348273e-01
-1.185446208339348273e-01
-1.185446208339348273e-01
-1.185446208339348273e-01
-1.185446208339348273e-01
-1.185446208339348273e-01
-1.185446208339348273e-01
-1.185446208339348273e-01
-1.185446208339348273e-01
-1.185446208339348273e-01
-1.185446208339348273e-01
-1.185446208339348273e-01
-1.185446208339348273e-01
-1.185446208339348273e-01
-1.185446208339348273e-01
-1.185446208339348273e-01
-1.185446208339348273e-01
-1.185446208339348273e-01
-1.185446208339348273e-01
-1.185446208339348273e-01
-1.185446208339348273e-01
-1.185446208339348273e-01
-1.185446208339348273e-01
-1.185446208339348273e-01
-1.185446208339348273e-01
-1.185446208339348273e-01
-1.185446208339348273e-01
-1.185446208339348273e-01
-1.185446208339348273e-01
-1.185446208339348273e-01
-1.185446208339348273e-01
-1.185446208339348273e-01
-1.185446208339348273e-01
-1.185446208339348273e-01
-1.185446208339348273e-01
-1.185446208339348273e-01
-1.185446208339348273e-01
-1.185446208339348273e-01
-1.185446208339348273e-01
-1.185446208339348273e-01
-1.185446208339348273e-01
-1.185446208339348273e-01
-1.185446208339348273e-01
-1.185446208339348273e-01
-1.185446208339348273e-01
-1.185446208339348273e-01
-1.185446208339348273e-01
-1.185446208339348273e-01
-1.185446208339348273e-01
-1.185446208339348273e-01
-1.185446208339348273e-01
-1.185446208339348273e-01
-1.185446208339348273e-01
-1.185446208339348273e-01
-1.185446208339348273e-01
-1.185446208339348273e-01
-1.185446208339348273e-01
-1.185446208339348273e-01
-1.185446208339348273e-01
-1.185446208339348273e-01
-1.185446208339348273e-01
-1.185446208339348273e-01
-1.185446208339348273e-01
-1.185446208339348273e-01
-1.185446208339348273e-01
-1.185446208339348273e-01
-1.185446208339348273e-01
-1.185446208339348273e-01
-1.185446208339348273e-01
-1.185446208339348273e-01
-1.185446208339348273e-01
-1.185446208339348273e-01
-1.185446208339348273e-01
-1.185446208339348273e-01
-1.185446208339348273e-01
-1.185446208339348273e-01
-1.185446208339348273e-01
-1.185446208339348273e-01
-1.185446208339348273e-01
-1.185446208339348273e-01
-1.185446208339348273e-01
-1.185446208339348273e-01
-1.185446208339348273e-01
-1.185446208339348273e-01
-1.185446208339348273e-01
-1.185446208339348273e-01
-1.185446208339348273e-01
-1.185446208339348273e-01
-1.185446208339348273e-01
-1.185446208339348273e-01
-1.185446208339348273e-01
-1.185446208339348273e-01
-1.185446208339348273e-01
-1.185446208339348273e-01
-1.185446208339348273e-01
-1.185446208339348273e-01
-1.185446208339348273e-01
-1.185446208339348273e-01
-1.185446208339348273e-01
-1.185446208339348273e-01
-1.185446208339348273e-01
-1.185446208339348273e-01
-1.185446208339348273e-01
-1.185446208339348273e-01
-1.185446208339348273e-01
-9.036740113626702542e-02
-9.036740113626702542e-02
-9.036740113626702542e-02
-9.036740113626702542e-02
-9.036740113626702542e-02
-9.036740113626702542e-02
-9.036740113626702542e-02
-9.036740113626702542e-02
-9.036740113626702542e-02
-9.036740113626702542e-02
-9.036740113626702542e-02
-9.036740113626702542e-02
-9.036740113626702542e-02
-9.036740113626702542e-02
-9.036740113626702542e-02
-9.036740113626702542e-02
-9.036740113626702542e-02
-9.036740113626702542e-02
-9.036740113626702542e-02
-9.036740113626702542e-02
-9.036740113626702542e-02
-9.036740113626702542e-02
-9.036740113626702542e-02
-9.036740113626702542e-02
-9.036740113626702542e-02
-9.036740113626702542e-02
-9.036740113626702542e-02
-9.036740113626702542e-02
-9.036740113626702542e-02
-9.036740113626702542e-02
-9.036740113626702542e-02
-9.036740113626702542e-02
-9.036740113626702542e-02
-9.036740113626702542e-02
-9.036740113626702542e-02
-9.036740113626702542e-02
-9.036740113626702542e-02
-9.036740113626702542e-02
-9.036740113626702542e-02
-9.036740113626702542e-02
-9.036740113626702542e-02
-9.036740113626702542e-02
-9.036740113626702542e-02
-9.036740113626702542e-02
-9.036740113626702542e-02
-9.036740113626702542e-02
-9.036740113626702542e-02
-9.036740113626702542e-02
-9.036740113626702542e-02
-9.036740113626702542e-02
-9.036740113626702542e-02
-9.036740113626702542e-02
-9.036740113626702542e-02
-9.036740113626702542e-02
-9.036740113626702542e-02
-9.036740113626702542e-02
-9.036740113626702542e-02
-9.036740113626702542e-02
-9.036740113626702542e-02
-9.028586500233491685e-02
-9.028586500233491685e-02
-9.028586500233491685e-02
-9.028586500233491685e-02
-9.028586500233491685e-02
-9.028586500233491685e-02
-9.028586500233491685e-02
-9.028586500233491685e-02
-9.028586500233491685e-02
-9.028586500233491685e-02
-9.028586500233491685e-02
-9.028586500233491685e-02
-9.028586500233491685e-02
-9.028586500233491685e-02
-9.028586500233491685e-02
-9.028586500233491685e-02
-9.028586500233491685e-02
-9.028586500233491685e-02
-9.028586500233491685e-02
-9.028586500233491685e-02
-1.075221065353481054e-01
-1.075221065353481054e-01
-1.075221065353481054e-01
-1.075221065353481054e-01
-1.075221065353481054e-01
-1.075221065353481054e-01
-1.075221065353481054e-01
-1.075221065353481054e-01
-1.075221065353481054e-01
-1.075221065353481054e-01
-1.075221065353481054e-01
-1.075221065353481054e-01
-1.075221065353481054e-01
-1.075221065353481054e-01
-1.075221065353481054e-01
-1.075221065353481054e-01
-1.075221065353481054e-01
-1.075221065353481054e-01
-1.075221065353481054e-01
-1.075221065353481054e-01
-1.075221065353481054e-01
-1.075221065353481054e-01
-1.075221065353481054e-01
-1.075221065353481054e-01
-1.075221065353481054e-01
-1.075221065353481054e-01
-1.075221065353481054e-01
-1.075221065353481054e-01
-1.075221065353481054e-01
-1.075221065353481054e-01
-1.075221065353481054e-01
-1.075221065353481054e-01
-1.075221065353481054e-01
-1.075221065353481054e-01
-1.075221065353481054e-01
-1.075221065353481054e-01
-1.075221065353481054e-01
-1.075221065353481054e-01
-1.075221065353481054e-01
-1.075221065353481054e-01
-1.075221065353481054e-01
-1.075221065353481054e-01
-1.075221065353481054e-01
-1.075221065353481054e-01
-1.075221065353481054e-01
-1.075221065353481054e-01
-1.075221065353481054e-01
-1.075221065353481054e-01
-1.075221065353481054e-01
-1.075221065353481054e-01
-1.075221065353481054e-01
-1.075221065353481054e-01
-1.075221065353481054e-01
-1.075221065353481054e-01
-1.075221065353481054e-01
-1.075221065353481054e-01
-1.075221065353481054e-01
-1.075221065353481054e-01
-1.075221065353481054e-01
-1.075221065353481054e-01
-1.075221065353481054e-01
-1.075221065353481054e-01
-1.075221065353481054e-01
-1.075221065353481054e-01
-1.075221065353481054e-01
-1.025829770482976772e-01
-1.025829770482976772e-01
-1.025829770482976772e-01
-1.025829770482976772e-01
-1.025829770482976772e-01
-1.025829770482976772e-01
-1.025829770482976772e-01
-1.025829770482976772e-01
-1.025829770482976772e-01
-1.025829770482976772e-01
-1.025829770482976772e-01
-1.025829770482976772e-01
-1.025829770482976772e-01
-1.025829770482976772e-01
-1.025829770482976772e-01
-1.025829770482976772e-01
-1.025829770482976772e-01
-1.025829770482976772e-01
-1.025829770482976772e-01
-1.025829770482976772e-01
-1.025829770482976772e-01
-1.025829770482976772e-01
-1.025829770482976772e-01
-1.025829770482976772e-01
-1.025829770482976772e-01
-1.025829770482976772e-01
-1.025829770482976772e-01
-1.025829770482976772e-01
-1.025829770482976772e-01
-1.025829770482976772e-01
-1.025829770482976772e-01
-1.025829770482976772e-01
-1.025829770482976772e-01
-1.025829770482976772e-01
-1.025829770482976772e-01
-1.025829770482976772e-01
-1.025829770482976772e-01
-1.025829770482976772e-01
-1.025829770482976772e-01
-1.025829770482976772e-01
-1.025829770482976772e-01
-1.025829770482976772e-01
-1.025829770482976772e-01
-1.025829770482976772e-01
-1.025829770482976772e-01
-1.025829770482976772e-01
-1.025829770482976772e-01
-1.025829770482976772e-01
-1.025829770482976772e-01
-1.025829770482976772e-01
-1.025829770482976772e-01
-1.025829770482976772e-01
-1.025829770482976772e-01
-1.025829770482976772e-01
-1.025829770482976772e-01
-1.025829770482976772e-01
-1.025829770482976772e-01
-1.025829770482976772e-01
-1.025829770482976772e-01
-1.025829770482976772e-01
-1.025829770482976772e-01
-1.025829770482976772e-01
-1.025829770482976772e-01
-1.025829770482976772e-01
-1.025829770482976772e-01
-1.025829770482976772e-01
-1.025829770482976772e-01
-1.025829770482976772e-01
-1.025829770482976772e-01
-1.025829770482976772e-01
-1.025829770482976772e-01
-1.025829770482976772e-01
-1.025829770482976772e-01
-1.025829770482976772e-01
-1.025829770482976772e-01
-1.025829770482976772e-01
-1.025829770482976772e-01
-1.025829770482976772e-01
-1.025829770482976772e-01
-1.025829770482976772e-01
-1.025829770482976772e-01
-1.025829770482976772e-01
-1.025829770482976772e-01
-1.025829770482976772e-01
-1.025829770482976772e-01
-1.025829770482976772e-01
-1.025829770482976772e-01
-1.025829770482976772e-01
-1.025829770482976772e-01
-1.025829770482976772e-01
-1.025829770482976772e-01
-1.025829770482976772e-01
-1.025829770482976772e-01
-1.025829770482976772e-01
-1.025829770482976772e-01
-1.025829770482976772e-01
-1.025829770482976772e-01
-1.025829770482976772e-01
-1.025829770482976772e-01
-1.025829770482976772e-01
-1.025829770482976772e-01
-1.025829770482976772e-01
-1.025829770482976772e-01
-1.025829770482976772e-01
-1.025829770482976772e-01
-1.025829770482976772e-01
-1.025829770482976772e-01
-1.025829770482976772e-01
-1.025829770482976772e-01
-1.025829770482976772e-01
-1.025829770482976772e-01
-1.025829770482976772e-01
-1.025829770482976772e-01
-1.025829770482976772e-01
-1.025829770482976772e-01
-1.025829770482976772e-01
-1.025829770482976772e-01
-1.025829770482976772e-01
-1.051658924747379403e-01
-1.051658924747379403e-01
-1.051658924747379403e-01
-1.051658924747379403e-01
-1.051658924747379403e-01
-1.051658924747379403e-01
-1.005104620073767052e-01
-1.005104620073767052e-01
-1.005104620073767052e-01
-1.005104620073767052e-01
-1.005104620073767052e-01
-6.815023278643021765e-02
-6.815023278643021765e-02
-6.815023278643021765e-02
-6.754130808846671441e-02
-6.754130808846671441e-02
-6.754130808846671441e-02
-6.754130808846671441e-02
-6.754130808846671441e-02
-6.754130808846671441e-02
-6.754130808846671441e-02
-6.754130808846671441e-02
-6.754130808846671441e-02
-6.754130808846671441e-02
-6.754130808846671441e-02
-6.754130808846671441e-02
-6.754130808846671441e-02
-6.754130808846671441e-02
-6.754130808846671441e-02
-6.304796692518156720e-02
-6.304796692518156720e-02
-6.304796692518156720e-02
-1.087662751428483676e-01
-1.087662751428483676e-01
-1.087662751428483676e-01
-1.087662751428483676e-01
-1.087662751428483676e-01
-1.087662751428483676e-01
-1.087662751428483676e-01
-1.087662751428483676e-01
-1.087662751428483676e-01
-1.087662751428483676e-01
-1.224987849906571252e-01
-1.007082941541252302e-01
-1.007082941541252302e-01
-1.007082941541252302e-01
-1.007082941541252302e-01
-1.007082941541252302e-01
-1.007082941541252302e-01
-1.007082941541252302e-01
-1.007082941541252302e-01
-1.007082941541252302e-01
-1.007082941541252302e-01
-1.007082941541252302e-01
-1.007082941541252302e-01
-1.007082941541252302e-01
-1.007082941541252302e-01
-1.007082941541252302e-01
-1.007082941541252302e-01
-7.772664352539164490e-02
-7.772664352539164490e-02
-7.772664352539164490e-02
-7.772664352539164490e-02
-7.772664352539164490e-02
-7.772664352539164490e-02
-7.772664352539164490e-02
-7.772664352539164490e-02
-7.772664352539164490e-02
-7.772664352539164490e-02
-7.772664352539164490e-02
-7.772664352539164490e-02
-7.772664352539164490e-02
-7.772664352539164490e-02
-7.772664352539164490e-02
-7.772664352539164490e-02
-7.772664352539164490e-02
-7.772664352539164490e-02
-7.772664352539164490e-02
-7.772664352539164490e-02
-7.772664352539164490e-02
-7.772664352539164490e-02
-7.772664352539164490e-02
-7.772664352539164490e-02
-7.772664352539164490e-02
-7.772664352539164490e-02
-7.772664352539164490e-02
-7.772664352539164490e-02
-7.772664352539164490e-02
-7.772664352539164490e-02
-6.707501998367090823e-02
-6.707501998367090823e-02
-6.707501998367090823e-02
-6.707501998367090823e-02
-6.707501998367090823e-02
-6.707501998367090823e-02
-6.707501998367090823e-02
-6.707501998367090823e-02
-6.707501998367090823e-02
-6.707501998367090823e-02
-6.707501998367090823e-02
-6.707501998367090823e-02
-6.707501998367090823e-02
-7.709817351848172184e-02
-7.709817351848172184e-02
-7.709817351848172184e-02
-7.709817351848172184e-02
-7.709817351848172184e-02
-7.709817351848172184e-02
-7.709817351848172184e-02
-7.709817351848172184e-02
-7.709817351848172184e-02
-7.709817351848172184e-02
-7.709817351848172184e-02
-7.709817351848172184e-02
-7.709817351848172184e-02
-7.709817351848172184e-02
-7.709817351848172184e-02
-7.709817351848172184e-02
-7.709817351848172184e-02
-7.709817351848172184e-02
-7.709817351848172184e-02
-7.709817351848172184e-02
-7.709817351848172184e-02
-7.709817351848172184e-02
-7.709817351848172184e-02
-7.709817351848172184e-02
-7.709817351848172184e-02
-7.709817351848172184e-02
-7.709817351848172184e-02
-7.709817351848172184e-02
-7.709817351848172184e-02
-7.709817351848172184e-02
-7.709817351848172184e-02
-7.709817351848172184e-02
-7.709817351848172184e-02
-7.709817351848172184e-02
-7.709817351848172184e-02
-7.709817351848172184e-02
-7.709817351848172184e-02
-7.709817351848172184e-02
-7.709817351848172184e-02
-7.709817351848172184e-02
-7.709817351848172184e-02
-7.709817351848172184e-02
-7.709817351848172184e-02
-7.709817351848172184e-02
-7.709817351848172184e-02
-7.709817351848172184e-02
-1.229370728733434615e-01
-1.229370728733434615e-01
-1.229370728733434615e-01
-1.109190299451693063e-01
-1.109190299451693063e-01
-1.109190299451693063e-01
-1.109190299451693063e-01
-1.109190299451693063e-01
-1.109190299451693063e-01
-1.109190299451693063e-01
-1.109190299451693063e-01
-1.109190299451693063e-01
-1.109190299451693063e-01
-1.109190299451693063e-01
-1.109190299451693063e-01
-1.109190299451693063e-01
-1.109190299451693063e-01
-1.109190299451693063e-01
-1.109190299451693063e-01
-1.109190299451693063e-01
-1.109190299451693063e-01
-1.109190299451693063e-01
-1.109190299451693063e-01
-1.109190299451693063e-01
-1.109190299451693063e-01
-1.109190299451693063e-01
-1.109190299451693063e-01
-1.109190299451693063e-01
-1.109190299451693063e-01
-1.109190299451693063e-01
-1.109190299451693063e-01
-1.109190299451693063e-01
-1.109190299451693063e-01
-1.479087265682038077e-01
-1.479087265682038077e-01
-1.479087265682038077e-01
-1.479087265682038077e-01
-1.479087265682038077e-01
-1.479087265682038077e-01
-1.479087265682038077e-01
-1.289328528179949085e-01
-1.289328528179949085e-01
-1.289328528179949085e-01
-1.289328528179949085e-01
-1.146143398480934938e-01
-1.146143398480934938e-01
-1.146143398480934938e-01
-1.146143398480934938e-01
-1.146143398480934938e-01
-1.146143398480934938e-01
-1.146143398480934938e-01
-5.583061229430466565e-02
-5.583061229430466565e-02
-5.583061229430466565e-02
-5.583061229430466565e-02
-5.583061229430466565e-02
-5.583061229430466565e-02
-5.583061229430466565e-02
-5.583061229430466565e-02
-5.583061229430466565e-02
-5.583061229430466565e-02
-5.583061229430466565e-02
-5.583061229430466565e-02
-5.583061229430466565e-02
-5.583061229430466565e-02
-5.583061229430466565e-02
-5.583061229430466565e-02
-5.583061229430466565e-02
-5.583061229430466565e-02
-5.583061229430466565e-02
-5.583061229430466565e-02
-5.583061229430466565e-02
-5.583061229430466565e-02
-5.245873665376556833e-02
-5.245873665376556833e-02
-5.245873665376556833e-02
-5.245873665376556833e-02
-5.245873665376556833e-02
-5.245873665376556833e-02
-5.245873665376556833e-02
-5.245873665376556833e-02
-5.245873665376556833e-02
-5.245873665376556833e-02
-5.245873665376556833e-02
-5.420626463443325299e-02
-5.420626463443325299e-02
-5.420626463443325299e-02
-5.420626463443325299e-02
-5.420626463443325299e-02
-5.420626463443325299e-02
-5.420626463443325299e-02
-7.693852025509792525e-02
-7.693852025509792525e-02
-7.693852025509792525e-02
-7.693852025509792525e-02
-7.693852025509792525e-02
-7.693852025509792525e-02
-7.693852025509792525e-02
-7.693852025509792525e-02
-7.693852025509792525e-02
-7.693852025509792525e-02
-1.038533509005551969e-01
-1.038533509005551969e-01
-1.038533509005551969e-01
-1.038533509005551969e-01
-4.169238770441160979e-02
-9.701683063124151574e-02
-9.701683063124151574e-02
-9.701683063124151574e-02
-9.701683063124151574e-02
-9.701683063124151574e-02
-9.701683063124151574e-02
-9.701683063124151574e-02
-9.701683063124151574e-02
-9.701683063124151574e-02
-9.701683063124151574e-02
-9.701683063124151574e-02
-9.701683063124151574e-02
-9.701683063124151574e-02
-9.701683063124151574e-02
-9.701683063124151574e-02
-9.701683063124151574e-02
-9.701683063124151574e-02
-9.701683063124151574e-02
-9.701683063124151574e-02
-9.701683063124151574e-02
-9.701683063124151574e-02
-9.701683063124151574e-02
-9.701683063124151574e-02
-9.701683063124151574e-02
-9.701683063124151574e-02
-9.701683063124151574e-02
-8.089920901203702386e-02
-8.089920901203702386e-02
-8.089920901203702386e-02
-8.089920901203702386e-02
-8.089920901203702386e-02
-8.089920901203702386e-02
-8.089920901203702386e-02
-8.089920901203702386e-02
-8.089920901203702386e-02
-8.089920901203702386e-02
-8.089920901203702386e-02
-8.089920901203702386e-02
-8.089920901203702386e-02
-8.089920901203702386e-02
-8.089920901203702386e-02
-8.089920901203702386e-02
-8.089920901203702386e-02
-8.089920901203702386e-02
-8.089920901203702386e-02
-8.089920901203702386e-02
-8.089920901203702386e-02
-8.089920901203702386e-02
-8.089920901203702386e-02
-8.089920901203702386e-02
-8.089920901203702386e-02
-8.089920901203702386e-02
-8.089920901203702386e-02
-8.089920901203702386e-02
-8.089920901203702386e-02
-8.089920901203702386e-02
-8.089920901203702386e-02
-8.089920901203702386e-02
-8.089920901203702386e-02
-8.089920901203702386e-02
-8.089920901203702386e-02
-8.089920901203702386e-02
-8.089920901203702386e-02
-8.089920901203702386e-02
-8.089920901203702386e-02
-8.089920901203702386e-02
-8.089920901203702386e-02
-8.089920901203702386e-02
-8.089920901203702386e-02
-8.089920901203702386e-02
-8.089920901203702386e-02
-8.089920901203702386e-02
-8.089920901203702386e-02
-8.089920901203702386e-02
-8.089920901203702386e-02
-8.089920901203702386e-02
-8.089920901203702386e-02
-8.089920901203702386e-02
-8.089920901203702386e-02
-8.089920901203702386e-02
-8.089920901203702386e-02
-8.089920901203702386e-02
-8.089920901203702386e-02
-8.089920901203702386e-02
-8.089920901203702386e-02
-8.089920901203702386e-02
-8.089920901203702386e-02
-8.089920901203702386e-02
-8.089920901203702386e-02
-8.089920901203702386e-02
-8.089920901203702386e-02
-8.089920901203702386e-02
-8.089920901203702386e-02
-8.089920901203702386e-02
-8.089920901203702386e-02
-8.089920901203702386e-02
-8.089920901203702386e-02
-8.089920901203702386e-02
-8.089920901203702386e-02
-8.089920901203702386e-02
-8.089920901203702386e-02
-8.089920901203702386e-02
-8.089920901203702386e-02
-8.089920901203702386e-02
-8.089920901203702386e-02
-8.089920901203702386e-02
-8.089920901203702386e-02
-8.089920901203702386e-02
-8.089920901203702386e-02
-8.089920901203702386e-02
-8.089920901203702386e-02
-8.089920901203702386e-02
-8.089920901203702386e-02
-8.089920901203702386e-02
-8.089920901203702386e-02
-8.089920901203702386e-02
-7.131399433653851094e-02
-7.131399433653851094e-02
-7.131399433653851094e-02
-7.131399433653851094e-02
-7.131399433653851094e-02
-7.131399433653851094e-02
-7.131399433653851094e-02
-7.131399433653851094e-02
-7.131399433653851094e-02
-7.131399433653851094e-02
-7.131399433653851094e-02
-7.131399433653851094e-02
-7.131399433653851094e-02
-7.131399433653851094e-02
-7.131399433653851094e-02
-7.131399433653851094e-02
-7.131399433653851094e-02
-7.131399433653851094e-02
-7.131399433653851094e-02
-7.131399433653851094e-02
-7.131399433653851094e-02
-7.131399433653851094e-02
-7.131399433653851094e-02
-7.131399433653851094e-02
-7.131399433653851094e-02
-7.131399433653851094e-02
-7.131399433653851094e-02
-7.131399433653851094e-02
-7.131399433653851094e-02
-7.131399433653851094e-02
-7.131399433653851094e-02
-7.131399433653851094e-02
-7.131399433653851094e-02
-7.131399433653851094e-02
-7.131399433653851094e-02
-7.131399433653851094e-02
-7.131399433653851094e-02
-7.131399433653851094e-02
-7.131399433653851094e-02
-7.131399433653851094e-02
-7.131399433653851094e-02
-7.484236422278001122e-02
-7.484236422278001122e-02
-7.484236422278001122e-02
-7.484236422278001122e-02
-7.484236422278001122e-02
-7.484236422278001122e-02
-7.484236422278001122e-02
-7.484236422278001122e-02
-7.484236422278001122e-02
-7.484236422278001122e-02
-7.484236422278001122e-02
-7.272984682943807455e-02
-7.272984682943807455e-02
-7.272984682943807455e-02
-7.272984682943807455e-02
-7.272984682943807455e-02
-7.272984682943807455e-02
-7.272984682943807455e-02
-7.272984682943807455e-02
-7.272984682943807455e-02
-7.272984682943807455e-02
-7.272984682943807455e-02
-7.272984682943807455e-02
-7.272984682943807455e-02
-7.272984682943807455e-02
-7.272984682943807455e-02
-7.272984682943807455e-02
-7.272984682943807455e-02
-7.272984682943807455e-02
-7.272984682943807455e-02
-7.272984682943807455e-02
-7.272984682943807455e-02
-7.272984682943807455e-02
-7.272984682943807455e-02
-7.272984682943807455e-02
-7.272984682943807455e-02
-7.272984682943807455e-02
-7.272984682943807455e-02
-6.733224308741479758e-02
-6.733224308741479758e-02
-6.733224308741479758e-02
-6.733224308741479758e-02
-6.733224308741479758e-02
-6.733224308741479758e-02
-6.733224308741479758e-02
-6.733224308741479758e-02
-6.733224308741479758e-02
-6.733224308741479758e-02
-6.733224308741479758e-02
-6.733224308741479758e-02
-6.733224308741479758e-02
-6.733224308741479758e-02
-6.733224308741479758e-02
-6.733224308741479758e-02
-6.733224308741479758e-02
-6.733224308741479758e-02
-6.733224308741479758e-02
-6.733224308741479758e-02
-6.733224308741479758e-02
-6.733224308741479758e-02
-6.733224308741479758e-02
-6.733224308741479758e-02
-6.733224308741479758e-02
-6.733224308741479758e-02
-6.733224308741479758e-02
-6.733224308741479758e-02
-6.733224308741479758e-02
-6.733224308741479758e-02
-6.733224308741479758e-02
-6.733224308741479758e-02
-6.733224308741479758e-02
-6.733224308741479758e-02
-6.733224308741479758e-02
-6.733224308741479758e-02
-6.733224308741479758e-02
-6.733224308741479758e-02
-8.224101868915739688e-02
-8.224101868915739688e-02
-8.224101868915739688e-02
-8.224101868915739688e-02
-8.224101868915739688e-02
-8.224101868915739688e-02
-8.224101868915739688e-02
-8.224101868915739688e-02
-8.224101868915739688e-02
-8.224101868915739688e-02
-8.224101868915739688e-02
-8.224101868915739688e-02
-8.224101868915739688e-02
-8.224101868915739688e-02
-8.224101868915739688e-02
-8.224101868915739688e-02
-8.224101868915739688e-02
-8.224101868915739688e-02
-8.224101868915739688e-02
-8.224101868915739688e-02
-8.224101868915739688e-02
-8.224101868915739688e-02
-8.375934159550565972e-02
-8.375934159550565972e-02
-8.375934159550565972e-02
-8.375934159550565972e-02
-9.143932314721393839e-02
-9.180376765604912614e-02
-9.180376765604912614e-02
-9.180376765604912614e-02
-9.180376765604912614e-02
-9.180376765604912614e-02
-9.180376765604912614e-02
-6.091873202451555946e-02
-6.091873202451555946e-02
-6.091873202451555946e-02
-6.091873202451555946e-02
-6.091873202451555946e-02
-6.091873202451555946e-02
-6.091873202451555946e-02
-6.091873202451555946e-02
-6.091873202451555946e-02
-6.091873202451555946e-02
-6.091873202451555946e-02
-6.091873202451555946e-02
-6.091873202451555946e-02
-6.091873202451555946e-02
-6.091873202451555946e-02
-6.091873202451555946e-02
-6.091873202451555946e-02
-6.091873202451555946e-02
-6.091873202451555946e-02
-6.091873202451555946e-02
-6.091873202451555946e-02
-6.091873202451555946e-02
-6.091873202451555946e-02
-6.091873202451555946e-02
-6.091873202451555946e-02
-6.091873202451555946e-02
-6.091873202451555946e-02
-6.091873202451555946e-02
-6.091873202451555946e-02
-6.091873202451555946e-02
-6.091873202451555946e-02
-6.091873202451555946e-02
-6.091873202451555946e-02
-6.091873202451555946e-02
-6.091873202451555946e-02
-6.091873202451555946e-02
-6.091873202451555946e-02
-6.091873202451555946e-02
-6.091873202451555946e-02
-6.091873202451555946e-02
-6.091873202451555946e-02
-6.091873202451555946e-02
-6.091873202451555946e-02
-6.091873202451555946e-02
-6.091873202451555946e-02
-6.091873202451555946e-02
-6.091873202451555946e-02
-6.091873202451555946e-02
-6.091873202451555946e-02
-6.091873202451555946e-02
-6.091873202451555946e-02
-6.091873202451555946e-02
-6.091873202451555946e-02
-6.091873202451555946e-02
-6.091873202451555946e-02
-6.091873202451555946e-02
-6.091873202451555946e-02
-6.091873202451555946e-02
-6.091873202451555946e-02
-6.091873202451555946e-02
-6.091873202451555946e-02
-6.091873202451555946e-02
-6.091873202451555946e-02
-6.091873202451555946e-02
-6.091873202451555946e-02
-6.091873202451555946e-02
-6.091873202451555946e-02
-6.091873202451555946e-02
-7.418169859034609570e-02
-7.418169859034609570e-02
-7.418169859034609570e-02
-7.418169859034609570e-02
-7.418169859034609570e-02
-7.418169859034609570e-02
-7.418169859034609570e-02
-7.418169859034609570e-02
-7.418169859034609570e-02
-7.418169859034609570e-02
-7.418169859034609570e-02
-6.177646765061591688e-02
-6.177646765061591688e-02
-6.177646765061591688e-02
-6.177646765061591688e-02
-6.177646765061591688e-02
-6.177646765061591688e-02
-6.177646765061591688e-02
-6.177646765061591688e-02
-6.177646765061591688e-02
-7.345772439161632472e-02
-7.345772439161632472e-02
-7.345772439161632472e-02
-7.345772439161632472e-02
-7.345772439161632472e-02
-7.345772439161632472e-02
-7.345772439161632472e-02
-7.345772439161632472e-02
-7.345772439161632472e-02
-7.345772439161632472e-02
-7.345772439161632472e-02
-7.345772439161632472e-02
-7.345772439161632472e-02
-7.345772439161632472e-02
-7.345772439161632472e-02
-7.345772439161632472e-02
-7.345772439161632472e-02
-7.345772439161632472e-02
-7.345772439161632472e-02
-7.345772439161632472e-02
-7.345772439161632472e-02
-7.345772439161632472e-02
-7.345772439161632472e-02
-7.345772439161632472e-02
-7.345772439161632472e-02
-7.345772439161632472e-02
-7.345772439161632472e-02
-7.345772439161632472e-02
-7.345772439161632472e-02
-7.345772439161632472e-02
-7.345772439161632472e-02
-7.345772439161632472e-02
-7.345772439161632472e-02
-7.345772439161632472e-02
-7.345772439161632472e-02
-7.345772439161632472e-02
-7.345772439161632472e-02
-6.569790908529014872e-02
-6.569790908529014872e-02
-6.569790908529014872e-02
-6.569790908529014872e-02
-6.569790908529014872e-02
-6.569790908529014872e-02
-6.569790908529014872e-02
-6.569790908529014872e-02
-6.569790908529014872e-02
-6.569790908529014872e-02
-6.569790908529014872e-02
-6.569790908529014872e-02
-6.569790908529014872e-02
-6.569790908529014872e-02
-6.569790908529014872e-02
-6.569790908529014872e-02
-6.569790908529014872e-02
-6.569790908529014872e-02
-6.569790908529014872e-02
-6.569790908529014872e-02
-6.569790908529014872e-02
-6.569790908529014872e-02
-6.569790908529014872e-02
-6.569790908529014872e-02
-6.569790908529014872e-02
-6.569790908529014872e-02
-6.569790908529014872e-02
-6.569790908529014872e-02
-6.569790908529014872e-02
-6.569790908529014872e-02
-6.569790908529014872e-02
-6.569790908529014872e-02
-6.569790908529014872e-02
-6.569790908529014872e-02
-6.569790908529014872e-02
-6.569790908529014872e-02
-6.569790908529014872e-02
-6.569790908529014872e-02
-6.569790908529014872e-02
-6.569790908529014872e-02
-6.569790908529014872e-02
-6.569790908529014872e-02
-6.569790908529014872e-02
-6.569790908529014872e-02
-6.569790908529014872e-02
-6.569790908529014872e-02
-6.569790908529014872e-02
-6.569790908529014872e-02
-6.569790908529014872e-02
-6.569790908529014872e-02
-6.569790908529014872e-02
-6.569790908529014872e-02
-6.569790908529014872e-02
-6.569790908529014872e-02
-6.569790908529014872e-02
-6.569790908529014872e-02
-6.569790908529014872e-02
-6.569790908529014872e-02
-6.569790908529014872e-02
-6.569790908529014872e-02
-6.569790908529014872e-02
-6.569790908529014872e-02
-6.569790908529014872e-02
-6.569790908529014872e-02
-6.569790908529014872e-02
-6.569790908529014872e-02
-6.569790908529014872e-02
-6.569790908529014872e-02
-6.569790908529014872e-02
-6.569790908529014872e-02
-6.569790908529014872e-02
-6.569790908529014872e-02
-6.569790908529014872e-02
-6.569790908529014872e-02
-1.447953953341817590e-01
-1.447953953341817590e-01
-1.447953953341817590e-01
-1.447953953341817590e-01
-1.447953953341817590e-01
-1.447953953341817590e-01
-1.447953953341817590e-01
-1.447953953341817590e-01
-1.447953953341817590e-01
-1.447953953341817590e-01
-1.447953953341817590e-01
-1.447953953341817590e-01
-1.447953953341817590e-01
-1.447953953341817590e-01
-1.447953953341817590e-01
-1.447953953341817590e-01
-1.447953953341817590e-01
-1.447953953341817590e-01
-1.447953953341817590e-01
-1.447953953341817590e-01
-1.447953953341817590e-01
-1.447953953341817590e-01
-1.447953953341817590e-01
-1.447953953341817590e-01
-1.447953953341817590e-01
-1.447953953341817590e-01
-1.447953953341817590e-01
-1.447953953341817590e-01
-1.447953953341817590e-01
-1.447953953341817590e-01
-1.447953953341817590e-01
-1.447953953341817590e-01
-1.447953953341817590e-01
-1.447953953341817590e-01
-1.447953953341817590e-01
-1.447953953341817590e-01
-1.163404883663695238e-01
-1.163404883663695238e-01
-1.163404883663695238e-01
-1.163404883663695238e-01
-1.163404883663695238e-01
-1.178233747158634048e-01
-1.178233747158634048e-01
-1.178233747158634048e-01
-1.056631653076375993e-01
-1.056631653076375993e-01
-1.056631653076375993e-01
-1.056631653076375993e-01
-1.056631653076375993e-01
-1.056631653076375993e-01
-1.056631653076375993e-01
-1.056631653076375993e-01
-1.056631653076375993e-01
-1.056631653076375993e-01
-1.056631653076375993e-01
-1.056631653076375993e-01
-1.056631653076375993e-01
-1.056631653076375993e-01
-1.056631653076375993e-01
-1.056631653076375993e-01
-1.056631653076375993e-01
-1.056631653076375993e-01
-1.056631653076375993e-01
-1.056631653076375993e-01
-1.056631653076375993e-01
-1.056631653076375993e-01
-1.056631653076375993e-01
-1.056631653076375993e-01
-1.056631653076375993e-01
-1.056631653076375993e-01
-1.056631653076375993e-01
-1.056631653076375993e-01
-1.056631653076375993e-01
-1.056631653076375993e-01
