# Variable: dg_gbsa_00000386
# Sample shape: (2000,)
# Date: 2014-03-03 06:24:08.622042
-2.161371548362717387e+00
-2.161371548362717387e+00
-2.736072011477176602e+00
-5.235173278283434151e+00
-5.235173278283434151e+00
-5.235173278283434151e+00
-5.235173278283434151e+00
-5.235173278283434151e+00
-4.609108882925934125e+00
-4.609108882925934125e+00
-4.609108882925934125e+00
-4.609108882925934125e+00
-4.609108882925934125e+00
-4.609108882925934125e+00
-4.609108882925934125e+00
-4.609108882925934125e+00
-4.609108882925934125e+00
-4.609108882925934125e+00
-4.609108882925934125e+00
-4.609108882925934125e+00
-4.609108882925934125e+00
-4.609108882925934125e+00
-4.609108882925934125e+00
-4.609108882925934125e+00
-4.609108882925934125e+00
-4.609108882925934125e+00
-4.609108882925934125e+00
-4.609108882925934125e+00
-4.609108882925934125e+00
-4.609108882925934125e+00
-4.969091305997129560e+00
-5.091167544771562525e+00
-5.091167544771562525e+00
-5.254432758455294561e+00
-5.254432758455294561e+00
-5.254432758455294561e+00
-5.254432758455294561e+00
-5.035869478039713520e+00
-5.001939277575986331e+00
-5.662125337648117984e+00
-5.662125337648117984e+00
-5.662125337648117984e+00
-5.662125337648117984e+00
-5.662125337648117984e+00
-5.662125337648117984e+00
-5.662125337648117984e+00
-5.662125337648117984e+00
-5.662125337648117984e+00
-5.662125337648117984e+00
-5.662125337648117984e+00
-5.701347245313012735e+00
-5.853032518755180824e+00
-5.853032518755180824e+00
-5.853032518755180824e+00
-5.853032518755180824e+00
-5.853032518755180824e+00
-5.853032518755180824e+00
-5.853032518755180824e+00
-5.853032518755180824e+00
-5.853032518755180824e+00
-5.863972877225274161e+00
-5.863972877225274161e+00
-5.863972877225274161e+00
-5.863972877225274161e+00
-5.863972877225274161e+00
-5.863972877225274161e+00
-5.863972877225274161e+00
-5.863972877225274161e+00
-5.863972877225274161e+00
-5.863972877225274161e+00
-5.774119160143412088e+00
-6.298645504574018616e+00
-6.298645504574018616e+00
-6.298645504574018616e+00
-6.298645504574018616e+00
-6.298645504574018616e+00
-6.298645504574018616e+00
-6.298645504574018616e+00
-6.298645504574018616e+00
-6.963523350527819566e+00
-7.021473653001948811e+00
-7.021473653001948811e+00
-6.976183240317933354e+00
-6.711833107767779083e+00
-6.568316063962976514e+00
-6.568316063962976514e+00
-6.568316063962976514e+00
-6.568316063962976514e+00
-6.568316063962976514e+00
-6.425922277096808521e+00
-6.425922277096808521e+00
-6.425922277096808521e+00
-6.425922277096808521e+00
-6.650155178675460022e+00
-6.650155178675460022e+00
-6.650155178675460022e+00
-6.650155178675460022e+00
-6.650155178675460022e+00
-6.650155178675460022e+00
-6.650155178675460022e+00
-6.650155178675460022e+00
-6.650155178675460022e+00
-6.650155178675460022e+00
-6.650155178675460022e+00
-6.650155178675460022e+00
-6.650155178675460022e+00
-6.650155178675460022e+00
-6.650155178675460022e+00
-6.650155178675460022e+00
-6.650155178675460022e+00
-6.765537462544486402e+00
-6.660753636697509528e+00
-6.660753636697509528e+00
-6.660753636697509528e+00
-6.290878893996287857e+00
-6.290878893996287857e+00
-6.290878893996287857e+00
-6.290878893996287857e+00
-6.290878893996287857e+00
-6.290878893996287857e+00
-6.290878893996287857e+00
-6.290878893996287857e+00
-6.290878893996287857e+00
-6.290878893996287857e+00
-6.775419753094703346e+00
-6.775419753094703346e+00
-6.890010651393328800e+00
-6.890010651393328800e+00
-6.890010651393328800e+00
-6.890010651393328800e+00
-6.890010651393328800e+00
-6.890010651393328800e+00
-6.890010651393328800e+00
-6.890010651393328800e+00
-6.890010651393328800e+00
-6.890010651393328800e+00
-6.890010651393328800e+00
-6.890010651393328800e+00
-6.890010651393328800e+00
-6.925950314757016280e+00
-6.925950314757016280e+00
-6.925950314757016280e+00
-6.925950314757016280e+00
-6.925950314757016280e+00
-6.925950314757016280e+00
-6.925950314757016280e+00
-6.925950314757016280e+00
-6.925950314757016280e+00
-6.925950314757016280e+00
-6.925950314757016280e+00
-6.925950314757016280e+00
-6.925950314757016280e+00
-6.925950314757016280e+00
-6.925950314757016280e+00
-6.925950314757016280e+00
-6.925950314757016280e+00
-6.704129862739752532e+00
-6.395254718641933955e+00
-6.395254718641933955e+00
-6.395254718641933955e+00
-6.395254718641933955e+00
-6.395254718641933955e+00
-6.395254718641933955e+00
-6.395254718641933955e+00
-6.395254718641933955e+00
-6.395254718641933955e+00
-6.395254718641933955e+00
-6.395254718641933955e+00
-6.266241091843088640e+00
-6.266241091843088640e+00
-6.579906489151613691e+00
-6.579906489151613691e+00
-6.579906489151613691e+00
-6.540282962427084179e+00
-6.540282962427084179e+00
-6.540282962427084179e+00
-6.647291876389920695e+00
-6.647291876389920695e+00
-6.647291876389920695e+00
-6.647291876389920695e+00
-6.647291876389920695e+00
-6.647291876389920695e+00
-6.647291876389920695e+00
-6.516027177041165075e+00
-6.516027177041165075e+00
-6.516027177041165075e+00
-6.586134091845889493e+00
-6.586134091845889493e+00
-6.627485811368456936e+00
-6.627485811368456936e+00
-6.627485811368456936e+00
-6.627485811368456936e+00
-6.627485811368456936e+00
-6.627485811368456936e+00
-6.627485811368456936e+00
-6.693976331167421634e+00
-6.693976331167421634e+00
-6.693976331167421634e+00
-6.693976331167421634e+00
-6.693976331167421634e+00
-6.693976331167421634e+00
-6.606668176888051747e+00
-6.605259091174852770e+00
-6.605259091174852770e+00
-6.577796279586295647e+00
-6.425156875960457370e+00
-6.425156875960457370e+00
-6.493778575218885685e+00
-6.493778575218885685e+00
-6.601061009540156732e+00
-6.663998499883064142e+00
-6.260774787479786774e+00
-6.260774787479786774e+00
-6.260774787479786774e+00
-6.600645258595336351e+00
-6.600645258595336351e+00
-6.600645258595336351e+00
-6.600645258595336351e+00
-6.600645258595336351e+00
-6.600645258595336351e+00
-6.600645258595336351e+00
-6.600645258595336351e+00
-6.600645258595336351e+00
-6.600645258595336351e+00
-6.600645258595336351e+00
-6.620387502199832852e+00
-6.620387502199832852e+00
-6.620387502199832852e+00
-6.620387502199832852e+00
-6.527657262681774597e+00
-6.504806460203677254e+00
-6.504806460203677254e+00
-6.504806460203677254e+00
-6.504806460203677254e+00
-6.504806460203677254e+00
-6.504806460203677254e+00
-6.504806460203677254e+00
-6.504806460203677254e+00
-6.504806460203677254e+00
-6.682731909232202838e+00
-6.682731909232202838e+00
-6.682731909232202838e+00
-6.562997004725964700e+00
-6.562997004725964700e+00
-6.562997004725964700e+00
-6.562997004725964700e+00
-6.517356941850417584e+00
-6.517356941850417584e+00
-6.517356941850417584e+00
-6.517356941850417584e+00
-6.517356941850417584e+00
-6.517356941850417584e+00
-6.217737726682002197e+00
-6.282136271606211686e+00
-6.282136271606211686e+00
-6.282136271606211686e+00
-6.416251964824376763e+00
-6.416251964824376763e+00
-6.416251964824376763e+00
-6.416251964824376763e+00
-6.416251964824376763e+00
-6.416251964824376763e+00
-6.416251964824376763e+00
-6.604226551821764879e+00
-6.604226551821764879e+00
-6.604226551821764879e+00
-6.604226551821764879e+00
-6.602000551971376474e+00
-6.602000551971376474e+00
-6.602000551971376474e+00
-6.602000551971376474e+00
-6.602000551971376474e+00
-6.602000551971376474e+00
-6.602000551971376474e+00
-6.602000551971376474e+00
-6.520634171611719765e+00
-6.520634171611719765e+00
-6.520634171611719765e+00
-6.520634171611719765e+00
-6.520634171611719765e+00
-6.520634171611719765e+00
-6.520634171611719765e+00
-6.520634171611719765e+00
-6.520634171611719765e+00
-6.520634171611719765e+00
-6.520634171611719765e+00
-6.520634171611719765e+00
-6.520634171611719765e+00
-6.520634171611719765e+00
-6.520634171611719765e+00
-6.519353640466984956e+00
-6.519353640466984956e+00
-6.519353640466984956e+00
-6.519353640466984956e+00
-6.519353640466984956e+00
-6.519353640466984956e+00
-6.519353640466984956e+00
-6.519353640466984956e+00
-6.519353640466984956e+00
-6.519353640466984956e+00
-6.519353640466984956e+00
-6.519353640466984956e+00
-6.519353640466984956e+00
-6.615810594868705152e+00
-6.615810594868705152e+00
-6.615810594868705152e+00
-6.615810594868705152e+00
-6.615810594868705152e+00
-6.615810594868705152e+00
-6.653685870635577260e+00
-6.653685870635577260e+00
-6.812548318283051074e+00
-6.707807799826160711e+00
-6.707807799826160711e+00
-6.813265853356676338e+00
-6.813265853356676338e+00
-6.813265853356676338e+00
-6.813265853356676338e+00
-6.813265853356676338e+00
-6.813265853356676338e+00
-6.813265853356676338e+00
-6.813265853356676338e+00
-6.813265853356676338e+00
-6.813265853356676338e+00
-6.450459788451914811e+00
-6.450459788451914811e+00
-6.450459788451914811e+00
-6.450459788451914811e+00
-6.450459788451914811e+00
-6.443410257080544490e+00
-6.443410257080544490e+00
-6.443410257080544490e+00
-6.443410257080544490e+00
-6.443410257080544490e+00
-6.443410257080544490e+00
-7.436723143831037497e+00
-7.436723143831037497e+00
-7.436723143831037497e+00
-6.912105170080355521e+00
-7.218058660882836541e+00
-7.218058660882836541e+00
-7.218058660882836541e+00
-7.077998002674109834e+00
-7.077998002674109834e+00
-7.077998002674109834e+00
-7.077998002674109834e+00
-7.077998002674109834e+00
-7.077998002674109834e+00
-7.077998002674109834e+00
-7.080730471054864417e+00
-7.080730471054864417e+00
-7.259021981496427856e+00
-7.259021981496427856e+00
-7.259021981496427856e+00
-7.259021981496427856e+00
-7.259021981496427856e+00
-7.259021981496427856e+00
-7.259021981496427856e+00
-7.259021981496427856e+00
-7.310702741487987488e+00
-7.310702741487987488e+00
-7.310702741487987488e+00
-7.434693622771457733e+00
-7.434693622771457733e+00
-7.434693622771457733e+00
-7.434693622771457733e+00
-7.434693622771457733e+00
-7.265654850188449920e+00
-7.225962487507048060e+00
-7.161491459687854721e+00
-7.161491459687854721e+00
-7.161491459687854721e+00
-7.161491459687854721e+00
-7.161491459687854721e+00
-7.161491459687854721e+00
-7.161491459687854721e+00
-7.161491459687854721e+00
-7.161491459687854721e+00
-7.161491459687854721e+00
-7.161491459687854721e+00
-7.161491459687854721e+00
-7.161491459687854721e+00
-7.161491459687854721e+00
-7.161491459687854721e+00
-7.161491459687854721e+00
-7.161491459687854721e+00
-7.161491459687854721e+00
-6.980643901496726755e+00
-7.308375539104979168e+00
-7.308375539104979168e+00
-7.308375539104979168e+00
-7.308375539104979168e+00
-7.308375539104979168e+00
-7.589001956451006947e+00
-7.589001956451006947e+00
-7.589001956451006947e+00
-7.589001956451006947e+00
-7.123939849678461833e+00
-7.123939849678461833e+00
-7.101931489904341532e+00
-7.101931489904341532e+00
-7.101931489904341532e+00
-7.390178184436337894e+00
-7.390178184436337894e+00
-7.390178184436337894e+00
-7.390178184436337894e+00
-7.330899484754747952e+00
-7.330899484754747952e+00
-7.714514066794634140e+00
-7.395588417126161218e+00
-7.395588417126161218e+00
-7.395588417126161218e+00
-7.688153998117829069e+00
-7.688153998117829069e+00
-7.616014827049940372e+00
-7.402327047023444351e+00
-7.402327047023444351e+00
-7.312788334221046682e+00
-7.737090437179769076e+00
-7.626792896774029273e+00
-7.626792896774029273e+00
-7.626792896774029273e+00
-7.626792896774029273e+00
-7.626792896774029273e+00
-7.626792896774029273e+00
-7.626792896774029273e+00
-7.626792896774029273e+00
-7.626792896774029273e+00
-7.430795045929246001e+00
-7.430795045929246001e+00
-7.551696058896941288e+00
-7.551696058896941288e+00
-7.744242082818288075e+00
-7.744242082818288075e+00
-7.744242082818288075e+00
-7.437888340557965883e+00
-7.147630815524215642e+00
-7.147630815524215642e+00
-7.147630815524215642e+00
-7.147630815524215642e+00
-7.147630815524215642e+00
-7.235810132145197748e+00
-7.235810132145197748e+00
-7.235810132145197748e+00
-7.235810132145197748e+00
-7.467840643275535761e+00
-7.467840643275535761e+00
-7.467840643275535761e+00
-7.001019800598260900e+00
-7.001019800598260900e+00
-7.001019800598260900e+00
-7.001019800598260900e+00
-7.001019800598260900e+00
-7.102401944920847754e+00
-7.102401944920847754e+00
-7.102401944920847754e+00
-7.467485522676835963e+00
-7.467485522676835963e+00
-7.367670650008075306e+00
-7.367670650008075306e+00
-7.367670650008075306e+00
-7.367670650008075306e+00
-7.367670650008075306e+00
-7.367670650008075306e+00
-7.367670650008075306e+00
-7.367670650008075306e+00
-7.355023524501355325e+00
-7.355023524501355325e+00
-7.355023524501355325e+00
-7.355023524501355325e+00
-7.355023524501355325e+00
-6.968996948767346211e+00
-7.114463280993255090e+00
-7.114463280993255090e+00
-7.114463280993255090e+00
-7.114463280993255090e+00
-7.114463280993255090e+00
-7.114463280993255090e+00
-7.114463280993255090e+00
-7.114463280993255090e+00
-7.114463280993255090e+00
-7.169297730717558714e+00
-7.422880734357961252e+00
-7.422880734357961252e+00
-7.422880734357961252e+00
-7.422880734357961252e+00
-7.422880734357961252e+00
-7.422880734357961252e+00
-7.422880734357961252e+00
-7.422880734357961252e+00
-8.180334736694568676e+00
-8.180334736694568676e+00
-8.180334736694568676e+00
-8.180334736694568676e+00
-8.180334736694568676e+00
-8.180334736694568676e+00
-7.179323163588689383e+00
-7.336043946829625462e+00
-7.336043946829625462e+00
-7.336043946829625462e+00
-7.336043946829625462e+00
-7.336043946829625462e+00
-7.336043946829625462e+00
-7.336043946829625462e+00
-7.336043946829625462e+00
-7.225901857160929254e+00
-7.225901857160929254e+00
-7.225901857160929254e+00
-7.225901857160929254e+00
-7.082852533169047504e+00
-7.082852533169047504e+00
-7.082852533169047504e+00
-6.735508118259290633e+00
-6.735508118259290633e+00
-6.735508118259290633e+00
-6.735508118259290633e+00
-6.833719705760364249e+00
-6.617206460431246384e+00
-6.617206460431246384e+00
-6.533873924561713231e+00
-6.533873924561713231e+00
-6.533873924561713231e+00
-6.714590648848057342e+00
-6.714590648848057342e+00
-6.714590648848057342e+00
-6.714590648848057342e+00
-6.714590648848057342e+00
-6.739942339136768545e+00
-6.739942339136768545e+00
-6.739942339136768545e+00
-6.856381779191142556e+00
-7.234663625976095247e+00
-7.234663625976095247e+00
-7.234663625976095247e+00
-7.108645502969365815e+00
-7.108645502969365815e+00
-7.108645502969365815e+00
-7.108645502969365815e+00
-7.108645502969365815e+00
-7.108645502969365815e+00
-7.108645502969365815e+00
-7.108645502969365815e+00
-7.108645502969365815e+00
-7.240226118332112826e+00
-7.240226118332112826e+00
-7.074713479036581987e+00
-7.074713479036581987e+00
-7.074713479036581987e+00
-7.074713479036581987e+00
-7.074713479036581987e+00
-7.074713479036581987e+00
-6.693143005808726009e+00
-6.693143005808726009e+00
-6.693143005808726009e+00
-6.693143005808726009e+00
-6.693143005808726009e+00
-6.494001494311009814e+00
-6.857093843857598792e+00
-6.857093843857598792e+00
-6.857093843857598792e+00
-6.857093843857598792e+00
-7.342314401046722949e+00
-7.342314401046722949e+00
-7.342314401046722949e+00
-7.421347196881675323e+00
-7.421347196881675323e+00
-7.421347196881675323e+00
-7.421347196881675323e+00
-7.331607446615827861e+00
-7.331607446615827861e+00
-7.331607446615827861e+00
-7.331607446615827861e+00
-7.331607446615827861e+00
-7.331607446615827861e+00
-7.331607446615827861e+00
-7.331607446615827861e+00
-7.331607446615827861e+00
-7.268218191814240114e+00
-7.156109946635667463e+00
-7.156109946635667463e+00
-7.156109946635667463e+00
-6.599448151159924336e+00
-6.599448151159924336e+00
-6.785261927325684006e+00
-6.785261927325684006e+00
-6.971968291594466294e+00
-7.497224023647563129e+00
-7.497224023647563129e+00
-7.569024029470994286e+00
-7.569024029470994286e+00
-7.643632177641013214e+00
-7.460381743101042851e+00
-7.181434740755799240e+00
-7.209920062617634962e+00
-7.343517890623832756e+00
-7.343517890623832756e+00
-7.343517890623832756e+00
-7.343517890623832756e+00
-7.343517890623832756e+00
-7.343517890623832756e+00
-7.343517890623832756e+00
-7.343517890623832756e+00
-7.698356307487414618e+00
-7.395800395403947292e+00
-7.395800395403947292e+00
-7.395800395403947292e+00
-7.395800395403947292e+00
-7.395800395403947292e+00
-7.395800395403947292e+00
-7.125720923079130742e+00
-6.971925895938909434e+00
-6.971925895938909434e+00
-6.971925895938909434e+00
-6.971925895938909434e+00
-6.971925895938909434e+00
-6.971925895938909434e+00
-7.333006047381952719e+00
-7.333006047381952719e+00
-7.333006047381952719e+00
-7.333006047381952719e+00
-7.333006047381952719e+00
-7.333006047381952719e+00
-7.333006047381952719e+00
-7.333006047381952719e+00
-7.333006047381952719e+00
-7.333006047381952719e+00
-7.333006047381952719e+00
-7.048163313710666067e+00
-7.400403743036390480e+00
-7.400403743036390480e+00
-7.507740425562083431e+00
-7.507740425562083431e+00
-7.507740425562083431e+00
-7.507740425562083431e+00
-7.507740425562083431e+00
-7.507740425562083431e+00
-7.507740425562083431e+00
-7.507740425562083431e+00
-7.507740425562083431e+00
-7.507740425562083431e+00
-7.507740425562083431e+00
-7.507740425562083431e+00
-7.507740425562083431e+00
-7.342243285753530913e+00
-7.342243285753530913e+00
-7.206450001003636530e+00
-7.401126292649919947e+00
-7.401126292649919947e+00
-7.401126292649919947e+00
-7.401126292649919947e+00
-7.401126292649919947e+00
-7.401126292649919947e+00
-7.401126292649919947e+00
-7.401126292649919947e+00
-7.401126292649919947e+00
-7.395006730497224900e+00
-7.395006730497224900e+00
-7.395006730497224900e+00
-7.395006730497224900e+00
-7.489323388094199174e+00
-7.490640844487322703e+00
-7.658769706011273826e+00
-7.846809482027421900e+00
-7.846809482027421900e+00
-7.846809482027421900e+00
-7.846809482027421900e+00
-7.846809482027421900e+00
-7.846809482027421900e+00
-7.846809482027421900e+00
-7.846809482027421900e+00
-7.846809482027421900e+00
-7.704790418052308354e+00
-7.704790418052308354e+00
-7.704790418052308354e+00
-7.484983075873117286e+00
-7.484983075873117286e+00
-7.484983075873117286e+00
-7.484983075873117286e+00
-7.484983075873117286e+00
-7.484983075873117286e+00
-7.484983075873117286e+00
-7.250388767249725142e+00
-7.250388767249725142e+00
-7.250388767249725142e+00
-7.140667443065752629e+00
-7.140667443065752629e+00
-7.140667443065752629e+00
-7.140667443065752629e+00
-7.140667443065752629e+00
-6.802416212472131463e+00
-6.802416212472131463e+00
-6.802416212472131463e+00
-6.941642177720370732e+00
-6.941642177720370732e+00
-6.941642177720370732e+00
-6.941642177720370732e+00
-6.941642177720370732e+00
-6.941642177720370732e+00
-6.941642177720370732e+00
-6.941642177720370732e+00
-6.941642177720370732e+00
-6.941642177720370732e+00
-6.941642177720370732e+00
-6.941642177720370732e+00
-7.138322917726709349e+00
-7.141331185802219039e+00
-7.141331185802219039e+00
-7.141331185802219039e+00
-7.135803339358269604e+00
-7.135803339358269604e+00
-7.135803339358269604e+00
-7.135803339358269604e+00
-7.135803339358269604e+00
-7.135803339358269604e+00
-7.135803339358269604e+00
-7.243522494518505717e+00
-7.243522494518505717e+00
-7.243522494518505717e+00
-7.243522494518505717e+00
-7.243522494518505717e+00
-7.243522494518505717e+00
-7.243522494518505717e+00
-7.421222745118587483e+00
-7.421222745118587483e+00
-7.421222745118587483e+00
-7.421222745118587483e+00
-7.421222745118587483e+00
-7.421222745118587483e+00
-7.421222745118587483e+00
-7.421222745118587483e+00
-7.421222745118587483e+00
-7.421222745118587483e+00
-7.421222745118587483e+00
-7.421222745118587483e+00
-7.421222745118587483e+00
-7.421222745118587483e+00
-7.421222745118587483e+00
-7.421222745118587483e+00
-7.421222745118587483e+00
-7.421222745118587483e+00
-7.421222745118587483e+00
-7.421222745118587483e+00
-7.421222745118587483e+00
-7.421222745118587483e+00
-7.421222745118587483e+00
-7.421222745118587483e+00
-7.421222745118587483e+00
-7.388465035258013458e+00
-7.388465035258013458e+00
-7.464595780089981147e+00
-7.464595780089981147e+00
-7.651984577653056618e+00
-7.651984577653056618e+00
-7.651984577653056618e+00
-7.651984577653056618e+00
-7.651984577653056618e+00
-7.651984577653056618e+00
-7.651984577653056618e+00
-7.813002365724989851e+00
-7.947041017375529925e+00
-7.947041017375529925e+00
-7.947041017375529925e+00
-7.947041017375529925e+00
-7.947041017375529925e+00
-7.947041017375529925e+00
-7.947041017375529925e+00
-7.947041017375529925e+00
-7.947041017375529925e+00
-7.947041017375529925e+00
-7.947041017375529925e+00
-7.438017806860957926e+00
-7.438017806860957926e+00
-7.774281000316028312e+00
-7.774281000316028312e+00
-7.774281000316028312e+00
-7.774281000316028312e+00
-7.608108265222144340e+00
-7.608108265222144340e+00
-8.154366713864853011e+00
-8.154366713864853011e+00
-8.154366713864853011e+00
-8.154366713864853011e+00
-8.083312506885418358e+00
-8.083312506885418358e+00
-8.083312506885418358e+00
-8.083312506885418358e+00
-8.083312506885418358e+00
-8.083312506885418358e+00
-8.083312506885418358e+00
-8.083312506885418358e+00
-8.083312506885418358e+00
-8.083312506885418358e+00
-8.007988647110831693e+00
-8.007988647110831693e+00
-8.007988647110831693e+00
-8.007988647110831693e+00
-8.007988647110831693e+00
-8.007988647110831693e+00
-8.007988647110831693e+00
-8.007988647110831693e+00
-7.880837238085656615e+00
-7.880837238085656615e+00
-7.880837238085656615e+00
-7.880837238085656615e+00
-7.975224555108560764e+00
-7.975224555108560764e+00
-7.975224555108560764e+00
-7.975224555108560764e+00
-7.902396112737418044e+00
-7.902396112737418044e+00
-7.789600875591911944e+00
-7.789600875591911944e+00
-7.789600875591911944e+00
-7.789600875591911944e+00
-7.789600875591911944e+00
-7.789600875591911944e+00
-8.513763347501736689e+00
-8.513763347501736689e+00
-8.029175534075122300e+00
-8.029175534075122300e+00
-8.059540852533928046e+00
-8.059540852533928046e+00
-8.059540852533928046e+00
-8.059540852533928046e+00
-8.059540852533928046e+00
-8.059540852533928046e+00
-8.059540852533928046e+00
-8.059540852533928046e+00
-8.059540852533928046e+00
-8.059540852533928046e+00
-8.059540852533928046e+00
-8.059540852533928046e+00
-7.452454667246364295e+00
-7.452454667246364295e+00
-7.452454667246364295e+00
-7.678323676435714340e+00
-7.674649386287418551e+00
-7.598449349631314576e+00
-7.598449349631314576e+00
-7.598449349631314576e+00
-7.598449349631314576e+00
-7.598449349631314576e+00
-7.932155127735027733e+00
-7.985114139535002487e+00
-7.639548974556858774e+00
-7.150685582060658518e+00
-7.150685582060658518e+00
-7.150685582060658518e+00
-7.150685582060658518e+00
-7.150685582060658518e+00
-7.150685582060658518e+00
-7.150685582060658518e+00
-7.150685582060658518e+00
-7.150685582060658518e+00
-7.489990321901514037e+00
-7.489990321901514037e+00
-7.489990321901514037e+00
-7.664209114205996265e+00
-7.664209114205996265e+00
-7.664209114205996265e+00
-7.664209114205996265e+00
-7.664209114205996265e+00
-7.269765861175711663e+00
-7.269765861175711663e+00
-7.269765861175711663e+00
-7.345609865498587965e+00
-7.345609865498587965e+00
-7.400949416151465954e+00
-7.414316811935394824e+00
-7.414316811935394824e+00
-7.414316811935394824e+00
-7.680797212210484837e+00
-7.680797212210484837e+00
-7.680797212210484837e+00
-7.680797212210484837e+00
-7.680797212210484837e+00
-7.680797212210484837e+00
-7.942874390582053579e+00
-7.942874390582053579e+00
-7.982740894558324030e+00
-7.982740894558324030e+00
-7.982740894558324030e+00
-7.982740894558324030e+00
-7.550247768599033904e+00
-7.550247768599033904e+00
-7.550247768599033904e+00
-7.550247768599033904e+00
-7.550247768599033904e+00
-7.550247768599033904e+00
-7.550247768599033904e+00
-7.550247768599033904e+00
-7.550247768599033904e+00
-7.550247768599033904e+00
-7.550247768599033904e+00
-7.760572159951320437e+00
-7.760572159951320437e+00
-7.760572159951320437e+00
-7.760572159951320437e+00
-7.760572159951320437e+00
-7.760572159951320437e+00
-7.760572159951320437e+00
-7.760572159951320437e+00
-7.760572159951320437e+00
-7.981097037204136768e+00
-7.981097037204136768e+00
-7.981097037204136768e+00
-7.981097037204136768e+00
-7.310629802725738813e+00
-7.310629802725738813e+00
-7.310629802725738813e+00
-7.768439517194408062e+00
-7.768439517194408062e+00
-7.768439517194408062e+00
-7.768439517194408062e+00
-7.768439517194408062e+00
-7.768439517194408062e+00
-7.886397906972618443e+00
-7.850976108820898247e+00
-7.850976108820898247e+00
-7.850976108820898247e+00
-7.850976108820898247e+00
-7.699801406714473551e+00
-7.638308103864097198e+00
-7.638308103864097198e+00
-7.638308103864097198e+00
-7.638308103864097198e+00
-7.638308103864097198e+00
-7.458193580233571929e+00
-7.496886226004897402e+00
-7.496886226004897402e+00
-7.496886226004897402e+00
-7.805352001299593390e+00
-7.805352001299593390e+00
-7.805352001299593390e+00
-7.805352001299593390e+00
-7.805352001299593390e+00
-7.805352001299593390e+00
-7.805352001299593390e+00
-7.805352001299593390e+00
-7.805352001299593390e+00
-7.805352001299593390e+00
-7.805352001299593390e+00
-7.805352001299593390e+00
-7.805352001299593390e+00
-7.805352001299593390e+00
-7.805352001299593390e+00
-7.805352001299593390e+00
-7.805352001299593390e+00
-7.936268873925873990e+00
-7.883966310986140869e+00
-7.883966310986140869e+00
-7.883966310986140869e+00
-7.883966310986140869e+00
-7.410161125956255646e+00
-7.410161125956255646e+00
-7.410161125956255646e+00
-7.410161125956255646e+00
-7.410161125956255646e+00
-7.410161125956255646e+00
-7.625365120503003524e+00
-7.625365120503003524e+00
-7.625365120503003524e+00
-7.625365120503003524e+00
-7.625365120503003524e+00
-7.625365120503003524e+00
-7.824737300836332565e+00
-7.824737300836332565e+00
-7.824737300836332565e+00
-7.824737300836332565e+00
-7.824737300836332565e+00
-7.838753395737015239e+00
-7.838753395737015239e+00
-7.838753395737015239e+00
-7.838753395737015239e+00
-7.838753395737015239e+00
-7.838753395737015239e+00
-7.838753395737015239e+00
-7.838753395737015239e+00
-7.838753395737015239e+00
-7.838753395737015239e+00
-7.838753395737015239e+00
-7.838753395737015239e+00
-7.631729939243760974e+00
-7.631729939243760974e+00
-7.631729939243760974e+00
-7.631729939243760974e+00
-7.631729939243760974e+00
-7.631729939243760974e+00
-7.631729939243760974e+00
-7.631729939243760974e+00
-7.631729939243760974e+00
-7.631729939243760974e+00
-7.631729939243760974e+00
-7.631729939243760974e+00
-7.631729939243760974e+00
-7.631729939243760974e+00
-7.617365105886076293e+00
-7.636703906961882282e+00
-7.636703906961882282e+00
-7.636703906961882282e+00
-7.636703906961882282e+00
-7.636703906961882282e+00
-7.491211590301921852e+00
-7.491211590301921852e+00
-7.358608464665895355e+00
-7.508571471584458479e+00
-7.508571471584458479e+00
-7.606293913511199101e+00
-7.606293913511199101e+00
-7.606293913511199101e+00
-7.606293913511199101e+00
-7.606293913511199101e+00
-7.606293913511199101e+00
-7.606293913511199101e+00
-7.606293913511199101e+00
-7.558339868403301409e+00
-7.558339868403301409e+00
-7.558339868403301409e+00
-7.558339868403301409e+00
-7.570791882721005450e+00
-7.570791882721005450e+00
-7.585006735748815565e+00
-7.487333983353856581e+00
-7.487333983353856581e+00
-7.487333983353856581e+00
-7.757433969705555654e+00
-7.757433969705555654e+00
-7.757433969705555654e+00
-7.733801810736865789e+00
-7.733801810736865789e+00
-7.733801810736865789e+00
-7.733801810736865789e+00
-7.733801810736865789e+00
-7.742217120431348576e+00
-8.382309463238396319e+00
-8.348433055111827983e+00
-8.348433055111827983e+00
-8.348433055111827983e+00
-7.522453085642243131e+00
-7.576642027320642292e+00
-7.576642027320642292e+00
-7.576642027320642292e+00
-8.280087611415417825e+00
-7.846141180618315225e+00
-7.846141180618315225e+00
-7.846141180618315225e+00
-7.846141180618315225e+00
-7.452292834367623797e+00
-7.635238293707939938e+00
-7.635238293707939938e+00
-7.635238293707939938e+00
-7.576489767654448038e+00
-7.576489767654448038e+00
-7.576489767654448038e+00
-7.788815872163207032e+00
-7.867548707338409386e+00
-7.867548707338409386e+00
-7.867548707338409386e+00
-7.903372580417027393e+00
-8.269709337281906159e+00
-8.269709337281906159e+00
-8.269709337281906159e+00
-7.806995858653780651e+00
-7.806995858653780651e+00
-8.009939759000992865e+00
-8.009939759000992865e+00
-8.112240019993389950e+00
-7.922174369855774501e+00
-7.922174369855774501e+00
-7.922174369855774501e+00
-7.669022160779904951e+00
-7.372723938630142193e+00
-7.372723938630142193e+00
-7.372723938630142193e+00
-7.372723938630142193e+00
-7.132321881062669178e+00
-7.296965637352908374e+00
-7.297065016416472538e+00
-7.297065016416472538e+00
-7.643313982290701247e+00
-7.398213756699862920e+00
-7.398213756699862920e+00
-7.398213756699862920e+00
-7.398213756699862920e+00
-7.398213756699862920e+00
-7.398213756699862920e+00
-7.398213756699862920e+00
-7.619573782780429738e+00
-7.619573782780429738e+00
-7.587451096018686947e+00
-7.598025393075742429e+00
-7.553643979716254897e+00
-7.553643979716254897e+00
-7.553643979716254897e+00
-7.553643979716254897e+00
-7.495238721712596863e+00
-7.832293756605333890e+00
-7.832293756605333890e+00
-7.816249964114128979e+00
-7.816249964114128979e+00
-7.856988998033804350e+00
-7.856988998033804350e+00
-7.856988998033804350e+00
-7.885133331182125893e+00
-7.885133331182125893e+00
-7.885133331182125893e+00
-7.885133331182125893e+00
-7.980937483661716847e+00
-7.780274743103843704e+00
-7.780274743103843704e+00
-7.780274743103843704e+00
-8.131019016068934846e+00
-8.131019016068934846e+00
-8.131019016068934846e+00
-8.131019016068934846e+00
-8.131019016068934846e+00
-8.131019016068934846e+00
-8.131019016068934846e+00
-7.826869847897589771e+00
-7.826869847897589771e+00
-7.619593840940048324e+00
-7.619593840940048324e+00
-7.619593840940048324e+00
-7.619593840940048324e+00
-7.543613076437955201e+00
-7.543613076437955201e+00
-7.543613076437955201e+00
-7.543613076437955201e+00
-7.543613076437955201e+00
-7.543613076437955201e+00
-7.543613076437955201e+00
-7.543613076437955201e+00
-7.543613076437955201e+00
-7.543613076437955201e+00
-7.543613076437955201e+00
-7.647257234124790415e+00
-7.647257234124790415e+00
-7.647257234124790415e+00
-7.647257234124790415e+00
-7.647257234124790415e+00
-7.631812907085819830e+00
-7.631812907085819830e+00
-7.631812907085819830e+00
-7.494395367274092834e+00
-7.494395367274092834e+00
-7.494395367274092834e+00
-7.368739658742287979e+00
-7.368739658742287979e+00
-7.368739658742287979e+00
-7.368739658742287979e+00
-7.368739658742287979e+00
-7.368739658742287979e+00
-7.368739658742287979e+00
-7.368739658742287979e+00
-7.368739658742287979e+00
-7.368739658742287979e+00
-7.368739658742287979e+00
-7.368739658742287979e+00
-7.368739658742287979e+00
-7.368739658742287979e+00
-7.210013971274030986e+00
-7.210013971274030986e+00
-7.210013971274030986e+00
-6.967001161885306715e+00
-6.967001161885306715e+00
-6.967001161885306715e+00
-6.967001161885306715e+00
-6.967001161885306715e+00
-7.126093822501129438e+00
-7.652008282750787593e+00
-7.652008282750787593e+00
-7.652008282750787593e+00
-7.338524776480621625e+00
-7.209543060390260827e+00
-7.614810881605567516e+00
-7.614810881605567516e+00
-7.614810881605567516e+00
-7.614810881605567516e+00
-7.614810881605567516e+00
-7.614810881605567516e+00
-7.614810881605567516e+00
-7.469045956321701318e+00
-7.469045956321701318e+00
-7.469045956321701318e+00
-7.469045956321701318e+00
-7.469045956321701318e+00
-7.469045956321701318e+00
-7.469045956321701318e+00
-7.469045956321701318e+00
-7.152724676332783638e+00
-7.152724676332783638e+00
-7.630808631503103179e+00
-7.630808631503103179e+00
-7.613085424011113211e+00
-7.613085424011113211e+00
-7.613085424011113211e+00
-7.613085424011113211e+00
-7.493577541402374642e+00
-7.493577541402374642e+00
-7.493577541402374642e+00
-7.493577541402374642e+00
-7.956604200840907914e+00
-7.956604200840907914e+00
-7.230915029463758081e+00
-7.532261069828419586e+00
-7.532261069828419586e+00
-7.532261069828419586e+00
-7.556774420218530963e+00
-7.697130024547102600e+00
-7.697130024547102600e+00
-7.697130024547102600e+00
-7.697130024547102600e+00
-7.697130024547102600e+00
-7.393670127679011550e+00
-7.393670127679011550e+00
-7.393670127679011550e+00
-7.393670127679011550e+00
-7.393670127679011550e+00
-7.288787834502998386e+00
-7.288787834502998386e+00
-7.672583395846714893e+00
-7.720509633051505283e+00
-7.911091324932032265e+00
-7.911091324932032265e+00
-7.592319302531546299e+00
-7.533515616539102844e+00
-7.533515616539102844e+00
-7.533515616539102844e+00
-7.533515616539102844e+00
-7.329267024082161797e+00
-7.329267024082161797e+00
-7.329267024082161797e+00
-7.329267024082161797e+00
-7.329267024082161797e+00
-7.329267024082161797e+00
-7.329267024082161797e+00
-7.276046344472618443e+00
-7.286181641354387395e+00
-7.762842378926322340e+00
-7.180044801467690974e+00
-7.180044801467690974e+00
-7.180044801467690974e+00
-7.180044801467690974e+00
-7.180044801467690974e+00
-7.586433600285312551e+00
-7.670031450902526693e+00
-7.670031450902526693e+00
-7.670031450902526693e+00
-7.670031450902526693e+00
-7.670031450902526693e+00
-7.670031450902526693e+00
-7.670031450902526693e+00
-7.670031450902526693e+00
-7.670031450902526693e+00
-7.210367268403675034e+00
-7.210367268403675034e+00
-7.692148307085492576e+00
-7.692148307085492576e+00
-7.371519537318504511e+00
-7.371519537318504511e+00
-7.371519537318504511e+00
-7.468961620877850649e+00
-7.370117289614266376e+00
-7.370117289614266376e+00
-7.370117289614266376e+00
-7.368066342793276213e+00
-7.368066342793276213e+00
-7.368066342793276213e+00
-7.368066342793276213e+00
-7.368066342793276213e+00
-7.368066342793276213e+00
-7.368066342793276213e+00
-7.368066342793276213e+00
-7.598809484769919464e+00
-7.598809484769919464e+00
-7.598809484769919464e+00
-7.598809484769919464e+00
-7.598809484769919464e+00
-7.598809484769919464e+00
-7.598809484769919464e+00
-7.598809484769919464e+00
-7.598809484769919464e+00
-7.598809484769919464e+00
-7.451689721977277081e+00
-7.451689721977277081e+00
-7.683402037757304015e+00
-7.683402037757304015e+00
-7.683402037757304015e+00
-7.683402037757304015e+00
-7.683402037757304015e+00
-7.683402037757304015e+00
-7.683402037757304015e+00
-7.683402037757304015e+00
-7.683402037757304015e+00
-7.930586032612145786e+00
-7.930586032612145786e+00
-7.930586032612145786e+00
-7.930586032612145786e+00
-7.635654500520023369e+00
-7.635654500520023369e+00
-7.635654500520023369e+00
-7.635654500520023369e+00
-7.271127992560712627e+00
-7.271127992560712627e+00
-7.271127992560712627e+00
-7.271127992560712627e+00
-7.271127992560712627e+00
-7.271127992560712627e+00
-7.410752841665001256e+00
-7.873270753236846886e+00
-7.873270753236846886e+00
-7.873270753236846886e+00
-7.873270753236846886e+00
-7.873270753236846886e+00
-7.873270753236846886e+00
-7.616692245804328465e+00
-7.460665748406550613e+00
-7.460665748406550613e+00
-7.460665748406550613e+00
-7.460665748406550613e+00
-7.386640654467259814e+00
-7.560799728160150224e+00
-7.560799728160150224e+00
-7.488299510219128763e+00
-7.488299510219128763e+00
-7.488299510219128763e+00
-8.003488325480065058e+00
-8.003488325480065058e+00
-7.990553547729724926e+00
-7.990553547729724926e+00
-7.990553547729724926e+00
-7.990553547729724926e+00
-7.990553547729724926e+00
-7.769280136429328465e+00
-7.769280136429328465e+00
-7.769280136429328465e+00
-7.769280136429328465e+00
-7.769280136429328465e+00
-7.636965574771449994e+00
-7.636965574771449994e+00
-7.636965574771449994e+00
-7.848415046531428629e+00
-7.571233162232611669e+00
-7.946971725551393639e+00
-7.946971725551393639e+00
-7.946971725551393639e+00
-7.946971725551393639e+00
-8.360250046330701679e+00
-7.843036724550089822e+00
-7.843036724550089822e+00
-7.843036724550089822e+00
-7.843036724550089822e+00
-7.843036724550089822e+00
-7.843036724550089822e+00
-7.843036724550089822e+00
-8.019327889436972612e+00
-8.019327889436972612e+00
-7.774206238084722997e+00
-7.665143642097312693e+00
-7.665143642097312693e+00
-7.433298668943445264e+00
-7.433298668943445264e+00
-7.433298668943445264e+00
-7.433298668943445264e+00
-7.433298668943445264e+00
-7.433298668943445264e+00
-7.433298668943445264e+00
-7.433298668943445264e+00
-7.433298668943445264e+00
-7.433298668943445264e+00
-7.550623859091880163e+00
-7.791103414094242119e+00
-7.791103414094242119e+00
-7.791103414094242119e+00
-7.791103414094242119e+00
-8.445976797071059750e+00
-8.445976797071059750e+00
-8.445976797071059750e+00
-8.358002620718902875e+00
-8.358002620718902875e+00
-8.481892755337016254e+00
-7.549429486860052663e+00
-7.549429486860052663e+00
-7.549429486860052663e+00
-7.143858058046883563e+00
-7.207080009562562672e+00
-7.207080009562562672e+00
-7.207080009562562672e+00
-7.207080009562562672e+00
-7.207080009562562672e+00
-7.207080009562562672e+00
-7.207080009562562672e+00
-8.203498264115809846e+00
-8.203498264115809846e+00
-8.046067239677473282e+00
-7.887385315466564961e+00
-8.154987605078497737e+00
-8.154987605078497737e+00
-8.154987605078497737e+00
-8.154987605078497737e+00
-8.154987605078497737e+00
-8.154987605078497737e+00
-8.154987605078497737e+00
-8.154987605078497737e+00
-8.154987605078497737e+00
-8.154987605078497737e+00
-8.154987605078497737e+00
-8.154987605078497737e+00
-8.154987605078497737e+00
-8.154987605078497737e+00
-8.154987605078497737e+00
-8.154987605078497737e+00
-8.154987605078497737e+00
-7.482959936955234426e+00
-7.737144229516927929e+00
-7.852125806060849200e+00
-7.852125806060849200e+00
-7.614480833706390506e+00
-7.614480833706390506e+00
-7.614480833706390506e+00
-7.848124203216960915e+00
-7.848124203216960915e+00
-7.848124203216960915e+00
-7.848124203216960915e+00
-7.733131685858702475e+00
-7.733131685858702475e+00
-7.733131685858702475e+00
-7.128703206720588881e+00
-7.128703206720588881e+00
-7.128703206720588881e+00
-7.128703206720588881e+00
-7.128703206720588881e+00
-7.128703206720588881e+00
-7.189560574737607013e+00
-7.152499477904339820e+00
-7.186688155106786269e+00
-6.854861917732778309e+00
-6.844067892654448038e+00
-6.844067892654448038e+00
-6.865927183833222536e+00
-6.865927183833222536e+00
-6.980953891236285180e+00
-8.149786159595613810e+00
-8.149786159595613810e+00
-8.149786159595613810e+00
-8.149786159595613810e+00
-8.149786159595613810e+00
-8.149786159595613810e+00
-8.149786159595613810e+00
-8.165133386907340807e+00
-8.165133386907340807e+00
-8.165133386907340807e+00
-7.434404147058781831e+00
-7.939534707005575065e+00
-7.901806220497729072e+00
-7.817946702070947218e+00
-7.817946702070947218e+00
-7.817946702070947218e+00
-7.817946702070947218e+00
-7.817946702070947218e+00
-7.817946702070947218e+00
-7.817946702070947218e+00
-7.817946702070947218e+00
-7.817946702070947218e+00
-7.817946702070947218e+00
-7.817946702070947218e+00
-7.817946702070947218e+00
-7.817946702070947218e+00
-7.817946702070947218e+00
-7.658921965677468968e+00
-7.502570890787682245e+00
-7.502570890787682245e+00
-7.502570890787682245e+00
-7.502570890787682245e+00
-7.502570890787682245e+00
-7.502570890787682245e+00
-7.502570890787682245e+00
-7.502570890787682245e+00
-7.502570890787682245e+00
-7.502570890787682245e+00
-7.502570890787682245e+00
-7.502570890787682245e+00
-7.588478164964605810e+00
-7.296023359718103229e+00
-7.296023359718103229e+00
-7.356645956094132188e+00
-7.356645956094132188e+00
-7.356645956094132188e+00
-7.356645956094132188e+00
-7.356645956094132188e+00
-7.356645956094132188e+00
-7.356645956094132188e+00
-7.356645956094132188e+00
-7.356645956094132188e+00
-7.356645956094132188e+00
-7.087676520557293358e+00
-7.279292575259964870e+00
-7.279292575259964870e+00
-7.279292575259964870e+00
-7.279292575259964870e+00
-7.279292575259964870e+00
-7.130590041326518858e+00
-7.130590041326518858e+00
-7.458844102819380595e+00
-7.458844102819380595e+00
-7.374193654689459976e+00
-7.374193654689459976e+00
-7.374193654689459976e+00
-7.374193654689459976e+00
-7.327557521841949750e+00
-7.327557521841949750e+00
-7.327557521841949750e+00
-6.868091185735698545e+00
-6.868091185735698545e+00
-7.492013004952132960e+00
-7.492013004952132960e+00
-7.492013004952132960e+00
-7.492013004952132960e+00
-6.905187384348297819e+00
-6.905187384348297819e+00
-6.905187384348297819e+00
-7.791393345674182846e+00
-7.371696869684222442e+00
-7.371696869684222442e+00
-7.371696869684222442e+00
-7.371696869684222442e+00
-7.245410696726227506e+00
-7.245410696726227506e+00
-7.245410696726227506e+00
-7.245410696726227506e+00
-7.493618569456140577e+00
-7.493618569456140577e+00
-7.493618569456140577e+00
-7.809844117319606482e+00
-7.809844117319606482e+00
-7.809844117319606482e+00
-7.809844117319606482e+00
-7.809844117319606482e+00
-7.809844117319606482e+00
-7.809844117319606482e+00
-7.625850619139224129e+00
-7.625850619139224129e+00
-7.625850619139224129e+00
-7.625850619139224129e+00
-7.625850619139224129e+00
-7.854466228594515265e+00
-7.854466228594515265e+00
-7.810510595259656519e+00
-7.749366942600811825e+00
-7.749366942600811825e+00
-7.749366942600811825e+00
-7.749366942600811825e+00
-7.504635969493858028e+00
-7.504635969493858028e+00
-7.504635969493858028e+00
-7.504635969493858028e+00
-7.504635969493858028e+00
-7.504635969493858028e+00
-7.359226620675956454e+00
-7.359226620675956454e+00
-7.359226620675956454e+00
-7.359226620675956454e+00
-7.359226620675956454e+00
-7.359226620675956454e+00
-7.359226620675956454e+00
-7.359226620675956454e+00
-7.359226620675956454e+00
-7.359226620675956454e+00
-7.359226620675956454e+00
-7.359226620675956454e+00
-7.359226620675956454e+00
-7.359226620675956454e+00
-7.359226620675956454e+00
-7.359226620675956454e+00
-7.359226620675956454e+00
-7.359226620675956454e+00
-7.359226620675956454e+00
-7.255685033123533856e+00
-7.255685033123533856e+00
-7.255685033123533856e+00
-7.255685033123533856e+00
-7.255685033123533856e+00
-7.255685033123533856e+00
-7.255685033123533856e+00
-7.255685033123533856e+00
-7.255685033123533856e+00
-7.174269419099358558e+00
-7.569288888351410449e+00
-7.569288888351410449e+00
-7.569288888351410449e+00
-7.569288888351410449e+00
-7.905674710100512925e+00
-7.905674710100512925e+00
-7.905674710100512925e+00
-7.905674710100512925e+00
-7.905674710100512925e+00
-7.905674710100512925e+00
-7.905674710100512925e+00
-7.905674710100512925e+00
-7.795799758648552569e+00
-7.795799758648552569e+00
-7.795799758648552569e+00
-7.274928557941152008e+00
-7.274928557941152008e+00
-7.274928557941152008e+00
-7.274928557941152008e+00
-7.274928557941152008e+00
-7.274928557941152008e+00
-7.274928557941152008e+00
-7.274928557941152008e+00
-7.274928557941152008e+00
-7.110057779753413243e+00
-6.916929613335866200e+00
-6.916929613335866200e+00
-6.916929613335866200e+00
-6.916929613335866200e+00
-6.904146639384457274e+00
-6.904146639384457274e+00
-6.941835009573066095e+00
-6.941835009573066095e+00
-6.941835009573066095e+00
-6.941835009573066095e+00
-6.941835009573066095e+00
-7.493490926622204285e+00
-7.493490926622204285e+00
-7.493490926622204285e+00
-7.493490926622204285e+00
-7.493490926622204285e+00
-7.493490926622204285e+00
-7.493490926622204285e+00
-7.493490926622204285e+00
-7.493490926622204285e+00
-7.493490926622204285e+00
-7.087023262767901066e+00
-7.417801005434578876e+00
-7.417801005434578876e+00
-7.426601067099926290e+00
-7.354382575128092014e+00
-7.459931802111419152e+00
-7.459931802111419152e+00
-7.459931802111419152e+00
-7.459931802111419152e+00
-7.459931802111419152e+00
-7.459931802111419152e+00
-7.153237527004846719e+00
-7.153237527004846719e+00
-7.153237527004846719e+00
-7.153237527004846719e+00
-7.153237527004846719e+00
-7.222002368584189647e+00
-7.222002368584189647e+00
-7.222002368584189647e+00
-7.402974834405668503e+00
-7.170285139211504344e+00
-6.949458021962619192e+00
-6.949458021962619192e+00
-6.949458021962619192e+00
-6.949458021962619192e+00
-6.949458021962619192e+00
-6.949458021962619192e+00
-7.431810718193564647e+00
-7.431810718193564647e+00
-7.431810718193564647e+00
-7.420500195505058016e+00
-7.420500195505058016e+00
-7.420500195505058016e+00
-7.420500195505058016e+00
-7.420500195505058016e+00
-7.420500195505058016e+00
-7.420500195505058016e+00
-7.426079554949845729e+00
-7.451171400898044972e+00
-7.451171400898044972e+00
-7.451171400898044972e+00
-7.451171400898044972e+00
-7.451171400898044972e+00
-7.451171400898044972e+00
-7.451171400898044972e+00
-7.218748843920617553e+00
-7.218748843920617553e+00
-7.218748843920617553e+00
-7.099383191898265721e+00
-7.099383191898265721e+00
-7.099383191898265721e+00
-7.128165283349002124e+00
-7.128165283349002124e+00
-7.128165283349002124e+00
-7.503546902600027657e+00
-7.503546902600027657e+00
-7.503546902600027657e+00
-7.503546902600027657e+00
-7.503546902600027657e+00
-7.503546902600027657e+00
-7.252395039078837868e+00
-7.683995576935105376e+00
-7.683995576935105376e+00
-7.683995576935105376e+00
-7.683995576935105376e+00
-7.683995576935105376e+00
-7.554383396418554497e+00
-7.554383396418554497e+00
-7.578212490045316940e+00
-7.578212490045316940e+00
-7.578212490045316940e+00
-7.578212490045316940e+00
-7.578212490045316940e+00
-7.578212490045316940e+00
-7.578212490045316940e+00
-7.578212490045316940e+00
-7.578212490045316940e+00
-7.578212490045316940e+00
-8.089165842555903652e+00
-8.047639981738466730e+00
-8.047639981738466730e+00
-8.047639981738466730e+00
-7.855124500923812647e+00
-7.871568544872859619e+00
-7.871568544872859619e+00
-7.871568544872859619e+00
-7.706614798843061998e+00
-7.706614798843061998e+00
-7.706614798843061998e+00
-7.706614798843061998e+00
-7.737699475844548758e+00
-7.692734552387069158e+00
-7.692734552387069158e+00
-7.692734552387069158e+00
-7.414895307493482690e+00
-7.414895307493482690e+00
-7.796625790131023415e+00
-7.796625790131023415e+00
-7.796625790131023415e+00
-7.796625790131023415e+00
-7.796625790131023415e+00
-7.796625790131023415e+00
-7.796625790131023415e+00
-7.796625790131023415e+00
-7.796625790131023415e+00
-7.796625790131023415e+00
-7.810367452938742794e+00
-7.810367452938742794e+00
-7.810367452938742794e+00
-7.810367452938742794e+00
-7.810367452938742794e+00
-7.810367452938742794e+00
-7.810367452938742794e+00
-7.810367452938742794e+00
-7.810367452938742794e+00
-7.810367452938742794e+00
-7.676768257330754075e+00
-7.676768257330754075e+00
-7.676768257330754075e+00
-7.676768257330754075e+00
-7.676768257330754075e+00
-7.652934605031350479e+00
-7.652934605031350479e+00
-7.652934605031350479e+00
-7.659717909920511936e+00
-7.659717909920511936e+00
-7.659717909920511936e+00
-7.659717909920511936e+00
-7.659717909920511936e+00
-7.659717909920511936e+00
-7.173564192441863163e+00
-7.173564192441863163e+00
-7.173564192441863163e+00
-7.173564192441863163e+00
-7.173564192441863163e+00
-7.173564192441863163e+00
-7.290040557744625893e+00
-7.290040557744625893e+00
-7.290040557744625893e+00
-7.149999045960989008e+00
-7.149999045960989008e+00
-6.851312991082098236e+00
-7.130664803557824172e+00
-7.130664803557824172e+00
-7.130664803557824172e+00
-7.130664803557824172e+00
-6.746076033174649211e+00
-6.746076033174649211e+00
-7.045414889975669226e+00
-6.810973752753000099e+00
-6.810973752753000099e+00
-6.810973752753000099e+00
-6.810973752753000099e+00
-6.916965170982462219e+00
-6.916965170982462219e+00
-6.916965170982462219e+00
-7.180198428735677929e+00
-7.180198428735677929e+00
-7.240164120384201318e+00
-7.240164120384201318e+00
-7.240164120384201318e+00
-7.240164120384201318e+00
-7.395284353661034871e+00
-7.281064075448088424e+00
-7.281064075448088424e+00
-7.281064075448088424e+00
-7.864520836970545936e+00
-7.864520836970545936e+00
-7.045566693774600431e+00
-7.045566693774600431e+00
-7.045566693774600431e+00
-7.045566693774600431e+00
-7.045566693774600431e+00
-7.045566693774600431e+00
-7.260083240487150924e+00
-7.673087585040761383e+00
-7.673087585040761383e+00
-7.673087585040761383e+00
-7.673087585040761383e+00
-7.797903130204909772e+00
-7.797903130204909772e+00
-7.797903130204909772e+00
-7.742466023957523369e+00
-8.005010922142012930e+00
-8.005010922142012930e+00
-8.005010922142012930e+00
-8.005010922142012930e+00
-8.005010922142012930e+00
-8.005010922142012930e+00
-8.005010922142012930e+00
-8.005010922142012930e+00
-8.005010922142012930e+00
-8.005010922142012930e+00
-8.005010922142012930e+00
-8.005010922142012930e+00
-8.005010922142012930e+00
-8.005010922142012930e+00
-7.097117987463168021e+00
-7.097117987463168021e+00
-7.201062105809753255e+00
-7.201062105809753255e+00
-7.201062105809753255e+00
-7.496578971468923491e+00
-7.361791785770802399e+00
-7.703024388271352940e+00
-7.703024388271352940e+00
-7.703024388271352940e+00
-7.703024388271352940e+00
-7.703024388271352940e+00
-7.703024388271352940e+00
-7.703024388271352940e+00
-7.703024388271352940e+00
-7.692266832574147450e+00
-7.692266832574147450e+00
-7.692266832574147450e+00
-7.692266832574147450e+00
-7.692266832574147450e+00
-7.692266832574147450e+00
-7.692266832574147450e+00
-7.692266832574147450e+00
-7.692266832574147450e+00
-7.692266832574147450e+00
-7.692266832574147450e+00
-7.692266832574147450e+00
-8.541769097001784772e+00
-8.127074852500317803e+00
-8.127074852500317803e+00
-8.127074852500317803e+00
-8.127074852500317803e+00
-8.066774554279975362e+00
-8.066774554279975362e+00
-8.066774554279975362e+00
-8.066774554279975362e+00
-8.066774554279975362e+00
-8.066774554279975362e+00
-8.066774554279975362e+00
-8.066774554279975362e+00
-7.857252489312428700e+00
-7.857252489312428700e+00
-7.830328968697250147e+00
-7.830328968697250147e+00
-7.830328968697250147e+00
-7.830328968697250147e+00
-7.830328968697250147e+00
-7.830328968697250147e+00
-7.830328968697250147e+00
-7.830328968697250147e+00
-7.830328968697250147e+00
-7.830328968697250147e+00
-7.830328968697250147e+00
-7.830328968697250147e+00
-7.830328968697250147e+00
-7.830328968697250147e+00
-7.830328968697250147e+00
-7.830328968697250147e+00
-7.830328968697250147e+00
-7.830328968697250147e+00
-7.830328968697250147e+00
-7.967074560161758079e+00
-7.967074560161758079e+00
-7.967074560161758079e+00
-7.967074560161758079e+00
-7.967074560161758079e+00
-7.672206849486603808e+00
-7.672206849486603808e+00
-7.683250689825637636e+00
-7.683250689825637636e+00
-7.922776114644329404e+00
-7.922776114644329404e+00
-7.922776114644329404e+00
-7.922776114644329404e+00
-7.922776114644329404e+00
-7.922776114644329404e+00
-7.664867386535293647e+00
-7.664867386535293647e+00
-7.664867386535293647e+00
-7.782295146818142051e+00
-7.782295146818142051e+00
-8.514768990686244265e+00
-8.514768990686244265e+00
-8.327984673115308212e+00
-8.327984673115308212e+00
-8.327984673115308212e+00
-8.327984673115308212e+00
-8.217587297778740307e+00
-8.217587297778740307e+00
-8.217587297778740307e+00
-7.455018008872153601e+00
-7.455018008872153601e+00
-7.455018008872153601e+00
-7.431755102387349154e+00
-7.431755102387349154e+00
-7.431755102387349154e+00
-7.431755102387349154e+00
-7.826583563255761433e+00
-7.891024047968263844e+00
-7.891024047968263844e+00
-7.891024047968263844e+00
-7.891024047968263844e+00
-7.891024047968263844e+00
-7.891024047968263844e+00
-7.891024047968263844e+00
-7.891024047968263844e+00
-7.891024047968263844e+00
-7.891024047968263844e+00
-7.891024047968263844e+00
-7.891024047968263844e+00
-7.831878005660514397e+00
-7.773929982522704840e+00
-7.773929982522704840e+00
-7.675216485163905311e+00
-7.172230324827234327e+00
-7.172230324827234327e+00
-7.172230324827234327e+00
-7.172230324827234327e+00
-7.524238261848289255e+00
-7.524238261848289255e+00
-7.820336358269130983e+00
-7.820336358269130983e+00
-7.820336358269130983e+00
-7.820336358269130983e+00
-7.820336358269130983e+00
-7.820336358269130983e+00
-7.339059508781359931e+00
-7.339059508781359931e+00
-7.339059508781359931e+00
-7.113418433224037329e+00
-7.113418433224037329e+00
-7.113418433224037329e+00
-7.113418433224037329e+00
-7.113418433224037329e+00
-7.113418433224037329e+00
-7.113418433224037329e+00
-7.113418433224037329e+00
-7.126377371939372374e+00
-7.413665833482322221e+00
-7.387070081430000990e+00
-7.276824965759627339e+00
-7.276824965759627339e+00
-7.276824965759627339e+00
-7.176361849841378593e+00
-7.176361849841378593e+00
-7.176361849841378593e+00
-7.353217834268427566e+00
-7.353217834268427566e+00
-7.353217834268427566e+00
-7.362860338637751134e+00
-7.362860338637751134e+00
-7.497113247902397859e+00
-7.497113247902397859e+00
-7.497113247902397859e+00
-7.497113247902397859e+00
-7.380762246097250845e+00
-7.380762246097250845e+00
-7.074496030351627773e+00
-7.074496030351627773e+00
-7.074496030351627773e+00
-7.074496030351627773e+00
-7.074496030351627773e+00
-7.548719245662652177e+00
-7.548719245662652177e+00
-7.548719245662652177e+00
-7.548719245662652177e+00
-7.548719245662652177e+00
-7.548719245662652177e+00
-7.548719245662652177e+00
-7.548719245662652177e+00
