# Variable: dg_gbsa_00000436
# Sample shape: (2000,)
# Date: 2014-03-03 06:24:05.427609
-4.456172310827338778e-01
-4.456172310827338778e-01
-5.909555500825549590e-01
-5.971106698818461345e-01
-5.971106698818461345e-01
-5.971106698818461345e-01
-6.232906140059403244e-01
-6.475615569783897962e-01
-7.471447351101935253e-01
-7.471447351101935253e-01
-5.934144981048758982e-01
-5.934144981048758982e-01
-5.498498279323541515e-01
-5.498498279323541515e-01
-6.076653646465468572e-01
-6.076653646465468572e-01
-6.680815101353660967e-01
-6.680815101353660967e-01
-6.680815101353660967e-01
-5.416815413115813049e-01
-6.927108217607720331e-01
-5.845689636799390465e-01
-5.845689636799390465e-01
-6.729738776132208056e-01
-6.729726239782446440e-01
-5.400463454354105242e-01
-5.400463454354105242e-01
-4.614628352808906597e-01
-4.614628352808906597e-01
-4.947323986038879018e-01
-5.758216686504065152e-01
-5.758216686504065152e-01
-6.580273006431914817e-01
-6.218283057896629717e-01
-8.852506914740537747e-01
-8.894970950387403041e-01
-8.891694974261077355e-01
-8.891694974261077355e-01
-7.308622961062545276e-01
-8.550076594088318327e-01
-8.178671277048026322e-01
-6.808187833935535060e-01
-6.808187833935535060e-01
-1.625513967774794011e-01
-1.625513967774794011e-01
-7.048094249820161528e-01
-7.344040428475256954e-01
-8.969708678827230663e-01
-9.037826644758877315e-01
-9.800175179942843817e-01
-5.700973434156486608e-01
-7.692813645357383656e-01
-6.250008000470483882e-01
-1.929153903720483565e-01
-1.623114111546576366e-01
-1.623114111546576366e-01
-5.932810785779533275e-02
-5.321237712699641298e-01
-2.718295467515292607e-01
-4.319779104757947019e-01
-5.443970856201579833e-01
-6.927749280947799182e-01
-9.500490889722484900e-01
-9.531250533364697963e-01
-7.227146944625882918e-01
-7.220951138673274983e-01
-6.944215206525521378e-01
-6.944215206525521378e-01
-6.835134147913916047e-01
-6.835134147913916047e-01
-6.766735253780794546e-01
-6.775813280510400993e-01
-6.775813280510400993e-01
-8.816762362565866429e-01
-8.816762362565866429e-01
-9.669188559625161439e-01
-8.607507891682320000e-01
-4.272578893154574398e-01
-4.031111986641673917e-01
-5.874510704901204639e-01
-5.874510704901204639e-01
-4.623092668234276004e-01
-4.623092668234276004e-01
-6.560732825992211525e-01
-9.341840534319613143e-01
-9.342049663426998940e-01
-5.830342295520847262e-01
-8.248598466183897360e-01
-6.993257406792722231e-01
-5.047674046875642029e-01
-8.975186493838950286e-01
-8.345042884235855940e-01
-9.408528216710281278e-01
-9.408528216710281278e-01
-9.408528216710281278e-01
-9.408528216710281278e-01
-5.074630048033383911e-01
-5.074630048033383911e-01
-5.074630048033383911e-01
-5.074630048033383911e-01
-7.067208764202052018e-01
-8.876861623322758188e-01
-8.938377491602705893e-01
-1.001996588296689694e+00
-1.043147954156704138e+00
-1.042550768040790166e+00
-1.042550768040790166e+00
-1.066447330022633144e+00
-1.066451660761641662e+00
-1.066451660761641662e+00
-1.066371883990431702e+00
-1.066588079040410530e+00
-1.023135039364174714e+00
-7.388766135585923545e-01
-7.388807163639687925e-01
-7.534696654653457726e-01
-7.466620856443736409e-01
-7.466620856443736409e-01
-5.881678647794412740e-01
-9.407940147939648501e-01
-7.762998969331526000e-01
-6.295201541360887498e-01
-4.982160222689918094e-01
-6.942364385433451579e-01
-7.981255109177948226e-01
-9.559614024700214818e-01
-9.559614024700214818e-01
-9.559614024700214818e-01
-9.271663757856670740e-01
-1.005865875667185438e+00
-1.030510059962081115e+00
-9.384336480674961845e-01
-8.588959222541939775e-01
-8.588959222541939775e-01
-8.588959222541939775e-01
-8.588959222541939775e-01
-9.836586437991198251e-01
-4.531426024026670163e-01
-5.999608090001355976e-01
-5.496819548123652588e-01
-6.954297280904211398e-01
-8.141411536054447007e-01
-5.712228227071962650e-01
-9.728418253575865648e-01
-9.728418253575865648e-01
-9.728418253575865648e-01
-9.728418253575865648e-01
-3.401847915941169087e-01
-3.401847915941169087e-01
-3.401847915941169087e-01
-3.401847915941169087e-01
-1.035053461049300516e+00
-1.035053461049300516e+00
-1.011267560845807267e+00
-8.676098250066344164e-01
-1.063667451446416390e+00
-1.091372214585371703e+00
-1.084087227772116302e+00
-8.968008293932300257e-01
-1.071405570320143941e+00
-1.071338443865511580e+00
-1.071380383653804724e+00
-6.810761774475213581e-01
-6.810761774475213581e-01
-5.881218221857715811e-01
-6.095435377744597982e-01
-6.095435377744597982e-01
-6.128669810796558703e-01
-6.128669810796558703e-01
-8.235413645239222369e-01
-9.593940829683671456e-01
-9.593940829683671456e-01
-9.537070818658539562e-01
-9.537070818658539562e-01
-9.537070818658539562e-01
-9.537070818658539562e-01
-6.076316874524146927e-01
-6.076316874524146927e-01
-7.068598589523343856e-01
-7.068274353931783827e-01
-3.948636766145607324e-01
-2.217323841601895051e-01
-2.311352590529913986e-01
-2.311352590529913986e-01
-7.692356068591086338e-01
-8.750726000528717963e-01
-8.750726000528717963e-01
-8.750726000528717963e-01
-5.982356933061296900e-01
-1.604788817365584153e-01
-1.619603363779261174e-01
-1.619603363779261174e-01
-6.446317550557064679e-01
-9.464526381592904825e-01
-9.464461420507777056e-01
-9.353336367050958389e-01
-8.928338154780021130e-01
-6.332033906794414246e-01
-6.332033906794414246e-01
-6.332033906794414246e-01
-7.013741802303102846e-01
-5.644616273803418904e-01
-7.926091181388548179e-01
-7.926091181388548179e-01
-7.921681805276961086e-01
-8.067721732487869168e-01
-1.029582825946990132e+00
-1.030965585325689604e+00
-1.019022318874672761e+00
-1.048297316804670531e+00
-1.048297316804670531e+00
-1.048281703350876670e+00
-1.040499023452087668e+00
-1.035438440953796224e+00
-1.035438440953796224e+00
-2.379204301487647111e-01
-2.379204301487647111e-01
-2.388977383336418903e-01
-8.698632908596818369e-01
-1.021772452111909812e+00
-1.021772452111909812e+00
-4.371411485836109168e-01
-4.371411485836109168e-01
-2.251263729244983303e-01
-6.496417932710957244e-01
-6.496417932710957244e-01
-9.584229717291107287e-01
-8.512840786126101289e-01
-9.330780624659521516e-01
-9.330780624659521516e-01
-6.951200802513107790e-01
-4.795724187708721442e-01
-5.552655310293456159e-01
-5.552655310293456159e-01
-5.552655310293456159e-01
-7.374011421750653605e-01
-7.374011421750653605e-01
-7.374011421750653605e-01
-2.900121544788717975e-01
-6.113329877361056708e-01
-6.113329877361056708e-01
-8.471519837643858297e-01
-6.699907392206428947e-01
-7.799662663877351410e-01
-3.718553150133238616e-01
-4.254822008468452377e-01
-2.047039753620300828e-01
-2.047040750829940969e-01
-2.047040750829940969e-01
-9.943345422726515559e-02
-1.860294868567705373e-01
-9.304301574626797633e-01
-8.091536238362182498e-01
-8.871064131392119023e-01
-8.875496300866908550e-01
-9.262666647566435429e-01
-9.262625049678590017e-01
-9.434461365694296608e-01
-9.036269288218043982e-01
-6.414312249615816697e-01
-5.604808234803763112e-01
-7.019725060143844342e-01
-7.014077434576263537e-01
-6.687352237920232145e-01
-6.145269077549017078e-01
-6.145269077549017078e-01
-6.145269077549017078e-01
-1.725473122432628348e-01
-5.438406426409689853e-01
-5.435414797489319660e-01
-5.435414797489319660e-01
-5.435414797489319660e-01
-6.213781368664071936e-01
-8.279929083574342208e-01
-8.279929083574342208e-01
-9.940040954896185443e-01
-9.940045513568827040e-01
-8.246690091849741000e-01
-8.246690091849741000e-01
-9.151699438149796251e-01
-9.151699438149796251e-01
-9.338859732246762579e-01
-9.338859732246762579e-01
-8.444855591535112005e-01
-8.436726338548823367e-01
-8.686429341938025628e-01
-8.528432016390914416e-01
-8.528432016390914416e-01
-8.528432016390914416e-01
-1.064933736739149372e+00
-1.064933736739149372e+00
-1.069114609384627768e+00
-1.068964059220673279e+00
-1.069952151515515704e+00
-1.060318536557841140e+00
-6.887314424460065920e-01
-1.063263553050462384e+00
-1.063263553050462384e+00
-1.143841510976933540e+00
-1.143759226935771256e+00
-9.232945241618110144e-01
-9.232945241618110144e-01
-9.270329776275225697e-01
-6.006627876033746594e-01
-5.915169506182406112e-01
-3.752522099314410386e-01
-3.752522099314410386e-01
-3.223157635610372496e-01
-3.223157635610372496e-01
-3.223157635610372496e-01
-1.161105104545790134e-01
-4.603267855671577813e-01
-9.075112598120139706e-01
-9.001551577055658671e-01
-9.557244654595281608e-01
-7.323084210346578748e-01
-8.334247947422996905e-01
-7.968976894254665710e-01
-8.354481615938146311e-01
-8.353376137822808856e-01
-7.628224661883614699e-01
-6.645432393819834527e-01
-6.645432393819834527e-01
-6.645432393819834527e-01
-3.840029524571580977e-01
-3.840029524571580977e-01
-9.088231318311527085e-01
-1.123816629668722644e+00
-1.123816629668722644e+00
-1.050612552671997602e+00
-4.607339320173682862e-01
-1.039577145877349285e+00
-1.039577145877349285e+00
-1.039577145877349285e+00
-5.485178977535969391e-01
-6.074017024176981971e-01
-8.645729512603058664e-01
-1.041647922924326064e+00
-1.042180261921928253e+00
-1.256528365680410042e+00
-6.121418672127659777e-01
-6.687409221328238784e-01
-4.473147098238563490e-01
-4.904952833347064889e-01
-4.904952833347064889e-01
-5.280229033293276641e-01
-4.691635730389654979e-01
-1.034086908482684697e+00
-1.042449565508169584e+00
-1.113269570680694764e+00
-1.113269570680694764e+00
-1.116145751216443438e+00
-1.116175724489055110e+00
-1.148288154237356862e+00
-1.154109921099806702e+00
-8.459212561182491985e-01
-8.510224108030417511e-01
-1.267288200713936108e+00
-1.289305791800154255e+00
-1.307155730391551529e+00
-1.347176089569441793e+00
-1.859123859533160228e-01
-1.197526149494470227e+00
-1.197526149494470227e+00
-1.197526149494470227e+00
-1.197777674257413327e+00
-1.197777674257413327e+00
-1.197777674257413327e+00
-4.448381254367572701e-01
-7.456248166684210643e-01
-7.456248166684210643e-01
-1.199552593450017302e+00
-9.163628914616075427e-01
-9.163628914616075427e-01
-5.754083679921312422e-01
-5.754083679921312422e-01
-1.074677215707461553e+00
-1.074677215707461553e+00
-1.163490871626377876e+00
-1.132843485297937880e+00
-1.129161559372969359e+00
-1.131427561575778284e+00
-1.131427561575778284e+00
-1.124352045770357078e+00
-1.207751480160889956e+00
-1.207751480160889956e+00
-1.266838487657944379e+00
-1.266838487657944379e+00
-1.173014850507046791e+00
-1.208997707294004575e+00
-1.265127845749572266e+00
-8.228106092996396725e-01
-8.228106092996396725e-01
-9.827402991956779577e-01
-9.827402991956779577e-01
-9.783150816966652563e-01
-7.298714686078277003e-01
-8.805057970561215308e-01
-8.801131813749527577e-01
-7.903198667055789661e-01
-7.903198667055789661e-01
-2.968433539224628048e-01
-2.968433539224628048e-01
-2.968433539224628048e-01
-6.941698819227929418e-01
-4.800189977394235252e-01
-4.800189977394235252e-01
-4.800189977394235252e-01
-4.800189977394235252e-01
-4.800189977394235252e-01
-6.637300291663146279e-01
-6.637300291663146279e-01
-6.637300291663146279e-01
-8.005523202979997199e-01
-8.005523202979997199e-01
-8.652524214173821226e-01
-1.188207538816258735e+00
-9.845519157030385715e-01
-9.845519157030385715e-01
-9.845519157030385715e-01
-8.069010127342909344e-01
-6.433560675006523288e-01
-2.094487273214424017e-01
-5.109136920586142550e-01
-6.131230645152395686e-01
-1.144242674169303253e+00
-9.886780842768302380e-01
-7.322875081239192951e-01
-7.322875081239192951e-01
-6.519328681734277708e-01
-1.065304128891195301e+00
-1.065304128891195301e+00
-1.065304128891195301e+00
-1.065304128891195301e+00
-9.103350156123961590e-01
-9.103350156123961590e-01
-7.183597944890562914e-01
-6.279996658602362558e-01
-8.247066752176667181e-01
-1.079976786618934703e+00
-8.887697588189381603e-01
-8.752891939867066817e-01
-9.494697386630406299e-01
-1.005627457088083876e+00
-1.005627457088083876e+00
-1.006034318621254364e+00
-1.006033292919910060e+00
-1.006033292919910060e+00
-1.006033292919910060e+00
-9.773016887686676313e-01
-9.773016887686676313e-01
-8.264095103991419000e-01
-8.264095103991419000e-01
-6.829590232148908813e-01
-6.829590232148908813e-01
-9.543887743758425746e-01
-9.543887743758425746e-01
-1.221547733073480746e+00
-8.280815745402931860e-01
-8.299294324951462798e-01
-8.299286917108422701e-01
-8.778479199564479529e-01
-5.125819383114290639e-01
-8.173276087977917603e-01
-8.173276087977917603e-01
-8.173276087977917603e-01
-8.068333734289865333e-01
-8.068333734289865333e-01
-1.008962809925553428e+00
-1.084961923085024926e+00
-9.442857870864138636e-01
-8.054290743220604565e-01
-6.271898746490478516e-01
-9.380508335325047353e-01
-6.214780287806436210e-01
-1.236542233089643839e+00
-7.815574710729245034e-01
-8.415884087236159550e-01
-5.718020020661800373e-01
-4.452872971503729627e-01
-5.762979929579374883e-01
-5.762979929579374883e-01
-6.263025290195617378e-01
-1.164988167655171658e+00
-1.164988167655171658e+00
-1.213365371550930050e+00
-1.213365371550930050e+00
-1.116221653115908818e+00
-9.802024861366752662e-01
-9.961259296701696631e-01
-1.048477042473525023e+00
-1.048477042473525023e+00
-1.048477042473525023e+00
-1.103142707343311102e+00
-8.351512780380977441e-01
-8.351512780380977441e-01
-1.068495769573671206e+00
-8.563093883813452933e-01
-8.563093883813452933e-01
-1.053728291455008126e+00
-4.909743428458219205e-01
-4.909743428458219205e-01
-2.216916125317604513e-01
-2.451700017739436299e-01
-2.125966617299767103e-01
-4.496211132629423513e-01
-9.521000927766467559e-01
-8.270172954289451983e-01
-1.189065253073581019e+00
-6.382187283517752885e-01
-7.535624914369892791e-01
-7.535624914369892791e-01
-9.954333533292518688e-01
-1.249005985989397383e+00
-1.379766610110922942e+00
-1.424724467625809288e+00
-1.428682535145980204e+00
-1.418252064210734797e+00
-1.228196215219297116e+00
-1.228196215219297116e+00
-1.144766921522968328e+00
-8.180008107799872086e-01
-5.708638272367517752e-01
-4.445090462555164601e-01
-2.502423513459885451e-01
-1.835757243245783044e-01
2.228694987513595016e-03
1.210572547947072518e-03
1.210572547947072518e-03
-2.487509530999236496e-01
-2.487509530999236496e-01
-8.099418753191799381e-01
-1.096005079623162182e+00
-1.104933353956525144e+00
-1.183523160777629757e+00
-1.060952647922143832e+00
-1.172760932440967352e+00
-1.172760932440967352e+00
-1.283012886120302065e+00
-1.283059042680787742e+00
-1.283059042680787742e+00
-1.283059042680787742e+00
-1.182078859318282715e+00
-1.209101075196129305e+00
-1.133329097900974025e+00
-4.295814162686495408e-01
-4.295814162686495408e-01
-5.485054183872434264e-01
-1.743345398519964562e-01
-1.761387770080201642e-01
-1.763157674732901137e-01
-1.763157674732901137e-01
-5.051865746368641163e-01
-9.768912942642007380e-01
-9.768912942642007380e-01
-1.061148556878872107e+00
-9.177465625748351119e-01
-1.024825737079744226e+00
-5.605258973561099145e-01
-4.694076044837557360e-01
-8.865265499793320014e-01
-1.023432036886707586e+00
-6.031144987328785900e-01
-1.104439877643184076e+00
-9.031250189640781523e-01
-9.031250189640781523e-01
-9.031250189640781523e-01
-8.622982875794799051e-01
-8.747532080509922148e-01
-8.747532080509922148e-01
-5.226538696434939180e-01
-5.226538696434939180e-01
-5.083978176116943359e-01
-5.371859493036799105e-01
-3.336116771283158949e-02
-5.096984567765296126e-02
-3.188729400160663641e-01
-7.059080365966884096e-02
-4.231318062167778171e-01
-4.474307280425587341e-01
-2.031624744544749395e-01
1.548183814802315574e-02
-1.750387550539997672e-01
-6.989223551339902585e-01
-6.989223551339902585e-01
-4.955583731029503114e-01
-1.112156570755500784e+00
-1.112156570755500784e+00
-1.112156570755500784e+00
-1.328691127879213729e+00
-1.331204552039589428e+00
-1.331204552039589428e+00
-1.248983534526642458e+00
-1.248983534526642458e+00
-1.248983534526642458e+00
-7.752365295563327097e-01
-4.759832048507310898e-01
-4.759832048507310898e-01
-7.647144293010120775e-01
-2.039079598897273748e-01
2.724021160351842163e-01
2.724021160351842163e-01
2.724021160351842163e-01
2.724021160351842163e-01
3.910442782177751542e-01
3.910442782177751542e-01
3.910442782177751542e-01
2.910864626700289670e-01
2.834889218638549369e-01
2.834889218638549369e-01
-1.061066614738157998e+00
-1.061066614738157998e+00
-1.048573002532608767e+00
-9.961217128979771296e-01
-1.032034366126270086e+00
-1.035559587679219185e+00
-1.035559587679219185e+00
-4.790676027593375186e-01
-5.524921485616417494e-01
-5.524921485616417494e-01
-5.524791563446160847e-01
-5.991354043351532210e-01
-5.986696789415114628e-01
-5.986696789415114628e-01
-5.986696789415114628e-01
-7.748901844024658203e-01
-8.461037169906878708e-01
-8.461088454974085016e-01
-8.461088454974085016e-01
-1.159198653401653845e+00
-1.181952698052955109e+00
-1.062333241931338934e+00
-1.062333241931338934e+00
-3.049390721731386478e-01
-3.049390721731386478e-01
-8.449998344107749471e-02
-8.449998344107749471e-02
-8.449998344107749471e-02
-8.733706766059248228e-01
-1.182704309204568371e+00
-1.182704309204568371e+00
-6.150317807498443257e-01
-1.113415790105640957e+00
-5.124195925820169695e-01
-5.124195925820169695e-01
-5.124195925820169695e-01
-7.333355469639852853e-01
-1.086982554732955464e+00
-8.223819231212025072e-01
-8.223819231212025072e-01
-8.244398789013775986e-01
-8.244398789013775986e-01
-8.244398789013775986e-01
-8.063301529528761336e-01
-8.063301529528761336e-01
-8.063301529528761336e-01
-1.059941078463202402e+00
-1.059941078463202402e+00
-1.059941078463202402e+00
-1.059941078463202402e+00
-1.018692498909127719e+00
-9.527978546076932842e-01
-1.004564830495568106e+00
-1.004564830495568106e+00
-1.004000922689930242e+00
-7.995665643228855313e-01
-8.354255391808358411e-01
-8.354255391808358411e-01
-8.354255391808358411e-01
-1.204388775287577040e-01
-1.204388775287577040e-01
-5.448213555844746286e-02
-3.974670775761795505e-01
-4.898528523928348255e-01
-4.947837406545022576e-01
-2.647745449729904665e-01
-1.275990478851143139e+00
-1.275990478851143139e+00
-8.620495550035289778e-01
-1.267531519866126333e+00
-1.267531519866126333e+00
-1.053901293081717538e+00
-1.075041111750994816e+00
-1.079227910670905954e+00
-1.005596344147311916e+00
-9.759966547584897345e-01
-9.108489489692118690e-01
-9.108489489692118690e-01
-1.049698652774380347e+00
-1.035843251084278327e+00
-1.009518284186806225e+00
-1.009518284186806225e+00
-1.616839668490918647e-01
-1.615794022953988829e-01
-5.333056641354387839e-01
-5.321985335012694440e-01
-5.321985335012694440e-01
-1.050748287149870563e+00
-1.053173842895099188e+00
-1.053173842895099188e+00
-1.053173842895099188e+00
-1.053173842895099188e+00
-1.324325856925424594e+00
-1.253240081137954265e+00
-1.280460941176113643e+00
-1.281894985622019423e+00
-1.249819595088922153e+00
-1.249819595088922153e+00
-1.249819595088922153e+00
-1.249819595088922153e+00
-1.249819595088922153e+00
-1.249819595088922153e+00
-1.249819595088922153e+00
-1.249819595088922153e+00
-6.247101846662123092e-01
-7.088866448083297467e-01
-5.220745193342861690e-01
-8.077007748656700459e-01
-9.517870259330559746e-01
-4.925396770637759936e-01
-4.925396770637759936e-01
-4.925396770637759936e-01
-9.355351870192167851e-01
9.958158971930552994e-02
1.867237442082246290e-01
1.780182750001692016e-01
1.780182750001692016e-01
2.256016857765372752e-01
2.256016857765372752e-01
2.256016857765372752e-01
2.179231715475851705e-01
2.179231715475851705e-01
2.267158538615954289e-01
2.267158538615954289e-01
-4.381388354597766377e-02
1.605461933872667779e-02
-1.224967079454352570e+00
-1.129065827247517362e+00
-3.600610316825414436e-01
-3.600610316825414436e-01
-3.600610316825414436e-01
-8.439268368380019592e-01
-8.439268368380019592e-01
-6.355164611772642358e-01
-5.876311380594227973e-01
-5.876311380594227973e-01
-5.876311380594227973e-01
-5.876311380594227973e-01
-5.876311380594227973e-01
-9.063621893895514869e-01
1.323817593417705440e-01
1.323817593417705440e-01
5.110650399902810781e-01
-6.693619415591368915e-02
-6.693619415591368915e-02
-6.693619415591368915e-02
-3.054715536292606504e-01
1.520882885952980490e-01
-5.227166012527837552e-02
-4.479984964740891390e-02
3.257341412239730949e-01
2.896104214524219955e-01
-7.868833113354888054e-02
-5.353254624010271578e-02
-5.353254624010271578e-02
3.864969541790608254e-03
-5.303673716849623826e-02
-9.130153726665285463e-02
-9.130153726665285463e-02
-8.855886885586476687e-02
-9.480826770370366641e-02
-9.450864894440251518e-02
-9.450864894440251518e-02
-9.455218426811991261e-02
2.035179084619190004e-01
2.035179084619190004e-01
5.481679056616175494e-01
3.333189177467535402e-01
3.333189177467535402e-01
-2.002625888209953742e-01
-1.670245515684780635e-01
-1.672901654790509840e-01
-1.318128227503760075e-01
-1.476873820879092422e-03
-6.121662561113929701e-01
-3.167933305408485167e-01
-3.167933305408485167e-01
-3.167933305408485167e-01
-3.167933305408485167e-01
-3.167933305408485167e-01
-1.178687620003410208e-01
-1.189277986381523378e-01
7.430675580214358977e-02
7.430675580214358977e-02
7.430675580214358977e-02
7.430675580214358977e-02
7.430675580214358977e-02
-8.895145604532944672e-03
-8.895145604532944672e-03
2.363732309004088761e-01
1.390659131009993332e-01
1.390659131009993332e-01
1.390659131009993332e-01
-2.718412354730967082e-02
-2.325365807768491611e-01
-2.325365807768491611e-01
-4.722386256686587624e-01
4.815454692731167552e-01
2.090594879071981382e-01
-1.008109198473607471e+00
-1.008109198473607471e+00
-1.008109198473607471e+00
-5.909946976838558186e-01
-6.730914913673473610e-01
-6.730914913673473610e-01
-8.096282386415091237e-01
-8.096282386415091237e-01
-8.055644099160772509e-01
-8.055644099160772509e-01
-8.046097668817348003e-01
-9.468975646090096454e-01
-1.096098532412293602e+00
-1.096098532412293602e+00
-1.096098532412293602e+00
-8.381033604733117981e-01
-8.381033604733117981e-01
-8.381033604733117981e-01
-9.361940291825945337e-01
-9.642061038409318607e-01
-6.817108016624960909e-01
-1.024668918740908818e+00
-1.024773084410745660e+00
-8.722374475708882802e-01
-2.805962161397842491e-01
-8.789536260054170436e-01
-9.297923421768566898e-01
-1.838569516889451694e-01
-1.605455950614826932e-01
-4.692577594894752069e-02
-1.158093032827796631e-01
-1.158093032827796631e-01
-2.656596682495642181e-01
-2.815231082544271679e-01
-1.329914105781861422e-01
-1.329914105781861422e-01
-1.981312241654550887e-01
-1.981312241654550887e-01
-6.421614103517842009e-01
-7.626287795845454465e-01
-4.787837114206463518e-01
-4.787837114206463518e-01
-4.787837114206463518e-01
-1.073123620071557038e+00
-1.132435028229343166e+00
-1.132414742136092611e+00
-7.962799892826699644e-01
-1.043240495211307683e+00
-1.043240495211307683e+00
-1.131597144198007276e+00
-1.138504672916623717e+00
-1.142381140196528477e+00
-1.142381140196528477e+00
-1.142381140196528477e+00
-1.142206087167130679e+00
-1.156412620617372378e+00
-1.156412620617372378e+00
-1.154408058290499639e+00
-1.117479276930624765e+00
1.469611637223063039e-01
1.469611637223063039e-01
-2.197427942237707987e-01
-4.094547056103299554e-02
-5.194565738029563841e-04
-3.468593935095785202e-02
-4.913016484184885152e-02
-1.881875909765181321e-01
-1.399917367767421483e-01
-5.895166050635605171e-01
-5.895166050635605171e-01
-5.051923869444808757e-01
-5.186971697251153701e-01
-1.272599396240642777e+00
-1.272599396240642777e+00
-1.223932602665392277e+00
-9.272031015921276820e-02
-9.272031015921276820e-02
-1.158638150354644181e-01
-1.084647972998609849e-01
-1.084647972998609849e-01
2.757054726890578178e-01
4.054430451949285197e-01
4.054430451949285197e-01
4.054430451949285197e-01
5.579059391530020139e-03
5.579059391530020139e-03
-2.500662726152467347e-02
2.830413171939594186e-01
5.915474937249324272e-01
5.915474937249324272e-01
6.515730179518631759e-01
-5.837943027397870382e-02
-5.530221227478114565e-02
-5.530221227478114565e-02
2.674333053154881457e-01
2.945959283106641680e-01
-9.636793919548705678e-02
8.875847461118752113e-02
8.875847461118752113e-02
7.324542558216000365e-02
5.815678897596909813e-02
-6.399232730354906806e-01
-1.292480679360676010e+00
-1.293353323270896027e+00
-1.282844557133049124e+00
-1.282844557133049124e+00
-7.318534085217214269e-01
-6.502280955560804099e-01
-6.510014743695523576e-01
-9.664274310518632394e-01
-9.664274310518632394e-01
-3.441161054042283785e-01
-3.347305107299046179e-01
-3.340675372694463796e-01
-3.340675372694463796e-01
-3.340675372694463796e-01
-3.796311284114480267e-01
-3.484701221349362221e-01
-3.484790115465853377e-01
-3.484790115465853377e-01
-7.971652835094678036e-01
-7.971652835094678036e-01
-7.971652835094678036e-01
-7.164186546952956425e-01
-7.164186546952956425e-01
3.070466035182799480e-01
4.265657688418036386e-01
4.271348621375701815e-01
4.752665245282262085e-01
4.752665245282262085e-01
4.752665245282262085e-01
4.752665245282262085e-01
4.752665245282262085e-01
-6.001129974370704445e-02
-6.001129974370704445e-02
-1.456778546364311810e-01
1.849277420450236992e-03
2.240195129615170921e-01
2.208832601516242111e-01
-1.809665537928987766e-01
-1.809665537928987766e-01
-1.809665537928987766e-01
-1.775501847950951562e-01
-5.771927464304644761e-01
-3.021372834765432280e-01
-3.021372834765432280e-01
-1.853365258778486291e-01
-1.279459856664245443e+00
-1.279972137502229046e+00
-1.279972137502229046e+00
-1.279972137502229046e+00
-1.280216254422131161e+00
-1.280216254422131161e+00
-1.280216254422131161e+00
-1.380653613839960769e+00
-1.380653613839960769e+00
-1.380653613839960769e+00
-6.309869070581906048e-01
-1.342498663506589862e+00
-1.342498663506589862e+00
-1.342498663506589862e+00
-1.150763855381631950e+00
-1.161958359851436029e+00
-5.986545783383896424e-01
-1.070983095333179591e+00
-1.062959375618520719e+00
-1.064920630555307834e+00
-1.085395794753590604e+00
-1.085395794753590604e+00
-1.085395794753590604e+00
-9.789787104663155715e-01
-9.789787104663155715e-01
-9.789787104663155715e-01
-1.187968664369893013e+00
-1.187968664369893013e+00
-4.608582983053436943e-01
-1.182209693223067015e+00
-1.182209693223067015e+00
-1.080150813946988198e+00
-1.396410893755706706e+00
-1.262893982188879383e+00
-1.391652893153932702e+00
-2.415540341437432681e-01
-8.705641867781688248e-01
-1.238500866789662647e+00
-1.238500866789662647e+00
-9.884461618062414523e-01
-6.731289009747039309e-02
-7.198664357967631267e-01
-6.991355870467526046e-01
-6.991355870467526046e-01
-6.269470113641216757e-01
-1.032979492931475285e+00
-1.032979492931475285e+00
-1.032833501440161283e+00
-1.032590524188419012e+00
-1.032590524188419012e+00
-1.032590524188419012e+00
-1.032590524188419012e+00
-1.097748999841810402e+00
-1.087396026341454602e+00
-2.517722988675702434e-01
-1.093305547652235310e+00
-1.093305547652235310e+00
-1.090897542796672726e+00
-1.055614214326409783e+00
-1.055614214326409783e+00
-1.282988953088938899e+00
-1.282988953088938899e+00
-1.282988953088938899e+00
-1.282988953088938899e+00
-1.220174774840958376e+00
-1.220174774840958376e+00
-1.184551711292157306e+00
-1.184551711292157306e+00
-1.184317851385696452e+00
-1.186010030669874205e+00
-1.186010030669874205e+00
-1.075575730084916914e+00
-1.189726260606462915e+00
-1.189726260606462915e+00
-1.189726260606462915e+00
-1.302893029572175010e+00
-9.772289779400505916e-01
-1.078501600152447892e+00
-1.041196728299726315e+00
-1.041196728299726315e+00
-1.041196728299726315e+00
-1.034521805852594456e+00
-8.116675038638579975e-01
-1.018825156282968214e+00
-1.056921983540171972e+00
-7.476307465970857269e-01
-7.476307465970857269e-01
-7.476307465970857269e-01
-7.483053731644814244e-01
-7.483053731644814244e-01
-3.776463393271539126e-01
-9.176306013395407746e-01
-5.315901786373860016e-01
-5.315901786373860016e-01
-1.261736307271807744e+00
-9.896151194380984339e-01
6.101832477585990983e-02
-1.635071082507218998e-01
-1.633270976648275863e-01
-1.633270976648275863e-01
-1.633270976648275863e-01
-7.946127117477912449e-01
-7.946127117477912449e-01
-1.274221941800235847e+00
-1.328226713103956236e+00
-6.039063401705447864e-01
-6.090436793194218268e-01
-6.090436793194218268e-01
-6.090436793194218268e-01
-8.091421701712088188e-01
-8.091421701712088188e-01
-8.089813629938128470e-01
-8.089813629938128470e-01
-4.280179055197516624e-01
-1.141744179661825509e+00
-1.229419876922840826e+00
-1.166288301092260893e+00
-1.132998024300452933e+00
-1.133026743938088554e+00
-1.129199282389069969e+00
-1.129199282389069969e+00
-1.129199282389069969e+00
-1.133613103206481343e+00
-1.133831805526412495e+00
-8.834953745738042263e-01
-1.098875903718558034e+00
-1.098875903718558034e+00
-1.074708442615049497e+00
-9.160110189171639661e-01
-3.362601163510382518e-01
-3.362601163510382518e-01
-3.362606292017102927e-01
-3.362606292017102927e-01
-2.829649594272299895e-01
-2.847951525256008920e-01
-2.847940698408487625e-01
-8.942574319602426547e-01
-5.841462037759346249e-01
-2.371251697066181219e-01
-2.371251697066181219e-01
-2.371251697066181219e-01
-4.681216884069643314e-01
-7.304447786757868322e-01
-7.347476527978082927e-01
-7.347476527978082927e-01
-1.995241978200398142e-02
-1.995241978200398142e-02
-1.043964740081225473e-01
-1.043964740081225473e-01
-1.048305736103203739e-01
-1.983529466060105773e-01
-2.383728356707848217e-01
-2.383728356707848217e-01
-2.383728356707848217e-01
-2.609320113125540019e-01
-2.609320113125540019e-01
-8.549490234819926426e-01
-8.549490234819926426e-01
-7.421300385011997403e-02
-7.421300385011997403e-02
-7.421300385011997403e-02
-1.946419448971064559e-01
-1.241607716161023944e+00
-1.241607716161023944e+00
-1.241607716161023944e+00
-1.169281753481687947e+00
-7.895415873190184675e-01
-7.895415873190184675e-01
-7.122192624422150065e-01
-7.122192624422150065e-01
-7.122192624422150065e-01
-7.122192624422150065e-01
-8.574282006141560331e-01
-7.946776728329193462e-01
-3.662244710594016461e-01
-3.662244710594016461e-01
-3.662244710594016461e-01
-4.080849384486561204e-01
-6.701194077559228246e-01
-1.284158708488508105e-01
2.666545344470335616e-02
-5.300528802561713659e-01
-5.307250565370227324e-01
-5.895086273864396098e-01
4.191394275620607957e-02
5.574031496139146558e-02
5.574031496139146558e-02
9.221861398926656239e-02
-1.224176691093590702e-01
-2.611023062273831186e-01
-7.406304488902337724e-01
-2.734420632313132038e-01
-1.847965795952776769e-01
-1.847965795952776769e-01
-7.167961412816384326e-02
-4.900391810140919402e-02
-9.221787320496246942e-02
-1.112950064711999143e-01
-1.456132924351591917e-01
-1.356482904682195789e-01
-1.373255400994995434e-01
-1.252793473677698832e-01
1.684561599736915660e-01
-6.672021421830011123e-01
-6.672021421830011123e-01
-6.672021421830011123e-01
-6.672021421830011123e-01
-8.142457751425455914e-01
-8.142457751425455914e-01
-2.562077733800242618e-01
-1.351564096903025980e-01
-2.772645601009091423e-02
-2.772645601009091423e-02
-4.143756502673001108e-01
-5.080911329098002360e-01
-9.021472834036409205e-02
-9.021472834036409205e-02
-8.209638055378346011e-02
-4.884092347343838569e-01
-5.562023382569817320e-01
-5.562023382569817320e-01
-2.471436506019723534e-01
-2.447717162436782445e-01
-6.716141395313561802e-01
-5.736588633994983422e-01
-3.427137437331744807e-01
-9.186045012043264277e-03
-9.186045012043264277e-03
-9.884694110367083786e-01
-1.812194746493381303e-01
1.010007828644994970e-01
1.010007828644994970e-01
1.010007828644994970e-01
-8.569232230012378045e-04
-1.136824118247679455e-01
-1.136824118247679455e-01
-1.136824118247679455e-01
-1.136824118247679455e-01
-1.136824118247679455e-01
-1.914122962814899798e-01
-4.502801121306920784e-02
-1.806615501015409464e-01
-1.125593970656166981e-01
-1.125593970656166981e-01
-1.397760118398793938e-01
1.448519567088232818e-02
-1.534767748065022086e-01
-5.628962931623877619e-01
-2.851404684166607140e-02
4.783414631911034887e-01
-6.609188666991020478e-01
-6.609754512232530743e-01
-2.249863219534689596e-01
-2.942889302000260554e-01
-3.295449066344456335e-01
-3.516461208719140474e-01
-2.253979700929120145e-01
-2.253396048372607596e-01
-2.356402675690660031e-01
-2.649301951519617560e-01
-2.649301951519617560e-01
-5.796244563837580355e-01
-1.064897495291657004e+00
-1.064897495291657004e+00
-8.839389334217311323e-01
-8.882706411482043096e-01
-8.882706411482043096e-01
-4.835021655372633842e-01
-7.813236111664635386e-01
-5.037325859981558462e-01
-1.915740151934140489e-01
-1.183820329250386688e-01
-1.257798611319999593e-01
-5.987005924403553114e-02
-6.100561035294833206e-02
-1.427170964773480655e-01
-1.427170964773480655e-01
-1.427170964773480655e-01
-9.002110584288207651e-01
-8.929338783424625170e-01
-9.558708558346983297e-01
-9.558708558346983297e-01
-4.496385786774965143e-01
-4.486886937577227452e-01
-4.487062161556849005e-01
-4.487062161556849005e-01
-4.856008074707556244e-01
-9.456251251082119502e-01
-1.041061449689117513e+00
-1.041061449689117513e+00
-1.014785944389795525e+00
-7.879627480333667444e-01
-6.088531837864541441e-01
-2.897843917970675531e-01
-3.569096497778226906e-01
-3.569096497778226906e-01
-6.425978320278583067e-02
6.430980466291963404e-01
-1.258916625785098109e-01
-1.180492441239366030e+00
-1.186487437662157474e+00
-5.121988388593976538e-01
-5.121988388593976538e-01
-6.630841222365544407e-01
-2.575662008435046779e-01
-9.435565704141474219e-01
-9.435565704141474219e-01
-9.435565704141474219e-01
-1.044609350638453282e+00
-1.189626197742002622e+00
-1.336090537375747234e+00
-1.362416302040931448e+00
-1.352593388201857483e+00
-1.352593388201857483e+00
-1.352593388201857483e+00
-1.330472087313066654e+00
-1.330472087313066654e+00
-8.615671334713411733e-01
-1.490035915237995501e-01
-3.495472225130857868e-01
-3.495472225130857868e-01
-6.146546645556535404e-01
-8.798078642748509148e-01
-8.798078642748509148e-01
-3.210839817218524850e-01
-3.210839817218524850e-01
-3.210839817218524850e-01
-9.357981084637614355e-01
-9.184501367134983996e-01
-9.184501367134983996e-01
-9.196338530480291373e-01
-1.191543461487808209e+00
-8.098155431036283547e-01
-1.243706529044740217e+00
-1.065408066627400174e+00
-1.065408066627400174e+00
-1.065408066627400174e+00
-1.027119889086108850e+00
-1.027119889086108850e+00
-1.043140090446399215e+00
-9.060435951553840184e-01
-9.060435951553840184e-01
-9.060568722894496441e-01
-9.173736061694288679e-01
-9.173736061694288679e-01
-3.496936698716639480e-01
-1.134678465002581405e+00
-1.256984005010834515e+00
-5.885878324964534114e-01
-4.647898329261612033e-02
3.351666831035686467e-02
3.351666831035686467e-02
3.541893117400473495e-02
4.935501780838173064e-02
4.935501780838173064e-02
3.879193223685196978e-02
4.037229939013092794e-02
4.200839631644079364e-01
5.102638532737017174e-01
1.426703273452262777e-01
1.426703273452262777e-01
7.505937840924892246e-02
2.066981773930343450e-02
2.066981773930343450e-02
2.066981773930343450e-02
2.066981773930343450e-02
2.078176164433331516e-02
2.899098550156471027e-02
2.844086768066449861e-02
-6.111023901297530508e-02
-1.429035746800511875e-01
-1.429035746800511875e-01
-1.042206232110127334e-01
-1.133079596049015175e-01
2.314973601191722963e-01
2.060259761819419888e-01
2.065573179699038697e-01
3.772730980047075966e-01
3.772730980047075966e-01
-2.218042473606124040e-02
1.489497849407888930e-01
3.291606318996239539e-02
3.291606318996239539e-02
3.291606318996239539e-02
3.202324715330769067e-02
-1.434229072147755746e-01
-1.434229072147755746e-01
-1.495676845255135001e-01
-2.494514786262584938e-01
-2.705782765868061102e-01
-1.800023517918632188e-01
-1.800023517918632188e-01
-1.968789710369438228e-01
-1.233789649565862623e-01
4.242336730086324753e-02
-5.886176348188411067e-01
-5.886176348188411067e-01
-5.879161690662740858e-01
-5.879161690662740858e-01
-5.865743807579317792e-01
-4.320970342902334393e-01
-1.329093259789519699e-01
-2.339000655177902177e-01
-2.339000655177902177e-01
-2.339000655177902177e-01
-2.339000655177902177e-01
-3.291665368052786866e-01
-4.279859663195637043e-01
-8.898486826661439197e-01
-9.861854020769691420e-01
-1.048987499842452209e+00
-8.636125529017548708e-01
-1.012385917211353847e+00
-1.079564454678595631e+00
-1.079564454678595631e+00
-6.712246579376278666e-01
-6.712246579376278666e-01
-6.712246579376278666e-01
-3.968188913100991755e-01
-1.169274345638646961e+00
-1.249505388577171194e+00
-1.027040454215346843e+00
-1.027040454215346843e+00
-1.005466649910687904e+00
-1.230919110387506565e+00
-6.197281822875626567e-01
-6.197281822875626567e-01
-6.197281822875626567e-01
-6.503757965496347326e-01
-1.152356997502693492e+00
-1.152356997502693492e+00
-1.047645654550701799e+00
-1.046464046602267217e+00
-2.546107848789222472e-01
-2.546107848789222472e-01
-4.019837249533396162e-01
-1.681138179042371006e-01
-1.674180362466188288e-01
3.306102684305456951e-01
-7.473277800625642564e-02
1.767414477769548853e-01
-2.186834869147714633e-01
-8.090278044713385963e-01
-8.094551800313916079e-01
-1.142215432446043843e+00
-1.142215432446043843e+00
-1.073608662840513039e+00
-1.075697674578052210e+00
-1.075697674578052210e+00
-1.075697674578052210e+00
-1.171579096558900801e+00
-1.127803644760160928e+00
-1.127700390824852184e+00
-1.127700390824852184e+00
-1.127700390824852184e+00
-1.127700390824852184e+00
-1.127700390824852184e+00
-2.928600712442488985e-01
-8.639329706049785340e-01
-8.639329706049785340e-01
-8.639329706049785340e-01
-8.634274707925478909e-01
-1.049502743817652073e+00
-9.117950444923531572e-01
-9.117950444923531572e-01
-9.117950444923531572e-01
-1.527826456677161271e-01
-2.923364791997760115e-01
1.818410496638792062e-01
-1.233226368577712700e-01
-1.233226368577712700e-01
-7.297026837533108212e-01
-7.298083879751638969e-01
-6.529268297592950576e-01
-6.529268297592950576e-01
-6.529268297592950576e-01
-6.529268297592950576e-01
-8.896269032421804113e-01
-8.896269032421804113e-01
-6.616920745623499078e-01
7.386709319473908075e-02
7.386709319473908075e-02
7.386709319473908075e-02
8.510956344823307484e-02
-9.364796442693779088e-02
-9.364796442693779088e-02
-2.424244557010512002e-01
-3.277529494028474377e-01
-1.029060444799937413e-01
-1.029060444799937413e-01
4.487824100951163381e-02
-3.355365811026233061e-03
-3.210024242191424071e-02
-3.210024242191424071e-02
-3.210024242191424071e-02
-9.112231020261862824e-01
-9.112231020261862824e-01
-1.123560318299506866e+00
-9.235947697386002186e-01
-9.235947697386002186e-01
-1.172637278445592068e+00
-1.222258999972224869e+00
-1.052465425166755564e+00
-2.228391159105027330e-01
-2.994516554571702294e-01
-6.712599306671842569e-01
-5.861383437198616209e-01
-1.084159482733469293e+00
-3.102536582126216302e-01
-3.102536582126216302e-01
-3.102536582126216302e-01
-2.125031804491411269e-01
-1.787313368762656340e-01
-6.078584814162828476e-01
-5.487699139984342223e-02
-8.419414636737757029e-02
-8.419414636737757029e-02
-7.654976519982172045e-02
-1.195034948863217261e-01
-1.195034948863217261e-01
-1.188318599478464382e-01
-1.188318599478464382e-01
-1.188318599478464382e-01
-1.188318599478464382e-01
-1.188476443518644010e-01
-1.198975209068385839e-01
-6.206345746211749947e-02
-6.212675890548734897e-02
-6.212675890548734897e-02
3.997022802469606950e-01
3.997022802469606950e-01
-1.033765522061524722e+00
-1.033765522061524722e+00
-1.033765522061524722e+00
-1.044374465030648125e+00
-1.065314157971004594e+00
-1.071065493341157859e+00
-1.071065493341157859e+00
-1.071065493341157859e+00
-1.068519816571850134e+00
-1.068519816571850134e+00
-1.077820990327211348e+00
-1.077820990327211348e+00
-1.195134783794045585e+00
-1.185540259454263889e+00
-8.475699570621176848e-01
-8.475699570621176848e-01
-1.243123816714460039e+00
-1.242676838862052602e+00
-1.242676838862052602e+00
-1.258187494587943878e+00
-1.080962941477904948e+00
-1.080962941477904948e+00
-8.617150623985275759e-01
-3.328217660035959202e-01
-8.030835232816735392e-01
-3.011113541987840425e-01
-1.963584418506512663e-01
-2.574632603169398903e-01
-7.909433791559923321e-01
-7.950187185298416281e-01
-7.869349383031432055e-01
-3.136822643972947411e-01
-3.027763523973424631e-01
-1.148283709531532359e+00
-1.212940731194461330e+00
-1.212940731194461330e+00
-1.137794887586487835e+00
-1.137794887586487835e+00
-1.137794887586487835e+00
-1.139111660178715013e+00
-1.132923603969595794e+00
-1.132923603969595794e+00
-1.131540502690448369e+00
-1.131540502690448369e+00
-1.089112366590627490e+00
-1.089112366590627490e+00
-1.074592310429530961e+00
-1.102474405934204205e+00
-8.087175867981482025e-01
-8.087175867981482025e-01
-7.308309552318507096e-01
-1.103514125196701112e+00
-1.065091694746145068e+00
-1.065673153441449195e+00
-1.078392989776786326e+00
-1.095409603009488198e+00
-1.237802706074760284e+00
-1.239515741286268513e+00
-1.239515741286268513e+00
-1.134327789109705886e+00
-1.133325678896493605e+00
-9.506091788895498773e-01
-5.771241384072239855e-01
-3.905389493555684877e-01
-9.361308345831146349e-01
-9.301822796378490521e-01
-9.301822796378490521e-01
-9.301822796378490521e-01
-1.014578182884201762e+00
-6.283946178611331534e-01
-6.285244260645732606e-01
-6.285434585228476534e-01
-1.102632022040751725e+00
-1.102632022040751725e+00
-1.102632022040751725e+00
-1.101542271346024782e+00
-7.865482488964072871e-01
-7.865482488964072871e-01
-7.865482488964072871e-01
-7.865482488964072871e-01
-7.785885785323483077e-01
-3.041085105097316443e-01
-3.041085105097316443e-01
-3.041085105097316443e-01
-3.041085105097316443e-01
2.074816030936304789e-01
2.074816030936304789e-01
2.074816030936304789e-01
1.634192683272790159e-01
1.365512780432035500e-01
2.134154420737782443e-01
3.011144597945203949e-01
3.396973555220244578e-01
3.439939044857571737e-01
3.439939044857571737e-01
3.432035446166992188e-01
3.207415737653325494e-03
3.207415737653325494e-03
-3.339663988431598729e-02
-4.387607381289137382e-02
-1.164107916459982406e-01
-1.009248026128480719e-01
-1.867871809871884947e-01
-1.867871809871884947e-01
3.155089610293650062e-03
3.452205506952953085e-02
-1.160890829124368480e-02
2.287805657370824142e-02
1.306180801263958635e-01
1.306180801263958635e-01
-1.014987110065912329e-01
-1.014987110065912329e-01
-3.674999591725278125e-02
-3.674999591725278125e-02
-3.198035360522297199e-01
-3.872202071815329938e-01
-3.872202071815329938e-01
-3.872202071815329938e-01
-1.670196225036854332e-01
-1.670196225036854332e-01
-2.929254027215290046e-01
-2.979405694436388363e-01
-2.979405694436388363e-01
-5.701780889047947110e-01
7.498141228582845264e-01
7.498141228582845264e-01
7.161450203700456818e-01
6.974240334038523947e-01
6.972791245972904672e-01
3.346782854364661053e-01
3.240265764196333942e-01
6.246758236711841272e-01
-3.526095108593854666e-01
-1.286006566443361088e+00
-1.279514560735932172e+00
-1.279514560735932172e+00
-1.309042906897929459e+00
-1.351865482147975195e+00
-1.341455867140060487e+00
-1.341455867140060487e+00
-1.341530971271813977e+00
-4.927019088263721036e-01
-9.488873112498004136e-01
-9.488873112498004136e-01
-9.488873112498004136e-01
-9.488873112498004136e-01
-9.492304653328189623e-01
-8.754142725672822145e-01
-3.629642223536854173e-01
-3.627173132467907957e-01
-1.161657031589894640e+00
-1.250622605274557708e+00
-1.250622605274557708e+00
-1.168487860641333587e+00
-1.233015302034454530e+00
-1.156847062120018199e+00
-1.242531303238002538e+00
-4.194867770484938529e-01
-4.194867770484938529e-01
-8.943750457143692101e-01
-8.931530365296577179e-01
-8.925969354509166731e-01
-8.925969354509166731e-01
-1.021325360292686169e+00
-1.021325360292686169e+00
-1.170588610960922038e+00
-1.170588610960922038e+00
-1.170588610960922038e+00
-1.170588610960922038e+00
-1.052789888691947784e+00
-1.019127738179485876e+00
-5.843266132456850226e-01
-5.843266132456850226e-01
-5.843266132456850226e-01
-1.204579441770768700e+00
-1.204579441770768700e+00
-1.075748845678442533e+00
-1.062901936343249476e+00
-9.940768063182355840e-01
-4.052968827533904306e-01
-4.052968827533904306e-01
-4.053340074437070117e-01
-4.742739020524471272e-01
-7.500873582996783195e-01
-7.500873582996783195e-01
-7.500873582996783195e-01
-7.849295782085585760e-01
-9.846335159433047268e-01
-1.160539359025243966e+00
-1.162154496741796272e+00
-1.161190109544684601e+00
-1.208402002746698622e+00
-1.208402002746698622e+00
-1.208402002746698622e+00
-1.214143992837938724e+00
-9.426843538794872635e-02
-3.100873521363529672e-01
-1.788390355173989643e-01
-1.537522183549563659e-01
-4.645079787443062019e-02
-3.068966516801093780e-01
-8.812525076346460207e-01
-8.812525076346460207e-01
-8.812525076346460207e-01
-7.800063257235640979e-01
-7.800063257235640979e-01
-3.740400303846107555e-01
-5.309653555685885928e-01
-6.310966001186042451e-01
-6.307822796400373022e-01
-6.307822796400373022e-01
-1.834631963396163579e-01
-2.011560459209901508e-01
-1.256039391056301413e-01
-2.340120521603760995e-01
-2.183786826653416613e-01
-2.183786826653416613e-01
-2.183786826653416613e-01
3.485307524810557500e-02
-1.276735251993795561e+00
-1.256226923452052668e+00
-3.701351283841105566e-01
-6.426466240709644007e-01
-6.610576212975992627e-01
-5.432618621658412694e-01
-1.304174244517805947e+00
-9.420303837974941530e-01
-9.420303837974941530e-01
-9.592490032115811305e-01
-9.622450768377767139e-01
-9.622529405480816367e-01
-9.622529405480816367e-01
-1.036924910135068600e+00
-1.036358381092662206e+00
-1.052974287000258524e+00
-6.523973399320933675e-01
-4.860302914169048472e-01
-4.860302914169048472e-01
-5.645806657196686951e-01
-5.645806657196686951e-01
-6.414025053239460483e-01
-6.414025053239460483e-01
-6.414025053239460483e-01
-6.292384281669017865e-01
-6.413495107544995300e-01
-1.041227499340050100e+00
-1.041227499340050100e+00
-4.574284954691024141e-01
-1.190314329377095914e+00
-1.176990696850515938e+00
-4.158960530680406165e-01
-2.883167556321415415e-01
-2.699629697471457868e-01
-2.390237998780055384e-01
-2.390234579775575019e-01
-1.005564319472012080e+00
-1.088558829765246871e+00
-1.088558829765246871e+00
-1.088558829765246871e+00
-1.088558829765246871e+00
-1.088558829765246871e+00
-1.157393760936437976e+00
-1.157393760936437976e+00
-6.561030279382008557e-01
-1.061891962419732272e+00
-6.616304754982942349e-01
-1.020958501111936867e+00
-1.093169699207546586e+00
-1.053501953358404020e+00
-1.215432273726162471e+00
-1.215432273726162471e+00
-1.087451870081301619e+00
-1.171654542591102244e+00
-1.171654542591102244e+00
-1.171654542591102244e+00
-1.171654542591102244e+00
-1.105446888429484797e+00
-5.379932332449159915e-01
-1.285514457731812055e+00
-2.537946685094450427e-01
-3.087196078856633830e-01
-3.087193799520313586e-01
-3.087196078856633830e-01
-3.087196078856633830e-01
-3.092283842440544661e-01
-3.101281237647820488e-01
-2.727562964076521435e-01
-1.191544216517964466e-01
-6.692022598040491266e-01
-8.315932910255445787e-01
-8.315932910255445787e-01
-1.006166520127830699e+00
-1.006166520127830699e+00
-2.305811666393826898e-01
-2.305811666393826898e-01
-2.305811666393826898e-01
-2.238809862966519015e-01
-6.161920769036841605e-01
-5.774274610880455461e-01
-5.774274610880455461e-01
-5.774274610880455461e-01
-4.535521706477177450e-02
-4.649911054461681181e-01
-5.830244284059075133e-01
-3.145178121089023393e-01
-3.145178121089023393e-01
-3.145178121089023393e-01
-1.640829683261893213e-01
-6.145462821136240539e-01
-3.771091852315752724e-01
-6.644260814951208349e-01
-4.283584383660019035e-01
-5.803305947757815275e-01
-5.803305947757815275e-01
-4.742721569355769218e-02
7.472486443546944024e-02
-1.733942708823238699e-01
-5.250830153434271619e-02
-1.234150496997067359e-01
-1.231336371392638407e-01
-2.090654141816308820e-01
-2.306981820677252160e-01
-2.306981820677252160e-01
-1.700328196439870598e-01
-1.010673483887092501e-02
2.507632936619891839e-01
-1.577706170583546286e-01
5.212441571128071383e-01
5.209967351552404757e-01
5.209967351552404757e-01
5.209967351552404757e-01
-1.445818215209712931e-01
-1.079629301796907609e-01
-7.877471798008760240e-02
7.175258992962809668e-01
7.175258992962809668e-01
7.679364421399555996e-01
7.679364421399555996e-01
6.751986808120405970e-01
-1.009876410660278667e-01
-6.488808938239773449e-02
-6.488808938239773449e-02
-6.488808938239773449e-02
-6.488808938239773449e-02
-6.488808938239773449e-02
-9.627329687771331301e-02
-9.675492776511503135e-02
-8.227903374522410607e-02
-7.518966384873107534e-02
-7.518966384873107534e-02
-2.521779637491725623e-01
-3.567078715300696645e-01
-3.567078715300696645e-01
-3.567078715300696645e-01
-1.118532102376963433e+00
-1.118532102376963433e+00
-1.282190387609128068e+00
-1.306203993511017458e+00
-1.306203993511017458e+00
-1.327954560347314406e+00
-1.286187545747191630e+00
-9.736655775037367233e-01
-9.736655775037367233e-01
-9.181693224788395336e-01
-9.181693224788395336e-01
-4.961292898677731045e-01
-4.961292898677731045e-01
-4.961292898677731045e-01
-4.961292898677731045e-01
-4.961292898677731045e-01
-7.193913651242082041e-01
-7.193913651242082041e-01
-5.594203052739568083e-01
-7.022616059927137659e-03
-7.022616059927137659e-03
-7.022616059927137659e-03
-5.418853923308005610e-02
-5.418853923308005610e-02
-1.993931502274755574e-01
-2.371066358531637996e-01
-1.201482194103656587e-01
-5.443402820660324382e-03
1.461948223597232810e-01
1.061285274320533101e-01
8.126856121688681711e-02
9.842206284147375639e-02
7.032410706434377712e-02
-4.165455784442091691e-02
-5.707396176531483178e-02
8.008796899770003197e-01
5.522757825614389438e-01
7.316196055986684543e-01
-2.311422680121762718e-01
-2.311410143772001102e-01
-1.068257920828649565e+00
-1.068257920828649565e+00
-1.068257920828649565e+00
-1.068257920828649565e+00
-3.138299084074410161e-01
-3.138299084074410161e-01
-6.747453208179363671e-01
-6.747453208179363671e-01
-2.357894928687845060e-01
-9.068799406347036740e-01
-9.068799406347036740e-01
-3.827132184920301605e-01
-1.251234493109737667e+00
-1.238521722716993345e+00
-1.047790848274303910e+00
-1.052006366831850448e+00
-1.258815451744181635e+00
-4.745668537530114417e-01
-8.087563212697410076e-02
-2.341154485542049357e-01
2.184801202545202242e-02
2.239587900173595561e-02
-9.466746170251820469e-02
-9.466746170251820469e-02
-7.108052619100756198e-02
-1.058451418211081713e-01
-1.058451418211081713e-01
-1.058451418211081713e-01
-1.624409201952057014e-01
-1.621472846937452861e-01
-1.676635350141652825e-01
-1.676635350141652825e-01
-1.718826435264164398e-01
-1.721270453633587383e-01
-8.480137580895286131e-02
-8.479005747953746730e-02
-8.386407709942264588e-02
-8.386407709942264588e-02
-8.440123831792725739e-02
-1.024795450398388597e-01
-1.024795450398388597e-01
-1.024795450398388597e-01
-2.428467027543835532e-01
-1.377247088725890578e-01
-1.556240235870244570e-01
-1.568030387903946443e-01
-1.568030387903946443e-01
-1.569745873401999225e-01
-1.569745873401999225e-01
-5.507579725057627495e-01
-3.299150423611554861e-01
-3.299150423611554861e-01
-3.299150423611554861e-01
-2.359429206948435165e-01
-8.430534521434775996e-01
-4.924620656620703474e-01
-4.924620656620703474e-01
-4.921072869638183911e-01
-4.921072869638183911e-01
-4.921072869638183911e-01
-6.457802556440889186e-01
-6.457802556440889186e-01
-6.308886106793784032e-01
-6.308886106793784032e-01
-6.308886106793784032e-01
-6.308886106793784032e-01
-1.183070940451685704e+00
-1.140151379441211921e+00
-1.140151379441211921e+00
-1.140151379441211921e+00
-1.157084113097327505e+00
-1.157149757983351623e+00
-1.157149757983351623e+00
-9.103600883119192799e-01
-1.129723301809103075e+00
-8.846746462025103508e-01
-8.846746462025103508e-01
-1.159629447966187055e+00
-1.256757325013782456e+00
-1.256757325013782456e+00
-1.239636090243979583e+00
-1.240655181512777760e+00
-1.150445432097688458e+00
-6.031681628573692944e-02
-2.367272581299677617e-02
7.156477831517760180e-01
7.182068510219653534e-01
6.764490677339396463e-01
-1.338562762532133910e-01
-6.899866587117342576e-02
-6.842710804301055383e-02
7.915371462674258840e-02
1.272552612862669075e-01
1.272552612862669075e-01
1.272552612862669075e-01
2.187826380447037422e-01
2.300900551374737979e-01
4.236919246257832561e-01
-5.932331412859673941e-02
-7.662550527531204227e-04
-7.662550527531204227e-04
2.623369657286722112e-01
-6.469553354308436172e-03
-5.193796884945200282e-02
-1.997154483831635116e-02
-5.163520745519926125e-01
-6.436168805591007125e-01
-7.282573565926195869e-01
-7.064624566648931570e-01
-8.883715587637848188e-01
-8.703175056049061720e-01
-8.703175056049061720e-01
-1.320568826868702583e+00
-1.320568826868702583e+00
-1.320568826868702583e+00
-1.320568826868702583e+00
-4.247669451095405502e-01
-9.465121430831019422e-02
-9.489724017238068687e-02
