# Variable: dg_gbsa_00000033
# Sample shape: (2000,)
# Date: 2014-03-03 06:24:06.881531
-7.304645519183652347e-01
-7.304645519183652347e-01
-7.304645519183652347e-01
-7.304645519183652347e-01
-7.304645519183652347e-01
-7.304645519183652347e-01
-7.304645519183652347e-01
-7.304645519183652347e-01
-7.304645519183652347e-01
-7.304645519183652347e-01
-7.304645519183652347e-01
-7.304645519183652347e-01
-4.898147304928781032e-01
-4.898147304928781032e-01
-4.898147304928781032e-01
-4.898147304928781032e-01
-4.898147304928781032e-01
-4.898147304928781032e-01
-4.898147304928781032e-01
-4.898147304928781032e-01
-4.898147304928781032e-01
-4.898147304928781032e-01
-4.898147304928781032e-01
-4.817018317446881692e-01
-4.817018317446881692e-01
-4.817018317446881692e-01
-4.817018317446881692e-01
-4.817018317446881692e-01
-4.817018317446881692e-01
-4.817018317446881692e-01
-4.817018317446881692e-01
-4.817018317446881692e-01
-4.817018317446881692e-01
-5.840668258885808317e-01
-5.840668258885808317e-01
-5.840668258885808317e-01
-5.840668258885808317e-01
-5.840668258885808317e-01
-5.840668258885808317e-01
-5.840668258885808317e-01
-5.840668258885808317e-01
-5.840668258885808317e-01
-5.840668258885808317e-01
-5.840668258885808317e-01
-5.840668258885808317e-01
-5.900374903961531636e-01
-5.900374903961531636e-01
-5.900374903961531636e-01
-5.900374903961531636e-01
-5.900374903961531636e-01
-5.900374903961531636e-01
-5.900374903961531636e-01
-5.900374903961531636e-01
-5.900374903961531636e-01
-5.900374903961531636e-01
-5.900374903961531636e-01
-5.859146838434339255e-01
-5.859146838434339255e-01
-2.087324173910895808e-01
-2.087324173910895808e-01
-2.087324173910895808e-01
-2.087324173910895808e-01
-2.087324173910895808e-01
-2.087324173910895808e-01
-2.087324173910895808e-01
-2.087324173910895808e-01
-2.087324173910895808e-01
-2.087324173910895808e-01
-2.087324173910895808e-01
-2.087324173910895808e-01
-2.087324173910895808e-01
-2.087324173910895808e-01
-2.087324173910895808e-01
-2.087324173910895808e-01
-2.087324173910895808e-01
-2.087324173910895808e-01
-2.087324173910895808e-01
-2.087324173910895808e-01
-2.087324173910895808e-01
-3.497384018469494871e-01
-3.497384018469494871e-01
-3.497384018469494871e-01
-3.497384018469494871e-01
-3.497384018469494871e-01
-3.497384018469494871e-01
-3.497384018469494871e-01
-3.497384018469494871e-01
-3.497384018469494871e-01
-3.497384018469494871e-01
-3.164768162010732633e-01
-3.164768162010732633e-01
-3.164768162010732633e-01
-3.164768162010732633e-01
-3.164768162010732633e-01
-3.164768162010732633e-01
-3.164768162010732633e-01
-3.164768162010732633e-01
-3.164768162010732633e-01
-3.164768162010732633e-01
-3.164768162010732633e-01
-3.164768162010732633e-01
-3.164768162010732633e-01
-3.164768162010732633e-01
-3.164768162010732633e-01
-3.164768162010732633e-01
-3.164768162010732633e-01
-3.164768162010732633e-01
-3.164768162010732633e-01
-3.164768162010732633e-01
-3.164768162010732633e-01
-3.164768162010732633e-01
-3.164768162010732633e-01
-3.164768162010732633e-01
-3.164768162010732633e-01
-3.164768162010732633e-01
-3.164768162010732633e-01
-3.164768162010732633e-01
-3.164768162010732633e-01
-3.164768162010732633e-01
-3.164768162010732633e-01
-3.164768162010732633e-01
-3.164768162010732633e-01
-3.164768162010732633e-01
-3.164768162010732633e-01
-3.164768162010732633e-01
-3.164768162010732633e-01
-3.164768162010732633e-01
-3.164768162010732633e-01
-3.164768162010732633e-01
-3.164768162010732633e-01
-3.164768162010732633e-01
-3.164768162010732633e-01
-3.164768162010732633e-01
-3.164768162010732633e-01
-3.164768162010732633e-01
-3.164768162010732633e-01
-3.164768162010732633e-01
-3.164768162010732633e-01
-3.164768162010732633e-01
-3.164768162010732633e-01
-3.164768162010732633e-01
-3.164768162010732633e-01
-3.164768162010732633e-01
-3.164768162010732633e-01
-3.164768162010732633e-01
-3.164768162010732633e-01
-3.164768162010732633e-01
-3.164768162010732633e-01
-3.164768162010732633e-01
-3.164768162010732633e-01
-3.164768162010732633e-01
-3.164768162010732633e-01
-3.164768162010732633e-01
-3.164768162010732633e-01
-3.164768162010732633e-01
-3.164768162010732633e-01
-3.164768162010732633e-01
-3.164768162010732633e-01
-3.164768162010732633e-01
-3.164768162010732633e-01
-3.164768162010732633e-01
-3.164768162010732633e-01
-3.164768162010732633e-01
-3.164768162010732633e-01
-3.164768162010732633e-01
-3.164768162010732633e-01
-3.164768162010732633e-01
-3.164768162010732633e-01
-3.164768162010732633e-01
-3.164768162010732633e-01
-3.164768162010732633e-01
-3.164768162010732633e-01
-3.164768162010732633e-01
-3.164768162010732633e-01
-3.164768162010732633e-01
-3.164768162010732633e-01
-3.164768162010732633e-01
-3.164768162010732633e-01
-3.164768162010732633e-01
-3.164768162010732633e-01
-3.164768162010732633e-01
-3.164768162010732633e-01
-3.164768162010732633e-01
-3.164768162010732633e-01
-3.164768162010732633e-01
-3.164768162010732633e-01
-3.164768162010732633e-01
-3.164768162010732633e-01
-3.164768162010732633e-01
-3.164768162010732633e-01
-3.164768162010732633e-01
-3.164768162010732633e-01
-3.164768162010732633e-01
-3.164768162010732633e-01
-3.164768162010732633e-01
-3.164768162010732633e-01
-3.164768162010732633e-01
-3.164768162010732633e-01
-3.164768162010732633e-01
-3.164768162010732633e-01
-3.164768162010732633e-01
-3.154410003020248210e-01
-3.154410003020248210e-01
-3.154410003020248210e-01
-3.154410003020248210e-01
-3.154410003020248210e-01
-3.154410003020248210e-01
-3.154410003020248210e-01
-3.154410003020248210e-01
-3.402143944745765758e-01
-3.402143944745765758e-01
-3.402143944745765758e-01
-3.402143944745765758e-01
-3.402143944745765758e-01
-3.402143944745765758e-01
-3.402143944745765758e-01
-3.402143944745765758e-01
-3.402143944745765758e-01
-3.402143944745765758e-01
-3.402143944745765758e-01
-3.402143944745765758e-01
-3.402143944745765758e-01
-3.402143944745765758e-01
-3.402143944745765758e-01
-3.402143944745765758e-01
-3.402143944745765758e-01
-3.402143944745765758e-01
-3.402143944745765758e-01
-3.402143944745765758e-01
-3.402143944745765758e-01
-3.402143944745765758e-01
-2.383176757318339889e-01
-2.383176757318339889e-01
-2.383176757318339889e-01
-2.383176757318339889e-01
-2.383176757318339889e-01
-2.383176757318339889e-01
-2.383176757318339889e-01
-2.383176757318339889e-01
-2.383176757318339889e-01
-2.383176757318339889e-01
-2.383176757318339889e-01
-2.383176757318339889e-01
-2.383176757318339889e-01
-2.383176757318339889e-01
-2.383176757318339889e-01
-2.383176757318339889e-01
-2.383176757318339889e-01
-2.383176757318339889e-01
-2.383176757318339889e-01
-2.383176757318339889e-01
-2.383176757318339889e-01
-2.383176757318339889e-01
-2.383176757318339889e-01
-2.383176757318339889e-01
-2.383176757318339889e-01
-2.383176757318339889e-01
-2.383176757318339889e-01
-2.383176757318339889e-01
-2.383176757318339889e-01
-2.669162663629360277e-01
-2.669162663629360277e-01
-2.669162663629360277e-01
-2.669162663629360277e-01
-2.669162663629360277e-01
-2.669162663629360277e-01
-2.669162663629360277e-01
-2.669162663629360277e-01
-2.669162663629360277e-01
-2.669162663629360277e-01
-2.669162663629360277e-01
-2.669162663629360277e-01
-2.669162663629360277e-01
-2.669162663629360277e-01
-2.669162663629360277e-01
-2.669162663629360277e-01
-2.669162663629360277e-01
-2.669162663629360277e-01
-2.669162663629360277e-01
-2.669162663629360277e-01
-2.669162663629360277e-01
-2.669162663629360277e-01
-2.669162663629360277e-01
-2.669162663629360277e-01
-2.669162663629360277e-01
-2.669162663629360277e-01
-2.669162663629360277e-01
-2.669162663629360277e-01
-2.669162663629360277e-01
-2.669162663629360277e-01
-2.669162663629360277e-01
-2.669162663629360277e-01
-2.669162663629360277e-01
-2.669162663629360277e-01
-2.669162663629360277e-01
-2.669162663629360277e-01
-2.669162663629360277e-01
-2.669162663629360277e-01
-2.669162663629360277e-01
-2.669162663629360277e-01
-2.669162663629360277e-01
-2.669162663629360277e-01
-2.669162663629360277e-01
-2.669162663629360277e-01
-2.669162663629360277e-01
-2.669162663629360277e-01
-2.669162663629360277e-01
-2.669162663629360277e-01
-2.669162663629360277e-01
-2.669162663629360277e-01
-2.669162663629360277e-01
-3.000824902755124257e-01
-3.000824902755124257e-01
-3.000824902755124257e-01
-3.000824902755124257e-01
-3.000824902755124257e-01
-3.000824902755124257e-01
-3.000824902755124257e-01
-3.000824902755124257e-01
-3.000824902755124257e-01
-3.000824902755124257e-01
-3.000824902755124257e-01
-3.000824902755124257e-01
-3.000824902755124257e-01
-3.000824902755124257e-01
-3.000824902755124257e-01
-3.000824902755124257e-01
-3.000824902755124257e-01
-3.000824902755124257e-01
-3.000824902755124257e-01
-3.000824902755124257e-01
-3.000824902755124257e-01
-3.000824902755124257e-01
-3.000824902755124257e-01
-3.000824902755124257e-01
-3.000824902755124257e-01
-3.000824902755124257e-01
-3.000824902755124257e-01
-3.000824902755124257e-01
-3.672880948615575569e-01
-3.672880948615575569e-01
-3.672880948615575569e-01
-3.672880948615575569e-01
-3.672880948615575569e-01
-3.672880948615575569e-01
-3.672880948615575569e-01
-3.672880948615575569e-01
-1.266465502760834305e-01
-1.266465502760834305e-01
-1.266465502760834305e-01
-1.266465502760834305e-01
-1.266465502760834305e-01
-1.266465502760834305e-01
-1.266465502760834305e-01
-1.266465502760834305e-01
-1.266465502760834305e-01
-1.266465502760834305e-01
-1.266465502760834305e-01
-1.266465502760834305e-01
-1.333532552190310194e-01
-1.333532552190310194e-01
-1.333532552190310194e-01
-1.333532552190310194e-01
-1.333532552190310194e-01
-1.333532552190310194e-01
-2.071833661819734995e-01
-2.071833661819734995e-01
-2.071833661819734995e-01
-2.071833661819734995e-01
-2.071833661819734995e-01
-2.071833661819734995e-01
-2.071833661819734995e-01
-2.071833661819734995e-01
-2.071833661819734995e-01
-2.071833661819734995e-01
-2.071833661819734995e-01
-2.071833661819734995e-01
-2.071833661819734995e-01
-2.071833661819734995e-01
-2.071833661819734995e-01
-2.071833661819734995e-01
-2.071833661819734995e-01
-2.071833661819734995e-01
-2.071833661819734995e-01
-2.071833661819734995e-01
-2.071833661819734995e-01
-2.071833661819734995e-01
-2.071833661819734995e-01
-2.071833661819734995e-01
-2.071833661819734995e-01
-2.071833661819734995e-01
-2.071833661819734995e-01
-2.071833661819734995e-01
-2.071833661819734995e-01
-2.071833661819734995e-01
-2.071833661819734995e-01
-2.071833661819734995e-01
-2.071833661819734995e-01
-2.251329687539751490e-01
-2.543351276426880636e-01
-2.543351276426880636e-01
-2.543351276426880636e-01
-2.543351276426880636e-01
-2.543351276426880636e-01
-2.543351276426880636e-01
-2.543351276426880636e-01
-2.543351276426880636e-01
-2.543351276426880636e-01
-2.543351276426880636e-01
-2.543351276426880636e-01
-2.543351276426880636e-01
-2.543351276426880636e-01
-2.543351276426880636e-01
-2.543351276426880636e-01
-2.543351276426880636e-01
-2.543351276426880636e-01
-2.543351276426880636e-01
-2.543351276426880636e-01
-2.543351276426880636e-01
-2.543351276426880636e-01
-2.543351276426880636e-01
-2.543351276426880636e-01
-2.543351276426880636e-01
-2.543351276426880636e-01
-2.543351276426880636e-01
-2.543351276426880636e-01
-2.543351276426880636e-01
-2.543351276426880636e-01
-2.543351276426880636e-01
-2.543351276426880636e-01
-2.543351276426880636e-01
-2.543351276426880636e-01
-2.543351276426880636e-01
-2.543351276426880636e-01
-2.543351276426880636e-01
-2.543351276426880636e-01
-2.543351276426880636e-01
-2.543351276426880636e-01
-2.543351276426880636e-01
-2.543351276426880636e-01
-2.543351276426880636e-01
-2.543351276426880636e-01
-2.543351276426880636e-01
-2.543351276426880636e-01
-2.543351276426880636e-01
-2.355545360317193582e-01
-2.355545360317193582e-01
-2.355545360317193582e-01
-2.355545360317193582e-01
-2.355545360317193582e-01
-2.355545360317193582e-01
-2.355545360317193582e-01
-2.355545360317193582e-01
-2.355545360317193582e-01
-2.355545360317193582e-01
-2.355545360317193582e-01
-2.355545360317193582e-01
-2.355545360317193582e-01
-2.355545360317193582e-01
-1.537460926385955939e-01
-1.537460926385955939e-01
-1.537460926385955939e-01
-1.537460926385955939e-01
-1.537460926385955939e-01
-1.537460926385955939e-01
-1.537460926385955939e-01
-1.537460926385955939e-01
-1.537460926385955939e-01
-1.537460926385955939e-01
-1.537460926385955939e-01
-1.537460926385955939e-01
-1.537460926385955939e-01
-1.537460926385955939e-01
-1.537460926385955939e-01
-1.537460926385955939e-01
-1.537460926385955939e-01
-1.537460926385955939e-01
-1.537460926385955939e-01
-1.537460926385955939e-01
-1.537460926385955939e-01
-1.537460926385955939e-01
-1.537460926385955939e-01
-1.537460926385955939e-01
-1.537460926385955939e-01
-1.537460926385955939e-01
-1.537460926385955939e-01
-1.537460926385955939e-01
-1.537460926385955939e-01
-1.537460926385955939e-01
-1.690311225604828604e-01
-1.690311225604828604e-01
-1.690311225604828604e-01
-1.690311225604828604e-01
-1.690311225604828604e-01
-1.690311225604828604e-01
-1.690311225604828604e-01
-1.690311225604828604e-01
-1.690311225604828604e-01
-1.690311225604828604e-01
-1.690311225604828604e-01
-1.690311225604828604e-01
-1.690311225604828604e-01
-2.447692944488379374e-01
-2.447692944488379374e-01
-2.447692944488379374e-01
-2.447692944488379374e-01
-2.447692944488379374e-01
-2.447692944488379374e-01
-2.447692944488379374e-01
-2.447692944488379374e-01
-2.447692944488379374e-01
-2.447692944488379374e-01
-2.447692944488379374e-01
-2.447692944488379374e-01
-2.447692944488379374e-01
-2.447692944488379374e-01
-2.447692944488379374e-01
-2.447692944488379374e-01
-2.447692944488379374e-01
-2.447692944488379374e-01
-2.447692944488379374e-01
-2.447692944488379374e-01
-2.447692944488379374e-01
-2.447692944488379374e-01
-2.447692944488379374e-01
-2.447692944488379374e-01
-2.447692944488379374e-01
-2.447692944488379374e-01
-2.447692944488379374e-01
-2.447692944488379374e-01
-2.447692944488379374e-01
-2.447692944488379374e-01
-2.447692944488379374e-01
-2.447692944488379374e-01
-2.447692944488379374e-01
-2.447692944488379374e-01
-2.447692944488379374e-01
-2.447692944488379374e-01
-2.447692944488379374e-01
-2.447692944488379374e-01
-2.447692944488379374e-01
-2.447692944488379374e-01
-2.447692944488379374e-01
-2.447692944488379374e-01
-2.447692944488379374e-01
-2.447692944488379374e-01
-2.447692944488379374e-01
-2.447692944488379374e-01
-2.447692944488379374e-01
-2.447692944488379374e-01
-2.447692944488379374e-01
-2.447692944488379374e-01
-2.447692944488379374e-01
-2.447692944488379374e-01
-2.447692944488379374e-01
-2.447692944488379374e-01
-2.447692944488379374e-01
-2.447692944488379374e-01
-2.447692944488379374e-01
-2.447692944488379374e-01
-2.447692944488379374e-01
-2.447692944488379374e-01
-2.447692944488379374e-01
-2.447692944488379374e-01
-2.447692944488379374e-01
-2.447692944488379374e-01
-2.447692944488379374e-01
-2.447692944488379374e-01
-2.447692944488379374e-01
-2.447692944488379374e-01
-2.447692944488379374e-01
-2.447692944488379374e-01
-2.447692944488379374e-01
-2.447692944488379374e-01
-2.447692944488379374e-01
-2.447692944488379374e-01
-2.447692944488379374e-01
-2.447692944488379374e-01
-2.447692944488379374e-01
-2.447692944488379374e-01
-2.447692944488379374e-01
-2.447692944488379374e-01
-2.447692944488379374e-01
-2.447692944488379374e-01
-2.447692944488379374e-01
-2.447692944488379374e-01
-2.447692944488379374e-01
-2.447692944488379374e-01
-2.447692944488379374e-01
-2.447692944488379374e-01
-2.447692944488379374e-01
-2.447692944488379374e-01
-2.447692944488379374e-01
-2.447692944488379374e-01
-2.447692944488379374e-01
-2.447692944488379374e-01
-2.447692944488379374e-01
-2.447692944488379374e-01
-1.671468237162092030e-01
-1.671468237162092030e-01
-1.671468237162092030e-01
-1.671468237162092030e-01
-1.671468237162092030e-01
-1.671468237162092030e-01
-1.671468237162092030e-01
-1.671468237162092030e-01
-1.671468237162092030e-01
-1.671468237162092030e-01
-1.671468237162092030e-01
-1.671468237162092030e-01
-1.671468237162092030e-01
-1.671468237162092030e-01
-1.671468237162092030e-01
-1.671468237162092030e-01
-1.671468237162092030e-01
-1.671468237162092030e-01
-1.671468237162092030e-01
-1.671468237162092030e-01
-1.671468237162092030e-01
-1.671468237162092030e-01
-1.671468237162092030e-01
-1.671468237162092030e-01
-1.890191640954172470e-01
-1.890191640954172470e-01
-1.890191640954172470e-01
-1.890191640954172470e-01
-1.890191640954172470e-01
-1.890191640954172470e-01
-1.890191640954172470e-01
-1.890191640954172470e-01
-1.890191640954172470e-01
-1.890191640954172470e-01
-1.890191640954172470e-01
-1.890191640954172470e-01
-1.890191640954172470e-01
-1.890191640954172470e-01
-1.890191640954172470e-01
-1.890191640954172470e-01
-1.890191640954172470e-01
-1.890191640954172470e-01
-1.890191640954172470e-01
-1.890191640954172470e-01
-1.890191640954172470e-01
-1.643001748316602340e-01
-1.643001748316602340e-01
-1.643001748316602340e-01
-1.643001748316602340e-01
-1.643001748316602340e-01
-1.643001748316602340e-01
-1.643001748316602340e-01
-1.643001748316602340e-01
-1.643001748316602340e-01
-1.643001748316602340e-01
-1.643001748316602340e-01
-1.643001748316602340e-01
-1.643001748316602340e-01
-1.643001748316602340e-01
-1.643001748316602340e-01
-1.643001748316602340e-01
-1.643001748316602340e-01
-1.643001748316602340e-01
-1.643001748316602340e-01
-1.643001748316602340e-01
-1.643001748316602340e-01
-1.643001748316602340e-01
-1.643001748316602340e-01
-1.643001748316602340e-01
-1.643001748316602340e-01
-1.643001748316602340e-01
-1.643001748316602340e-01
-1.643001748316602340e-01
-1.643001748316602340e-01
-1.643001748316602340e-01
-1.643001748316602340e-01
-1.643001748316602340e-01
-1.643001748316602340e-01
-1.643001748316602340e-01
-1.643001748316602340e-01
-1.643001748316602340e-01
-1.643001748316602340e-01
-1.643001748316602340e-01
-1.643001748316602340e-01
-1.643001748316602340e-01
-1.643001748316602340e-01
-1.643001748316602340e-01
-1.643001748316602340e-01
-1.643001748316602340e-01
-1.643001748316602340e-01
-1.643001748316602340e-01
-1.643001748316602340e-01
-1.643001748316602340e-01
-1.643001748316602340e-01
-1.643001748316602340e-01
-1.643001748316602340e-01
-1.643001748316602340e-01
-1.643001748316602340e-01
-1.643001748316602340e-01
-1.643001748316602340e-01
-1.643001748316602340e-01
-1.643001748316602340e-01
-1.643001748316602340e-01
-1.643001748316602340e-01
-1.643001748316602340e-01
-1.643001748316602340e-01
-1.643001748316602340e-01
-1.643001748316602340e-01
-1.643001748316602340e-01
-1.643001748316602340e-01
-1.643001748316602340e-01
-1.643001748316602340e-01
-1.643001748316602340e-01
-1.643001748316602340e-01
-1.643001748316602340e-01
-1.643001748316602340e-01
-1.643001748316602340e-01
-1.643001748316602340e-01
-1.643001748316602340e-01
-1.643001748316602340e-01
-1.643001748316602340e-01
-1.643001748316602340e-01
-1.643001748316602340e-01
-1.643001748316602340e-01
-1.643001748316602340e-01
-1.643001748316602340e-01
-1.643001748316602340e-01
-1.643001748316602340e-01
-1.643001748316602340e-01
-1.643001748316602340e-01
-1.643001748316602340e-01
-1.643001748316602340e-01
-1.643001748316602340e-01
-1.643001748316602340e-01
-1.643001748316602340e-01
-1.643001748316602340e-01
-1.120715549867422056e-01
-1.120715549867422056e-01
-1.120715549867422056e-01
-1.120715549867422056e-01
-1.120715549867422056e-01
-1.120715549867422056e-01
-1.120715549867422056e-01
-1.120715549867422056e-01
-1.120715549867422056e-01
-1.120715549867422056e-01
-1.120715549867422056e-01
-1.120715549867422056e-01
-1.120715549867422056e-01
-1.120715549867422056e-01
-1.120715549867422056e-01
-1.120715549867422056e-01
-1.120715549867422056e-01
-1.120715549867422056e-01
-1.120715549867422056e-01
-1.120715549867422056e-01
-1.120715549867422056e-01
-1.120715549867422056e-01
-1.120715549867422056e-01
-1.120715549867422056e-01
-1.120715549867422056e-01
-1.120715549867422056e-01
-1.120715549867422056e-01
-1.120715549867422056e-01
-1.120715549867422056e-01
-1.120715549867422056e-01
-1.120715549867422056e-01
-1.120715549867422056e-01
-1.120715549867422056e-01
-1.120715549867422056e-01
-1.120715549867422056e-01
-1.120715549867422056e-01
-1.120715549867422056e-01
-1.120715549867422056e-01
-1.120715549867422056e-01
-1.120715549867422056e-01
-1.120715549867422056e-01
-1.120715549867422056e-01
-1.120715549867422056e-01
-1.120715549867422056e-01
-1.120715549867422056e-01
-1.120715549867422056e-01
-1.120715549867422056e-01
-1.120715549867422056e-01
-1.120715549867422056e-01
-1.543885520721712534e-01
-1.543885520721712534e-01
-1.543885520721712534e-01
-1.543885520721712534e-01
-1.543885520721712534e-01
-1.543885520721712534e-01
-1.543885520721712534e-01
-1.543885520721712534e-01
-1.543885520721712534e-01
-1.543885520721712534e-01
-1.543885520721712534e-01
-1.543885520721712534e-01
-1.543885520721712534e-01
-1.543885520721712534e-01
-1.543885520721712534e-01
-1.543885520721712534e-01
-1.543885520721712534e-01
-1.543885520721712534e-01
-1.543885520721712534e-01
-1.543885520721712534e-01
-1.543885520721712534e-01
-1.543885520721712534e-01
-1.543885520721712534e-01
-1.543885520721712534e-01
-1.543885520721712534e-01
-1.543885520721712534e-01
-1.543885520721712534e-01
-1.543885520721712534e-01
-1.543885520721712534e-01
-1.543885520721712534e-01
-1.230796596060291515e-01
-1.230796596060291515e-01
-1.230796596060291515e-01
-1.230796596060291515e-01
-1.230796596060291515e-01
-1.230796596060291515e-01
-1.230796596060291515e-01
-1.230796596060291515e-01
-1.230796596060291515e-01
-1.230796596060291515e-01
-1.230796596060291515e-01
-1.230796596060291515e-01
-1.230796596060291515e-01
-1.230796596060291515e-01
-1.230796596060291515e-01
-1.230796596060291515e-01
-1.230796596060291515e-01
-1.230796596060291515e-01
-1.230796596060291515e-01
-1.230796596060291515e-01
-1.230796596060291515e-01
-1.230796596060291515e-01
-1.524911612899080005e-01
-1.519961606704026136e-01
-1.519961606704026136e-01
-1.275528571345838080e-01
-1.275528571345838080e-01
-1.275528571345838080e-01
-1.275528571345838080e-01
-1.275528571345838080e-01
-1.275528571345838080e-01
-1.275528571345838080e-01
-1.275528571345838080e-01
-1.275528571345838080e-01
-1.275528571345838080e-01
-1.275528571345838080e-01
-1.275528571345838080e-01
-1.275528571345838080e-01
-1.275528571345838080e-01
-1.275528571345838080e-01
-1.275528571345838080e-01
-1.275528571345838080e-01
-1.275528571345838080e-01
-1.275528571345838080e-01
-1.275528571345838080e-01
-1.275528571345838080e-01
-1.275528571345838080e-01
-1.275528571345838080e-01
-1.275528571345838080e-01
-1.275528571345838080e-01
-1.275528571345838080e-01
-1.275528571345838080e-01
-1.275528571345838080e-01
-1.275528571345838080e-01
-1.275528571345838080e-01
-1.275528571345838080e-01
-1.275528571345838080e-01
-1.275528571345838080e-01
-1.275528571345838080e-01
-1.275528571345838080e-01
-1.275528571345838080e-01
-1.275528571345838080e-01
-1.275528571345838080e-01
-1.275528571345838080e-01
-1.275528571345838080e-01
-1.275528571345838080e-01
-1.275528571345838080e-01
-1.275528571345838080e-01
-1.275528571345838080e-01
-1.275528571345838080e-01
-1.275528571345838080e-01
-1.275528571345838080e-01
-1.275528571345838080e-01
-1.275528571345838080e-01
-1.275528571345838080e-01
-1.275528571345838080e-01
-1.275528571345838080e-01
-1.275528571345838080e-01
-1.275528571345838080e-01
-1.275528571345838080e-01
-1.275528571345838080e-01
-1.275528571345838080e-01
-1.275528571345838080e-01
-1.275528571345838080e-01
-1.275528571345838080e-01
-1.275528571345838080e-01
-1.275528571345838080e-01
-1.275528571345838080e-01
-1.275528571345838080e-01
-1.275528571345838080e-01
-1.275528571345838080e-01
-1.275528571345838080e-01
-1.275528571345838080e-01
-1.275528571345838080e-01
-1.275528571345838080e-01
-1.275528571345838080e-01
-1.275528571345838080e-01
-1.275528571345838080e-01
-1.275528571345838080e-01
-1.275528571345838080e-01
-1.275528571345838080e-01
-1.275528571345838080e-01
-1.275528571345838080e-01
-1.275528571345838080e-01
-1.275528571345838080e-01
-1.275528571345838080e-01
-1.275528571345838080e-01
-1.275528571345838080e-01
-1.275528571345838080e-01
-1.275528571345838080e-01
-1.275528571345838080e-01
-1.275528571345838080e-01
-1.275528571345838080e-01
-1.275528571345838080e-01
-1.275528571345838080e-01
-1.275528571345838080e-01
-1.275528571345838080e-01
-1.275528571345838080e-01
-1.275528571345838080e-01
-1.275528571345838080e-01
-1.275528571345838080e-01
-1.275528571345838080e-01
-1.275528571345838080e-01
-1.275528571345838080e-01
-1.275528571345838080e-01
-1.275528571345838080e-01
-1.275528571345838080e-01
-1.275528571345838080e-01
-1.275528571345838080e-01
-1.275528571345838080e-01
-1.275528571345838080e-01
-1.275528571345838080e-01
-9.539694192304665199e-02
-9.539694192304665199e-02
-9.539694192304665199e-02
-9.539694192304665199e-02
-9.539694192304665199e-02
-9.539694192304665199e-02
-9.539694192304665199e-02
-9.539694192304665199e-02
-9.539694192304665199e-02
-9.539694192304665199e-02
-9.539694192304665199e-02
-9.539694192304665199e-02
-9.539694192304665199e-02
-9.539694192304665199e-02
-9.539694192304665199e-02
-9.539694192304665199e-02
-9.539694192304665199e-02
-9.539694192304665199e-02
-9.539694192304665199e-02
-9.539694192304665199e-02
-9.539694192304665199e-02
-9.539694192304665199e-02
-9.539694192304665199e-02
-9.539694192304665199e-02
-9.539694192304665199e-02
-9.539694192304665199e-02
-9.539694192304665199e-02
-9.539694192304665199e-02
-9.539694192304665199e-02
-9.539694192304665199e-02
-9.539694192304665199e-02
-9.539694192304665199e-02
-9.539694192304665199e-02
-9.539694192304665199e-02
-9.539694192304665199e-02
-9.539694192304665199e-02
-9.539694192304665199e-02
-9.539694192304665199e-02
-9.539694192304665199e-02
-9.539694192304665199e-02
-9.539694192304665199e-02
-9.539694192304665199e-02
-9.539694192304665199e-02
-9.539694192304665199e-02
-9.539694192304665199e-02
-9.539694192304665199e-02
-9.539694192304665199e-02
-9.539694192304665199e-02
-9.539694192304665199e-02
-9.539694192304665199e-02
-9.539694192304665199e-02
-9.539694192304665199e-02
-9.539694192304665199e-02
-9.539694192304665199e-02
-9.539694192304665199e-02
-9.539694192304665199e-02
-9.539694192304665199e-02
-9.539694192304665199e-02
-9.539694192304665199e-02
-9.530768453732958723e-02
-9.530768453732958723e-02
-9.530768453732958723e-02
-9.530768453732958723e-02
-9.530768453732958723e-02
-9.530768453732958723e-02
-9.530768453732958723e-02
-9.530768453732958723e-02
-9.530768453732958723e-02
-9.530768453732958723e-02
-9.530768453732958723e-02
-9.530768453732958723e-02
-9.530768453732958723e-02
-9.530768453732958723e-02
-9.530768453732958723e-02
-9.530768453732958723e-02
-9.530768453732958723e-02
-9.530768453732958723e-02
-9.530768453732958723e-02
-9.530768453732958723e-02
-1.149625725773506801e-01
-1.149625725773506801e-01
-1.149625725773506801e-01
-1.149625725773506801e-01
-1.149625725773506801e-01
-1.149625725773506801e-01
-1.149625725773506801e-01
-1.149625725773506801e-01
-1.149625725773506801e-01
-1.149625725773506801e-01
-1.149625725773506801e-01
-1.149625725773506801e-01
-1.149625725773506801e-01
-1.149625725773506801e-01
-1.149625725773506801e-01
-1.149625725773506801e-01
-1.149625725773506801e-01
-1.149625725773506801e-01
-1.149625725773506801e-01
-1.149625725773506801e-01
-1.149625725773506801e-01
-1.149625725773506801e-01
-1.149625725773506801e-01
-1.149625725773506801e-01
-1.149625725773506801e-01
-1.149625725773506801e-01
-1.149625725773506801e-01
-1.149625725773506801e-01
-1.149625725773506801e-01
-1.149625725773506801e-01
-1.149625725773506801e-01
-1.149625725773506801e-01
-1.149625725773506801e-01
-1.149625725773506801e-01
-1.149625725773506801e-01
-1.149625725773506801e-01
-1.149625725773506801e-01
-1.149625725773506801e-01
-1.149625725773506801e-01
-1.149625725773506801e-01
-1.149625725773506801e-01
-1.149625725773506801e-01
-1.149625725773506801e-01
-1.149625725773506801e-01
-1.149625725773506801e-01
-1.149625725773506801e-01
-1.149625725773506801e-01
-1.149625725773506801e-01
-1.149625725773506801e-01
-1.149625725773506801e-01
-1.149625725773506801e-01
-1.149625725773506801e-01
-1.149625725773506801e-01
-1.149625725773506801e-01
-1.149625725773506801e-01
-1.149625725773506801e-01
-1.149625725773506801e-01
-1.149625725773506801e-01
-1.149625725773506801e-01
-1.149625725773506801e-01
-1.149625725773506801e-01
-1.149625725773506801e-01
-1.149625725773506801e-01
-1.149625725773506801e-01
-1.149625725773506801e-01
-1.093251114251736628e-01
-1.093251114251736628e-01
-1.093251114251736628e-01
-1.093251114251736628e-01
-1.093251114251736628e-01
-1.093251114251736628e-01
-1.093251114251736628e-01
-1.093251114251736628e-01
-1.093251114251736628e-01
-1.093251114251736628e-01
-1.093251114251736628e-01
-1.093251114251736628e-01
-1.093251114251736628e-01
-1.093251114251736628e-01
-1.093251114251736628e-01
-1.093251114251736628e-01
-1.093251114251736628e-01
-1.093251114251736628e-01
-1.093251114251736628e-01
-1.093251114251736628e-01
-1.093251114251736628e-01
-1.093251114251736628e-01
-1.093251114251736628e-01
-1.093251114251736628e-01
-1.093251114251736628e-01
-1.093251114251736628e-01
-1.093251114251736628e-01
-1.093251114251736628e-01
-1.093251114251736628e-01
-1.093251114251736628e-01
-1.093251114251736628e-01
-1.093251114251736628e-01
-1.093251114251736628e-01
-1.093251114251736628e-01
-1.093251114251736628e-01
-1.093251114251736628e-01
-1.093251114251736628e-01
-1.093251114251736628e-01
-1.093251114251736628e-01
-1.093251114251736628e-01
-1.093251114251736628e-01
-1.093251114251736628e-01
-1.093251114251736628e-01
-1.093251114251736628e-01
-1.093251114251736628e-01
-1.093251114251736628e-01
-1.093251114251736628e-01
-1.093251114251736628e-01
-1.093251114251736628e-01
-1.093251114251736628e-01
-1.093251114251736628e-01
-1.093251114251736628e-01
-1.093251114251736628e-01
-1.093251114251736628e-01
-1.093251114251736628e-01
-1.093251114251736628e-01
-1.093251114251736628e-01
-1.093251114251736628e-01
-1.093251114251736628e-01
-1.093251114251736628e-01
-1.093251114251736628e-01
-1.093251114251736628e-01
-1.093251114251736628e-01
-1.093251114251736628e-01
-1.093251114251736628e-01
-1.093251114251736628e-01
-1.093251114251736628e-01
-1.093251114251736628e-01
-1.093251114251736628e-01
-1.093251114251736628e-01
-1.093251114251736628e-01
-1.093251114251736628e-01
-1.093251114251736628e-01
-1.093251114251736628e-01
-1.093251114251736628e-01
-1.093251114251736628e-01
-1.093251114251736628e-01
-1.093251114251736628e-01
-1.093251114251736628e-01
-1.093251114251736628e-01
-1.093251114251736628e-01
-1.093251114251736628e-01
-1.093251114251736628e-01
-1.093251114251736628e-01
-1.093251114251736628e-01
-1.093251114251736628e-01
-1.093251114251736628e-01
-1.093251114251736628e-01
-1.093251114251736628e-01
-1.093251114251736628e-01
-1.093251114251736628e-01
-1.093251114251736628e-01
-1.093251114251736628e-01
-1.093251114251736628e-01
-1.093251114251736628e-01
-1.093251114251736628e-01
-1.093251114251736628e-01
-1.093251114251736628e-01
-1.093251114251736628e-01
-1.093251114251736628e-01
-1.093251114251736628e-01
-1.093251114251736628e-01
-1.093251114251736628e-01
-1.093251114251736628e-01
-1.093251114251736628e-01
-1.093251114251736628e-01
-1.093251114251736628e-01
-1.093251114251736628e-01
-1.093251114251736628e-01
-1.093251114251736628e-01
-1.093251114251736628e-01
-1.093251114251736628e-01
-1.093251114251736628e-01
-1.093251114251736628e-01
-1.093251114251736628e-01
-1.093251114251736628e-01
-1.093251114251736628e-01
-1.093251114251736628e-01
-1.121563178061527194e-01
-1.121563178061527194e-01
-1.121563178061527194e-01
-1.121563178061527194e-01
-1.121563178061527194e-01
-1.121563178061527194e-01
-1.068443245117340623e-01
-1.068443245117340623e-01
-1.068443245117340623e-01
-1.068443245117340623e-01
-1.068443245117340623e-01
-7.005161240725397975e-02
-7.005161240725397975e-02
-7.005161240725397975e-02
-6.913924393872684926e-02
-6.913924393872684926e-02
-6.913924393872684926e-02
-6.913924393872684926e-02
-6.913924393872684926e-02
-6.913924393872684926e-02
-6.913924393872684926e-02
-6.913924393872684926e-02
-6.913924393872684926e-02
-6.913924393872684926e-02
-6.913924393872684926e-02
-6.913924393872684926e-02
-6.913924393872684926e-02
-6.913924393872684926e-02
-6.913924393872684926e-02
-6.430942999701198814e-02
-6.430942999701198814e-02
-6.430942999701198814e-02
-1.162993107311584284e-01
-1.162993107311584284e-01
-1.162993107311584284e-01
-1.162993107311584284e-01
-1.162993107311584284e-01
-1.162993107311584284e-01
-1.162993107311584284e-01
-1.162993107311584284e-01
-1.162993107311584284e-01
-1.162993107311584284e-01
-1.319938732834664563e-01
-1.071027371441201081e-01
-1.071027371441201081e-01
-1.071027371441201081e-01
-1.071027371441201081e-01
-1.071027371441201081e-01
-1.071027371441201081e-01
-1.071027371441201081e-01
-1.071027371441201081e-01
-1.071027371441201081e-01
-1.071027371441201081e-01
-1.071027371441201081e-01
-1.071027371441201081e-01
-1.071027371441201081e-01
-1.071027371441201081e-01
-1.071027371441201081e-01
-1.071027371441201081e-01
-8.094339964494649819e-02
-8.094339964494649819e-02
-8.094339964494649819e-02
-8.094339964494649819e-02
-8.094339964494649819e-02
-8.094339964494649819e-02
-8.094339964494649819e-02
-8.094339964494649819e-02
-8.094339964494649819e-02
-8.094339964494649819e-02
-8.094339964494649819e-02
-8.094339964494649819e-02
-8.094339964494649819e-02
-8.094339964494649819e-02
-8.094339964494649819e-02
-8.094339964494649819e-02
-8.094339964494649819e-02
-8.094339964494649819e-02
-8.094339964494649819e-02
-8.094339964494649819e-02
-8.094339964494649819e-02
-8.094339964494649819e-02
-8.094339964494649819e-02
-8.094339964494649819e-02
-8.094339964494649819e-02
-8.094339964494649819e-02
-8.094339964494649819e-02
-8.094339964494649819e-02
-8.094339964494649819e-02
-8.094339964494649819e-02
-6.886550276958691708e-02
-6.886550276958691708e-02
-6.886550276958691708e-02
-6.886550276958691708e-02
-6.886550276958691708e-02
-6.886550276958691708e-02
-6.886550276958691708e-02
-6.886550276958691708e-02
-6.886550276958691708e-02
-6.886550276958691708e-02
-6.886550276958691708e-02
-6.886550276958691708e-02
-6.886550276958691708e-02
-7.967274087564894802e-02
-7.967274087564894802e-02
-7.967274087564894802e-02
-7.967274087564894802e-02
-7.967274087564894802e-02
-7.967274087564894802e-02
-7.967274087564894802e-02
-7.967274087564894802e-02
-7.967274087564894802e-02
-7.967274087564894802e-02
-7.967274087564894802e-02
-7.967274087564894802e-02
-7.967274087564894802e-02
-7.967274087564894802e-02
-7.967274087564894802e-02
-7.967274087564894802e-02
-7.967274087564894802e-02
-7.967274087564894802e-02
-7.967274087564894802e-02
-7.967274087564894802e-02
-7.967274087564894802e-02
-7.967274087564894802e-02
-7.967274087564894802e-02
-7.967274087564894802e-02
-7.967274087564894802e-02
-7.967274087564894802e-02
-7.967274087564894802e-02
-7.967274087564894802e-02
-7.967274087564894802e-02
-7.967274087564894802e-02
-7.967274087564894802e-02
-7.967274087564894802e-02
-7.967274087564894802e-02
-7.967274087564894802e-02
-7.967274087564894802e-02
-7.967274087564894802e-02
-7.967274087564894802e-02
-7.967274087564894802e-02
-7.967274087564894802e-02
-7.967274087564894802e-02
-7.967274087564894802e-02
-7.967274087564894802e-02
-7.967274087564894802e-02
-7.967274087564894802e-02
-7.967274087564894802e-02
-7.967274087564894802e-02
-1.319225443024936162e-01
-1.319225443024936162e-01
-1.319225443024936162e-01
-1.187223876981388648e-01
-1.187223876981388648e-01
-1.187223876981388648e-01
-1.187223876981388648e-01
-1.187223876981388648e-01
-1.187223876981388648e-01
-1.187223876981388648e-01
-1.187223876981388648e-01
-1.187223876981388648e-01
-1.187223876981388648e-01
-1.187223876981388648e-01
-1.187223876981388648e-01
-1.187223876981388648e-01
-1.187223876981388648e-01
-1.187223876981388648e-01
-1.187223876981388648e-01
-1.187223876981388648e-01
-1.187223876981388648e-01
-1.187223876981388648e-01
-1.187223876981388648e-01
-1.187223876981388648e-01
-1.187223876981388648e-01
-1.187223876981388648e-01
-1.187223876981388648e-01
-1.187223876981388648e-01
-1.187223876981388648e-01
-1.187223876981388648e-01
-1.187223876981388648e-01
-1.187223876981388648e-01
-1.187223876981388648e-01
-1.610548272871378528e-01
-1.610548272871378528e-01
-1.610548272871378528e-01
-1.610548272871378528e-01
-1.610548272871378528e-01
-1.610548272871378528e-01
-1.610548272871378528e-01
-1.400333346645873112e-01
-1.400333346645873112e-01
-1.400333346645873112e-01
-1.400333346645873112e-01
-1.236550780600844945e-01
-1.236550780600844945e-01
-1.236550780600844945e-01
-1.236550780600844945e-01
-1.236550780600844945e-01
-1.236550780600844945e-01
-1.236550780600844945e-01
-5.680010662935887356e-02
-5.680010662935887356e-02
-5.680010662935887356e-02
-5.680010662935887356e-02
-5.680010662935887356e-02
-5.680010662935887356e-02
-5.680010662935887356e-02
-5.680010662935887356e-02
-5.680010662935887356e-02
-5.680010662935887356e-02
-5.680010662935887356e-02
-5.680010662935887356e-02
-5.680010662935887356e-02
-5.680010662935887356e-02
-5.680010662935887356e-02
-5.680010662935887356e-02
-5.680010662935887356e-02
-5.680010662935887356e-02
-5.680010662935887356e-02
-5.680010662935887356e-02
-5.680010662935887356e-02
-5.680010662935887356e-02
-5.299827692955447200e-02
-5.299827692955447200e-02
-5.299827692955447200e-02
-5.299827692955447200e-02
-5.299827692955447200e-02
-5.299827692955447200e-02
-5.299827692955447200e-02
-5.299827692955447200e-02
-5.299827692955447200e-02
-5.299827692955447200e-02
-5.299827692955447200e-02
-5.487188070043778898e-02
-5.487188070043778898e-02
-5.487188070043778898e-02
-5.487188070043778898e-02
-5.487188070043778898e-02
-5.487188070043778898e-02
-5.487188070043778898e-02
-8.060748957767084610e-02
-8.060748957767084610e-02
-8.060748957767084610e-02
-8.060748957767084610e-02
-8.060748957767084610e-02
-8.060748957767084610e-02
-8.060748957767084610e-02
-8.060748957767084610e-02
-8.060748957767084610e-02
-8.060748957767084610e-02
-1.112613150312157378e-01
-1.112613150312157378e-01
-1.112613150312157378e-01
-1.112613150312157378e-01
-4.080487824762756011e-02
-1.034618535187686594e-01
-1.034618535187686594e-01
-1.034618535187686594e-01
-1.034618535187686594e-01
-1.034618535187686594e-01
-1.034618535187686594e-01
-1.034618535187686594e-01
-1.034618535187686594e-01
-1.034618535187686594e-01
-1.034618535187686594e-01
-1.034618535187686594e-01
-1.034618535187686594e-01
-1.034618535187686594e-01
-1.034618535187686594e-01
-1.034618535187686594e-01
-1.034618535187686594e-01
-1.034618535187686594e-01
-1.034618535187686594e-01
-1.034618535187686594e-01
-1.034618535187686594e-01
-1.034618535187686594e-01
-1.034618535187686594e-01
-1.034618535187686594e-01
-1.034618535187686594e-01
-1.034618535187686594e-01
-1.034618535187686594e-01
-8.510842378007293929e-02
-8.510842378007293929e-02
-8.510842378007293929e-02
-8.510842378007293929e-02
-8.510842378007293929e-02
-8.510842378007293929e-02
-8.510842378007293929e-02
-8.510842378007293929e-02
-8.510842378007293929e-02
-8.510842378007293929e-02
-8.510842378007293929e-02
-8.510842378007293929e-02
-8.510842378007293929e-02
-8.510842378007293929e-02
-8.510842378007293929e-02
-8.510842378007293929e-02
-8.510842378007293929e-02
-8.510842378007293929e-02
-8.510842378007293929e-02
-8.510842378007293929e-02
-8.510842378007293929e-02
-8.510842378007293929e-02
-8.510842378007293929e-02
-8.510842378007293929e-02
-8.510842378007293929e-02
-8.510842378007293929e-02
-8.510842378007293929e-02
-8.510842378007293929e-02
-8.510842378007293929e-02
-8.510842378007293929e-02
-8.510842378007293929e-02
-8.510842378007293929e-02
-8.510842378007293929e-02
-8.510842378007293929e-02
-8.510842378007293929e-02
-8.510842378007293929e-02
-8.510842378007293929e-02
-8.510842378007293929e-02
-8.510842378007293929e-02
-8.510842378007293929e-02
-8.510842378007293929e-02
-8.510842378007293929e-02
-8.510842378007293929e-02
-8.510842378007293929e-02
-8.510842378007293929e-02
-8.510842378007293929e-02
-8.510842378007293929e-02
-8.510842378007293929e-02
-8.510842378007293929e-02
-8.510842378007293929e-02
-8.510842378007293929e-02
-8.510842378007293929e-02
-8.510842378007293929e-02
-8.510842378007293929e-02
-8.510842378007293929e-02
-8.510842378007293929e-02
-8.510842378007293929e-02
-8.510842378007293929e-02
-8.510842378007293929e-02
-8.510842378007293929e-02
-8.510842378007293929e-02
-8.510842378007293929e-02
-8.510842378007293929e-02
-8.510842378007293929e-02
-8.510842378007293929e-02
-8.510842378007293929e-02
-8.510842378007293929e-02
-8.510842378007293929e-02
-8.510842378007293929e-02
-8.510842378007293929e-02
-8.510842378007293929e-02
-8.510842378007293929e-02
-8.510842378007293929e-02
-8.510842378007293929e-02
-8.510842378007293929e-02
-8.510842378007293929e-02
-8.510842378007293929e-02
-8.510842378007293929e-02
-8.510842378007293929e-02
-8.510842378007293929e-02
-8.510842378007293929e-02
-8.510842378007293929e-02
-8.510842378007293929e-02
-8.510842378007293929e-02
-8.510842378007293929e-02
-8.510842378007293929e-02
-8.510842378007293929e-02
-8.510842378007293929e-02
-8.510842378007293929e-02
-8.510842378007293929e-02
-7.466468283368797587e-02
-7.466468283368797587e-02
-7.466468283368797587e-02
-7.466468283368797587e-02
-7.466468283368797587e-02
-7.466468283368797587e-02
-7.466468283368797587e-02
-7.466468283368797587e-02
-7.466468283368797587e-02
-7.466468283368797587e-02
-7.466468283368797587e-02
-7.466468283368797587e-02
-7.466468283368797587e-02
-7.466468283368797587e-02
-7.466468283368797587e-02
-7.466468283368797587e-02
-7.466468283368797587e-02
-7.466468283368797587e-02
-7.466468283368797587e-02
-7.466468283368797587e-02
-7.466468283368797587e-02
-7.466468283368797587e-02
-7.466468283368797587e-02
-7.466468283368797587e-02
-7.466468283368797587e-02
-7.466468283368797587e-02
-7.466468283368797587e-02
-7.466468283368797587e-02
-7.466468283368797587e-02
-7.466468283368797587e-02
-7.466468283368797587e-02
-7.466468283368797587e-02
-7.466468283368797587e-02
-7.466468283368797587e-02
-7.466468283368797587e-02
-7.466468283368797587e-02
-7.466468283368797587e-02
-7.466468283368797587e-02
-7.466468283368797587e-02
-7.466468283368797587e-02
-7.466468283368797587e-02
-7.850733758386643779e-02
-7.850733758386643779e-02
-7.850733758386643779e-02
-7.850733758386643779e-02
-7.850733758386643779e-02
-7.850733758386643779e-02
-7.850733758386643779e-02
-7.850733758386643779e-02
-7.850733758386643779e-02
-7.850733758386643779e-02
-7.850733758386643779e-02
-7.610927633300110240e-02
-7.610927633300110240e-02
-7.610927633300110240e-02
-7.610927633300110240e-02
-7.610927633300110240e-02
-7.610927633300110240e-02
-7.610927633300110240e-02
-7.610927633300110240e-02
-7.610927633300110240e-02
-7.610927633300110240e-02
-7.610927633300110240e-02
-7.610927633300110240e-02
-7.610927633300110240e-02
-7.610927633300110240e-02
-7.610927633300110240e-02
-7.610927633300110240e-02
-7.610927633300110240e-02
-7.610927633300110240e-02
-7.610927633300110240e-02
-7.610927633300110240e-02
-7.610927633300110240e-02
-7.610927633300110240e-02
-7.610927633300110240e-02
-7.610927633300110240e-02
-7.610927633300110240e-02
-7.610927633300110240e-02
-7.610927633300110240e-02
-6.998730663131801089e-02
-6.998730663131801089e-02
-6.998730663131801089e-02
-6.998730663131801089e-02
-6.998730663131801089e-02
-6.998730663131801089e-02
-6.998730663131801089e-02
-6.998730663131801089e-02
-6.998730663131801089e-02
-6.998730663131801089e-02
-6.998730663131801089e-02
-6.998730663131801089e-02
-6.998730663131801089e-02
-6.998730663131801089e-02
-6.998730663131801089e-02
-6.998730663131801089e-02
-6.998730663131801089e-02
-6.998730663131801089e-02
-6.998730663131801089e-02
-6.998730663131801089e-02
-6.998730663131801089e-02
-6.998730663131801089e-02
-6.998730663131801089e-02
-6.998730663131801089e-02
-6.998730663131801089e-02
-6.998730663131801089e-02
-6.998730663131801089e-02
-6.998730663131801089e-02
-6.998730663131801089e-02
-6.998730663131801089e-02
-6.998730663131801089e-02
-6.998730663131801089e-02
-6.998730663131801089e-02
-6.998730663131801089e-02
-6.998730663131801089e-02
-6.998730663131801089e-02
-6.998730663131801089e-02
-6.998730663131801089e-02
-8.618256102100613214e-02
-8.618256102100613214e-02
-8.618256102100613214e-02
-8.618256102100613214e-02
-8.618256102100613214e-02
-8.618256102100613214e-02
-8.618256102100613214e-02
-8.618256102100613214e-02
-8.618256102100613214e-02
-8.618256102100613214e-02
-8.618256102100613214e-02
-8.618256102100613214e-02
-8.618256102100613214e-02
-8.618256102100613214e-02
-8.618256102100613214e-02
-8.618256102100613214e-02
-8.618256102100613214e-02
-8.618256102100613214e-02
-8.618256102100613214e-02
-8.618256102100613214e-02
-8.618256102100613214e-02
-8.618256102100613214e-02
-8.783396155382888759e-02
-8.783396155382888759e-02
-8.783396155382888759e-02
-8.783396155382888759e-02
-9.657376326520857035e-02
-9.698883040913203191e-02
-9.698883040913203191e-02
-9.698883040913203191e-02
-9.698883040913203191e-02
-9.698883040913203191e-02
-9.698883040913203191e-02
-6.193742440945787520e-02
-6.193742440945787520e-02
-6.193742440945787520e-02
-6.193742440945787520e-02
-6.193742440945787520e-02
-6.193742440945787520e-02
-6.193742440945787520e-02
-6.193742440945787520e-02
-6.193742440945787520e-02
-6.193742440945787520e-02
-6.193742440945787520e-02
-6.193742440945787520e-02
-6.193742440945787520e-02
-6.193742440945787520e-02
-6.193742440945787520e-02
-6.193742440945787520e-02
-6.193742440945787520e-02
-6.193742440945787520e-02
-6.193742440945787520e-02
-6.193742440945787520e-02
-6.193742440945787520e-02
-6.193742440945787520e-02
-6.193742440945787520e-02
-6.193742440945787520e-02
-6.193742440945787520e-02
-6.193742440945787520e-02
-6.193742440945787520e-02
-6.193742440945787520e-02
-6.193742440945787520e-02
-6.193742440945787520e-02
-6.193742440945787520e-02
-6.193742440945787520e-02
-6.193742440945787520e-02
-6.193742440945787520e-02
-6.193742440945787520e-02
-6.193742440945787520e-02
-6.193742440945787520e-02
-6.193742440945787520e-02
-6.193742440945787520e-02
-6.193742440945787520e-02
-6.193742440945787520e-02
-6.193742440945787520e-02
-6.193742440945787520e-02
-6.193742440945787520e-02
-6.193742440945787520e-02
-6.193742440945787520e-02
-6.193742440945787520e-02
-6.193742440945787520e-02
-6.193742440945787520e-02
-6.193742440945787520e-02
-6.193742440945787520e-02
-6.193742440945787520e-02
-6.193742440945787520e-02
-6.193742440945787520e-02
-6.193742440945787520e-02
-6.193742440945787520e-02
-6.193742440945787520e-02
-6.193742440945787520e-02
-6.193742440945787520e-02
-6.193742440945787520e-02
-6.193742440945787520e-02
-6.193742440945787520e-02
-6.193742440945787520e-02
-6.193742440945787520e-02
-6.193742440945787520e-02
-6.193742440945787520e-02
-6.193742440945787520e-02
-6.193742440945787520e-02
-7.618817698431287755e-02
-7.618817698431287755e-02
-7.618817698431287755e-02
-7.618817698431287755e-02
-7.618817698431287755e-02
-7.618817698431287755e-02
-7.618817698431287755e-02
-7.618817698431287755e-02
-7.618817698431287755e-02
-7.618817698431287755e-02
-7.618817698431287755e-02
-6.215116917289237319e-02
-6.215116917289237319e-02
-6.215116917289237319e-02
-6.215116917289237319e-02
-6.215116917289237319e-02
-6.215116917289237319e-02
-6.215116917289237319e-02
-6.215116917289237319e-02
-6.215116917289237319e-02
-7.536752331097312796e-02
-7.536752331097312796e-02
-7.536752331097312796e-02
-7.536752331097312796e-02
-7.536752331097312796e-02
-7.536752331097312796e-02
-7.536752331097312796e-02
-7.536752331097312796e-02
-7.536752331097312796e-02
-7.536752331097312796e-02
-7.536752331097312796e-02
-7.536752331097312796e-02
-7.536752331097312796e-02
-7.536752331097312796e-02
-7.536752331097312796e-02
-7.536752331097312796e-02
-7.536752331097312796e-02
-7.536752331097312796e-02
-7.536752331097312796e-02
-7.536752331097312796e-02
-7.536752331097312796e-02
-7.536752331097312796e-02
-7.536752331097312796e-02
-7.536752331097312796e-02
-7.536752331097312796e-02
-7.536752331097312796e-02
-7.536752331097312796e-02
-7.536752331097312796e-02
-7.536752331097312796e-02
-7.536752331097312796e-02
-7.536752331097312796e-02
-7.536752331097312796e-02
-7.536752331097312796e-02
-7.536752331097312796e-02
-7.536752331097312796e-02
-7.536752331097312796e-02
-7.536752331097312796e-02
-6.658196392296376886e-02
-6.658196392296376886e-02
-6.658196392296376886e-02
-6.658196392296376886e-02
-6.658196392296376886e-02
-6.658196392296376886e-02
-6.658196392296376886e-02
-6.658196392296376886e-02
-6.658196392296376886e-02
-6.658196392296376886e-02
-6.658196392296376886e-02
-6.658196392296376886e-02
-6.658196392296376886e-02
-6.658196392296376886e-02
-6.658196392296376886e-02
-6.658196392296376886e-02
-6.658196392296376886e-02
-6.658196392296376886e-02
-6.658196392296376886e-02
-6.658196392296376886e-02
-6.658196392296376886e-02
-6.658196392296376886e-02
-6.658196392296376886e-02
-6.658196392296376886e-02
-6.658196392296376886e-02
-6.658196392296376886e-02
-6.658196392296376886e-02
-6.658196392296376886e-02
-6.658196392296376886e-02
-6.658196392296376886e-02
-6.658196392296376886e-02
-6.658196392296376886e-02
-6.658196392296376886e-02
-6.658196392296376886e-02
-6.658196392296376886e-02
-6.658196392296376886e-02
-6.658196392296376886e-02
-6.658196392296376886e-02
-6.658196392296376886e-02
-6.658196392296376886e-02
-6.658196392296376886e-02
-6.658196392296376886e-02
-6.658196392296376886e-02
-6.658196392296376886e-02
-6.658196392296376886e-02
-6.658196392296376886e-02
-6.658196392296376886e-02
-6.658196392296376886e-02
-6.658196392296376886e-02
-6.658196392296376886e-02
-6.658196392296376886e-02
-6.658196392296376886e-02
-6.658196392296376886e-02
-6.658196392296376886e-02
-6.658196392296376886e-02
-6.658196392296376886e-02
-6.658196392296376886e-02
-6.658196392296376886e-02
-6.658196392296376886e-02
-6.658196392296376886e-02
-6.658196392296376886e-02
-6.658196392296376886e-02
-6.658196392296376886e-02
-6.658196392296376886e-02
-6.658196392296376886e-02
-6.658196392296376886e-02
-6.658196392296376886e-02
-6.658196392296376886e-02
-6.658196392296376886e-02
-6.658196392296376886e-02
-6.658196392296376886e-02
-6.658196392296376886e-02
-6.658196392296376886e-02
-6.658196392296376886e-02
-1.567641476144298329e-01
-1.567641476144298329e-01
-1.567641476144298329e-01
-1.567641476144298329e-01
-1.567641476144298329e-01
-1.567641476144298329e-01
-1.567641476144298329e-01
-1.567641476144298329e-01
-1.567641476144298329e-01
-1.567641476144298329e-01
-1.567641476144298329e-01
-1.567641476144298329e-01
-1.567641476144298329e-01
-1.567641476144298329e-01
-1.567641476144298329e-01
-1.567641476144298329e-01
-1.567641476144298329e-01
-1.567641476144298329e-01
-1.567641476144298329e-01
-1.567641476144298329e-01
-1.567641476144298329e-01
-1.567641476144298329e-01
-1.567641476144298329e-01
-1.567641476144298329e-01
-1.567641476144298329e-01
-1.567641476144298329e-01
-1.567641476144298329e-01
-1.567641476144298329e-01
-1.567641476144298329e-01
-1.567641476144298329e-01
-1.567641476144298329e-01
-1.567641476144298329e-01
-1.567641476144298329e-01
-1.567641476144298329e-01
-1.567641476144298329e-01
-1.567641476144298329e-01
-1.241994548026279926e-01
-1.241994548026279926e-01
-1.241994548026279926e-01
-1.241994548026279926e-01
-1.241994548026279926e-01
-1.258239947815014137e-01
-1.258239947815014137e-01
-1.258239947815014137e-01
-1.125066660444321576e-01
-1.125066660444321576e-01
-1.125066660444321576e-01
-1.125066660444321576e-01
-1.125066660444321576e-01
-1.125066660444321576e-01
-1.125066660444321576e-01
-1.125066660444321576e-01
-1.125066660444321576e-01
-1.125066660444321576e-01
-1.125066660444321576e-01
-1.125066660444321576e-01
-1.125066660444321576e-01
-1.125066660444321576e-01
-1.125066660444321576e-01
-1.125066660444321576e-01
-1.125066660444321576e-01
-1.125066660444321576e-01
-1.125066660444321576e-01
-1.125066660444321576e-01
-1.125066660444321576e-01
-1.125066660444321576e-01
-1.125066660444321576e-01
-1.125066660444321576e-01
-1.125066660444321576e-01
-1.125066660444321576e-01
-1.125066660444321576e-01
-1.125066660444321576e-01
-1.125066660444321576e-01
-1.125066660444321576e-01
