# Variable: dg_gbsa_00000288
# Sample shape: (2000,)
# Date: 2014-03-03 06:24:05.505563
-2.004323908293452305e+00
-2.004323908293452305e+00
-2.006213933970230734e+00
-1.589284458306277736e+00
-1.589284458306277736e+00
-1.553680541182567154e+00
-1.553680541182567154e+00
-1.553680541182567154e+00
-1.544195538952975122e+00
-1.544195538952975122e+00
-1.544195538952975122e+00
-1.544195538952975122e+00
-1.544195538952975122e+00
-1.456778546364311921e+00
-1.456778546364311921e+00
-1.456778546364311921e+00
-1.345869118123391717e+00
-1.345869118123391717e+00
-1.345869118123391717e+00
-1.345869118123391717e+00
-1.345869118123391717e+00
-1.345869118123391717e+00
-1.345869118123391717e+00
-1.345869118123391717e+00
-1.345869118123391717e+00
-1.345869118123391717e+00
-1.345869118123391717e+00
-1.345869118123391717e+00
-1.137786795942550722e+00
-1.137786795942550722e+00
-1.122121031380064249e+00
-1.091378482760252400e+00
-1.091378482760252400e+00
-1.299015650557742152e+00
-1.299015650557742152e+00
-1.299015650557742152e+00
-1.299015650557742152e+00
-1.411480042036359128e+00
-1.278707789645368242e+00
-1.109786402882855016e+00
-1.109786402882855016e+00
-1.250822047202582610e+00
-1.250822047202582610e+00
-1.250822047202582610e+00
-1.250822047202582610e+00
-1.250822047202582610e+00
-1.250822047202582610e+00
-1.231301810955682141e+00
-1.229326652067341152e+00
-1.229326652067341152e+00
-1.229326652067341152e+00
-1.229326652067341152e+00
-1.229326652067341152e+00
-1.229326652067341152e+00
-1.211409473054495534e+00
-1.211409473054495534e+00
-1.211409473054495534e+00
-1.211409473054495534e+00
-1.211409473054495534e+00
-1.211409473054495534e+00
-1.211409473054495534e+00
-1.211409473054495534e+00
-1.211409473054495534e+00
-1.211409473054495534e+00
-1.211409473054495534e+00
-1.211409473054495534e+00
-1.211409473054495534e+00
-1.211409473054495534e+00
-1.211409473054495534e+00
-1.211409473054495534e+00
-1.211409473054495534e+00
-1.087420415240081706e+00
-1.087420415240081706e+00
-1.087420415240081706e+00
-1.087420415240081706e+00
-1.087420415240081706e+00
-1.087420415240081706e+00
-1.087420415240081706e+00
-1.087420415240081706e+00
-1.510666045814353708e+00
-1.171498635986794934e+00
-1.171498635986794934e+00
-1.171498635986794934e+00
-1.171498635986794934e+00
-1.171498635986794934e+00
-1.171498635986794934e+00
-1.171498635986794934e+00
-1.171498635986794934e+00
-1.171498635986794934e+00
-1.086621051992558540e+00
-1.086621051992558540e+00
-1.086621051992558540e+00
-1.098867812074621142e+00
-1.098867812074621142e+00
-1.098867812074621142e+00
-1.098867812074621142e+00
-1.098867812074621142e+00
-1.098867812074621142e+00
-1.098867812074621142e+00
-1.098867812074621142e+00
-1.098867812074621142e+00
-1.098867812074621142e+00
-1.155672975981440587e+00
-1.155672975981440587e+00
-1.216315630517087909e+00
-1.216315630517087909e+00
-1.216315630517087909e+00
-1.216315630517087909e+00
-1.216315630517087909e+00
-1.216315630517087909e+00
-1.216315630517087909e+00
-1.216315630517087909e+00
-1.216315630517087909e+00
-1.216315630517087909e+00
-1.216315630517087909e+00
-1.216315630517087909e+00
-1.216315630517087909e+00
-1.216315630517087909e+00
-1.216315630517087909e+00
-1.216315630517087909e+00
-1.216315630517087909e+00
-1.216315630517087909e+00
-1.216315630517087909e+00
-1.216315630517087909e+00
-1.216315630517087909e+00
-1.216315630517087909e+00
-1.216315630517087909e+00
-1.216315630517087909e+00
-1.216315630517087909e+00
-1.216315630517087909e+00
-1.216315630517087909e+00
-1.216315630517087909e+00
-1.216315630517087909e+00
-1.216315630517087909e+00
-1.216315630517087909e+00
-1.216315630517087909e+00
-1.216315630517087909e+00
-1.216315630517087909e+00
-1.216315630517087909e+00
-1.208055999493279797e+00
-1.208055999493279797e+00
-1.208055999493279797e+00
-1.208055999493279797e+00
-1.208055999493279797e+00
-1.208055999493279797e+00
-1.208055999493279797e+00
-1.208055999493279797e+00
-1.208055999493279797e+00
-1.208055999493279797e+00
-1.208055999493279797e+00
-1.208055999493279797e+00
-1.208055999493279797e+00
-1.208055999493279797e+00
-1.208055999493279797e+00
-1.208055999493279797e+00
-1.208055999493279797e+00
-1.208055999493279797e+00
-1.208055999493279797e+00
-1.208055999493279797e+00
-1.208055999493279797e+00
-1.208055999493279797e+00
-1.208055999493279797e+00
-1.208055999493279797e+00
-1.208055999493279797e+00
-1.208055999493279797e+00
-1.208055999493279797e+00
-1.208055999493279797e+00
-1.208055999493279797e+00
-1.208055999493279797e+00
-1.208055999493279797e+00
-1.208055999493279797e+00
-1.208055999493279797e+00
-1.208055999493279797e+00
-1.217402418074598591e+00
-1.217402418074598591e+00
-1.217402418074598591e+00
-1.217402418074598591e+00
-1.217402418074598591e+00
-1.242220743664363969e+00
-1.242220743664363969e+00
-1.242220743664363969e+00
-1.242220743664363969e+00
-1.242220743664363969e+00
-1.242220743664363969e+00
-1.242220743664363969e+00
-1.272228320287700720e+00
-1.272228320287700720e+00
-1.272228320287700720e+00
-1.272228320287700720e+00
-1.272228320287700720e+00
-1.272228320287700720e+00
-1.272228320287700720e+00
-1.272228320287700720e+00
-1.272228320287700720e+00
-1.272228320287700720e+00
-1.272228320287700720e+00
-1.299172810797025734e+00
-1.299172810797025734e+00
-1.299172810797025734e+00
-1.299172810797025734e+00
-1.299172810797025734e+00
-1.299172810797025734e+00
-1.299172810797025734e+00
-1.299172810797025734e+00
-1.299172810797025734e+00
-1.299172810797025734e+00
-1.299172810797025734e+00
-1.299172810797025734e+00
-1.299172810797025734e+00
-1.211401039510110467e+00
-1.211401039510110467e+00
-1.211401039510110467e+00
-1.211401039510110467e+00
-1.211401039510110467e+00
-1.211401039510110467e+00
-1.211401039510110467e+00
-1.211401039510110467e+00
-1.246269300836450045e+00
-1.246269300836450045e+00
-1.246269300836450045e+00
-1.246269300836450045e+00
-1.246269300836450045e+00
-1.246269300836450045e+00
-1.246269300836450045e+00
-1.246269300836450045e+00
-1.246269300836450045e+00
-1.246269300836450045e+00
-1.246269300836450045e+00
-1.246269300836450045e+00
-1.246269300836450045e+00
-1.246269300836450045e+00
-1.300671360460795567e+00
-1.300671360460795567e+00
-1.300671360460795567e+00
-1.300671360460795567e+00
-1.300671360460795567e+00
-1.300671360460795567e+00
-1.300671360460795567e+00
-1.300671360460795567e+00
-1.300671360460795567e+00
-1.300671360460795567e+00
-1.300671360460795567e+00
-1.300671360460795567e+00
-1.300671360460795567e+00
-1.300671360460795567e+00
-1.300671360460795567e+00
-1.300671360460795567e+00
-1.300671360460795567e+00
-1.300671360460795567e+00
-1.300671360460795567e+00
-1.300671360460795567e+00
-1.300671360460795567e+00
-1.300671360460795567e+00
-1.300671360460795567e+00
-1.300671360460795567e+00
-1.300671360460795567e+00
-1.300671360460795567e+00
-1.300671360460795567e+00
-1.300671360460795567e+00
-1.300671360460795567e+00
-1.145829662082300082e+00
-1.145829662082300082e+00
-1.145829662082300082e+00
-1.145829662082300082e+00
-1.145829662082300082e+00
-1.145829662082300082e+00
-1.145829662082300082e+00
-1.145829662082300082e+00
-1.145829662082300082e+00
-1.145829662082300082e+00
-1.145829662082300082e+00
-1.145829662082300082e+00
-1.145829662082300082e+00
-1.145829662082300082e+00
-1.145829662082300082e+00
-1.145829662082300082e+00
-1.145829662082300082e+00
-1.145829662082300082e+00
-1.145829662082300082e+00
-1.145829662082300082e+00
-1.145829662082300082e+00
-1.145829662082300082e+00
-1.145829662082300082e+00
-1.145829662082300082e+00
-1.145829662082300082e+00
-1.145829662082300082e+00
-1.145829662082300082e+00
-1.145829662082300082e+00
-1.145829662082300082e+00
-1.145829662082300082e+00
-1.145829662082300082e+00
-1.145829662082300082e+00
-1.145829662082300082e+00
-1.145829662082300082e+00
-1.145829662082300082e+00
-1.145829662082300082e+00
-1.145829662082300082e+00
-1.145829662082300082e+00
-1.145829662082300082e+00
-1.145829662082300082e+00
-1.339435349458945934e+00
-1.278583223915464639e+00
-1.278583223915464639e+00
-1.278583223915464639e+00
-1.278583223915464639e+00
-1.278583223915464639e+00
-1.278583223915464639e+00
-1.278583223915464639e+00
-1.278583223915464639e+00
-1.278583223915464639e+00
-1.347764272306890776e+00
-1.451027438927790847e+00
-1.451027438927790847e+00
-1.495263886497307793e+00
-1.495263886497307793e+00
-1.495263886497307793e+00
-1.495263886497307793e+00
-1.495263886497307793e+00
-1.495263886497307793e+00
-1.495263886497307793e+00
-1.495263886497307793e+00
-1.495263886497307793e+00
-1.495263886497307793e+00
-1.495263886497307793e+00
-1.495263886497307793e+00
-1.495263886497307793e+00
-1.495263886497307793e+00
-1.495263886497307793e+00
-1.495263886497307793e+00
-1.495263886497307793e+00
-1.495263886497307793e+00
-1.495263886497307793e+00
-1.495263886497307793e+00
-1.495263886497307793e+00
-1.495263886497307793e+00
-1.254880291554029803e+00
-1.254880291554029803e+00
-1.254880291554029803e+00
-1.254880291554029803e+00
-1.443934828099967316e+00
-1.443934828099967316e+00
-1.190903765749520948e+00
-1.222974711576793494e+00
-1.222974711576793494e+00
-1.222974711576793494e+00
-1.222974711576793494e+00
-1.222974711576793494e+00
-1.222974711576793494e+00
-1.222974711576793494e+00
-1.222974711576793494e+00
-1.222974711576793494e+00
-1.122968374657129509e+00
-1.122968374657129509e+00
-1.122968374657129509e+00
-1.122968374657129509e+00
-1.122968374657129509e+00
-1.122968374657129509e+00
-1.122968374657129509e+00
-1.122968374657129509e+00
-1.151527774949374638e+00
-1.151527774949374638e+00
-1.151527774949374638e+00
-1.151527774949374638e+00
-1.151527774949374638e+00
-1.151527774949374638e+00
-1.151527774949374638e+00
-1.151527774949374638e+00
-1.151527774949374638e+00
-1.151527774949374638e+00
-1.151527774949374638e+00
-1.151527774949374638e+00
-1.151527774949374638e+00
-1.151527774949374638e+00
-1.151527774949374638e+00
-1.151527774949374638e+00
-1.172508609910312138e+00
-1.172508609910312138e+00
-1.172508609910312138e+00
-1.172508609910312138e+00
-1.172508609910312138e+00
-1.172508609910312138e+00
-1.172508609910312138e+00
-1.115842371552213885e+00
-1.115842371552213885e+00
-1.115842371552213885e+00
-1.115842371552213885e+00
-1.115842371552213885e+00
-1.115842371552213885e+00
-1.075377427825052301e+00
-1.075377427825052301e+00
-1.204387293718968799e+00
-1.320237867234997697e+00
-1.320237867234997697e+00
-1.320237867234997697e+00
-1.320237867234997697e+00
-1.320237867234997697e+00
-1.320237867234997697e+00
-1.320237867234997697e+00
-1.320237867234997697e+00
-1.420013193418601105e+00
-1.420013193418601105e+00
-1.420013193418601105e+00
-1.420013193418601105e+00
-1.420013193418601105e+00
-1.420013193418601105e+00
-1.420013193418601105e+00
-1.420013193418601105e+00
-1.420013193418601105e+00
-1.315554514897713023e+00
-1.294507009349407101e+00
-1.294507009349407101e+00
-1.294507009349407101e+00
-1.294507009349407101e+00
-1.294507009349407101e+00
-1.294507009349407101e+00
-1.294507009349407101e+00
-1.294507009349407101e+00
-1.294507009349407101e+00
-1.294507009349407101e+00
-1.294507009349407101e+00
-1.294507009349407101e+00
-1.294507009349407101e+00
-1.294507009349407101e+00
-1.294507009349407101e+00
-1.323184251329410976e+00
-1.323184251329410976e+00
-1.323184251329410976e+00
-1.323184251329410976e+00
-1.323184251329410976e+00
-1.323184251329410976e+00
-1.323184251329410976e+00
-1.323184251329410976e+00
-1.323184251329410976e+00
-1.323184251329410976e+00
-1.323184251329410976e+00
-1.323184251329410976e+00
-1.323184251329410976e+00
-1.323184251329410976e+00
-1.323184251329410976e+00
-1.323184251329410976e+00
-1.323184251329410976e+00
-1.323184251329410976e+00
-1.323184251329410976e+00
-1.323184251329410976e+00
-1.323184251329410976e+00
-1.323184251329410976e+00
-1.323184251329410976e+00
-1.323184251329410976e+00
-1.396201536714688718e+00
-1.396201536714688718e+00
-1.396201536714688718e+00
-1.396201536714688718e+00
-1.396201536714688718e+00
-1.396201536714688718e+00
-1.396201536714688718e+00
-1.396201536714688718e+00
-1.396201536714688718e+00
-1.396201536714688718e+00
-1.396201536714688718e+00
-1.396201536714688718e+00
-1.396201536714688718e+00
-1.396201536714688718e+00
-1.396201536714688718e+00
-1.396201536714688718e+00
-1.396201536714688718e+00
-1.396201536714688718e+00
-1.396201536714688718e+00
-1.396201536714688718e+00
-1.396201536714688718e+00
-1.396201536714688718e+00
-1.396201536714688718e+00
-1.396201536714688718e+00
-1.396201536714688718e+00
-1.396201536714688718e+00
-1.396201536714688718e+00
-1.396201536714688718e+00
-1.396201536714688718e+00
-1.396201536714688718e+00
-1.396201536714688718e+00
-1.396201536714688718e+00
-1.396201536714688718e+00
-1.396201536714688718e+00
-1.396201536714688718e+00
-1.396201536714688718e+00
-1.396201536714688718e+00
-1.396201536714688718e+00
-1.396201536714688718e+00
-1.396201536714688718e+00
-1.396201536714688718e+00
-1.260024297761643597e+00
-1.250292443408564935e+00
-1.250292443408564935e+00
-1.250292443408564935e+00
-1.250292443408564935e+00
-1.250292443408564935e+00
-1.250292443408564935e+00
-1.487423311455983610e+00
-1.487423311455983610e+00
-1.487423311455983610e+00
-1.487423311455983610e+00
-1.487423311455983610e+00
-1.487423311455983610e+00
-1.487423311455983610e+00
-1.487423311455983610e+00
-1.487423311455983610e+00
-1.487423311455983610e+00
-1.487423311455983610e+00
-1.487423311455983610e+00
-1.487423311455983610e+00
-1.487423311455983610e+00
-1.487423311455983610e+00
-1.487423311455983610e+00
-1.487423311455983610e+00
-1.487423311455983610e+00
-1.487423311455983610e+00
-1.487423311455983610e+00
-1.487423311455983610e+00
-1.487423311455983610e+00
-1.487423311455983610e+00
-1.487423311455983610e+00
-1.487423311455983610e+00
-1.487423311455983610e+00
-1.487423311455983610e+00
-1.487423311455983610e+00
-1.487423311455983610e+00
-1.487423311455983610e+00
-1.487423311455983610e+00
-1.487423311455983610e+00
-1.487423311455983610e+00
-1.487423311455983610e+00
-1.487423311455983610e+00
-1.487423311455983610e+00
-1.487423311455983610e+00
-1.487423311455983610e+00
-1.487423311455983610e+00
-1.487423311455983610e+00
-1.487423311455983610e+00
-1.487423311455983610e+00
-1.487423311455983610e+00
-1.487423311455983610e+00
-1.487423311455983610e+00
-1.487423311455983610e+00
-1.487423311455983610e+00
-1.487423311455983610e+00
-1.487423311455983610e+00
-1.487423311455983610e+00
-1.487423311455983610e+00
-1.487423311455983610e+00
-1.487423311455983610e+00
-1.487423311455983610e+00
-1.487423311455983610e+00
-1.487423311455983610e+00
-1.487423311455983610e+00
-1.487423311455983610e+00
-1.487423311455983610e+00
-1.487423311455983610e+00
-1.487423311455983610e+00
-1.487423311455983610e+00
-1.487423311455983610e+00
-1.487423311455983610e+00
-1.487423311455983610e+00
-1.487423311455983610e+00
-1.487423311455983610e+00
-1.487423311455983610e+00
-1.487423311455983610e+00
-1.405290390291815683e+00
-1.405290390291815683e+00
-1.405290390291815683e+00
-1.405290390291815683e+00
-1.405290390291815683e+00
-1.405290390291815683e+00
-1.405290390291815683e+00
-1.405290390291815683e+00
-1.405290390291815683e+00
-1.403284916230415069e+00
-1.403284916230415069e+00
-1.403284916230415069e+00
-1.403284916230415069e+00
-1.403284916230415069e+00
-1.403284916230415069e+00
-1.403284916230415069e+00
-1.403284916230415069e+00
-1.403284916230415069e+00
-1.403284916230415069e+00
-1.403284916230415069e+00
-1.403284916230415069e+00
-1.276956803484126990e+00
-1.273028253369304030e+00
-1.328129157509448044e+00
-1.328129157509448044e+00
-1.328129157509448044e+00
-1.328129157509448044e+00
-1.328129157509448044e+00
-1.328129157509448044e+00
-1.328129157509448044e+00
-1.328129157509448044e+00
-1.328129157509448044e+00
-1.328129157509448044e+00
-1.328129157509448044e+00
-1.216726366922002756e+00
-1.216726366922002756e+00
-1.216726366922002756e+00
-1.216726366922002756e+00
-1.216726366922002756e+00
-1.216726366922002756e+00
-1.216726366922002756e+00
-1.311889456061514414e+00
-1.135117693111499904e+00
-1.135117693111499904e+00
-1.135117693111499904e+00
-1.135117693111499904e+00
-1.135117693111499904e+00
-1.135117693111499904e+00
-1.323501420978378418e+00
-1.323501420978378418e+00
-1.323501420978378418e+00
-1.323501420978378418e+00
-1.323501420978378418e+00
-1.323501420978378418e+00
-1.323501420978378418e+00
-1.266716543164809305e+00
-1.266716543164809305e+00
-1.266716543164809305e+00
-1.266716543164809305e+00
-1.266716543164809305e+00
-1.266716543164809305e+00
-1.266716543164809305e+00
-1.266716543164809305e+00
-1.266716543164809305e+00
-1.266716543164809305e+00
-1.266716543164809305e+00
-1.266716543164809305e+00
-1.266716543164809305e+00
-1.266716543164809305e+00
-1.266716543164809305e+00
-1.266716543164809305e+00
-1.266716543164809305e+00
-1.266716543164809305e+00
-1.266716543164809305e+00
-1.266716543164809305e+00
-1.266716543164809305e+00
-1.266716543164809305e+00
-1.266716543164809305e+00
-1.173219762842240277e+00
-1.173219762842240277e+00
-1.173219762842240277e+00
-1.173219762842240277e+00
-1.173219762842240277e+00
-1.173219762842240277e+00
-1.173219762842240277e+00
-1.173219762842240277e+00
-1.173219762842240277e+00
-1.173219762842240277e+00
-1.173219762842240277e+00
-1.173219762842240277e+00
-1.173219762842240277e+00
-1.173219762842240277e+00
-1.173219762842240277e+00
-1.173219762842240277e+00
-1.173219762842240277e+00
-1.173219762842240277e+00
-1.173219762842240277e+00
-1.175203355274966333e+00
-1.175203355274966333e+00
-1.175203355274966333e+00
-1.175203355274966333e+00
-1.175203355274966333e+00
-1.175203355274966333e+00
-1.175203355274966333e+00
-1.130563921044023257e+00
-1.130563921044023257e+00
-1.130563921044023257e+00
-1.130563921044023257e+00
-1.130563921044023257e+00
-1.178096858766749078e+00
-1.178096858766749078e+00
-1.178096858766749078e+00
-1.178096858766749078e+00
-1.178096858766749078e+00
-1.178096858766749078e+00
-1.178096858766749078e+00
-1.178096858766749078e+00
-1.178096858766749078e+00
-1.178096858766749078e+00
-1.178096858766749078e+00
-1.178096858766749078e+00
-1.178096858766749078e+00
-1.178096858766749078e+00
-1.178096858766749078e+00
-1.178096858766749078e+00
-1.178096858766749078e+00
-1.178096858766749078e+00
-1.178096858766749078e+00
-1.178096858766749078e+00
-1.178096858766749078e+00
-1.178096858766749078e+00
-1.178096858766749078e+00
-1.178096858766749078e+00
-1.178096858766749078e+00
-1.178096858766749078e+00
-1.178096858766749078e+00
-1.178096858766749078e+00
-1.178096858766749078e+00
-1.178096858766749078e+00
-1.178096858766749078e+00
-1.178096858766749078e+00
-1.178096858766749078e+00
-1.178096858766749078e+00
-1.178096858766749078e+00
-1.178096858766749078e+00
-1.178096858766749078e+00
-1.178096858766749078e+00
-1.178096858766749078e+00
-1.178096858766749078e+00
-1.178096858766749078e+00
-1.178096858766749078e+00
-1.178096858766749078e+00
-1.178096858766749078e+00
-1.178096858766749078e+00
-1.178096858766749078e+00
-1.178096858766749078e+00
-1.178096858766749078e+00
-1.178096858766749078e+00
-1.178096858766749078e+00
-1.178096858766749078e+00
-1.178096858766749078e+00
-1.178096858766749078e+00
-1.178096858766749078e+00
-1.178096858766749078e+00
-1.178096858766749078e+00
-1.272080619294146508e+00
-1.272080619294146508e+00
-1.272080619294146508e+00
-1.272080619294146508e+00
-1.272080619294146508e+00
-1.272080619294146508e+00
-1.272080619294146508e+00
-1.272080619294146508e+00
-1.272080619294146508e+00
-1.272080619294146508e+00
-1.272080619294146508e+00
-1.272080619294146508e+00
-1.272080619294146508e+00
-1.272080619294146508e+00
-1.272080619294146508e+00
-1.272080619294146508e+00
-1.284185148789823261e+00
-1.291807477378480451e+00
-1.291807477378480451e+00
-1.291807477378480451e+00
-1.206419094114868695e+00
-1.206419094114868695e+00
-1.206419094114868695e+00
-1.206419094114868695e+00
-1.206419094114868695e+00
-1.206419094114868695e+00
-1.206419094114868695e+00
-1.206419094114868695e+00
-1.171343641117015721e+00
-1.142782645289346366e+00
-1.142782645289346366e+00
-1.142782645289346366e+00
-1.142782645289346366e+00
-1.142782645289346366e+00
-1.142782645289346366e+00
-1.142782645289346366e+00
-1.142782645289346366e+00
-1.142782645289346366e+00
-1.142782645289346366e+00
-1.142782645289346366e+00
-1.142782645289346366e+00
-1.142782645289346366e+00
-1.142782645289346366e+00
-1.142782645289346366e+00
-1.142782645289346366e+00
-1.142782645289346366e+00
-1.142782645289346366e+00
-1.142782645289346366e+00
-1.142782645289346366e+00
-1.142782645289346366e+00
-1.142782645289346366e+00
-1.142782645289346366e+00
-1.142782645289346366e+00
-1.142782645289346366e+00
-1.142782645289346366e+00
-1.142782645289346366e+00
-1.142782645289346366e+00
-1.142782645289346366e+00
-1.142782645289346366e+00
-1.142782645289346366e+00
-1.142782645289346366e+00
-1.142782645289346366e+00
-1.142782645289346366e+00
-1.142782645289346366e+00
-1.142782645289346366e+00
-1.142782645289346366e+00
-1.142782645289346366e+00
-1.142782645289346366e+00
-1.142782645289346366e+00
-1.118453351307097554e+00
-1.118453351307097554e+00
-1.118453351307097554e+00
-1.199897343068460076e+00
-1.199897343068460076e+00
-1.199897343068460076e+00
-1.199897343068460076e+00
-1.199897343068460076e+00
-1.199897343068460076e+00
-1.199897343068460076e+00
-1.199897343068460076e+00
-1.199897343068460076e+00
-1.199897343068460076e+00
-1.199897343068460076e+00
-1.199897343068460076e+00
-1.075825887246067980e+00
-1.075825887246067980e+00
-9.353170545333657770e-01
-9.353170545333657770e-01
-9.353170545333657770e-01
-9.353170545333657770e-01
-9.353170545333657770e-01
-9.353170545333657770e-01
-9.353170545333657770e-01
-9.353170545333657770e-01
-9.353170545333657770e-01
-9.353170545333657770e-01
-9.353170545333657770e-01
-9.353170545333657770e-01
-9.353170545333657770e-01
-9.353170545333657770e-01
-1.090314374599128611e+00
-1.090314374599128611e+00
-1.090314374599128611e+00
-1.090314374599128611e+00
-1.090314374599128611e+00
-1.212899931074328475e+00
-1.210877931824605680e+00
-1.210877931824605680e+00
-1.210877931824605680e+00
-1.210877931824605680e+00
-1.210877931824605680e+00
-1.210877931824605680e+00
-1.210877931824605680e+00
-1.210877931824605680e+00
-1.210877931824605680e+00
-1.210877931824605680e+00
-1.210877931824605680e+00
-1.210877931824605680e+00
-1.210877931824605680e+00
-1.210877931824605680e+00
-1.210877931824605680e+00
-1.210877931824605680e+00
-1.210877931824605680e+00
-1.210877931824605680e+00
-1.210877931824605680e+00
-9.938710962153300965e-01
-9.938710962153300965e-01
-9.938710962153300965e-01
-9.938710962153300965e-01
-9.938710962153300965e-01
-9.938710962153300965e-01
-9.938710962153300965e-01
-9.938710962153300965e-01
-9.938710962153300965e-01
-9.938710962153300965e-01
-9.938710962153300965e-01
-9.938710962153300965e-01
-9.938710962153300965e-01
-9.938710962153300965e-01
-9.938710962153300965e-01
-1.149971102209437657e+00
-1.149971102209437657e+00
-1.149971102209437657e+00
-1.149971102209437657e+00
-1.149971102209437657e+00
-1.149971102209437657e+00
-1.149971102209437657e+00
-1.149971102209437657e+00
-1.149971102209437657e+00
-1.149971102209437657e+00
-1.149971102209437657e+00
-1.149971102209437657e+00
-1.130208914412139221e+00
-1.130208914412139221e+00
-1.130208914412139221e+00
-1.130208914412139221e+00
-1.130208914412139221e+00
-1.130208914412139221e+00
-1.130208914412139221e+00
-1.130208914412139221e+00
-1.130208914412139221e+00
-1.130208914412139221e+00
-1.130208914412139221e+00
-1.130208914412139221e+00
-1.130208914412139221e+00
-1.130208914412139221e+00
-1.130208914412139221e+00
-1.130208914412139221e+00
-1.130208914412139221e+00
-1.130208914412139221e+00
-1.130208914412139221e+00
-1.043060541608821223e+00
-1.043060541608821223e+00
-1.043060541608821223e+00
-1.043060541608821223e+00
-1.043060541608821223e+00
-1.043060541608821223e+00
-1.043060541608821223e+00
-1.043060541608821223e+00
-1.043060541608821223e+00
-1.043060541608821223e+00
-1.043060541608821223e+00
-1.043060541608821223e+00
-1.017387464898950045e+00
-1.092052254576527881e+00
-1.027553874721490512e+00
-1.027553874721490512e+00
-1.027553874721490512e+00
-1.027553874721490512e+00
-1.027553874721490512e+00
-1.027553874721490512e+00
-1.027553874721490512e+00
-1.027553874721490512e+00
-1.027553874721490512e+00
-1.027553874721490512e+00
-1.027553874721490512e+00
-1.027553874721490512e+00
-1.027553874721490512e+00
-1.027553874721490512e+00
-1.027553874721490512e+00
-1.027553874721490512e+00
-1.027553874721490512e+00
-1.027553874721490512e+00
-1.027553874721490512e+00
-1.027553874721490512e+00
-1.027553874721490512e+00
-1.027553874721490512e+00
-1.027553874721490512e+00
-1.027553874721490512e+00
-1.027553874721490512e+00
-1.027553874721490512e+00
-1.027553874721490512e+00
-1.027553874721490512e+00
-1.027553874721490512e+00
-1.021555915161482808e+00
-1.021555915161482808e+00
-1.021555915161482808e+00
-1.021555915161482808e+00
-1.021555915161482808e+00
-1.021555915161482808e+00
-1.021555915161482808e+00
-1.021555915161482808e+00
-1.021555915161482808e+00
-1.021555915161482808e+00
-1.021555915161482808e+00
-1.021555915161482808e+00
-1.021555915161482808e+00
-1.021555915161482808e+00
-1.021555915161482808e+00
-1.021555915161482808e+00
-1.021555915161482808e+00
-1.021555915161482808e+00
-1.021555915161482808e+00
-9.988251197406483595e-01
-9.988251197406483595e-01
-9.988251197406483595e-01
-1.077020145511080162e+00
-1.077020145511080162e+00
-1.077020145511080162e+00
-1.077020145511080162e+00
-1.077020145511080162e+00
-1.077020145511080162e+00
-1.077020145511080162e+00
-1.077020145511080162e+00
-1.077020145511080162e+00
-1.077020145511080162e+00
-1.077020145511080162e+00
-1.077020145511080162e+00
-1.077020145511080162e+00
-1.077020145511080162e+00
-1.077020145511080162e+00
-1.077020145511080162e+00
-1.042699608702504444e+00
-1.042699608702504444e+00
-1.042699608702504444e+00
-1.042699608702504444e+00
-1.042699608702504444e+00
-1.022497508995391602e+00
-1.022497508995391602e+00
-1.022497508995391602e+00
-1.022497508995391602e+00
-1.022497508995391602e+00
-1.022497508995391602e+00
-1.022497508995391602e+00
-1.022497508995391602e+00
-1.022497508995391602e+00
-1.022497508995391602e+00
-1.022497508995391602e+00
-1.022497508995391602e+00
-1.022497508995391602e+00
-1.022497508995391602e+00
-1.022497508995391602e+00
-1.022497508995391602e+00
-1.086802373196837035e+00
-1.086364740623342762e+00
-1.086364740623342762e+00
-1.086364740623342762e+00
-1.086364740623342762e+00
-1.086364740623342762e+00
-1.086364740623342762e+00
-1.086364740623342762e+00
-1.086364740623342762e+00
-1.086364740623342762e+00
-1.086364740623342762e+00
-1.086364740623342762e+00
-1.086364740623342762e+00
-1.086364740623342762e+00
-1.086364740623342762e+00
-1.086364740623342762e+00
-1.086364740623342762e+00
-1.086364740623342762e+00
-1.086364740623342762e+00
-1.086364740623342762e+00
-9.897170057716150326e-01
-9.897170057716150326e-01
-9.897170057716150326e-01
-1.001869173396385815e+00
-1.001869173396385815e+00
-1.001869173396385815e+00
-1.023811546384034488e+00
-1.023811546384034488e+00
-1.023811546384034488e+00
-1.023811546384034488e+00
-1.023811546384034488e+00
-1.023811546384034488e+00
-1.023811546384034488e+00
-1.023811546384034488e+00
-1.127539583647456212e+00
-1.127539583647456212e+00
-1.127539583647456212e+00
-1.127539583647456212e+00
-1.127539583647456212e+00
-1.127539583647456212e+00
-1.127539583647456212e+00
-1.127539583647456212e+00
-1.127539583647456212e+00
-1.127539583647456212e+00
-1.127539583647456212e+00
-1.127539583647456212e+00
-1.127539583647456212e+00
-1.127539583647456212e+00
-1.140313098353135990e+00
-1.140313098353135990e+00
-1.140313098353135990e+00
-1.140313098353135990e+00
-1.140313098353135990e+00
-1.140313098353135990e+00
-1.140313098353135990e+00
-1.140313098353135990e+00
-1.140313098353135990e+00
-1.140313098353135990e+00
-1.140313098353135990e+00
-1.140313098353135990e+00
-1.140313098353135990e+00
-1.140313098353135990e+00
-1.140313098353135990e+00
-1.140313098353135990e+00
-1.140313098353135990e+00
-1.140313098353135990e+00
-1.140313098353135990e+00
-1.140313098353135990e+00
-1.140313098353135990e+00
-1.140313098353135990e+00
-1.140313098353135990e+00
-1.140313098353135990e+00
-1.140313098353135990e+00
-1.140313098353135990e+00
-1.140313098353135990e+00
-1.140313098353135990e+00
-1.140313098353135990e+00
-1.194628087330046773e+00
-1.100202705390594504e+00
-1.100202705390594504e+00
-1.100202705390594504e+00
-1.100202705390594504e+00
-1.100202705390594504e+00
-1.100202705390594504e+00
-1.053581046328717852e+00
-1.053581046328717852e+00
-1.053581046328717852e+00
-1.053581046328717852e+00
-1.053581046328717852e+00
-1.081108249168323043e+00
-1.081108249168323043e+00
-1.081108249168323043e+00
-1.081108249168323043e+00
-1.081108249168323043e+00
-1.081108249168323043e+00
-1.081108249168323043e+00
-1.081108249168323043e+00
-1.072663194134859888e+00
-1.072663194134859888e+00
-1.072663194134859888e+00
-1.072663194134859888e+00
-1.072663194134859888e+00
-1.072663194134859888e+00
-1.072663194134859888e+00
-1.072663194134859888e+00
-1.072663194134859888e+00
-1.072663194134859888e+00
-1.072663194134859888e+00
-1.072663194134859888e+00
-1.072663194134859888e+00
-1.072663194134859888e+00
-9.657987900947293536e-01
-9.657987900947293536e-01
-9.657987900947293536e-01
-9.657987900947293536e-01
-9.657987900947293536e-01
-9.657987900947293536e-01
-9.657987900947293536e-01
-9.657987900947293536e-01
-9.657987900947293536e-01
-9.657987900947293536e-01
-9.657987900947293536e-01
-9.657987900947293536e-01
-9.870071028204310259e-01
-1.006308294846952167e+00
-1.006308294846952167e+00
-1.006308294846952167e+00
-1.057120057866404617e+00
-1.057120057866404617e+00
-1.057120057866404617e+00
-1.057120057866404617e+00
-1.057120057866404617e+00
-1.057120057866404617e+00
-1.057120057866404617e+00
-1.057120057866404617e+00
-1.076946978815199074e+00
-1.076946978815199074e+00
-1.076946978815199074e+00
-1.076946978815199074e+00
-1.076946978815199074e+00
-1.076946978815199074e+00
-1.076946978815199074e+00
-1.076946978815199074e+00
-1.076946978815199074e+00
-1.076946978815199074e+00
-1.076946978815199074e+00
-1.076946978815199074e+00
-1.076946978815199074e+00
-1.076946978815199074e+00
-1.076946978815199074e+00
-1.076946978815199074e+00
-1.076946978815199074e+00
-1.076946978815199074e+00
-1.076946978815199074e+00
-1.076946978815199074e+00
-1.076946978815199074e+00
-1.076946978815199074e+00
-1.076946978815199074e+00
-1.076946978815199074e+00
-1.076946978815199074e+00
-1.076946978815199074e+00
-1.076946978815199074e+00
-1.076946978815199074e+00
-1.076946978815199074e+00
-1.076946978815199074e+00
-1.076946978815199074e+00
-9.672949464553628474e-01
-9.672949464553628474e-01
-9.672949464553628474e-01
-1.031521629421022546e+00
-1.031521629421022546e+00
-1.031521629421022546e+00
-1.031521629421022546e+00
-1.031521629421022546e+00
-1.031521629421022546e+00
-1.031521629421022546e+00
-1.031521629421022546e+00
-1.031521629421022546e+00
-1.031521629421022546e+00
-1.031521629421022546e+00
-1.031521629421022546e+00
-1.031521629421022546e+00
-1.031521629421022546e+00
-1.031521629421022546e+00
-1.031521629421022546e+00
-1.031521629421022546e+00
-1.031521629421022546e+00
-1.031521629421022546e+00
-1.031521629421022546e+00
-1.031521629421022546e+00
-1.031521629421022546e+00
-1.031521629421022546e+00
-1.031521629421022546e+00
-1.031521629421022546e+00
-1.031521629421022546e+00
-1.031521629421022546e+00
-1.031521629421022546e+00
-1.031521629421022546e+00
-1.031521629421022546e+00
-1.031521629421022546e+00
-1.031521629421022546e+00
-1.031521629421022546e+00
-1.031521629421022546e+00
-1.031521629421022546e+00
-1.044077353541299491e+00
-1.044077353541299491e+00
-1.044077353541299491e+00
-1.044077353541299491e+00
-1.044077353541299491e+00
-1.044077353541299491e+00
-1.044077353541299491e+00
-1.044077353541299491e+00
-1.044077353541299491e+00
-1.044077353541299491e+00
-1.038735273007453053e+00
-1.038735273007453053e+00
-1.038735273007453053e+00
-1.038735273007453053e+00
-1.063116307924172110e+00
-1.063116307924172110e+00
-1.063116307924172110e+00
-1.063116307924172110e+00
-1.063116307924172110e+00
-1.063116307924172110e+00
-1.063116307924172110e+00
-1.063116307924172110e+00
-1.063116307924172110e+00
-1.063116307924172110e+00
-1.063116307924172110e+00
-1.063116307924172110e+00
-1.063116307924172110e+00
-1.063116307924172110e+00
-1.063116307924172110e+00
-1.035242418030251965e+00
-1.035242418030251965e+00
-1.035242418030251965e+00
-1.035242418030251965e+00
-1.035242418030251965e+00
-1.095513312812061102e+00
-1.095513312812061102e+00
-1.095513312812061102e+00
-1.095513312812061102e+00
-1.077710100615229649e+00
-1.077710100615229649e+00
-1.077710100615229649e+00
-1.077710100615229649e+00
-1.077710100615229649e+00
-1.077710100615229649e+00
-1.107078779267991253e+00
-1.107078779267991253e+00
-1.107078779267991253e+00
-1.107078779267991253e+00
-1.000732924240725019e+00
-1.000732924240725019e+00
-1.000732924240725019e+00
-1.000732924240725019e+00
-1.000732924240725019e+00
-1.000732924240725019e+00
-1.000732924240725019e+00
-1.021122157459733115e+00
-1.021122157459733115e+00
-1.021122157459733115e+00
-1.021122157459733115e+00
-1.021122157459733115e+00
-1.021122157459733115e+00
-1.021122157459733115e+00
-1.021122157459733115e+00
-1.021122157459733115e+00
-1.021122157459733115e+00
-1.021122157459733115e+00
-1.021122157459733115e+00
-1.021122157459733115e+00
-1.021122157459733115e+00
-1.021122157459733115e+00
-1.021122157459733115e+00
-9.579062461853027344e-01
-9.579062461853027344e-01
-9.579062461853027344e-01
-9.579062461853027344e-01
-9.579062461853027344e-01
-9.579062461853027344e-01
-9.579062461853027344e-01
-9.579062461853027344e-01
-9.579062461853027344e-01
-1.017766860429460962e+00
-1.017766860429460962e+00
-1.017766860429460962e+00
-1.017766860429460962e+00
-1.017766860429460962e+00
-1.017766860429460962e+00
-1.017766860429460962e+00
-9.691913542738379572e-01
-9.691913542738379572e-01
-9.691913542738379572e-01
-9.691913542738379572e-01
-9.691913542738379572e-01
-9.691913542738379572e-01
-9.691913542738379572e-01
-9.691913542738379572e-01
-9.691913542738379572e-01
-9.691913542738379572e-01
-9.691913542738379572e-01
-9.691913542738379572e-01
-9.676259060890678443e-01
-9.676259060890678443e-01
-9.676259060890678443e-01
-1.025179148176204036e+00
-1.025179148176204036e+00
-1.025179148176204036e+00
-1.025179148176204036e+00
-1.025179148176204036e+00
-1.025179148176204036e+00
-1.025179148176204036e+00
-1.025179148176204036e+00
-1.025179148176204036e+00
-1.025179148176204036e+00
-1.025179148176204036e+00
-1.025179148176204036e+00
-1.025179148176204036e+00
-1.025179148176204036e+00
-1.025179148176204036e+00
-1.025179148176204036e+00
-1.025179148176204036e+00
-1.019230080380266523e+00
-1.019230080380266523e+00
-1.019230080380266523e+00
-1.019230080380266523e+00
-1.019230080380266523e+00
-1.019230080380266523e+00
-1.019230080380266523e+00
-1.019230080380266523e+00
-1.067624379298427018e+00
-1.067624379298427018e+00
-1.067624379298427018e+00
-1.067624379298427018e+00
-1.067624379298427018e+00
-1.067624379298427018e+00
-1.067624379298427018e+00
-1.023696553866676240e+00
-1.081579615919357362e+00
-1.081579615919357362e+00
-1.081579615919357362e+00
-1.081579615919357362e+00
-1.081579615919357362e+00
-1.081579615919357362e+00
-1.081579615919357362e+00
-1.081579615919357362e+00
-1.081579615919357362e+00
-1.081579615919357362e+00
-1.081579615919357362e+00
-1.081579615919357362e+00
-1.081579615919357362e+00
-1.045113881732947947e+00
-1.045113881732947947e+00
-1.045113881732947947e+00
-9.906428721849138697e-01
-9.906428721849138697e-01
-9.906428721849138697e-01
-9.906428721849138697e-01
-9.906428721849138697e-01
-9.906428721849138697e-01
-9.906428721849138697e-01
-9.906428721849138697e-01
-9.906428721849138697e-01
-9.906428721849138697e-01
-9.906428721849138697e-01
-9.906428721849138697e-01
-9.906428721849138697e-01
-9.906428721849138697e-01
-8.775962812266887569e-01
-8.775962812266887569e-01
-8.775962812266887569e-01
-8.775962812266887569e-01
-8.775962812266887569e-01
-9.677137745042148076e-01
-9.677137745042148076e-01
-9.677137745042148076e-01
-9.677137745042148076e-01
-9.677137745042148076e-01
-9.677137745042148076e-01
-9.677137745042148076e-01
-1.164155754031004353e+00
-1.164155754031004353e+00
-1.164155754031004353e+00
-1.164155754031004353e+00
-1.164155754031004353e+00
-1.164155754031004353e+00
-1.164155754031004353e+00
-1.164155754031004353e+00
-9.573715138845644290e-01
-9.573715138845644290e-01
-9.573715138845644290e-01
-8.831743870365004190e-01
-8.831743870365004190e-01
-8.831743870365004190e-01
-8.831743870365004190e-01
-8.831743870365004190e-01
-8.831743870365004190e-01
-8.831743870365004190e-01
-8.831743870365004190e-01
-8.831743870365004190e-01
-8.831743870365004190e-01
-8.831743870365004190e-01
-8.831743870365004190e-01
-8.831743870365004190e-01
-8.831743870365004190e-01
-8.831743870365004190e-01
-8.831743870365004190e-01
-8.831743870365004190e-01
-8.831743870365004190e-01
-1.013600005702352425e+00
-1.013600005702352425e+00
-1.013600005702352425e+00
-1.013600005702352425e+00
-1.013600005702352425e+00
-1.013600005702352425e+00
-1.013600005702352425e+00
-1.013600005702352425e+00
-1.013600005702352425e+00
-1.013600005702352425e+00
-1.013600005702352425e+00
-1.013600005702352425e+00
-1.013600005702352425e+00
-1.013600005702352425e+00
-1.013600005702352425e+00
-1.013600005702352425e+00
-1.013600005702352425e+00
-1.013600005702352425e+00
-1.013600005702352425e+00
-1.013600005702352425e+00
-1.013600005702352425e+00
-1.013600005702352425e+00
-1.013600005702352425e+00
-1.013600005702352425e+00
-1.013600005702352425e+00
-1.013600005702352425e+00
-1.025344969893504654e+00
-1.025344969893504654e+00
-1.025344969893504654e+00
-1.025344969893504654e+00
-1.025344969893504654e+00
-1.025344969893504654e+00
-1.025344969893504654e+00
-1.025344969893504654e+00
-1.025344969893504654e+00
-1.025344969893504654e+00
-1.025344969893504654e+00
-1.025344969893504654e+00
-1.025344969893504654e+00
-1.025344969893504654e+00
-1.025344969893504654e+00
-1.025344969893504654e+00
-9.902240441360619094e-01
-9.902240441360619094e-01
-9.902240441360619094e-01
-9.902240441360619094e-01
-9.902240441360619094e-01
-9.902240441360619094e-01
-9.902240441360619094e-01
-9.902240441360619094e-01
-9.902240441360619094e-01
-9.902240441360619094e-01
-9.902240441360619094e-01
-9.902240441360619094e-01
-9.902240441360619094e-01
-9.902240441360619094e-01
-9.902240441360619094e-01
-9.902240441360619094e-01
-9.902240441360619094e-01
-9.902240441360619094e-01
-9.902240441360619094e-01
-9.902240441360619094e-01
-9.902240441360619094e-01
-9.902240441360619094e-01
-9.902240441360619094e-01
-9.902240441360619094e-01
-9.902240441360619094e-01
-9.902240441360619094e-01
-9.902240441360619094e-01
-9.902240441360619094e-01
-9.902240441360619094e-01
-9.902240441360619094e-01
-9.902240441360619094e-01
-9.902240441360619094e-01
-9.902240441360619094e-01
-9.902240441360619094e-01
-9.902240441360619094e-01
-9.902240441360619094e-01
-9.902240441360619094e-01
-9.902240441360619094e-01
-9.902240441360619094e-01
-9.902240441360619094e-01
-9.902240441360619094e-01
-9.902240441360619094e-01
-9.902240441360619094e-01
-9.902240441360619094e-01
-9.902240441360619094e-01
-9.902240441360619094e-01
-9.902240441360619094e-01
-9.902240441360619094e-01
-9.902240441360619094e-01
-9.902240441360619094e-01
-9.902240441360619094e-01
-9.902240441360619094e-01
-9.902240441360619094e-01
-9.751248086159817197e-01
-9.751248086159817197e-01
-9.751248086159817197e-01
-9.751248086159817197e-01
-9.751248086159817197e-01
-9.751248086159817197e-01
-9.751248086159817197e-01
-9.751248086159817197e-01
-9.751248086159817197e-01
-9.751248086159817197e-01
-9.751248086159817197e-01
-9.751248086159817197e-01
-9.632616608366226796e-01
-9.632616608366226796e-01
-9.632616608366226796e-01
-9.632616608366226796e-01
-9.632616608366226796e-01
-9.632616608366226796e-01
-9.632616608366226796e-01
-9.632616608366226796e-01
-9.632616608366226796e-01
-9.632616608366226796e-01
-9.632616608366226796e-01
-9.632616608366226796e-01
-1.023272141443839711e+00
-1.023272141443839711e+00
-1.023272141443839711e+00
-1.023272141443839711e+00
-1.023272141443839711e+00
-1.023272141443839711e+00
-1.023272141443839711e+00
-1.023272141443839711e+00
-1.023272141443839711e+00
-1.023272141443839711e+00
-1.023272141443839711e+00
-1.023272141443839711e+00
-1.023272141443839711e+00
-1.023272141443839711e+00
-1.023272141443839711e+00
-1.023272141443839711e+00
-1.023272141443839711e+00
-1.023272141443839711e+00
-1.023272141443839711e+00
-1.023272141443839711e+00
-1.023272141443839711e+00
-1.023272141443839711e+00
-1.023272141443839711e+00
-1.023272141443839711e+00
-1.023272141443839711e+00
-1.023272141443839711e+00
-1.023272141443839711e+00
-1.023272141443839711e+00
-1.023272141443839711e+00
-1.023272141443839711e+00
-1.023272141443839711e+00
-1.023272141443839711e+00
-1.023272141443839711e+00
-1.023272141443839711e+00
-9.814170304949378920e-01
-9.814170304949378920e-01
-9.814170304949378920e-01
-9.814170304949378920e-01
-1.077177647650811698e+00
-1.023693704696275963e+00
-1.023693704696275963e+00
-1.023693704696275963e+00
-1.023693704696275963e+00
-1.023693704696275963e+00
-1.023693704696275963e+00
-9.705142810741299586e-01
-9.705142810741299586e-01
-9.705142810741299586e-01
-9.705142810741299586e-01
-9.705142810741299586e-01
-9.705142810741299586e-01
-9.705142810741299586e-01
-9.705142810741299586e-01
-9.705142810741299586e-01
-9.705142810741299586e-01
-8.905004588869287474e-01
-8.905004588869287474e-01
-8.905004588869287474e-01
-8.905004588869287474e-01
-8.905004588869287474e-01
-8.905004588869287474e-01
-8.905004588869287474e-01
-8.905004588869287474e-01
-8.905004588869287474e-01
-8.905004588869287474e-01
-8.905004588869287474e-01
-8.905004588869287474e-01
-8.905004588869287474e-01
-8.905004588869287474e-01
-8.905004588869287474e-01
-9.852213567803056460e-01
-9.852213567803056460e-01
-9.852213567803056460e-01
-9.852213567803056460e-01
-9.852213567803056460e-01
-9.852213567803056460e-01
-9.852213567803056460e-01
-9.852213567803056460e-01
-9.852213567803056460e-01
-9.852213567803056460e-01
-9.852213567803056460e-01
-9.852213567803056460e-01
-9.852213567803056460e-01
-9.362022917767555130e-01
-9.362022917767555130e-01
-9.362022917767555130e-01
-9.555726046771892968e-01
-9.555726046771892968e-01
-9.555726046771892968e-01
-9.241193020093052546e-01
-9.241193020093052546e-01
-9.241193020093052546e-01
-9.241193020093052546e-01
-9.241193020093052546e-01
-9.241193020093052546e-01
-9.241193020093052546e-01
-9.241193020093052546e-01
-9.730849165761447095e-01
-9.730849165761447095e-01
-9.730849165761447095e-01
-9.730849165761447095e-01
-9.730849165761447095e-01
-9.730849165761447095e-01
-9.730849165761447095e-01
-9.730849165761447095e-01
-1.009591450882687313e+00
-1.009591450882687313e+00
-1.009591450882687313e+00
-1.009591450882687313e+00
-1.009591450882687313e+00
-1.009591450882687313e+00
-1.009591450882687313e+00
-1.021271340021895568e+00
-1.021271340021895568e+00
-1.021271340021895568e+00
-1.021271340021895568e+00
-1.021271340021895568e+00
-1.021271340021895568e+00
-1.021271340021895568e+00
-1.005333878570031425e+00
-1.005333878570031425e+00
-1.005333878570031425e+00
-1.005333878570031425e+00
-1.005333878570031425e+00
-1.005333878570031425e+00
-1.005333878570031425e+00
-1.005333878570031425e+00
-1.005333878570031425e+00
-9.075297224362083304e-01
-9.075297224362083304e-01
-9.075297224362083304e-01
-9.075297224362083304e-01
-9.075297224362083304e-01
-9.075297224362083304e-01
-9.075297224362083304e-01
-9.075297224362083304e-01
-9.075297224362083304e-01
-9.075297224362083304e-01
-9.075297224362083304e-01
-9.075297224362083304e-01
-9.075297224362083304e-01
-9.075297224362083304e-01
-9.075297224362083304e-01
-9.075297224362083304e-01
-8.852842547013699548e-01
-8.852842547013699548e-01
-8.852842547013699548e-01
-8.852842547013699548e-01
-8.852842547013699548e-01
-8.852842547013699548e-01
-8.852842547013699548e-01
-8.852842547013699548e-01
-8.852842547013699548e-01
-8.852842547013699548e-01
-8.852842547013699548e-01
-8.852842547013699548e-01
-8.852842547013699548e-01
-8.852842547013699548e-01
-8.852842547013699548e-01
-8.852842547013699548e-01
-8.852842547013699548e-01
-8.852842547013699548e-01
-9.655162663578302773e-01
-9.655162663578302773e-01
-9.655162663578302773e-01
-9.655162663578302773e-01
-9.655162663578302773e-01
-9.655162663578302773e-01
-9.655162663578302773e-01
-9.655162663578302773e-01
-9.655162663578302773e-01
-9.655162663578302773e-01
-9.655162663578302773e-01
-9.655162663578302773e-01
-9.655162663578302773e-01
-9.655162663578302773e-01
-9.655162663578302773e-01
-9.655162663578302773e-01
-9.327807800263793192e-01
-8.378785039453159333e-01
-8.539388216248433583e-01
-8.424791733575823782e-01
-8.424791733575823782e-01
-8.424791733575823782e-01
-8.498484956146881153e-01
-8.498484956146881153e-01
-8.498484956146881153e-01
-8.498484956146881153e-01
-8.498484956146881153e-01
-8.498484956146881153e-01
-8.498484956146881153e-01
-8.498484956146881153e-01
-8.498484956146881153e-01
-8.498484956146881153e-01
-8.498484956146881153e-01
-8.498484956146881153e-01
-8.498484956146881153e-01
-8.498484956146881153e-01
-8.498484956146881153e-01
-8.498484956146881153e-01
-8.498484956146881153e-01
-8.498484956146881153e-01
-8.498484956146881153e-01
-8.498484956146881153e-01
-8.498484956146881153e-01
-8.498484956146881153e-01
-8.498484956146881153e-01
-8.498484956146881153e-01
-8.498484956146881153e-01
-8.498484956146881153e-01
-8.498484956146881153e-01
-8.498484956146881153e-01
-8.498484956146881153e-01
-8.498484956146881153e-01
-8.498484956146881153e-01
-8.498484956146881153e-01
-8.498484956146881153e-01
-8.498484956146881153e-01
-8.498484956146881153e-01
-8.498484956146881153e-01
-8.498484956146881153e-01
-8.498484956146881153e-01
-8.498484956146881153e-01
-8.498484956146881153e-01
-8.498484956146881153e-01
-9.230366742405791136e-01
-9.230366742405791136e-01
-9.230366742405791136e-01
-9.230366742405791136e-01
-9.230366742405791136e-01
-9.230366742405791136e-01
-9.230366742405791136e-01
-9.230366742405791136e-01
-9.230366742405791136e-01
-9.230366742405791136e-01
-9.230366742405791136e-01
-9.230366742405791136e-01
-9.230366742405791136e-01
-9.230366742405791136e-01
-9.230366742405791136e-01
-9.230366742405791136e-01
-9.230366742405791136e-01
-9.230366742405791136e-01
-9.230366742405791136e-01
-9.230366742405791136e-01
-9.230366742405791136e-01
-9.230366742405791136e-01
-9.230366742405791136e-01
-9.230366742405791136e-01
-9.230366742405791136e-01
-9.230366742405791136e-01
-9.310505358256527808e-01
-9.310505358256527808e-01
-9.310505358256527808e-01
-9.310505358256527808e-01
-9.310505358256527808e-01
-9.310505358256527808e-01
-9.310505358256527808e-01
-9.247189953951716612e-01
-9.247189953951716612e-01
-9.247189953951716612e-01
-9.247189953951716612e-01
-9.247189953951716612e-01
-1.001973794933486817e+00
-1.001973794933486817e+00
-1.001973794933486817e+00
-1.001973794933486817e+00
-8.869551221909531824e-01
-9.217729532012063354e-01
-9.217729532012063354e-01
-9.217729532012063354e-01
-9.217729532012063354e-01
-9.217729532012063354e-01
-9.217729532012063354e-01
-9.217729532012063354e-01
-9.217729532012063354e-01
-9.217729532012063354e-01
-9.217729532012063354e-01
-9.217729532012063354e-01
-9.217729532012063354e-01
-9.217729532012063354e-01
-9.217729532012063354e-01
-9.217729532012063354e-01
-9.217729532012063354e-01
-9.217729532012063354e-01
-9.217729532012063354e-01
-9.217729532012063354e-01
-9.217729532012063354e-01
-9.217729532012063354e-01
-9.217729532012063354e-01
-9.217729532012063354e-01
-9.217729532012063354e-01
-9.217729532012063354e-01
-9.217729532012063354e-01
-9.217729532012063354e-01
-9.217729532012063354e-01
-9.217729532012063354e-01
-9.217729532012063354e-01
-9.217729532012063354e-01
-9.217729532012063354e-01
-9.008006087680618945e-01
-9.008006087680618945e-01
-9.008006087680618945e-01
-9.008006087680618945e-01
-9.008006087680618945e-01
-9.008006087680618945e-01
-8.623230753619629541e-01
-8.623230753619629541e-01
-8.623230753619629541e-01
-8.623230753619629541e-01
-8.623230753619629541e-01
-8.623230753619629541e-01
-8.623230753619629541e-01
-8.623230753619629541e-01
-8.623230753619629541e-01
-8.436327454692774674e-01
-8.436327454692774674e-01
-8.436327454692774674e-01
-8.436327454692774674e-01
-8.436327454692774674e-01
-8.436327454692774674e-01
-8.436327454692774674e-01
-8.436327454692774674e-01
-8.436327454692774674e-01
-8.436327454692774674e-01
-8.436327454692774674e-01
-8.436327454692774674e-01
-8.436327454692774674e-01
-8.344330591635766847e-01
-8.344330591635766847e-01
-8.344330591635766847e-01
-9.236834929048672871e-01
-9.236834929048672871e-01
-9.277245282670962823e-01
-9.277245282670962823e-01
-9.277245282670962823e-01
-9.277245282670962823e-01
-9.277245282670962823e-01
-9.277245282670962823e-01
-9.277245282670962823e-01
-9.277245282670962823e-01
-9.277245282670962823e-01
-9.277245282670962823e-01
-9.277245282670962823e-01
-9.277245282670962823e-01
-9.277245282670962823e-01
-9.277245282670962823e-01
-9.277245282670962823e-01
-9.277245282670962823e-01
-9.277245282670962823e-01
-9.277245282670962823e-01
-9.277245282670962823e-01
-9.277245282670962823e-01
-9.277245282670962823e-01
-9.277245282670962823e-01
-9.277245282670962823e-01
-9.277245282670962823e-01
-9.277245282670962823e-01
-9.277245282670962823e-01
-9.277245282670962823e-01
-9.277245282670962823e-01
-9.277245282670962823e-01
-9.277245282670962823e-01
-9.277245282670962823e-01
-9.277245282670962823e-01
-9.277245282670962823e-01
-9.277245282670962823e-01
-9.277245282670962823e-01
-9.277245282670962823e-01
-9.277245282670962823e-01
-9.277245282670962823e-01
-9.277245282670962823e-01
-9.277245282670962823e-01
-9.207653155974174775e-01
-9.207653155974174775e-01
-9.207653155974174775e-01
-9.207653155974174775e-01
-9.207653155974174775e-01
-9.207653155974174775e-01
-9.207653155974174775e-01
-9.207653155974174775e-01
-9.207653155974174775e-01
-9.207653155974174775e-01
-9.207653155974174775e-01
-9.207653155974174775e-01
-9.207653155974174775e-01
-9.207653155974174775e-01
-9.207653155974174775e-01
-8.819561957401252927e-01
-8.819561957401252927e-01
-8.819561957401252927e-01
-8.819561957401252927e-01
-8.819561957401252927e-01
-8.819561957401252927e-01
-8.819561957401252927e-01
-8.819561957401252927e-01
-8.819561957401252927e-01
-8.819561957401252927e-01
-8.819561957401252927e-01
-8.819561957401252927e-01
-8.819561957401252927e-01
-8.819561957401252927e-01
-8.819561957401252927e-01
-8.819561957401252927e-01
-8.819561957401252927e-01
-8.819561957401252927e-01
-8.819561957401252927e-01
-8.987015109673056612e-01
-8.987015109673056612e-01
-8.987015109673056612e-01
-8.987015109673056612e-01
-8.987015109673056612e-01
-8.987015109673056612e-01
-8.987015109673056612e-01
-8.987015109673056612e-01
-8.987015109673056612e-01
-8.987015109673056612e-01
-8.987015109673056612e-01
-8.987015109673056612e-01
-8.987015109673056612e-01
-8.987015109673056612e-01
-9.758257045344685965e-01
-9.758257045344685965e-01
-9.758257045344685965e-01
-1.076733632935620522e+00
-1.076733632935620522e+00
-1.076733632935620522e+00
-1.076733632935620522e+00
-1.076733632935620522e+00
-1.076733632935620522e+00
-1.076733632935620522e+00
-1.076733632935620522e+00
-1.076733632935620522e+00
-1.076733632935620522e+00
-1.076733632935620522e+00
-1.083689483584227009e+00
-1.083689483584227009e+00
-1.083689483584227009e+00
-1.026094985509693691e+00
-1.026094985509693691e+00
-1.026094985509693691e+00
-1.042026292753493122e+00
-1.042026292753493122e+00
-1.042026292753493122e+00
-1.042026292753493122e+00
-1.042026292753493122e+00
-1.042026292753493122e+00
-1.042026292753493122e+00
-1.042026292753493122e+00
-1.042026292753493122e+00
-1.042026292753493122e+00
-1.042026292753493122e+00
-9.282411968274963954e-01
-9.282411968274963954e-01
-9.282411968274963954e-01
-9.282411968274963954e-01
-9.282411968274963954e-01
-9.282411968274963954e-01
-9.282411968274963954e-01
-9.282411968274963954e-01
-9.282411968274963954e-01
-9.282411968274963954e-01
-9.282411968274963954e-01
-9.282411968274963954e-01
-9.282411968274963954e-01
-9.282411968274963954e-01
-9.282411968274963954e-01
-9.282411968274963954e-01
