# Variable: dg_gbsa_00000360
# Sample shape: (2000,)
# Date: 2014-03-03 06:24:06.272493
-1.745783120222802687e+00
-1.745783120222802687e+00
-2.696114106114462228e+00
-7.025801200939637781e+00
-7.025801200939637781e+00
-7.025801200939637781e+00
-7.025801200939637781e+00
-7.025801200939637781e+00
-5.731102157505246986e+00
-5.731102157505246986e+00
-5.731102157505246986e+00
-5.731102157505246986e+00
-5.731102157505246986e+00
-5.731102157505246986e+00
-5.731102157505246986e+00
-5.731102157505246986e+00
-5.731102157505246986e+00
-5.731102157505246986e+00
-5.731102157505246986e+00
-5.731102157505246986e+00
-5.731102157505246986e+00
-5.731102157505246986e+00
-5.731102157505246986e+00
-5.731102157505246986e+00
-5.731102157505246986e+00
-5.731102157505246986e+00
-5.731102157505246986e+00
-5.731102157505246986e+00
-5.731102157505246986e+00
-5.731121303930336808e+00
-6.466931184436805147e+00
-6.403928960942400828e+00
-6.403928960942400828e+00
-6.752250299399030986e+00
-6.752250299399030986e+00
-6.752250299399030986e+00
-6.752250299399030986e+00
-6.303340937393801191e+00
-6.287533740012641204e+00
-5.963576683350775731e+00
-5.963576683350775731e+00
-5.963576683350775731e+00
-5.963576683350775731e+00
-5.963576683350775731e+00
-5.963576683350775731e+00
-5.963576683350775731e+00
-5.963576683350775731e+00
-5.963576683350775731e+00
-5.963576683350775731e+00
-5.963576683350775731e+00
-6.036933475880959854e+00
-6.101755521493477552e+00
-6.101755521493477552e+00
-6.101755521493477552e+00
-6.101755521493477552e+00
-5.823620418745518279e+00
-5.823620418745518279e+00
-5.823620418745518279e+00
-5.823620418745518279e+00
-5.823620418745518279e+00
-5.818285860021529032e+00
-5.818285860021529032e+00
-5.818285860021529032e+00
-5.818285860021529032e+00
-5.818285860021529032e+00
-5.818285860021529032e+00
-5.818285860021529032e+00
-5.818285860021529032e+00
-5.818285860021529032e+00
-5.818285860021529032e+00
-5.862274315799399282e+00
-5.629033932950254560e+00
-5.629033932950254560e+00
-5.629033932950254560e+00
-5.629033932950254560e+00
-5.629033932950254560e+00
-5.629033932950254560e+00
-5.629033932950254560e+00
-5.629033932950254560e+00
-6.400289316706174070e+00
-6.372876650516662522e+00
-6.372876650516662522e+00
-6.354564918386776284e+00
-6.247643986805902827e+00
-5.994541467261815804e+00
-5.994541467261815804e+00
-5.994541467261815804e+00
-5.994541467261815804e+00
-5.994541467261815804e+00
-5.830786196269222899e+00
-5.830786196269222899e+00
-5.830786196269222899e+00
-5.830786196269222899e+00
-5.920153047113071665e+00
-5.920153047113071665e+00
-5.920153047113071665e+00
-5.920144385635055073e+00
-5.920153047113071665e+00
-5.920153047113071665e+00
-5.920153047113071665e+00
-5.920153047113071665e+00
-5.920153047113071665e+00
-5.920153047113071665e+00
-5.920153047113071665e+00
-5.920153047113071665e+00
-5.920153047113071665e+00
-5.920153047113071665e+00
-5.920153047113071665e+00
-5.920153047113071665e+00
-5.920153047113071665e+00
-5.966120422684211277e+00
-6.014996231400031590e+00
-6.014996231400031590e+00
-6.014996231400031590e+00
-6.191193943497783181e+00
-6.191193943497783181e+00
-6.191193943497783181e+00
-6.191193943497783181e+00
-6.191193943497783181e+00
-6.191193943497783181e+00
-6.191193943497783181e+00
-6.191193943497783181e+00
-6.191193943497783181e+00
-6.191193943497783181e+00
-5.961533942140539111e+00
-5.961533942140539111e+00
-6.159317880925894606e+00
-6.159317880925894606e+00
-6.159317880925894606e+00
-6.159317880925894606e+00
-6.159317880925894606e+00
-6.383040667036067539e+00
-6.383040667036067539e+00
-6.383040667036067539e+00
-6.383040667036067539e+00
-6.383040667036067539e+00
-6.383040667036067539e+00
-6.383040667036067539e+00
-6.383040667036067539e+00
-6.367186515326709539e+00
-6.367186515326709539e+00
-6.367186515326709539e+00
-6.367186515326709539e+00
-6.367186515326709539e+00
-6.367186515326709539e+00
-6.367186515326709539e+00
-6.367186515326709539e+00
-6.367186515326709539e+00
-6.367186515326709539e+00
-6.367186515326709539e+00
-6.367186515326709539e+00
-6.367186515326709539e+00
-6.367186515326709539e+00
-6.367186515326709539e+00
-6.367186515326709539e+00
-6.367186515326709539e+00
-5.980916962340957710e+00
-6.127137754888880572e+00
-6.127137754888880572e+00
-6.127137754888880572e+00
-6.127137754888880572e+00
-6.127137754888880572e+00
-6.127137754888880572e+00
-6.127137754888880572e+00
-6.127137754888880572e+00
-6.127137754888880572e+00
-6.127137754888880572e+00
-6.127137754888880572e+00
-6.189405120353625556e+00
-6.189405120353625556e+00
-6.039249281582367068e+00
-6.039249281582367068e+00
-6.039249281582367068e+00
-6.056725864884501931e+00
-6.056725864884501931e+00
-6.056725864884501931e+00
-6.006216683761567587e+00
-6.006216683761567587e+00
-6.006216683761567587e+00
-6.006216683761567587e+00
-6.006216683761567587e+00
-6.006216683761567587e+00
-6.006216683761567587e+00
-5.953314655369599251e+00
-5.953314655369599251e+00
-5.953314655369599251e+00
-6.075988991994474731e+00
-6.075988991994474731e+00
-6.148723525709221427e+00
-6.148723525709221427e+00
-6.148723525709221427e+00
-6.148723525709221427e+00
-6.148723525709221427e+00
-6.148723525709221427e+00
-6.148723525709221427e+00
-6.175709956006839363e+00
-6.175709956006839363e+00
-6.175709956006839363e+00
-6.175709956006839363e+00
-6.175709956006839363e+00
-6.175709956006839363e+00
-6.217280491816153720e+00
-6.216703363859858555e+00
-6.216703363859858555e+00
-6.229845105348079670e+00
-6.167109108335885104e+00
-6.167109108335885104e+00
-6.195315895299382092e+00
-6.195315895299382092e+00
-6.321039983920795358e+00
-6.347011197821359474e+00
-5.639668860353429736e+00
-5.639668860353429736e+00
-5.639668860353429736e+00
-6.234096067585406686e+00
-6.234096067585406686e+00
-6.234096067585406686e+00
-6.234096067585406686e+00
-6.234096067585406686e+00
-6.234096067585406686e+00
-6.234096067585406686e+00
-6.234096067585406686e+00
-6.234096067585406686e+00
-6.234096067585406686e+00
-6.234096067585406686e+00
-6.269213346404737486e+00
-6.269213346404737486e+00
-6.269213346404737486e+00
-6.269213346404737486e+00
-6.231046771456132838e+00
-6.242076024042716220e+00
-6.242076024042716220e+00
-6.242076024042716220e+00
-6.242076024042716220e+00
-6.242076024042716220e+00
-6.242076024042716220e+00
-6.242076024042716220e+00
-6.242076024042716220e+00
-6.242076024042716220e+00
-6.156772773990667247e+00
-6.156772773990667247e+00
-6.156772773990667247e+00
-6.108308613414290100e+00
-6.108308613414290100e+00
-6.108308613414290100e+00
-6.108308613414290100e+00
-6.089835960140191240e+00
-6.089835960140191240e+00
-6.089835960140191240e+00
-6.089835960140191240e+00
-6.089835960140191240e+00
-6.089835960140191240e+00
-5.567096615384686586e+00
-5.678154086519609400e+00
-5.678154086519609400e+00
-5.678154086519609400e+00
-5.911739560887644629e+00
-5.911739560887644629e+00
-5.911739560887644629e+00
-5.911739560887644629e+00
-5.911739560887644629e+00
-5.911739560887644629e+00
-5.911739560887644629e+00
-5.987336029286137951e+00
-5.987336029286137951e+00
-5.987336029286137951e+00
-5.987336029286137951e+00
-5.983465260347034409e+00
-5.983465260347034409e+00
-5.983465260347034409e+00
-5.983465260347034409e+00
-5.983465260347034409e+00
-5.983465260347034409e+00
-5.983465260347034409e+00
-5.983465260347034409e+00
-5.950746755071168792e+00
-5.950746755071168792e+00
-5.950746755071168792e+00
-5.950746755071168792e+00
-5.950746755071168792e+00
-5.950746755071168792e+00
-5.950746755071168792e+00
-5.950746755071168792e+00
-5.950746755071168792e+00
-5.950746755071168792e+00
-5.950746755071168792e+00
-5.950746755071168792e+00
-5.950746755071168792e+00
-5.950746755071168792e+00
-5.824895023615820122e+00
-5.824384908147340667e+00
-5.824384908147340667e+00
-5.824384908147340667e+00
-5.824384908147340667e+00
-5.824384908147340667e+00
-5.824384908147340667e+00
-5.824384908147340667e+00
-5.824384908147340667e+00
-5.824384908147340667e+00
-5.824384908147340667e+00
-5.824384908147340667e+00
-5.824384908147340667e+00
-5.824384908147340667e+00
-5.862794916214951968e+00
-5.862794916214951968e+00
-5.862794916214951968e+00
-5.862794916214951968e+00
-5.862794916214951968e+00
-5.862794916214951968e+00
-5.877875917044470100e+00
-5.877875917044470100e+00
-6.095837452671495349e+00
-5.915301251821718509e+00
-5.915301251821718509e+00
-5.957412446206204137e+00
-5.957412446206204137e+00
-5.957412446206204137e+00
-5.957412446206204137e+00
-5.957412446206204137e+00
-5.957412446206204137e+00
-5.957412446206204137e+00
-5.957412446206204137e+00
-5.957412446206204137e+00
-5.957412446206204137e+00
-5.812528256476494626e+00
-5.812528256476494626e+00
-5.812528256476494626e+00
-5.812528256476494626e+00
-5.812528256476494626e+00
-5.800310557932515820e+00
-5.800310557932515820e+00
-5.800310557932515820e+00
-5.800310557932515820e+00
-5.800310557932515820e+00
-5.800310557932515820e+00
-5.401253016455450862e+00
-5.401253016455450862e+00
-5.401253016455450862e+00
-5.629067211260530890e+00
-5.956019771714511357e+00
-5.956019771714511357e+00
-5.956019771714511357e+00
-6.015345425724299311e+00
-6.015345425724299311e+00
-6.015345425724299311e+00
-6.015345425724299311e+00
-6.015345425724299311e+00
-6.015345425724299311e+00
-6.015345425724299311e+00
-6.014098628757104770e+00
-6.014098628757104770e+00
-5.933318037831759817e+00
-5.933318037831759817e+00
-5.933318037831759817e+00
-5.933318037831759817e+00
-5.933318037831759817e+00
-5.933318037831759817e+00
-5.933318037831759817e+00
-5.933318037831759817e+00
-5.988131517661916980e+00
-5.988131517661916980e+00
-5.988131517661916980e+00
-5.932490182880233220e+00
-5.932490182880233220e+00
-5.932490182880233220e+00
-5.932490182880233220e+00
-5.932490182880233220e+00
-5.657543415777086082e+00
-5.675111628399296393e+00
-5.703763797679776815e+00
-5.703763797679776815e+00
-5.703763797679776815e+00
-5.703763797679776815e+00
-5.703763797679776815e+00
-5.703763797679776815e+00
-5.703763797679776815e+00
-5.703763797679776815e+00
-5.703763797679776815e+00
-5.703763797679776815e+00
-5.703763797679776815e+00
-5.682963486155405697e+00
-5.682963486155405697e+00
-5.682963486155405697e+00
-5.682963486155405697e+00
-5.682963486155405697e+00
-5.682963486155405697e+00
-5.682963486155405697e+00
-5.614644482760310140e+00
-5.589954711739009596e+00
-5.589954711739009596e+00
-5.589954711739009596e+00
-5.589954711739009596e+00
-5.589954711739009596e+00
-5.468701313376198136e+00
-5.468701313376198136e+00
-5.468701313376198136e+00
-5.468701313376198136e+00
-5.671104555148239079e+00
-5.671104555148239079e+00
-5.925189468646368418e+00
-5.929844785146913821e+00
-5.929844785146913821e+00
-5.800667046133008320e+00
-5.800667046133008320e+00
-5.800667046133008320e+00
-5.800667046133008320e+00
-5.826997483437649450e+00
-5.826997483437649450e+00
-5.658686275008075306e+00
-5.798269640191334950e+00
-5.798269640191334950e+00
-5.798269640191334950e+00
-5.908457316586437358e+00
-5.908457316586437358e+00
-5.793051327619680002e+00
-5.887112243681518642e+00
-5.887112243681518642e+00
-5.852820084610130813e+00
-5.666959354116173131e+00
-5.546655527264392482e+00
-5.546655527264392482e+00
-5.546655527264392482e+00
-5.546655527264392482e+00
-5.546655527264392482e+00
-5.546655527264392482e+00
-5.546655527264392482e+00
-5.546655527264392482e+00
-5.546655527264392482e+00
-5.707356943455070386e+00
-5.707356943455070386e+00
-5.902215582006975936e+00
-5.902215582006975936e+00
-5.817653572126282313e+00
-5.817653572126282313e+00
-5.817653572126282313e+00
-5.952774452661692806e+00
-5.946281991086999952e+00
-5.946281991086999952e+00
-5.946281991086999952e+00
-5.946281991086999952e+00
-6.179778115471279420e+00
-6.214378896680433861e+00
-6.214378896680433861e+00
-6.214378896680433861e+00
-6.214378896680433861e+00
-6.108632735039034145e+00
-6.499310980335476273e+00
-6.499310980335476273e+00
-6.343904006549550445e+00
-6.343904006549550445e+00
-6.343904006549550445e+00
-6.343904006549550445e+00
-6.343904006549550445e+00
-6.384761565957880691e+00
-6.384761565957880691e+00
-6.384761565957880691e+00
-6.214406704583541163e+00
-6.214406704583541163e+00
-6.175601915465257719e+00
-6.175601915465257719e+00
-6.175601915465257719e+00
-6.175601915465257719e+00
-6.175601915465257719e+00
-6.175601915465257719e+00
-6.175601915465257719e+00
-6.175601915465257719e+00
-6.181448413126783059e+00
-6.181448413126783059e+00
-6.181448413126783059e+00
-6.181448413126783059e+00
-6.181448413126783059e+00
-6.362567212340024092e+00
-6.378415893642213952e+00
-6.378415893642213952e+00
-6.378415893642213952e+00
-6.378415893642213952e+00
-6.378415893642213952e+00
-6.378415893642213952e+00
-6.136615235308616079e+00
-6.136615235308616079e+00
-6.136615235308616079e+00
-6.111244854462078102e+00
-6.079138578921840619e+00
-6.079138578921840619e+00
-6.240160469799151066e+00
-6.240160469799151066e+00
-6.240160469799151066e+00
-6.240160469799151066e+00
-6.240160469799151066e+00
-6.240160469799151066e+00
-5.931091582114108363e+00
-5.931091582114108363e+00
-5.931091582114108363e+00
-5.931091582114108363e+00
-5.931091582114108363e+00
-5.931091582114108363e+00
-6.345299416244827739e+00
-6.271807231137218608e+00
-6.271807231137218608e+00
-6.271807231137218608e+00
-6.271807231137218608e+00
-6.271807231137218608e+00
-6.271807231137218608e+00
-6.271807231137218608e+00
-6.271807231137218608e+00
-6.228102324797591294e+00
-6.228102324797591294e+00
-6.228102324797591294e+00
-6.228102324797591294e+00
-6.295427081689779492e+00
-6.295427081689779492e+00
-6.295427081689779492e+00
-6.155834599161239318e+00
-6.155834599161239318e+00
-6.155834599161239318e+00
-6.155834599161239318e+00
-6.327859302323816770e+00
-5.950779577514181184e+00
-5.950779577514181184e+00
-5.807784045859458288e+00
-5.807784045859458288e+00
-5.807784045859458288e+00
-6.119404878488690080e+00
-6.119404878488690080e+00
-6.119404878488690080e+00
-6.119404878488690080e+00
-6.119404878488690080e+00
-6.031251546301759525e+00
-6.031251546301759525e+00
-6.031251546301759525e+00
-6.077554440179244288e+00
-6.619617998258105374e+00
-6.619617998258105374e+00
-6.619617998258105374e+00
-6.399534400516896149e+00
-6.399534400516896149e+00
-6.399534400516896149e+00
-6.399534400516896149e+00
-6.399534400516896149e+00
-6.399534400516896149e+00
-6.399534400516896149e+00
-6.399534400516896149e+00
-6.399534400516896149e+00
-6.629390880664948860e+00
-6.629390880664948860e+00
-6.709346351842350842e+00
-6.709346351842350842e+00
-6.709346351842350842e+00
-6.709346351842350842e+00
-6.709346351842350842e+00
-6.709346351842350842e+00
-6.552417693129005016e+00
-6.552417693129005016e+00
-6.552417693129005016e+00
-6.552417693129005016e+00
-6.552417693129005016e+00
-6.651525059803949702e+00
-6.472008634023866946e+00
-6.472008634023866946e+00
-6.472008634023866946e+00
-6.472008634023866946e+00
-6.668294137112268594e+00
-6.668294137112268594e+00
-6.668294137112268594e+00
-6.630613060799884551e+00
-6.630613060799884551e+00
-6.630613060799884551e+00
-6.630613060799884551e+00
-6.594532534451603034e+00
-6.594532534451603034e+00
-6.594532534451603034e+00
-6.594532534451603034e+00
-6.594532534451603034e+00
-6.594532534451603034e+00
-6.594532534451603034e+00
-6.594532534451603034e+00
-6.594532534451603034e+00
-6.624838590166080898e+00
-6.429246005319043888e+00
-6.429246005319043888e+00
-6.429246005319043888e+00
-6.700198919321793234e+00
-6.700198919321793234e+00
-6.608435118403535036e+00
-6.608435118403535036e+00
-6.517577581606221138e+00
-6.288331507724739922e+00
-6.288331507724739922e+00
-6.316196850107458793e+00
-6.316196850107458793e+00
-6.282204195828556159e+00
-6.366023142068836904e+00
-6.256733524183926143e+00
-6.267880390524635636e+00
-6.320202099889459468e+00
-6.320202099889459468e+00
-6.320202099889459468e+00
-6.320202099889459468e+00
-6.320202099889459468e+00
-6.320202099889459468e+00
-6.320202099889459468e+00
-6.320202099889459468e+00
-6.158237931377344765e+00
-6.296074869072003644e+00
-6.296074869072003644e+00
-6.296074869072003644e+00
-6.296074869072003644e+00
-6.296074869072003644e+00
-6.296074869072003644e+00
-6.421720548523999206e+00
-6.156914092842524333e+00
-6.156914092842524333e+00
-6.156914092842524333e+00
-6.156914092842524333e+00
-6.156914092842524333e+00
-6.156914092842524333e+00
-6.019884496072509528e+00
-6.019884496072509528e+00
-6.019884496072509528e+00
-6.019884496072509528e+00
-6.019884496072509528e+00
-6.019884496072509528e+00
-6.019884496072509528e+00
-6.019884496072509528e+00
-6.019884496072509528e+00
-6.019884496072509528e+00
-6.019884496072509528e+00
-6.150534230482053388e+00
-6.759099705041480277e+00
-6.759099705041480277e+00
-6.708529437705161413e+00
-6.708529437705161413e+00
-6.708529437705161413e+00
-6.708529437705161413e+00
-6.708529437705161413e+00
-6.708529437705161413e+00
-6.708529437705161413e+00
-6.708529437705161413e+00
-6.708529437705161413e+00
-6.708529437705161413e+00
-6.708529437705161413e+00
-6.708529437705161413e+00
-6.708529437705161413e+00
-6.529548655960344838e+00
-6.529548655960344838e+00
-6.475707085137156760e+00
-6.385119421760165004e+00
-6.385119421760165004e+00
-6.385119421760165004e+00
-6.385119421760165004e+00
-6.385119421760165004e+00
-6.385119421760165004e+00
-6.385119421760165004e+00
-6.385119421760165004e+00
-6.385119421760165004e+00
-6.374693281563928338e+00
-6.374693281563928338e+00
-6.374693281563928338e+00
-6.374693281563928338e+00
-6.495599309071527827e+00
-6.496112615610855734e+00
-6.418555006242391059e+00
-6.490684148230470463e+00
-6.490684148230470463e+00
-6.490684148230470463e+00
-6.490684148230470463e+00
-6.490684148230470463e+00
-6.490684148230470463e+00
-6.490684148230470463e+00
-6.490684148230470463e+00
-6.490684148230470463e+00
-6.436192510688737656e+00
-6.436192510688737656e+00
-6.436192510688737656e+00
-6.529415086851976469e+00
-6.529415086851976469e+00
-6.529415086851976469e+00
-6.529415086851976469e+00
-6.529415086851976469e+00
-6.529415086851976469e+00
-6.529415086851976469e+00
-6.437638977517589289e+00
-6.437638977517589289e+00
-6.437638977517589289e+00
-6.489617874699842304e+00
-6.489617874699842304e+00
-6.489617874699842304e+00
-6.489617874699842304e+00
-6.489617874699842304e+00
-6.652610023892403746e+00
-6.652610023892403746e+00
-6.652610023892403746e+00
-6.958341507337289400e+00
-6.958341507337289400e+00
-6.958341507337289400e+00
-6.958341507337289400e+00
-6.958341507337289400e+00
-6.958341507337289400e+00
-6.958341507337289400e+00
-6.958341507337289400e+00
-6.958341507337289400e+00
-6.958341507337289400e+00
-6.958341507337289400e+00
-6.958341507337289400e+00
-6.862622146168812165e+00
-6.863866663799687018e+00
-6.863866663799687018e+00
-6.863866663799687018e+00
-6.861580033603178919e+00
-6.861580033603178919e+00
-6.861580033603178919e+00
-6.861580033603178919e+00
-6.861580033603178919e+00
-6.861580033603178919e+00
-6.861580033603178919e+00
-6.809741999405519941e+00
-6.809741999405519941e+00
-6.809741999405519941e+00
-6.809741999405519941e+00
-6.809741999405519941e+00
-6.809741999405519941e+00
-6.809741999405519941e+00
-6.725118447444178749e+00
-6.725118447444178749e+00
-6.725118447444178749e+00
-6.725118447444178749e+00
-6.725118447444178749e+00
-6.725118447444178749e+00
-6.725118447444178749e+00
-6.725118447444178749e+00
-6.725118447444178749e+00
-6.725118447444178749e+00
-6.725118447444178749e+00
-6.725118447444178749e+00
-6.725118447444178749e+00
-6.725118447444178749e+00
-6.725118447444178749e+00
-6.725118447444178749e+00
-6.725118447444178749e+00
-6.725118447444178749e+00
-6.725118447444178749e+00
-6.725118447444178749e+00
-6.725118447444178749e+00
-6.725118447444178749e+00
-6.725118447444178749e+00
-6.725118447444178749e+00
-6.725118447444178749e+00
-6.739477810394695290e+00
-6.739477810394695290e+00
-6.703438767967442757e+00
-6.703438767967442757e+00
-6.778552472933299988e+00
-6.778552472933299988e+00
-6.778552472933299988e+00
-6.778552472933299988e+00
-6.778552472933299988e+00
-6.778552472933299988e+00
-6.778552472933299988e+00
-6.709480376817984038e+00
-6.652903602410456863e+00
-6.652903602410456863e+00
-6.652903602410456863e+00
-6.652903602410456863e+00
-6.652903602410456863e+00
-6.652903602410456863e+00
-6.652903602410456863e+00
-6.652903602410456863e+00
-6.652903602410456863e+00
-6.652903602410456863e+00
-6.652903602410456863e+00
-6.889108945945024765e+00
-6.889108945945024765e+00
-6.732137891576121191e+00
-6.732137891576121191e+00
-6.732137891576121191e+00
-6.732137891576121191e+00
-6.809246927556753981e+00
-6.809246927556753981e+00
-6.559037341670369337e+00
-6.559037341670369337e+00
-6.559037341670369337e+00
-6.559037341670369337e+00
-6.591059281766756150e+00
-6.591059281766756150e+00
-6.591059281766756150e+00
-6.591059281766756150e+00
-6.591059281766756150e+00
-6.591059281766756150e+00
-6.591059281766756150e+00
-6.591059281766756150e+00
-6.591059281766756150e+00
-6.591059281766756150e+00
-6.625173196737898174e+00
-6.625173196737898174e+00
-6.625173196737898174e+00
-6.625173196737898174e+00
-6.625173196737898174e+00
-6.625173196737898174e+00
-6.625173196737898174e+00
-6.625173196737898174e+00
-6.575890298555274960e+00
-6.575890298555274960e+00
-6.575890298555274960e+00
-6.968805484516442661e+00
-7.006345241976968730e+00
-7.006345241976968730e+00
-7.006345241976968730e+00
-7.006345241976968730e+00
-7.090962867663876956e+00
-7.090962867663876956e+00
-6.896123831404326054e+00
-6.896123831404326054e+00
-6.896123831404326054e+00
-6.896123831404326054e+00
-6.896123831404326054e+00
-6.896123831404326054e+00
-6.598721954608282481e+00
-6.598721954608282481e+00
-6.814418741667475743e+00
-6.814418741667475743e+00
-6.826217042328522666e+00
-6.826217042328522666e+00
-6.826217042328522666e+00
-6.826217042328522666e+00
-6.826217042328522666e+00
-6.826217042328522666e+00
-6.826217042328522666e+00
-6.826217042328522666e+00
-6.826217042328522666e+00
-6.826217042328522666e+00
-6.826217042328522666e+00
-6.826217042328522666e+00
-6.591363801099145547e+00
-6.591363801099145547e+00
-6.591363801099145547e+00
-6.824055319762366345e+00
-6.820278459479657940e+00
-6.850858947287098211e+00
-6.850858947287098211e+00
-6.850858947287098211e+00
-6.850858947287098211e+00
-6.850858947287098211e+00
-6.981614442901902251e+00
-7.002431165647779565e+00
-7.163473114684707710e+00
-6.965777614148579211e+00
-6.965777614148579211e+00
-6.965777614148579211e+00
-6.965777614148579211e+00
-6.965777614148579211e+00
-6.965777614148579211e+00
-6.965777614148579211e+00
-6.965777614148579211e+00
-6.965777614148579211e+00
-7.102836842290757957e+00
-7.102836842290757957e+00
-7.102836842290757957e+00
-7.020776176087942133e+00
-7.020776176087942133e+00
-7.020776176087942133e+00
-7.020776176087942133e+00
-7.020776176087942133e+00
-6.343038770482371191e+00
-6.343038770482371191e+00
-6.343038770482371191e+00
-6.471439255811059610e+00
-6.471439255811059610e+00
-6.493107538606194495e+00
-6.498344085868412279e+00
-6.498344085868412279e+00
-6.498344085868412279e+00
-6.955564819831920431e+00
-6.955564819831920431e+00
-6.955564819831920431e+00
-6.955564819831920431e+00
-6.955564819831920431e+00
-6.955564819831920431e+00
-6.834490121436620491e+00
-6.834490121436620491e+00
-6.849973653060300371e+00
-6.849973653060300371e+00
-6.849973653060300371e+00
-6.849973653060300371e+00
-6.132253041458858966e+00
-6.132253041458858966e+00
-6.132253041458858966e+00
-6.132253041458858966e+00
-6.132253041458858966e+00
-6.132253041458858966e+00
-6.132253041458858966e+00
-6.132253041458858966e+00
-6.132253041458858966e+00
-6.132253041458858966e+00
-6.132253041458858966e+00
-6.039007671932417054e+00
-6.039007671932417054e+00
-6.039007671932417054e+00
-6.039007671932417054e+00
-6.039007671932417054e+00
-6.039007671932417054e+00
-6.039007671932417054e+00
-6.039007671932417054e+00
-6.039007671932417054e+00
-6.394100006862078800e+00
-6.394100006862078800e+00
-6.394100006862078800e+00
-6.394100006862078800e+00
-6.699709317880196302e+00
-6.699709317880196302e+00
-6.699709317880196302e+00
-6.489592346133054690e+00
-6.489592346133054690e+00
-6.489592346133054690e+00
-6.489592346133054690e+00
-6.489592346133054690e+00
-6.489592346133054690e+00
-6.436463295843586785e+00
-6.423020681961088663e+00
-6.423020681961088663e+00
-6.423020681961088663e+00
-6.423020681961088663e+00
-6.491264011390350142e+00
-6.519216424420504197e+00
-6.519216424420504197e+00
-6.519216424420504197e+00
-6.519216424420504197e+00
-6.519216424420504197e+00
-6.601739340029072700e+00
-6.616976247462897476e+00
-6.616976247462897476e+00
-6.616976247462897476e+00
-6.476423708476254149e+00
-6.476423708476254149e+00
-6.476423708476254149e+00
-6.476423708476254149e+00
-6.476423708476254149e+00
-6.476423708476254149e+00
-6.476423708476254149e+00
-6.476423708476254149e+00
-6.476423708476254149e+00
-6.476423708476254149e+00
-6.476423708476254149e+00
-6.476423708476254149e+00
-6.476423708476254149e+00
-6.476423708476254149e+00
-6.476423708476254149e+00
-6.476423708476254149e+00
-6.476423708476254149e+00
-6.417614096209377728e+00
-6.397849059241679015e+00
-6.397849059241679015e+00
-6.397849059241679015e+00
-6.397849059241679015e+00
-6.613463334326078247e+00
-6.613463334326078247e+00
-6.613463334326078247e+00
-6.613463334326078247e+00
-6.613463334326078247e+00
-6.613463334326078247e+00
-6.859037206004272136e+00
-6.859037206004272136e+00
-6.859037206004272136e+00
-6.859037206004272136e+00
-6.859037206004272136e+00
-6.859037206004272136e+00
-6.767163541075375655e+00
-6.767163541075375655e+00
-6.767163541075375655e+00
-6.767163541075375655e+00
-6.767163541075375655e+00
-6.760749032802836567e+00
-6.760749032802836567e+00
-6.760749032802836567e+00
-6.760749032802836567e+00
-6.760749032802836567e+00
-6.760749032802836567e+00
-6.760749032802836567e+00
-6.760749032802836567e+00
-6.760749032802836567e+00
-6.760749032802836567e+00
-6.760749032802836567e+00
-6.760749032802836567e+00
-6.856085921336769751e+00
-6.856085921336769751e+00
-6.856085921336769751e+00
-6.856085921336769751e+00
-6.856085921336769751e+00
-6.856085921336769751e+00
-6.856085921336769751e+00
-6.856085921336769751e+00
-6.856085921336769751e+00
-6.856085921336769751e+00
-6.856085921336769751e+00
-6.856085921336769751e+00
-6.856085921336769751e+00
-6.856085921336769751e+00
-6.862748421400955756e+00
-6.853780600582435767e+00
-6.853780600582435767e+00
-6.853780600582435767e+00
-6.853780600582435767e+00
-6.878153999722481871e+00
-6.820253386780135152e+00
-6.820253386780135152e+00
-6.592004750472409746e+00
-6.651244701436555218e+00
-6.651244701436555218e+00
-6.606373686635470754e+00
-6.606373686635470754e+00
-6.606373686635470754e+00
-6.606373686635470754e+00
-6.606373686635470754e+00
-6.606373686635470754e+00
-6.606373686635470754e+00
-6.606373686635470754e+00
-6.628356517842805218e+00
-6.628356517842805218e+00
-6.628356517842805218e+00
-6.628356517842805218e+00
-6.649506479558707106e+00
-6.649506479558707106e+00
-6.655105897163113404e+00
-6.517691548422234860e+00
-6.517691548422234860e+00
-6.517691548422234860e+00
-6.979181023446368926e+00
-6.979181023446368926e+00
-6.979181023446368926e+00
-6.938354463011994433e+00
-6.938354463011994433e+00
-6.938354463011994433e+00
-6.938354463011994433e+00
-6.938354463011994433e+00
-6.952883864452004126e+00
-6.661810792882857157e+00
-6.649076140861438056e+00
-6.649076140861438056e+00
-6.649076140861438056e+00
-6.941493109125024041e+00
-7.036407408705176891e+00
-7.036407408705176891e+00
-7.036407408705176891e+00
-6.713536227866294226e+00
-6.549780956873702209e+00
-6.549780956873702209e+00
-6.549780956873702209e+00
-6.549780956873702209e+00
-5.904084181922343078e+00
-6.200934459328879100e+00
-6.200934459328879100e+00
-6.200934459328879100e+00
-6.224945443994000627e+00
-6.224945443994000627e+00
-6.224945443994000627e+00
-6.304342477772933329e+00
-6.433550759893529758e+00
-6.433550759893529758e+00
-6.433550759893529758e+00
-6.447045798511394921e+00
-6.585570184040251185e+00
-6.585570184040251185e+00
-6.585570184040251185e+00
-6.794701570762502918e+00
-6.794701570762502918e+00
-7.141890534935216195e+00
-6.820530554076681184e+00
-6.774208513774105711e+00
-6.700540363902571350e+00
-6.700540363902571350e+00
-6.700540363902571350e+00
-6.602705322761607931e+00
-6.097431164626637035e+00
-6.097431164626637035e+00
-6.097431164626637035e+00
-6.097431164626637035e+00
-6.206515186375458626e+00
-6.270478378062493974e+00
-6.270645225481138674e+00
-6.270645225481138674e+00
-6.115006215257808186e+00
-6.216308582809185523e+00
-6.216308582809185523e+00
-6.216308582809185523e+00
-6.986450738706277974e+00
-6.986450738706277974e+00
-6.986450738706277974e+00
-6.986450738706277974e+00
-6.890854005831832829e+00
-6.890854005831832829e+00
-6.878128015288431207e+00
-6.541752678486402850e+00
-6.468088631420244816e+00
-6.468088631420244816e+00
-6.468088631420244816e+00
-6.468088631420244816e+00
-6.494837554873289065e+00
-7.065378229203233218e+00
-7.065378229203233218e+00
-7.058946853841923108e+00
-7.058946853841923108e+00
-7.041629824082208167e+00
-6.922157043252802566e+00
-6.922157043252802566e+00
-6.909154341280117961e+00
-6.909154341280117961e+00
-6.909154341280117961e+00
-6.909154341280117961e+00
-7.072320175900285832e+00
-7.165988134380508079e+00
-7.165988134380508079e+00
-7.165988134380508079e+00
-6.861167929596471815e+00
-6.861167929596471815e+00
-6.861167929596471815e+00
-6.861167929596471815e+00
-6.861167929596471815e+00
-6.861167929596471815e+00
-6.861167929596471815e+00
-7.001663029307844788e+00
-7.001663029307844788e+00
-7.098925501165152419e+00
-7.098925501165152419e+00
-7.098925501165152419e+00
-7.098925501165152419e+00
-6.966270862528288532e+00
-6.966270862528288532e+00
-6.966270862528288532e+00
-6.966270862528288532e+00
-6.966270862528288532e+00
-6.966270862528288532e+00
-6.966270862528288532e+00
-6.966270862528288532e+00
-6.966270862528288532e+00
-6.966270862528288532e+00
-6.966270862528288532e+00
-6.917678603250711156e+00
-6.917678603250711156e+00
-6.917678603250711156e+00
-6.917678603250711156e+00
-6.917678603250711156e+00
-6.891086954003766252e+00
-6.891086954003766252e+00
-6.891086954003766252e+00
-6.955529262185324413e+00
-6.955529262185324413e+00
-6.955529262185324413e+00
-6.737757367340146075e+00
-7.095010968968699316e+00
-7.095010968968699316e+00
-7.095010968968699316e+00
-7.095010968968699316e+00
-7.095010968968699316e+00
-7.095010968968699316e+00
-7.095010968968699316e+00
-7.095010968968699316e+00
-7.095010968968699316e+00
-7.095010968968699316e+00
-7.095010968968699316e+00
-7.095010968968699316e+00
-7.095010968968699316e+00
-6.817018552674389831e+00
-6.817018552674389831e+00
-6.817018552674389831e+00
-6.718820641191237897e+00
-6.718820641191237897e+00
-6.718820641191237897e+00
-6.718820641191237897e+00
-6.718820641191237897e+00
-6.643097897560600984e+00
-6.424275684539035858e+00
-6.424275684539035858e+00
-6.424275684539035858e+00
-6.553002570828789786e+00
-6.503067782458566093e+00
-6.316787198214411703e+00
-6.316787198214411703e+00
-6.316787198214411703e+00
-6.316787198214411703e+00
-6.316787198214411703e+00
-6.316787198214411703e+00
-6.316787198214411703e+00
-6.383245351437628834e+00
-6.383245351437628834e+00
-6.383245351437628834e+00
-6.383245351437628834e+00
-6.383245351437628834e+00
-6.383245351437628834e+00
-6.383245351437628834e+00
-6.383245351437628834e+00
-6.866019269020561921e+00
-6.866019269020561921e+00
-6.641899422523396268e+00
-6.641899422523396268e+00
-6.635164895431488574e+00
-6.635164895431488574e+00
-6.635164895431488574e+00
-6.635164895431488574e+00
-6.690602913413402852e+00
-6.690602913413402852e+00
-6.690602913413402852e+00
-6.690602913413402852e+00
-6.536907721204009647e+00
-6.536907721204009647e+00
-6.873383804671394870e+00
-6.731846592394388651e+00
-6.731846592394388651e+00
-6.731846592394388651e+00
-6.755587247771924986e+00
-6.756771590923943194e+00
-6.756771590923943194e+00
-6.756771590923943194e+00
-6.756771590923943194e+00
-6.756771590923943194e+00
-6.898497532248268449e+00
-6.898497532248268449e+00
-6.846953988303189576e+00
-6.846953988303189576e+00
-6.846953988303189576e+00
-6.666300629566549674e+00
-6.666300629566549674e+00
-6.817771189527347175e+00
-6.864400940233160497e+00
-6.776902689304679761e+00
-6.776902689304679761e+00
-6.652970614898272572e+00
-6.554400259860386768e+00
-6.554400259860386768e+00
-6.554400259860386768e+00
-6.554400259860386768e+00
-6.648948953894766589e+00
-6.648948953894766589e+00
-6.648948953894766589e+00
-6.648948953894766589e+00
-6.648948953894766589e+00
-6.648948953894766589e+00
-6.648948953894766589e+00
-6.596868398312628834e+00
-6.600850854731426409e+00
-6.382594828851820168e+00
-6.650337069713818217e+00
-6.650337069713818217e+00
-6.650337069713818217e+00
-6.650337069713818217e+00
-6.650337069713818217e+00
-6.462624606393262638e+00
-6.428552175343150488e+00
-6.428552175343150488e+00
-6.428552175343150488e+00
-6.428552175343150488e+00
-6.428552175343150488e+00
-6.428552175343150488e+00
-6.428552175343150488e+00
-6.428552175343150488e+00
-6.428552175343150488e+00
-6.639455518120788824e+00
-6.639455518120788824e+00
-6.536943278850606553e+00
-6.536943278850606553e+00
-6.684191140344448279e+00
-6.684191140344448279e+00
-6.684191140344448279e+00
-6.851151158203357738e+00
-6.893383613280082756e+00
-6.893383613280082756e+00
-6.893383613280082756e+00
-6.894349140145354049e+00
-6.894349140145354049e+00
-6.894349140145354049e+00
-6.894349140145354049e+00
-6.894349140145354049e+00
-6.894349140145354049e+00
-6.894349140145354049e+00
-6.894349140145354049e+00
-6.986673201931138166e+00
-6.986673201931138166e+00
-6.986673201931138166e+00
-6.986673201931138166e+00
-6.986673201931138166e+00
-6.986673201931138166e+00
-6.986673201931138166e+00
-6.986673201931138166e+00
-6.986673201931138166e+00
-6.986673201931138166e+00
-6.927754181520888288e+00
-6.927754181520888288e+00
-6.975096908627686609e+00
-6.975096908627686609e+00
-6.975096908627686609e+00
-6.975096908627686609e+00
-6.975096908627686609e+00
-6.975096908627686609e+00
-6.975096908627686609e+00
-6.975096908627686609e+00
-6.975096908627686609e+00
-6.874669806223297819e+00
-6.874669806223297819e+00
-6.874669806223297819e+00
-6.874669806223297819e+00
-7.009585090622619141e+00
-7.009585090622619141e+00
-7.009585090622619141e+00
-7.009585090622619141e+00
-6.863285433038014638e+00
-6.747845709893717014e+00
-6.747845709893717014e+00
-6.747845709893717014e+00
-6.747845709893717014e+00
-6.747845709893717014e+00
-6.990698509872757427e+00
-6.945769144061873845e+00
-6.945769144061873845e+00
-6.945769144061873845e+00
-6.945769144061873845e+00
-6.945769144061873845e+00
-6.945769144061873845e+00
-6.514742087223789113e+00
-6.488404356042923204e+00
-6.488404356042923204e+00
-6.488404356042923204e+00
-6.488404356042923204e+00
-6.928112493190436538e+00
-6.997518740010306715e+00
-6.997518740010306715e+00
-6.968593050371391762e+00
-6.968593050371391762e+00
-6.968593050371391762e+00
-6.731530676380398148e+00
-6.731530676380398148e+00
-6.737394041130692734e+00
-6.737394041130692734e+00
-6.737394041130692734e+00
-6.737394041130692734e+00
-6.737394041130692734e+00
-6.720829648223935138e+00
-6.720829648223935138e+00
-6.720829648223935138e+00
-6.720829648223935138e+00
-6.720829648223935138e+00
-6.781483243573919850e+00
-6.781483243573919850e+00
-6.781483243573919850e+00
-6.693788057987365647e+00
-6.809190400016011502e+00
-6.957257454983362344e+00
-6.957257454983362344e+00
-6.957257454983362344e+00
-6.957257454983362344e+00
-6.770482254757707707e+00
-7.004933421060186127e+00
-7.004933421060186127e+00
-7.004933421060186127e+00
-7.004933421060186127e+00
-7.004933421060186127e+00
-7.004933421060186127e+00
-7.004933421060186127e+00
-6.931301284702511722e+00
-6.931301284702511722e+00
-6.835272845529004826e+00
-6.728869323292835603e+00
-6.728869323292835603e+00
-6.834908607585023610e+00
-6.834908607585023610e+00
-6.834908607585023610e+00
-6.834908607585023610e+00
-6.834908607585023610e+00
-6.834908607585023610e+00
-6.834908607585023610e+00
-6.834908607585023610e+00
-6.834908607585023610e+00
-6.834908607585023610e+00
-6.881635002150817471e+00
-6.772116083032086564e+00
-6.772116083032086564e+00
-6.772116083032086564e+00
-6.772116083032086564e+00
-6.535012680987327016e+00
-6.535012680987327016e+00
-6.535012680987327016e+00
-6.502457832059258536e+00
-6.502457832059258536e+00
-6.548323093363249470e+00
-6.965643589172946015e+00
-6.965643589172946015e+00
-6.965643589172946015e+00
-7.124557093953995057e+00
-7.093740011036509863e+00
-7.093740011036509863e+00
-7.093740011036509863e+00
-7.093740011036509863e+00
-7.093740011036509863e+00
-7.093740011036509863e+00
-7.093740011036509863e+00
-6.672919366373386119e+00
-6.672919366373386119e+00
-6.742782848059104772e+00
-6.591424431445265242e+00
-6.473838029354525681e+00
-6.720737107169331814e+00
-6.720737107169331814e+00
-6.720737107169331814e+00
-6.720737107169331814e+00
-6.720737107169331814e+00
-6.720737107169331814e+00
-6.720737107169331814e+00
-6.720737107169331814e+00
-6.720737107169331814e+00
-6.720737107169331814e+00
-6.720737107169331814e+00
-6.720737107169331814e+00
-6.720737107169331814e+00
-6.720737107169331814e+00
-6.720737107169331814e+00
-6.720737107169331814e+00
-6.997367392078640336e+00
-6.878202777519736522e+00
-6.824893659660966172e+00
-6.824893659660966172e+00
-7.079068379010114320e+00
-7.079068379010114320e+00
-7.079068379010114320e+00
-6.969515269846578320e+00
-6.969515269846578320e+00
-6.969515269846578320e+00
-6.969515269846578320e+00
-7.023243329721016615e+00
-7.023243329721016615e+00
-7.023243329721016615e+00
-7.311884805303686008e+00
-7.311884805303686008e+00
-7.311884805303686008e+00
-7.311884805303686008e+00
-7.311884805303686008e+00
-7.311884805303686008e+00
-7.282332754043958190e+00
-7.266758960701994674e+00
-7.250183171113635971e+00
-6.661545478135176168e+00
-6.657106698585057991e+00
-6.657106698585057991e+00
-6.679318375158947774e+00
-6.679318375158947774e+00
-7.443234295963557123e+00
-6.886961811131318001e+00
-6.886961811131318001e+00
-6.886961811131318001e+00
-6.886961811131318001e+00
-6.886961811131318001e+00
-6.886961811131318001e+00
-6.886961811131318001e+00
-6.879913191494476443e+00
-6.879913191494476443e+00
-6.879913191494476443e+00
-7.222721727126870661e+00
-6.984167299580619215e+00
-6.969365289516703754e+00
-7.008522464030103372e+00
-7.008522464030103372e+00
-7.008522464030103372e+00
-7.008522464030103372e+00
-7.008522464030103372e+00
-7.008522464030103372e+00
-7.008522464030103372e+00
-7.008522464030103372e+00
-7.008522464030103372e+00
-7.008522464030103372e+00
-7.008522464030103372e+00
-7.008522464030103372e+00
-7.008522464030103372e+00
-7.008522464030103372e+00
-7.083317517778385586e+00
-7.157556413464518208e+00
-7.157556413464518208e+00
-7.157556413464518208e+00
-7.157556413464518208e+00
-7.157556413464518208e+00
-7.157556413464518208e+00
-7.157556413464518208e+00
-7.157556413464518208e+00
-7.157556413464518208e+00
-7.157556413464518208e+00
-7.157556413464518208e+00
-7.157556413464518208e+00
-7.116678340029305438e+00
-6.613946553625978275e+00
-6.613946553625978275e+00
-6.585684150856265795e+00
-6.585684150856265795e+00
-6.585684150856265795e+00
-6.585684150856265795e+00
-6.585684150856265795e+00
-6.585684150856265795e+00
-6.585684150856265795e+00
-6.585684150856265795e+00
-6.585684150856265795e+00
-6.585684150856265795e+00
-6.711906958264556522e+00
-7.046622482358155359e+00
-7.046622482358155359e+00
-7.046622482358155359e+00
-6.781265339021700811e+00
-6.781265339021700811e+00
-6.721395379498629197e+00
-6.721395379498629197e+00
-6.567688334740370060e+00
-6.567688334740370060e+00
-6.425525216709814913e+00
-6.425525216709814913e+00
-6.425525216709814913e+00
-6.425525216709814913e+00
-6.407472417185912761e+00
-6.407472417185912761e+00
-6.407472417185912761e+00
-6.622928506329683884e+00
-6.622928506329683884e+00
-6.331917432708448423e+00
-6.331917432708448423e+00
-6.331917432708448423e+00
-6.331917432708448423e+00
-6.605287354945224010e+00
-6.605287354945224010e+00
-6.605287354945224010e+00
-6.196401315255100961e+00
-6.387114752774940563e+00
-6.387114752774940563e+00
-6.387114752774940563e+00
-6.387114752774940563e+00
-6.338545286860566286e+00
-6.338545286860566286e+00
-6.338545286860566286e+00
-6.338545286860566286e+00
-6.759607997040903093e+00
-6.759607997040903093e+00
-6.759607997040903093e+00
-6.883299373531888143e+00
-6.883299373531888143e+00
-6.883299373531888143e+00
-6.883299373531888143e+00
-6.883299373531888143e+00
-6.883299373531888143e+00
-6.883299373531888143e+00
-6.811221744544647017e+00
-6.811221744544647017e+00
-6.811221744544647017e+00
-6.811221744544647017e+00
-6.811221744544647017e+00
-6.900821087693164380e+00
-6.891542821267822028e+00
-6.817239648297457322e+00
-6.845535785244710070e+00
-6.845535785244710070e+00
-6.845535785244710070e+00
-6.845535785244710070e+00
-6.749381526706323520e+00
-6.749381526706323520e+00
-6.749381526706323520e+00
-6.749381526706323520e+00
-6.749381526706323520e+00
-6.749381526706323520e+00
-6.858285025018578729e+00
-6.858285025018578729e+00
-6.858285025018578729e+00
-6.858285025018578729e+00
-6.858285025018578729e+00
-6.858285025018578729e+00
-6.858285025018578729e+00
-6.858285025018578729e+00
-6.858285025018578729e+00
-6.858285025018578729e+00
-6.858285025018578729e+00
-6.858285025018578729e+00
-6.858285025018578729e+00
-6.858285025018578729e+00
-6.858285025018578729e+00
-6.858285025018578729e+00
-6.858285025018578729e+00
-6.858285025018578729e+00
-6.858285025018578729e+00
-6.752843838576832347e+00
-6.752843838576832347e+00
-6.752843838576832347e+00
-6.752843838576832347e+00
-6.752843838576832347e+00
-6.752843838576832347e+00
-6.752843838576832347e+00
-6.752843838576832347e+00
-6.752843838576832347e+00
-6.720466322014481797e+00
-6.532610716373012494e+00
-6.532610716373012494e+00
-6.532610716373012494e+00
-7.206240757929434970e+00
-7.340129885117364417e+00
-7.340129885117364417e+00
-7.340129885117364417e+00
-7.340129885117364417e+00
-7.340129885117364417e+00
-7.340129885117364417e+00
-7.340129885117364417e+00
-7.340129885117364417e+00
-7.151592757916130694e+00
-7.151592757916130694e+00
-7.151592757916130694e+00
-7.292618942990129582e+00
-7.292618942990129582e+00
-7.292618942990129582e+00
-7.292618942990129582e+00
-7.292618942990129582e+00
-7.292618942990129582e+00
-7.292618942990129582e+00
-7.292618942990129582e+00
-7.292618942990129582e+00
-7.000838365427166643e+00
-7.094325344603558570e+00
-7.094325344603558570e+00
-7.094325344603558570e+00
-7.094325344603558570e+00
-6.615983824429046756e+00
-6.615983824429046756e+00
-6.654308129451014686e+00
-6.654308129451014686e+00
-6.654308129451014686e+00
-6.654308129451014686e+00
-6.654308129451014686e+00
-6.397298371586699339e+00
-6.397298371586699339e+00
-6.397298371586699339e+00
-6.397298371586699339e+00
-6.397298371586699339e+00
-6.397298371586699339e+00
-6.397298371586699339e+00
-6.397298371586699339e+00
-6.397298371586699339e+00
-6.397298371586699339e+00
-6.585776691910869118e+00
-6.366679590929078536e+00
-6.366679590929078536e+00
-6.370081272453468557e+00
-6.342187666300377558e+00
-6.382971831079194303e+00
-6.382971831079194303e+00
-6.382971831079194303e+00
-6.382971831079194303e+00
-6.382971831079194303e+00
-6.382971831079194303e+00
-6.264775022721883246e+00
-6.264775022721883246e+00
-6.264775022721883246e+00
-6.264775022721883246e+00
-6.264775022721883246e+00
-6.291191163072165971e+00
-6.291191163072165971e+00
-6.291191163072165971e+00
-6.208033680232031060e+00
-6.315136502851263600e+00
-7.144122461060036677e+00
-7.144122461060036677e+00
-7.144122461060036677e+00
-7.144122461060036677e+00
-7.144122461060036677e+00
-7.144122461060036677e+00
-6.937933697527270738e+00
-6.937933697527270738e+00
-6.937933697527270738e+00
-6.933498109048000124e+00
-6.933498109048000124e+00
-6.933498109048000124e+00
-6.933498109048000124e+00
-6.933498109048000124e+00
-6.933498109048000124e+00
-6.933498109048000124e+00
-7.145219277697356652e+00
-7.155370985800631800e+00
-6.951555467244543429e+00
-6.951555467244543429e+00
-6.951555467244543429e+00
-6.951555467244543429e+00
-6.951555467244543429e+00
-6.951555467244543429e+00
-7.060358218891442661e+00
-7.060358218891442661e+00
-7.060358218891442661e+00
-7.011599568062484522e+00
-7.011599568062484522e+00
-7.011599568062484522e+00
-6.997985548088700547e+00
-6.997985548088700547e+00
-6.997985548088700547e+00
-6.822509473869950547e+00
-6.822509473869950547e+00
-6.822509473869950547e+00
-6.822509473869950547e+00
-6.822509473869950547e+00
-6.822509473869950547e+00
-6.724433278946301940e+00
-6.922705907438726491e+00
-6.922705907438726491e+00
-6.922705907438726491e+00
-6.922705907438726491e+00
-6.922705907438726491e+00
-6.705554903807192879e+00
-6.705554903807192879e+00
-6.714811744471124833e+00
-6.714811744471124833e+00
-6.714811744471124833e+00
-6.714811744471124833e+00
-6.714811744471124833e+00
-6.911594142877348190e+00
-6.911594142877348190e+00
-6.911594142877348190e+00
-6.911594142877348190e+00
-6.911594142877348190e+00
-6.707098014496024163e+00
-6.531220777084904228e+00
-6.531220777084904228e+00
-6.531220777084904228e+00
-6.616349885842083722e+00
-6.630883390087469742e+00
-6.630883390087469742e+00
-6.630883390087469742e+00
-6.704566583578718486e+00
-6.704566583578718486e+00
-6.704566583578718486e+00
-6.704566583578718486e+00
-6.755639672507291138e+00
-6.738379626155582613e+00
-6.738379626155582613e+00
-6.738379626155582613e+00
-6.864382705542598551e+00
-6.864382705542598551e+00
-6.691743949175336326e+00
-6.691743949175336326e+00
-6.691743949175336326e+00
-6.691743949175336326e+00
-6.691743949175336326e+00
-6.691743949175336326e+00
-6.691743949175336326e+00
-6.691743949175336326e+00
-6.691743949175336326e+00
-6.691743949175336326e+00
-6.696964996950575788e+00
-6.696964996950575788e+00
-6.696964996950575788e+00
-6.696964996950575788e+00
-6.696964996950575788e+00
-6.696964996950575788e+00
-6.696964996950575788e+00
-6.696964996950575788e+00
-6.696964996950575788e+00
-6.696964996950575788e+00
-6.646303100294182364e+00
-6.607086663036455754e+00
-6.607086663036455754e+00
-6.607086663036455754e+00
-6.607086663036455754e+00
-6.568176112712911241e+00
-6.568176112712911241e+00
-6.568176112712911241e+00
-6.544522527982810089e+00
-6.544522527982810089e+00
-6.544522527982810089e+00
-6.544522527982810089e+00
-6.544522527982810089e+00
-6.544522527982810089e+00
-6.794753539630605133e+00
-6.794753539630605133e+00
-6.794753539630605133e+00
-6.794753539630605133e+00
-6.794753539630605133e+00
-6.794753539630605133e+00
-6.840983494745841220e+00
-6.840983494745841220e+00
-6.840983494745841220e+00
-6.785422392602631803e+00
-6.785422392602631803e+00
-6.926750361805435574e+00
-7.041206323393899957e+00
-7.041206323393899957e+00
-7.041206323393899957e+00
-7.041206323393899957e+00
-6.883886530567992601e+00
-6.883886530567992601e+00
-6.741676002341975504e+00
-6.342833174346282021e+00
-6.342833174346282021e+00
-6.342833174346282021e+00
-6.342833174346282021e+00
-6.521943878261354577e+00
-6.521943878261354577e+00
-6.521943878261354577e+00
-6.399876300964938203e+00
-6.399876300964938203e+00
-6.499362493336314550e+00
-6.499362493336314550e+00
-6.499362493336314550e+00
-6.499362493336314550e+00
-6.640218639920819399e+00
-6.693466671566206116e+00
-6.693466671566206116e+00
-6.974966530590166691e+00
-6.736934526928523681e+00
-6.736934526928523681e+00
-7.097989605672044178e+00
-7.097989605672044178e+00
-7.097989605672044178e+00
-7.097989605672044178e+00
-7.097989605672044178e+00
-7.097989605672044178e+00
-6.998107264648203873e+00
-6.723286316909935501e+00
-6.723286316909935501e+00
-6.723286316909935501e+00
-6.723286316909935501e+00
-6.770358714729148630e+00
-6.770358714729148630e+00
-6.770358714729148630e+00
-6.749423010627352504e+00
-6.632011205698746359e+00
-6.632011205698746359e+00
-6.632011205698746359e+00
-6.632011205698746359e+00
-6.632011205698746359e+00
-6.632011205698746359e+00
-6.632011205698746359e+00
-6.632011205698746359e+00
-6.632011205698746359e+00
-6.632011205698746359e+00
-6.632011205698746359e+00
-6.632011205698746359e+00
-6.632011205698746359e+00
-6.632011205698746359e+00
-7.044798101567400828e+00
-7.044798101567400828e+00
-7.000958258517613331e+00
-7.000958258517613331e+00
-7.009210367731564695e+00
-7.127233034794006272e+00
-7.073254247924337434e+00
-7.084790880775815758e+00
-7.084790880775815758e+00
-7.211132669540025297e+00
-7.211132669540025297e+00
-7.211132669540025297e+00
-7.211132669540025297e+00
-7.211132669540025297e+00
-7.211132669540025297e+00
-7.192946300907754775e+00
-7.192946300907754775e+00
-7.192946300907754775e+00
-7.192946300907754775e+00
-7.192946300907754775e+00
-7.192946300907754775e+00
-7.192946300907754775e+00
-7.192946300907754775e+00
-7.192946300907754775e+00
-7.192946300907754775e+00
-7.192946300907754775e+00
-7.192946300907754775e+00
-6.814658527848369118e+00
-6.997449448186170429e+00
-6.997449448186170429e+00
-6.997449448186170429e+00
-6.997449448186170429e+00
-6.899852369757044634e+00
-6.899852369757044634e+00
-6.899852369757044634e+00
-6.899852369757044634e+00
-6.899852369757044634e+00
-6.899852369757044634e+00
-6.899852369757044634e+00
-6.899852369757044634e+00
-6.993240881604400272e+00
-6.993240881604400272e+00
-6.949008536840259431e+00
-6.949008536840259431e+00
-6.949008536840259431e+00
-6.949008536840259431e+00
-6.949008536840259431e+00
-6.949008536840259431e+00
-6.949008536840259431e+00
-6.949008536840259431e+00
-6.949008536840259431e+00
-6.949008536840259431e+00
-6.949008536840259431e+00
-6.949008536840259431e+00
-6.949008536840259431e+00
-6.949008536840259431e+00
-6.949008536840259431e+00
-6.949008536840259431e+00
-6.949008536840259431e+00
-6.949008536840259431e+00
-6.949008536840259431e+00
-7.424091061944031011e+00
-7.424091061944031011e+00
-7.424091061944031011e+00
-7.424091061944031011e+00
-7.424091061944031011e+00
-6.930025768097682004e+00
-6.930025768097682004e+00
-6.934361977513387565e+00
-6.934361977513387565e+00
-6.732030306901803485e+00
-6.732030306901803485e+00
-6.732030306901803485e+00
-6.732030306901803485e+00
-6.732030306901803485e+00
-6.732030306901803485e+00
-6.846876035001035810e+00
-6.846876035001035810e+00
-6.846876035001035810e+00
-7.040874452025666308e+00
-7.040874452025666308e+00
-6.716105951633781324e+00
-6.716105951633781324e+00
-6.428378945782808884e+00
-6.428378945782808884e+00
-6.428378945782808884e+00
-6.428378945782808884e+00
-6.388545720116813875e+00
-6.388545720116813875e+00
-6.388545720116813875e+00
-6.724634772277014783e+00
-6.724634772277014783e+00
-6.724634772277014783e+00
-6.715653275440573111e+00
-6.715653275440573111e+00
-6.715653275440573111e+00
-6.715653275440573111e+00
-6.539946532386210265e+00
-6.563937458891713206e+00
-6.563937458891713206e+00
-6.563937458891713206e+00
-6.563937458891713206e+00
-6.563937458891713206e+00
-6.563937458891713206e+00
-6.563937458891713206e+00
-6.563937458891713206e+00
-6.563937458891713206e+00
-6.563937458891713206e+00
-6.563937458891713206e+00
-6.563937458891713206e+00
-6.470682972019989876e+00
-6.502768277666080898e+00
-6.502768277666080898e+00
-6.465936482066633850e+00
-6.690556870819733604e+00
-6.690556870819733604e+00
-6.690556870819733604e+00
-6.690556870819733604e+00
-6.532764799508264275e+00
-6.532764799508264275e+00
-6.402170680904935018e+00
-6.402170680904935018e+00
-6.402170680904935018e+00
-6.402170680904935018e+00
-6.402170680904935018e+00
-6.402170680904935018e+00
-6.590907477967824946e+00
-6.590907477967824946e+00
-6.590907477967824946e+00
-6.695172982735569711e+00
-6.695172982735569711e+00
-6.695172982735569711e+00
-6.695172982735569711e+00
-6.695172982735569711e+00
-6.695172982735569711e+00
-6.695172982735569711e+00
-6.695172982735569711e+00
-6.706753378844397595e+00
-6.574144782801202958e+00
-6.530796364662068143e+00
-6.436310580310128593e+00
-6.436310580310128593e+00
-6.436310580310128593e+00
-6.456089749163012925e+00
-6.456089749163012925e+00
-6.456089749163012925e+00
-6.748232741200900442e+00
-6.748232741200900442e+00
-6.748232741200900442e+00
-6.764318473480399163e+00
-6.764318473480399163e+00
-6.989921712054805170e+00
-6.989921712054805170e+00
-6.989921712054805170e+00
-6.989921712054805170e+00
-6.794223366002507092e+00
-6.640142054220458334e+00
-6.782342097499402200e+00
-6.782342097499402200e+00
-6.782342097499402200e+00
-6.782342097499402200e+00
-6.782342097499402200e+00
-6.563163852144609400e+00
-6.563163852144609400e+00
-6.563163852144609400e+00
-6.563163852144609400e+00
-6.563163852144609400e+00
-6.563163852144609400e+00
-6.563163852144609400e+00
-6.563163852144609400e+00
