# Variable: dg_gbsa_00000500
# Sample shape: (2000,)
# Date: 2014-03-03 06:24:04.652619
-4.772227763217903984e+00
-1.231662812242088556e+01
-1.231662812242088556e+01
-1.231662812242088556e+01
-1.231662812242088556e+01
-1.138303658246538141e+01
-1.138303658246538141e+01
-1.053725875358508546e+01
-1.053725875358508546e+01
-1.053725875358508546e+01
-1.053725875358508546e+01
-1.053725875358508546e+01
-1.113788302040464728e+01
-1.113788302040464728e+01
-1.113788302040464728e+01
-1.139037239847857919e+01
-1.139037239847857919e+01
-1.139037239847857919e+01
-1.139037239847857919e+01
-1.139037239847857919e+01
-1.139037239847857919e+01
-1.139037239847857919e+01
-1.139037239847857919e+01
-1.141354686671415664e+01
-1.141354686671415664e+01
-1.141354686671415664e+01
-1.141354686671415664e+01
-1.141354686671415664e+01
-1.141354686671415664e+01
-1.141354686671415664e+01
-1.105969996114989762e+01
-1.105969996114989762e+01
-1.105969996114989762e+01
-1.118576002394491908e+01
-1.118576002394491908e+01
-1.118576002394491908e+01
-1.118576002394491908e+01
-1.118576002394491908e+01
-1.118576002394491908e+01
-1.118576002394491908e+01
-1.118576002394491908e+01
-1.091877041993587838e+01
-1.091877041993587838e+01
-1.010785276073798578e+01
-1.010785276073798578e+01
-1.009332244756344821e+01
-1.122187565207253357e+01
-1.122187565207253357e+01
-1.122187565207253357e+01
-1.122187565207253357e+01
-1.122187565207253357e+01
-1.057800872831909800e+01
-1.057800872831909800e+01
-1.178594027604929018e+01
-1.178594027604929018e+01
-1.178594027604929018e+01
-1.179677441744685851e+01
-1.179677441744685851e+01
-1.307587869764513933e+01
-1.307587869764513933e+01
-1.170682815931039222e+01
-1.170682815931039222e+01
-1.170682815931039222e+01
-1.170682815931039222e+01
-1.170682815931039222e+01
-1.170682815931039222e+01
-1.170682815931039222e+01
-1.170682815931039222e+01
-1.166187782360536396e+01
-1.166187782360536396e+01
-1.166187782360536396e+01
-1.057761394726842497e+01
-1.057761394726842497e+01
-9.622141690372735923e+00
-9.622141690372735923e+00
-9.622141690372735923e+00
-9.622141690372735923e+00
-9.622141690372735923e+00
-9.622141690372735923e+00
-1.011287459451883208e+01
-1.011287459451883208e+01
-1.011287459451883208e+01
-1.123040766378661637e+01
-1.123040766378661637e+01
-1.123040766378661637e+01
-1.125226011695643002e+01
-1.125226011695643002e+01
-1.125226011695643002e+01
-1.125226011695643002e+01
-1.119594956903111083e+01
-1.119594956903111083e+01
-1.119594956903111083e+01
-1.098054590462270674e+01
-1.098054590462270674e+01
-1.098054590462270674e+01
-1.098054590462270674e+01
-1.093391706565142130e+01
-1.093391706565142130e+01
-1.093391706565142130e+01
-1.093391706565142130e+01
-1.093391706565142130e+01
-1.093391706565142130e+01
-1.084424341613886256e+01
-1.084424341613886256e+01
-1.084424341613886256e+01
-1.084424341613886256e+01
-1.084424341613886256e+01
-1.084424341613886256e+01
-1.084424341613886256e+01
-1.084424341613886256e+01
-1.084424341613886256e+01
-1.084424341613886256e+01
-1.084424341613886256e+01
-1.084424341613886256e+01
-1.084424341613886256e+01
-1.084424341613886256e+01
-1.084424341613886256e+01
-1.084424341613886256e+01
-1.084424341613886256e+01
-1.084424341613886256e+01
-1.084424341613886256e+01
-1.084424341613886256e+01
-1.084424341613886256e+01
-1.084424341613886256e+01
-1.084424341613886256e+01
-1.084424341613886256e+01
-1.084424341613886256e+01
-1.084424341613886256e+01
-9.552551729045450912e+00
-9.552551729045450912e+00
-9.552551729045450912e+00
-9.552551729045450912e+00
-9.552551729045450912e+00
-9.552551729045450912e+00
-9.552551729045450912e+00
-9.552551729045450912e+00
-9.552551729045450912e+00
-9.552551729045450912e+00
-1.207038321413000048e+01
-1.207038321413000048e+01
-1.029858853575376365e+01
-1.029858853575376365e+01
-1.029858853575376365e+01
-1.029858853575376365e+01
-1.029858853575376365e+01
-1.029858853575376365e+01
-1.029858853575376365e+01
-1.029858853575376365e+01
-1.029858853575376365e+01
-1.029858853575376365e+01
-1.029858853575376365e+01
-1.029858853575376365e+01
-1.029858853575376365e+01
-1.029858853575376365e+01
-1.029858853575376365e+01
-1.029858853575376365e+01
-1.029858853575376365e+01
-1.029858853575376365e+01
-1.029858853575376365e+01
-1.029858853575376365e+01
-1.029858853575376365e+01
-9.843612036331204962e+00
-9.843612036331204962e+00
-9.843612036331204962e+00
-9.843612036331204962e+00
-9.843612036331204962e+00
-1.065794140613329688e+01
-1.065794140613329688e+01
-1.065794140613329688e+01
-1.065794140613329688e+01
-1.126853093134513450e+01
-1.126853093134513450e+01
-1.126853093134513450e+01
-1.126853093134513450e+01
-1.126853093134513450e+01
-1.126853093134513450e+01
-1.126853093134513450e+01
-1.126853093134513450e+01
-1.126853093134513450e+01
-1.126853093134513450e+01
-1.126853093134513450e+01
-1.126853093134513450e+01
-1.126853093134513450e+01
-1.126853093134513450e+01
-1.126853093134513450e+01
-1.126853093134513450e+01
-1.126853093134513450e+01
-1.126853093134513450e+01
-1.126853093134513450e+01
-1.126853093134513450e+01
-1.126853093134513450e+01
-1.126853093134513450e+01
-1.126853093134513450e+01
-1.126853093134513450e+01
-1.126853093134513450e+01
-1.126853093134513450e+01
-1.126853093134513450e+01
-1.126853093134513450e+01
-1.126853093134513450e+01
-1.126853093134513450e+01
-1.126853093134513450e+01
-1.127214504701457543e+01
-1.127214504701457543e+01
-1.127214504701457543e+01
-1.127214504701457543e+01
-1.127214504701457543e+01
-1.127214504701457543e+01
-1.127214504701457543e+01
-1.127214504701457543e+01
-1.131411218734361945e+01
-1.131411218734361945e+01
-1.131411218734361945e+01
-1.131411218734361945e+01
-1.131411218734361945e+01
-1.006107166210050430e+01
-1.006107166210050430e+01
-1.078777149120206680e+01
-1.078777149120206680e+01
-1.078777149120206680e+01
-1.078777149120206680e+01
-1.078777149120206680e+01
-1.078777149120206680e+01
-1.078777149120206680e+01
-1.078777149120206680e+01
-1.078777149120206680e+01
-1.078777149120206680e+01
-1.078777149120206680e+01
-1.078777149120206680e+01
-1.078777149120206680e+01
-1.078777149120206680e+01
-1.078777149120206680e+01
-1.115529623815707794e+01
-1.115529623815707794e+01
-1.115529623815707794e+01
-1.115529623815707794e+01
-1.115529623815707794e+01
-1.115529623815707794e+01
-1.115529623815707794e+01
-1.115529623815707794e+01
-1.115529623815707794e+01
-1.115529623815707794e+01
-1.115529623815707794e+01
-1.115529623815707794e+01
-1.115529623815707794e+01
-1.115529623815707794e+01
-1.115529623815707794e+01
-1.115529623815707794e+01
-1.115529623815707794e+01
-1.115529623815707794e+01
-1.115529623815707794e+01
-1.115529623815707794e+01
-1.115529623815707794e+01
-1.115529623815707794e+01
-1.115529623815707794e+01
-1.115529623815707794e+01
-1.115529623815707794e+01
-1.115529623815707794e+01
-1.115529623815707794e+01
-1.115529623815707794e+01
-1.115529623815707794e+01
-1.104462534246207639e+01
-1.104462534246207639e+01
-1.104462534246207639e+01
-1.104462534246207639e+01
-1.104462534246207639e+01
-1.104462534246207639e+01
-1.104462534246207639e+01
-1.104462534246207639e+01
-1.104462534246207639e+01
-1.201414925190504235e+01
-1.201414925190504235e+01
-1.039004918494142515e+01
-1.039004918494142515e+01
-1.039004918494142515e+01
-1.039004918494142515e+01
-1.039004918494142515e+01
-9.892287719318105133e+00
-9.892287719318105133e+00
-9.892287719318105133e+00
-9.892287719318105133e+00
-9.892287719318105133e+00
-9.892287719318105133e+00
-9.892287719318105133e+00
-9.892287719318105133e+00
-9.892287719318105133e+00
-1.183131000963725299e+01
-1.115800408970557456e+01
-1.115800408970557456e+01
-1.115800408970557456e+01
-1.075181176967876162e+01
-1.075181176967876162e+01
-1.075181176967876162e+01
-1.075181176967876162e+01
-1.075181176967876162e+01
-1.075181176967876162e+01
-1.075181176967876162e+01
-1.075181176967876162e+01
-1.075181176967876162e+01
-1.075181176967876162e+01
-1.085230223763285373e+01
-1.085230223763285373e+01
-1.085230223763285373e+01
-1.085230223763285373e+01
-1.085230223763285373e+01
-1.085230223763285373e+01
-9.959839953975057725e+00
-9.959839953975057725e+00
-9.959839953975057725e+00
-9.959839953975057725e+00
-9.959839953975057725e+00
-9.959839953975057725e+00
-1.083702886081790240e+01
-1.083702886081790240e+01
-1.083702886081790240e+01
-1.083702886081790240e+01
-1.083702886081790240e+01
-1.083702886081790240e+01
-1.083702886081790240e+01
-1.083702886081790240e+01
-1.141550071380790143e+01
-1.141550071380790143e+01
-1.141550071380790143e+01
-1.141550071380790143e+01
-1.141550071380790143e+01
-1.141550071380790143e+01
-1.092442499747923534e+01
-1.092442499747923534e+01
-1.092442499747923534e+01
-1.092442499747923534e+01
-1.092442499747923534e+01
-1.092442499747923534e+01
-1.092442499747923534e+01
-1.092442499747923534e+01
-1.092442499747923534e+01
-1.092442499747923534e+01
-1.092442499747923534e+01
-1.092442499747923534e+01
-1.092442499747923534e+01
-1.092442499747923534e+01
-1.103865986344463224e+01
-1.159233709594259665e+01
-1.159233709594259665e+01
-1.159233709594259665e+01
-1.159233709594259665e+01
-1.159233709594259665e+01
-1.159233709594259665e+01
-1.159233709594259665e+01
-1.259651603479914073e+01
-1.259651603479914073e+01
-1.259651603479914073e+01
-1.067767316479072015e+01
-1.067767316479072015e+01
-1.067767316479072015e+01
-1.067767316479072015e+01
-1.067767316479072015e+01
-1.067767316479072015e+01
-1.067767316479072015e+01
-1.067767316479072015e+01
-1.062757426420543538e+01
-1.064626664550080903e+01
-1.064626664550080903e+01
-1.064626664550080903e+01
-1.064626664550080903e+01
-1.064626664550080903e+01
-1.064626664550080903e+01
-1.031097809625629225e+01
-1.031097809625629225e+01
-1.031097809625629225e+01
-1.031097809625629225e+01
-1.031097809625629225e+01
-1.031097809625629225e+01
-1.031097809625629225e+01
-1.031097809625629225e+01
-1.031097809625629225e+01
-1.031097809625629225e+01
-1.031097809625629225e+01
-1.031097809625629225e+01
-1.031097809625629225e+01
-1.031097809625629225e+01
-1.031097809625629225e+01
-1.031097809625629225e+01
-1.031097809625629225e+01
-1.031097809625629225e+01
-1.031097809625629225e+01
-1.031097809625629225e+01
-1.031097809625629225e+01
-1.031097809625629225e+01
-1.031097809625629225e+01
-1.031097809625629225e+01
-1.031097809625629225e+01
-1.305556707582783638e+01
-1.305556707582783638e+01
-1.305556707582783638e+01
-1.305556707582783638e+01
-1.119391275409530628e+01
-1.179660392309010142e+01
-1.179660392309010142e+01
-1.179660392309010142e+01
-1.172022883340459920e+01
-1.178337465508718118e+01
-1.178337465508718118e+01
-1.178337465508718118e+01
-1.178337465508718118e+01
-1.178337465508718118e+01
-1.186901661451642376e+01
-1.186901661451642376e+01
-1.186901661451642376e+01
-1.145845526263089198e+01
-1.145845526263089198e+01
-1.145845526263089198e+01
-1.145845526263089198e+01
-1.145845526263089198e+01
-1.145845526263089198e+01
-1.145845526263089198e+01
-1.145845526263089198e+01
-1.145845526263089198e+01
-1.145845526263089198e+01
-1.145845526263089198e+01
-1.145845526263089198e+01
-1.145845526263089198e+01
-1.145845526263089198e+01
-1.145845526263089198e+01
-1.145845526263089198e+01
-1.145845526263089198e+01
-1.145845526263089198e+01
-1.145845526263089198e+01
-1.145845526263089198e+01
-1.145845526263089198e+01
-1.145845526263089198e+01
-1.145845526263089198e+01
-1.145845526263089198e+01
-1.145845526263089198e+01
-1.145845526263089198e+01
-1.145845526263089198e+01
-1.145845526263089198e+01
-1.145845526263089198e+01
-1.145845526263089198e+01
-1.145845526263089198e+01
-1.145845526263089198e+01
-1.145845526263089198e+01
-1.145845526263089198e+01
-1.145845526263089198e+01
-1.145845526263089198e+01
-1.108305586455656844e+01
-1.108305586455656844e+01
-1.115578948653678815e+01
-1.115578948653678815e+01
-1.115578948653678815e+01
-1.115578948653678815e+01
-1.115578948653678815e+01
-1.115578948653678815e+01
-1.115578948653678815e+01
-1.115578948653678815e+01
-1.115578948653678815e+01
-1.115578948653678815e+01
-1.115578948653678815e+01
-1.115578948653678815e+01
-1.115578948653678815e+01
-1.115578948653678815e+01
-1.151585533331730637e+01
-1.151585533331730637e+01
-1.151585533331730637e+01
-1.151585533331730637e+01
-1.151585533331730637e+01
-1.151585533331730637e+01
-1.151585533331730637e+01
-1.151585533331730637e+01
-1.151585533331730637e+01
-1.109963758041936188e+01
-1.109963758041936188e+01
-1.109963758041936188e+01
-1.109963758041936188e+01
-1.109963758041936188e+01
-1.109963758041936188e+01
-1.109963758041936188e+01
-1.109963758041936188e+01
-1.109963758041936188e+01
-1.109963758041936188e+01
-1.109963758041936188e+01
-1.109963758041936188e+01
-1.109963758041936188e+01
-1.109963758041936188e+01
-1.109963758041936188e+01
-1.109963758041936188e+01
-1.083338283443997874e+01
-1.083338283443997874e+01
-1.083338283443997874e+01
-1.083338283443997874e+01
-1.083338283443997874e+01
-1.076177793980556530e+01
-1.076177793980556530e+01
-1.013804667310550478e+01
-1.013804667310550478e+01
-1.013804667310550478e+01
-1.013804667310550478e+01
-1.013804667310550478e+01
-1.013804667310550478e+01
-1.013804667310550478e+01
-1.013804667310550478e+01
-1.013804667310550478e+01
-1.013804667310550478e+01
-1.114936814025528733e+01
-1.083115546698779852e+01
-1.083115546698779852e+01
-1.083115546698779852e+01
-1.083115546698779852e+01
-1.083115546698779852e+01
-1.083115546698779852e+01
-1.083115546698779852e+01
-1.083115546698779852e+01
-1.083115546698779852e+01
-1.083115546698779852e+01
-1.083115546698779852e+01
-1.083115546698779852e+01
-1.083115546698779852e+01
-1.013596335970876794e+01
-1.132755388949158970e+01
-1.132755388949158970e+01
-1.132755388949158970e+01
-1.132755388949158970e+01
-1.132755388949158970e+01
-1.132755388949158970e+01
-1.132755388949158970e+01
-1.132755388949158970e+01
-1.132755388949158970e+01
-1.132755388949158970e+01
-1.132755388949158970e+01
-1.132755388949158970e+01
-1.132755388949158970e+01
-1.132755388949158970e+01
-1.132755388949158970e+01
-1.132755388949158970e+01
-1.132755388949158970e+01
-1.132755388949158970e+01
-1.132755388949158970e+01
-1.132755388949158970e+01
-1.132755388949158970e+01
-1.132755388949158970e+01
-1.132755388949158970e+01
-1.132755388949158970e+01
-1.132755388949158970e+01
-1.132755388949158970e+01
-1.132755388949158970e+01
-1.132755388949158970e+01
-1.132755388949158970e+01
-1.132755388949158970e+01
-1.132755388949158970e+01
-1.132755388949158970e+01
-1.132755388949158970e+01
-1.132755388949158970e+01
-1.132755388949158970e+01
-1.132755388949158970e+01
-1.132755388949158970e+01
-1.132755388949158970e+01
-1.132755388949158970e+01
-1.132755388949158970e+01
-1.125635836366029707e+01
-1.125635836366029707e+01
-1.125635836366029707e+01
-1.132755388949158970e+01
-1.132755388949158970e+01
-1.132755388949158970e+01
-1.132755388949158970e+01
-1.132755388949158970e+01
-1.132755388949158970e+01
-1.101874484614705807e+01
-1.101874484614705807e+01
-1.101874484614705807e+01
-1.101874484614705807e+01
-1.101874484614705807e+01
-1.101874484614705807e+01
-1.101874484614705807e+01
-1.101874484614705807e+01
-1.101874484614705807e+01
-1.101874484614705807e+01
-1.101874484614705807e+01
-1.101874484614705807e+01
-1.101874484614705807e+01
-1.101874484614705807e+01
-1.101874484614705807e+01
-1.101874484614705807e+01
-1.101874484614705807e+01
-1.026060020490540481e+01
-1.026060020490540481e+01
-1.026060020490540481e+01
-1.026060020490540481e+01
-1.026060020490540481e+01
-1.026060020490540481e+01
-1.026060020490540481e+01
-1.026060020490540481e+01
-1.026060020490540481e+01
-1.026060020490540481e+01
-1.026060020490540481e+01
-1.026060020490540481e+01
-1.026060020490540481e+01
-1.026060020490540481e+01
-1.026060020490540481e+01
-1.026060020490540481e+01
-1.057884843581948964e+01
-1.057884843581948964e+01
-1.057884843581948964e+01
-1.057884843581948964e+01
-1.057884843581948964e+01
-1.057884843581948964e+01
-1.057884843581948964e+01
-1.057884843581948964e+01
-1.057884843581948964e+01
-1.057884843581948964e+01
-1.057884843581948964e+01
-1.057884843581948964e+01
-1.057884843581948964e+01
-1.057884843581948964e+01
-1.057884843581948964e+01
-1.057884843581948964e+01
-1.057884843581948964e+01
-1.057884843581948964e+01
-1.057884843581948964e+01
-1.057884843581948964e+01
-1.045525096798490061e+01
-1.218652269352462447e+01
-1.218652269352462447e+01
-1.218652269352462447e+01
-1.208309370518642467e+01
-1.208309370518642467e+01
-1.208309370518642467e+01
-1.208309370518642467e+01
-1.208309370518642467e+01
-1.208309370518642467e+01
-1.208309370518642467e+01
-1.208309370518642467e+01
-1.208309370518642467e+01
-1.208309370518642467e+01
-1.208309370518642467e+01
-1.208309370518642467e+01
-1.208309370518642467e+01
-1.208309370518642467e+01
-1.208309370518642467e+01
-1.208309370518642467e+01
-1.208309370518642467e+01
-1.208309370518642467e+01
-1.208309370518642467e+01
-1.208309370518642467e+01
-1.208309370518642467e+01
-1.202017125846322898e+01
-1.202017125846322898e+01
-1.202017125846322898e+01
-1.202017125846322898e+01
-1.202017125846322898e+01
-1.202017125846322898e+01
-1.202017125846322898e+01
-1.202017125846322898e+01
-1.202017125846322898e+01
-1.202017125846322898e+01
-1.202017125846322898e+01
-1.202017125846322898e+01
-1.202017125846322898e+01
-1.202017125846322898e+01
-1.202017125846322898e+01
-1.202017125846322898e+01
-1.202017125846322898e+01
-1.202017125846322898e+01
-1.202017125846322898e+01
-1.202017125846322898e+01
-1.202017125846322898e+01
-1.202017125846322898e+01
-1.202017125846322898e+01
-1.202017125846322898e+01
-1.202017125846322898e+01
-1.202017125846322898e+01
-1.202017125846322898e+01
-1.202017125846322898e+01
-1.202017125846322898e+01
-1.202017125846322898e+01
-1.202017125846322898e+01
-1.202017125846322898e+01
-1.202017125846322898e+01
-1.202017125846322898e+01
-1.202017125846322898e+01
-1.202017125846322898e+01
-1.024816688114552754e+01
-1.024816688114552754e+01
-1.024816688114552754e+01
-1.024816688114552754e+01
-1.024816688114552754e+01
-1.024816688114552754e+01
-1.024816688114552754e+01
-1.024816688114552754e+01
-1.024816688114552754e+01
-1.024816688114552754e+01
-1.193610477629856526e+01
-1.193610477629856526e+01
-1.193610477629856526e+01
-1.193610477629856526e+01
-1.193610477629856526e+01
-1.193610477629856526e+01
-1.193610477629856526e+01
-1.193610477629856526e+01
-1.193610477629856526e+01
-1.193610477629856526e+01
-1.193610477629856526e+01
-1.193610477629856526e+01
-1.193610477629856526e+01
-1.193610477629856526e+01
-1.193610477629856526e+01
-1.264519809992773780e+01
-1.264519809992773780e+01
-1.264519809992773780e+01
-1.264519809992773780e+01
-1.264519809992773780e+01
-1.264519809992773780e+01
-1.264519809992773780e+01
-1.264519809992773780e+01
-1.264519809992773780e+01
-1.264519809992773780e+01
-1.264519809992773780e+01
-1.264519809992773780e+01
-1.264519809992773780e+01
-1.264519809992773780e+01
-1.264519809992773780e+01
-1.264519809992773780e+01
-1.120976872927372092e+01
-1.120976872927372092e+01
-1.120976872927372092e+01
-1.120976872927372092e+01
-1.120976872927372092e+01
-1.120976872927372092e+01
-1.120976872927372092e+01
-1.120976872927372092e+01
-1.120976872927372092e+01
-1.120976872927372092e+01
-1.120976872927372092e+01
-1.120976872927372092e+01
-1.120976872927372092e+01
-1.120976872927372092e+01
-1.148221779963710354e+01
-1.148221779963710354e+01
-1.148221779963710354e+01
-1.148221779963710354e+01
-1.148221779963710354e+01
-1.148221779963710354e+01
-1.148221779963710354e+01
-1.148221779963710354e+01
-1.148221779963710354e+01
-1.148221779963710354e+01
-1.050888101639756655e+01
-1.050888101639756655e+01
-1.050888101639756655e+01
-1.050888101639756655e+01
-1.050888101639756655e+01
-1.050888101639756655e+01
-1.050888101639756655e+01
-1.068041201531317164e+01
-1.068041201531317164e+01
-1.068041201531317164e+01
-1.068041201531317164e+01
-1.068041201531317164e+01
-1.068041201531317164e+01
-1.114420589935711092e+01
-1.111556558262549643e+01
-1.111556558262549643e+01
-1.111556558262549643e+01
-1.111556558262549643e+01
-1.111556558262549643e+01
-1.111556558262549643e+01
-1.111556558262549643e+01
-1.111556558262549643e+01
-1.139379322642805903e+01
-1.139379322642805903e+01
-1.139379322642805903e+01
-1.139379322642805903e+01
-1.139379322642805903e+01
-1.139379322642805903e+01
-1.139379322642805903e+01
-1.139379322642805903e+01
-1.139379322642805903e+01
-1.139379322642805903e+01
-1.280747134644488305e+01
-1.280747134644488305e+01
-1.280747134644488305e+01
-1.280747134644488305e+01
-1.280747134644488305e+01
-1.280747134644488305e+01
-1.280747134644488305e+01
-1.257024258090250690e+01
-1.257024258090250690e+01
-1.149463653564453125e+01
-1.149463653564453125e+01
-1.149463653564453125e+01
-1.149463653564453125e+01
-1.149463653564453125e+01
-1.149463653564453125e+01
-1.149463653564453125e+01
-1.149463653564453125e+01
-1.149463653564453125e+01
-1.149463653564453125e+01
-1.149463653564453125e+01
-1.149463653564453125e+01
-1.149463653564453125e+01
-1.149463653564453125e+01
-1.149463653564453125e+01
-1.149463653564453125e+01
-1.149463653564453125e+01
-1.149463653564453125e+01
-1.149463653564453125e+01
-1.149463653564453125e+01
-1.149463653564453125e+01
-1.149463653564453125e+01
-1.149463653564453125e+01
-1.149463653564453125e+01
-1.149463653564453125e+01
-1.149463653564453125e+01
-1.149463653564453125e+01
-1.149463653564453125e+01
-1.165883718895410581e+01
-1.165883718895410581e+01
-1.165883718895410581e+01
-1.195010354824321297e+01
-1.195010354824321297e+01
-1.195010354824321297e+01
-1.195010354824321297e+01
-1.195010354824321297e+01
-1.195010354824321297e+01
-1.195010354824321297e+01
-1.195010354824321297e+01
-1.195010354824321297e+01
-1.195010354824321297e+01
-1.195010354824321297e+01
-1.195010354824321297e+01
-1.195010354824321297e+01
-1.195010354824321297e+01
-1.195010354824321297e+01
-1.195010354824321297e+01
-1.195010354824321297e+01
-1.195010354824321297e+01
-1.195010354824321297e+01
-1.203439431710179264e+01
-1.203302671530962442e+01
-1.203302671530962442e+01
-1.216244196116810272e+01
-1.216244196116810272e+01
-1.216244196116810272e+01
-1.216244196116810272e+01
-1.216244196116810272e+01
-1.216244196116810272e+01
-1.216244196116810272e+01
-1.216244196116810272e+01
-1.216244196116810272e+01
-1.216244196116810272e+01
-1.216244196116810272e+01
-1.216244196116810272e+01
-1.216244196116810272e+01
-1.216244196116810272e+01
-1.216244196116810272e+01
-1.216244196116810272e+01
-1.216244196116810272e+01
-1.104605767740574152e+01
-1.104605767740574152e+01
-1.104605767740574152e+01
-1.104605767740574152e+01
-1.104605767740574152e+01
-1.104605767740574152e+01
-1.104605767740574152e+01
-1.104605767740574152e+01
-1.104605767740574152e+01
-1.104605767740574152e+01
-1.104605767740574152e+01
-1.104605767740574152e+01
-1.104605767740574152e+01
-1.104605767740574152e+01
-1.104605767740574152e+01
-1.051071451453360162e+01
-1.051071451453360162e+01
-1.051071451453360162e+01
-1.051071451453360162e+01
-1.051071451453360162e+01
-1.051071451453360162e+01
-1.051071451453360162e+01
-1.051071451453360162e+01
-1.051071451453360162e+01
-1.051071451453360162e+01
-1.051071451453360162e+01
-1.051071451453360162e+01
-1.051071451453360162e+01
-1.051071451453360162e+01
-1.051071451453360162e+01
-1.051071451453360162e+01
-1.051071451453360162e+01
-1.051071451453360162e+01
-1.051071451453360162e+01
-1.051071451453360162e+01
-1.051071451453360162e+01
-1.051071451453360162e+01
-1.051071451453360162e+01
-1.051071451453360162e+01
-1.051071451453360162e+01
-1.051071451453360162e+01
-1.051071451453360162e+01
-1.051071451453360162e+01
-1.051071451453360162e+01
-1.051071451453360162e+01
-1.050255631397604716e+01
-1.050255631397604716e+01
-1.050255631397604716e+01
-1.050255631397604716e+01
-1.050255631397604716e+01
-1.050255631397604716e+01
-1.050255631397604716e+01
-1.050255631397604716e+01
-1.050255631397604716e+01
-1.050255631397604716e+01
-1.050255631397604716e+01
-1.050255631397604716e+01
-1.050255631397604716e+01
-1.050255631397604716e+01
-1.050255631397604716e+01
-1.050255631397604716e+01
-1.050255631397604716e+01
-1.050255631397604716e+01
-1.050255631397604716e+01
-1.050255631397604716e+01
-1.050255631397604716e+01
-1.050255631397604716e+01
-1.050255631397604716e+01
-1.050255631397604716e+01
-1.050255631397604716e+01
-1.050255631397604716e+01
-1.050255631397604716e+01
-1.050255631397604716e+01
-1.050255631397604716e+01
-1.050255631397604716e+01
-1.050255631397604716e+01
-1.050255631397604716e+01
-1.050255631397604716e+01
-1.050255631397604716e+01
-1.050255631397604716e+01
-1.050255631397604716e+01
-1.050255631397604716e+01
-1.050255631397604716e+01
-1.050255631397604716e+01
-1.050255631397604716e+01
-1.050255631397604716e+01
-1.050255631397604716e+01
-1.050255631397604716e+01
-1.050255631397604716e+01
-1.050255631397604716e+01
-1.068024881483263933e+01
-1.068024881483263933e+01
-1.068024881483263933e+01
-1.134191735524748168e+01
-1.134191735524748168e+01
-1.134191735524748168e+01
-1.134191735524748168e+01
-1.134191735524748168e+01
-1.134191735524748168e+01
-1.134191735524748168e+01
-1.134191735524748168e+01
-1.134191735524748168e+01
-1.134191735524748168e+01
-1.134191735524748168e+01
-1.134191735524748168e+01
-1.134191735524748168e+01
-1.134191735524748168e+01
-1.152395882980317410e+01
-1.152395882980317410e+01
-1.153544668485739955e+01
-1.153544668485739955e+01
-1.153544668485739955e+01
-1.153544668485739955e+01
-1.153544668485739955e+01
-1.153544668485739955e+01
-1.153544668485739955e+01
-1.153544668485739955e+01
-1.153544668485739955e+01
-1.153544668485739955e+01
-1.153544668485739955e+01
-1.153544668485739955e+01
-1.153544668485739955e+01
-1.153544668485739955e+01
-1.153544668485739955e+01
-1.153544668485739955e+01
-1.153544668485739955e+01
-1.153544668485739955e+01
-1.153544668485739955e+01
-1.153544668485739955e+01
-1.153544668485739955e+01
-1.153544668485739955e+01
-1.153544668485739955e+01
-1.153544668485739955e+01
-1.153544668485739955e+01
-1.153544668485739955e+01
-1.153544668485739955e+01
-1.153544668485739955e+01
-1.153544668485739955e+01
-1.153544668485739955e+01
-1.153544668485739955e+01
-1.153544668485739955e+01
-1.153544668485739955e+01
-1.153544668485739955e+01
-1.153544668485739955e+01
-1.153544668485739955e+01
-1.153544668485739955e+01
-1.153544668485739955e+01
-1.153544668485739955e+01
-1.153544668485739955e+01
-1.153513760685236811e+01
-1.153513760685236811e+01
-1.153513760685236811e+01
-1.171702591000733840e+01
-1.171702591000733840e+01
-1.171702591000733840e+01
-1.171702591000733840e+01
-1.171702591000733840e+01
-1.171702591000733840e+01
-1.171702591000733840e+01
-1.230876532385043731e+01
-1.230876532385043731e+01
-1.230876532385043731e+01
-1.230876532385043731e+01
-1.230876532385043731e+01
-1.230876532385043731e+01
-1.230876532385043731e+01
-1.230876532385043731e+01
-1.182946374721782234e+01
-1.182946374721782234e+01
-1.194833660672773057e+01
-1.194833660672773057e+01
-1.194833660672773057e+01
-1.194833660672773057e+01
-1.194833660672773057e+01
-1.194833660672773057e+01
-1.194833660672773057e+01
-1.194833660672773057e+01
-1.194833660672773057e+01
-1.194833660672773057e+01
-1.179777732542778246e+01
-1.237605589069782219e+01
-1.161710801133690119e+01
-1.161710801133690119e+01
-1.161710801133690119e+01
-1.161710801133690119e+01
-1.161710801133690119e+01
-1.161710801133690119e+01
-1.161710801133690119e+01
-1.161710801133690119e+01
-1.161710801133690119e+01
-1.161710801133690119e+01
-1.293667962856547859e+01
-1.293667962856547859e+01
-1.137968504634003786e+01
-1.137968504634003786e+01
-1.137968504634003786e+01
-1.137968504634003786e+01
-1.137968504634003786e+01
-1.137968504634003786e+01
-1.137968504634003786e+01
-1.137968504634003786e+01
-1.137968504634003786e+01
-1.137968504634003786e+01
-1.137968504634003786e+01
-1.137968504634003786e+01
-1.137968504634003786e+01
-1.137968504634003786e+01
-1.137968504634003786e+01
-1.137968504634003786e+01
-1.137968504634003786e+01
-1.137968504634003786e+01
-1.137968504634003786e+01
-1.137968504634003786e+01
-1.137968504634003786e+01
-1.101931741543071475e+01
-1.101931741543071475e+01
-1.311113820705085509e+01
-1.311113820705085509e+01
-1.311113820705085509e+01
-1.311113820705085509e+01
-1.311113820705085509e+01
-1.311113820705085509e+01
-1.311113820705085509e+01
-1.311113820705085509e+01
-1.009780362276912413e+01
-1.009780362276912413e+01
-1.012708306540494618e+01
-1.012708306540494618e+01
-1.012708306540494618e+01
-1.101620475375173669e+01
-1.291253598652651746e+01
-1.291253598652651746e+01
-1.291253598652651746e+01
-1.291253598652651746e+01
-1.294675794203924113e+01
-1.294675794203924113e+01
-1.294675794203924113e+01
-1.294675794203924113e+01
-1.294675794203924113e+01
-1.294675794203924113e+01
-1.294675794203924113e+01
-1.073625210822198284e+01
-1.073625210822198284e+01
-1.073625210822198284e+01
-1.073625210822198284e+01
-1.112699599840444975e+01
-1.112699599840444975e+01
-1.112699599840444975e+01
-1.112699599840444975e+01
-1.112699599840444975e+01
-1.112699599840444975e+01
-1.112699599840444975e+01
-1.112699599840444975e+01
-1.112699599840444975e+01
-1.071855260582772473e+01
-1.071855260582772473e+01
-1.071855260582772473e+01
-1.071855260582772473e+01
-1.071855260582772473e+01
-1.371737511162548095e+01
-1.371737511162548095e+01
-1.371737511162548095e+01
-1.371737511162548095e+01
-1.371737511162548095e+01
-1.268147510506682707e+01
-1.268147510506682707e+01
-1.268147510506682707e+01
-1.268147510506682707e+01
-1.268147510506682707e+01
-1.073285954404287423e+01
-1.073285954404287423e+01
-1.073285954404287423e+01
-1.073285954404287423e+01
-1.073285954404287423e+01
-1.128693976320226611e+01
-1.128693976320226611e+01
-1.128693976320226611e+01
-1.128693976320226611e+01
-1.128693976320226611e+01
-1.128693976320226611e+01
-1.128693976320226611e+01
-1.128693976320226611e+01
-1.128693976320226611e+01
-1.111127587167072406e+01
-1.111127587167072406e+01
-1.111127587167072406e+01
-1.199540490174156737e+01
-1.199540490174156737e+01
-1.199540490174156737e+01
-1.199540490174156737e+01
-1.199540490174156737e+01
-1.260026326370968519e+01
-1.260026326370968519e+01
-1.260026326370968519e+01
-1.260026326370968519e+01
-1.222260823441281019e+01
-1.222260823441281019e+01
-1.222260823441281019e+01
-1.222260823441281019e+01
-1.222260823441281019e+01
-1.222260823441281019e+01
-1.222260823441281019e+01
-1.222260823441281019e+01
-1.222260823441281019e+01
-1.222260823441281019e+01
-1.222260823441281019e+01
-1.222260823441281019e+01
-1.222260823441281019e+01
-1.222260823441281019e+01
-1.222260823441281019e+01
-1.286749538910320467e+01
-1.286749538910320467e+01
-1.083940119406005387e+01
-1.083940119406005387e+01
-1.263495658597344296e+01
-1.263495658597344296e+01
-1.263495658597344296e+01
-1.263495658597344296e+01
-1.263495658597344296e+01
-1.263495658597344296e+01
-1.263495658597344296e+01
-1.263495658597344296e+01
-1.263495658597344296e+01
-1.263495658597344296e+01
-1.263495658597344296e+01
-1.263495658597344296e+01
-1.263495658597344296e+01
-1.263495658597344296e+01
-1.263495658597344296e+01
-1.263495658597344296e+01
-1.341626566637086526e+01
-1.163449843572612785e+01
-1.163449843572612785e+01
-1.163449843572612785e+01
-1.163449843572612785e+01
-1.163449843572612785e+01
-1.163449843572612785e+01
-1.163449843572612785e+01
-1.163449843572612785e+01
-1.163449843572612785e+01
-1.163449843572612785e+01
-1.163449843572612785e+01
-1.163449843572612785e+01
-1.163449843572612785e+01
-1.163449843572612785e+01
-1.163449843572612785e+01
-1.163449843572612785e+01
-1.163449843572612785e+01
-1.163449843572612785e+01
-1.163449843572612785e+01
-1.163449843572612785e+01
-1.163449843572612785e+01
-1.164350637286388590e+01
-1.164350637286388590e+01
-1.164350637286388590e+01
-1.164350637286388590e+01
-1.164350637286388590e+01
-1.164350637286388590e+01
-1.167442237897767043e+01
-1.167442237897767043e+01
-1.167442237897767043e+01
-1.167442237897767043e+01
-1.167442237897767043e+01
-1.191320656362500685e+01
-1.191320656362500685e+01
-1.191320656362500685e+01
-1.196863728773069546e+01
-1.196863728773069546e+01
-1.196863728773069546e+01
-1.196863728773069546e+01
-1.196863728773069546e+01
-1.196863728773069546e+01
-1.299388549979740404e+01
-1.299388549979740404e+01
-1.299388549979740404e+01
-1.299388549979740404e+01
-1.299388549979740404e+01
-1.299388549979740404e+01
-1.299388549979740404e+01
-1.299388549979740404e+01
-1.299388549979740404e+01
-1.297275514037385591e+01
-1.297275514037385591e+01
-1.297275514037385591e+01
-1.262299280549554403e+01
-1.262299280549554403e+01
-1.262299280549554403e+01
-1.262299280549554403e+01
-1.262299280549554403e+01
-1.262299280549554403e+01
-1.262299280549554403e+01
-1.262299280549554403e+01
-1.262299280549554403e+01
-1.262299280549554403e+01
-1.196655853300659800e+01
-1.210805426136257523e+01
-1.210805426136257523e+01
-1.210805426136257523e+01
-1.210805426136257523e+01
-1.210805426136257523e+01
-1.210805426136257523e+01
-1.210805426136257523e+01
-1.210805426136257523e+01
-1.210805426136257523e+01
-1.210805426136257523e+01
-1.210805426136257523e+01
-1.210805426136257523e+01
-1.210805426136257523e+01
-1.107495966194692549e+01
-1.107495966194692549e+01
-1.107495966194692549e+01
-1.123520065220090558e+01
-1.123520065220090558e+01
-1.149594852163048486e+01
-1.149594852163048486e+01
-1.149594852163048486e+01
-1.149594852163048486e+01
-1.149594852163048486e+01
-1.149594852163048486e+01
-1.149594852163048486e+01
-1.149594852163048486e+01
-1.149594852163048486e+01
-1.149594852163048486e+01
-1.219818013120107736e+01
-1.219818013120107736e+01
-1.219818013120107736e+01
-1.219818013120107736e+01
-1.201460056049645964e+01
-1.201460056049645964e+01
-1.201460056049645964e+01
-1.201460056049645964e+01
-1.201460056049645964e+01
-1.201460056049645964e+01
-1.201460056049645964e+01
-1.201460056049645964e+01
-1.201460056049645964e+01
-1.201460056049645964e+01
-1.285329877076595650e+01
-1.276717723897492540e+01
-1.276717723897492540e+01
-1.276717723897492540e+01
-1.285493077557127961e+01
-1.285493077557127961e+01
-1.285493077557127961e+01
-1.285493077557127961e+01
-1.285493077557127961e+01
-1.285493077557127961e+01
-1.285493077557127961e+01
-1.285493077557127961e+01
-1.285493077557127961e+01
-1.285493077557127961e+01
-1.285493077557127961e+01
-1.285493077557127961e+01
-1.285493077557127961e+01
-1.289955471031524326e+01
-1.289955471031524326e+01
-1.289955471031524326e+01
-1.289955471031524326e+01
-1.289955471031524326e+01
-1.289955471031524326e+01
-1.341491447580020235e+01
-1.341491447580020235e+01
-1.341491447580020235e+01
-1.250350361344463224e+01
-1.250350361344463224e+01
-1.250350361344463224e+01
-1.250350361344463224e+01
-1.250350361344463224e+01
-1.250350361344463224e+01
-1.250350361344463224e+01
-1.250350361344463224e+01
-1.250350361344463224e+01
-1.250350361344463224e+01
-1.250350361344463224e+01
-1.250350361344463224e+01
-1.250350361344463224e+01
-1.250350361344463224e+01
-1.250350361344463224e+01
-1.250350361344463224e+01
-1.250350361344463224e+01
-1.250350361344463224e+01
-1.250350361344463224e+01
-1.250350361344463224e+01
-1.250350361344463224e+01
-1.250350361344463224e+01
-1.250350361344463224e+01
-1.250350361344463224e+01
-1.225296352379180753e+01
-1.225296352379180753e+01
-1.225296352379180753e+01
-1.359907117446111613e+01
-1.359907117446111613e+01
-1.359907117446111613e+01
-1.359907117446111613e+01
-1.179058191653191479e+01
-1.179058191653191479e+01
-1.179058191653191479e+01
-1.179058191653191479e+01
-1.179058191653191479e+01
-1.179058191653191479e+01
-1.148119027482391985e+01
-1.212337504837298674e+01
-1.181542121201582596e+01
-1.177485267245290856e+01
-1.122841825904627377e+01
-1.122841825904627377e+01
-1.122841825904627377e+01
-1.122841825904627377e+01
-1.122841825904627377e+01
-1.122841825904627377e+01
-1.122841825904627377e+01
-1.122841825904627377e+01
-1.122841825904627377e+01
-1.122841825904627377e+01
-1.122841825904627377e+01
-1.122841825904627377e+01
-1.122841825904627377e+01
-1.153182983398437500e+01
-1.153182983398437500e+01
-1.153182983398437500e+01
-1.153182983398437500e+01
-1.153182983398437500e+01
-1.153182983398437500e+01
-1.117821724419384033e+01
-1.117821724419384033e+01
-1.108429308831121851e+01
-1.108429308831121851e+01
-1.108429308831121851e+01
-1.124475563005553092e+01
-1.223030692076819648e+01
-1.223030692076819648e+01
-1.223030692076819648e+01
-1.223030692076819648e+01
-1.200590899523995780e+01
-1.200590899523995780e+01
-1.200590899523995780e+01
-1.200590899523995780e+01
-1.200590899523995780e+01
-1.200590899523995780e+01
-1.200590899523995780e+01
-1.194803391086439781e+01
-1.194803391086439781e+01
-1.194803391086439781e+01
-1.194803391086439781e+01
-1.203722616454611227e+01
-1.203722616454611227e+01
-1.203722616454611227e+01
-1.049115598543652084e+01
-1.118955922172356665e+01
-1.316240139262854036e+01
-1.316240139262854036e+01
-1.362928605672278159e+01
-1.246940656556225946e+01
-1.246940656556225946e+01
-1.367513718614158691e+01
-1.045151103295058093e+01
-1.494607050149891947e+01
-1.494607050149891947e+01
-1.120697426294505483e+01
-1.120697426294505483e+01
-1.120697426294505483e+01
-1.120697426294505483e+01
-1.120697426294505483e+01
-1.120697426294505483e+01
-1.120697426294505483e+01
-1.120697426294505483e+01
-1.120697426294505483e+01
-1.120697426294505483e+01
-1.120697426294505483e+01
-1.120697426294505483e+01
-1.120697426294505483e+01
-1.120697426294505483e+01
-1.120697426294505483e+01
-1.080303939760984910e+01
-1.080303939760984910e+01
-1.080303939760984910e+01
-1.080303939760984910e+01
-1.080303939760984910e+01
-1.080303939760984910e+01
-1.080303939760984910e+01
-1.080303939760984910e+01
-1.080303939760984910e+01
-1.080303939760984910e+01
-1.080303939760984910e+01
-1.081115930531722391e+01
-1.081115930531722391e+01
-1.072824069692345361e+01
-1.072824069692345361e+01
-1.072824069692345361e+01
-1.072824069692345361e+01
-1.072824069692345361e+01
-1.150410672218804109e+01
-1.150410672218804109e+01
-1.150410672218804109e+01
-1.150410672218804109e+01
-1.150410672218804109e+01
-1.150410672218804109e+01
-1.150410672218804109e+01
-1.150410672218804109e+01
-1.155832666284039512e+01
-1.142249554110758503e+01
-1.123371817185819488e+01
-1.187621293514681931e+01
-1.187621293514681931e+01
-1.187621293514681931e+01
-1.238634937352021836e+01
-1.192278980525000343e+01
-1.192278980525000343e+01
-1.238660830612620245e+01
-1.238660830612620245e+01
-1.238660830612620245e+01
-1.238660830612620245e+01
-1.238660830612620245e+01
-1.238660830612620245e+01
-1.238660830612620245e+01
-1.238660830612620245e+01
-1.238660830612620245e+01
-1.238660830612620245e+01
-1.238660830612620245e+01
-1.238660830612620245e+01
-1.238660830612620245e+01
-1.238660830612620245e+01
-1.238660830612620245e+01
-1.238660830612620245e+01
-1.238660830612620245e+01
-1.238660830612620245e+01
-1.238660830612620245e+01
-1.238660830612620245e+01
-1.238660830612620245e+01
-1.238660830612620245e+01
-1.238660830612620245e+01
-1.238660830612620245e+01
-1.250579571404830759e+01
-1.250579571404830759e+01
-1.250579571404830759e+01
-1.250579571404830759e+01
-1.250579571404830759e+01
-1.250579571404830759e+01
-1.250579571404830759e+01
-1.250579571404830759e+01
-1.250579571404830759e+01
-1.250579571404830759e+01
-1.250579571404830759e+01
-1.250579571404830759e+01
-1.250579571404830759e+01
-1.250579571404830759e+01
-1.250579571404830759e+01
-1.250579571404830759e+01
-1.250579571404830759e+01
-1.250579571404830759e+01
-1.268236313449721031e+01
-1.268236313449721031e+01
-1.268236313449721031e+01
-1.268236313449721031e+01
-1.268236313449721031e+01
-1.268236313449721031e+01
-1.268236313449721031e+01
-1.268236313449721031e+01
-1.268236313449721031e+01
-1.268236313449721031e+01
-1.268236313449721031e+01
-1.268236313449721031e+01
-1.268236313449721031e+01
-1.268236313449721031e+01
-1.268236313449721031e+01
-1.268236313449721031e+01
-1.268236313449721031e+01
-1.268236313449721031e+01
-1.268236313449721031e+01
-1.268236313449721031e+01
-1.268236313449721031e+01
-1.268236313449721031e+01
-1.268236313449721031e+01
-1.268236313449721031e+01
-1.268236313449721031e+01
-1.268236313449721031e+01
-1.268236313449721031e+01
-1.268236313449721031e+01
-1.268236313449721031e+01
-1.268236313449721031e+01
-1.164786719911185031e+01
-1.164786719911185031e+01
-1.164786719911185031e+01
-1.164786719911185031e+01
-1.164786719911185031e+01
-1.164786719911185031e+01
-1.164786719911185031e+01
-1.164786719911185031e+01
-1.164786719911185031e+01
-1.164786719911185031e+01
-1.164786719911185031e+01
-1.164786719911185031e+01
-1.164786719911185031e+01
-1.164786719911185031e+01
-1.164786719911185031e+01
-1.164786719911185031e+01
-1.187423538295534264e+01
-1.187423538295534264e+01
-1.187423538295534264e+01
-1.187423538295534264e+01
-1.187423538295534264e+01
-1.187423538295534264e+01
-1.187423538295534264e+01
-1.241351906245798631e+01
-1.241351906245798631e+01
-1.241351906245798631e+01
-1.241351906245798631e+01
-1.241351906245798631e+01
-1.141599305045308377e+01
-1.141599305045308377e+01
-1.141599305045308377e+01
-1.216988262665203280e+01
-1.216988262665203280e+01
-1.216988262665203280e+01
-1.216988262665203280e+01
-1.216988262665203280e+01
-1.216988262665203280e+01
-1.216988262665203280e+01
-1.216988262665203280e+01
-1.216988262665203280e+01
-1.216988262665203280e+01
-1.216988262665203280e+01
-1.213057592767602344e+01
-1.213057592767602344e+01
-1.213057592767602344e+01
-1.213057592767602344e+01
-1.285133033591976037e+01
-1.285133033591976037e+01
-1.285133033591976037e+01
-1.285133033591976037e+01
-1.285133033591976037e+01
-1.285133033591976037e+01
-1.285133033591976037e+01
-1.392268861001125835e+01
-1.336703747225992878e+01
-1.336703747225992878e+01
-1.187370657692903642e+01
-1.187370657692903642e+01
-1.187370657692903642e+01
-1.187370657692903642e+01
-1.187370657692903642e+01
-1.187370657692903642e+01
-1.187370657692903642e+01
-1.258156085333450314e+01
-1.258156085333450314e+01
-1.258156085333450314e+01
-1.258156085333450314e+01
-1.258156085333450314e+01
-1.258156085333450314e+01
-1.213621682920145872e+01
-1.213621682920145872e+01
-1.213621682920145872e+01
-1.213621682920145872e+01
-1.213621682920145872e+01
-1.213621682920145872e+01
-1.213621682920145872e+01
-1.213621682920145872e+01
-1.213621682920145872e+01
-1.213621682920145872e+01
-1.213621682920145872e+01
-1.213621682920145872e+01
-1.213621682920145872e+01
-1.213621682920145872e+01
-1.215081096379296355e+01
-1.215081096379296355e+01
-1.215081096379296355e+01
-1.215081096379296355e+01
-1.215081096379296355e+01
-1.215081096379296355e+01
-1.215081096379296355e+01
-1.215081096379296355e+01
-1.215081096379296355e+01
-1.158856525019979244e+01
-1.158856525019979244e+01
-1.160508223291108898e+01
-1.160508223291108898e+01
-1.160508223291108898e+01
-1.160508223291108898e+01
-1.160508223291108898e+01
-1.160508223291108898e+01
-1.160508223291108898e+01
-1.160508223291108898e+01
-1.160508223291108898e+01
-1.160508223291108898e+01
-1.309745489525293394e+01
-1.309745489525293394e+01
-1.309745489525293394e+01
-1.309745489525293394e+01
-1.309745489525293394e+01
-1.309745489525293394e+01
-1.309745489525293394e+01
-1.309745489525293394e+01
-1.309745489525293394e+01
-1.309745489525293394e+01
-1.309745489525293394e+01
-1.309745489525293394e+01
-1.309745489525293394e+01
-1.309745489525293394e+01
-1.309745489525293394e+01
-1.309745489525293394e+01
-1.309745489525293394e+01
-1.314347378382491272e+01
-1.314347378382491272e+01
-1.314347378382491272e+01
-1.314347378382491272e+01
-1.314347378382491272e+01
-1.360097761135940075e+01
-1.360097761135940075e+01
-1.360097761135940075e+01
-1.360097761135940075e+01
-1.360097761135940075e+01
-1.360097761135940075e+01
-1.209625824003784800e+01
-1.209625824003784800e+01
-1.209625824003784800e+01
-1.209625824003784800e+01
-1.209625824003784800e+01
-1.209625824003784800e+01
-1.209625824003784800e+01
-1.209625824003784800e+01
-1.209625824003784800e+01
-1.209625824003784800e+01
-1.209625824003784800e+01
-1.209625824003784800e+01
-1.209625824003784800e+01
-1.209625824003784800e+01
-1.209625824003784800e+01
-1.209625824003784800e+01
-1.209625824003784800e+01
-1.209625824003784800e+01
-1.209625824003784800e+01
-1.209625824003784800e+01
-1.209625824003784800e+01
-1.209625824003784800e+01
-1.209625824003784800e+01
-1.209625824003784800e+01
-1.209625824003784800e+01
-1.209625824003784800e+01
-1.209625824003784800e+01
-1.215835556701309983e+01
-1.215835556701309983e+01
-1.215835556701309983e+01
-1.215835556701309983e+01
-1.335933969763907037e+01
-1.234646828179149658e+01
-1.234646828179149658e+01
-1.234646828179149658e+01
-1.234646828179149658e+01
-1.234646828179149658e+01
-1.234646828179149658e+01
-1.234646828179149658e+01
-1.079066898353241122e+01
-1.079066898353241122e+01
-1.424361460523441103e+01
-1.424361460523441103e+01
-1.424361460523441103e+01
-1.424361460523441103e+01
-1.424361460523441103e+01
-1.424361460523441103e+01
-1.424361460523441103e+01
-1.424361460523441103e+01
-1.425003412804685610e+01
-1.507855464577902715e+01
-1.507855464577902715e+01
-1.507855464577902715e+01
-1.501590754288332263e+01
-1.501299819800411406e+01
-1.501299819800411406e+01
-1.501299819800411406e+01
-1.501299819800411406e+01
-1.501299819800411406e+01
-1.108149862198255242e+01
-1.131451243880145974e+01
-1.131451243880145974e+01
-1.131451243880145974e+01
-1.131451243880145974e+01
-1.131451243880145974e+01
-1.131451243880145974e+01
-1.131451243880145974e+01
-1.131451243880145974e+01
-1.131451243880145974e+01
-1.131451243880145974e+01
-1.343093547492820505e+01
-1.343093547492820505e+01
-1.343093547492820505e+01
-1.343093547492820505e+01
-1.343093547492820505e+01
-1.343093547492820505e+01
-1.343093547492820505e+01
-1.343093547492820505e+01
-1.343093547492820505e+01
-1.343093547492820505e+01
-1.135705670708679982e+01
-1.135705670708679982e+01
-1.135705670708679982e+01
-1.135705670708679982e+01
-1.135705670708679982e+01
-1.135705670708679982e+01
-1.135705670708679982e+01
-1.135705670708679982e+01
-1.261792812019187693e+01
-1.261792812019187693e+01
-1.261792812019187693e+01
-1.261792812019187693e+01
-1.261792812019187693e+01
-1.261792812019187693e+01
-1.261792812019187693e+01
-1.261792812019187693e+01
-1.321594847319914656e+01
-1.321594847319914656e+01
-1.321594847319914656e+01
-1.321594847319914656e+01
-1.321594847319914656e+01
-1.321594847319914656e+01
-1.321594847319914656e+01
-1.321594847319914656e+01
-1.321594847319914656e+01
-1.243511075955276013e+01
-1.243511075955276013e+01
-1.243511075955276013e+01
-1.243511075955276013e+01
-1.243511075955276013e+01
-1.243511075955276013e+01
-1.243511075955276013e+01
-1.243511075955276013e+01
-1.243511075955276013e+01
-1.243511075955276013e+01
-1.243511075955276013e+01
-1.243511075955276013e+01
-1.243511075955276013e+01
-1.243511075955276013e+01
-1.243511075955276013e+01
-1.243511075955276013e+01
-1.243511075955276013e+01
-1.243511075955276013e+01
-1.243511075955276013e+01
-1.243511075955276013e+01
-1.243511075955276013e+01
-1.243511075955276013e+01
-1.243511075955276013e+01
-1.249479746043568085e+01
-1.249479746043568085e+01
-1.249479746043568085e+01
-1.249479746043568085e+01
-1.249479746043568085e+01
-1.306692546457906978e+01
-1.306692546457906978e+01
-1.306692546457906978e+01
-1.306692546457906978e+01
-1.306692546457906978e+01
-1.306692546457906978e+01
-1.317272405095583565e+01
-1.317272405095583565e+01
-1.317272405095583565e+01
-1.317272405095583565e+01
-1.317272405095583565e+01
-1.317272405095583565e+01
-1.317272405095583565e+01
-1.317272405095583565e+01
-1.317272405095583565e+01
-1.184748873883861897e+01
-1.184748873883861897e+01
-1.184748873883861897e+01
-1.184748873883861897e+01
-1.184748873883861897e+01
-1.184748873883861897e+01
-1.184748873883861897e+01
-1.184748873883861897e+01
-1.184748873883861897e+01
-1.184748873883861897e+01
-1.184748873883861897e+01
-1.184748873883861897e+01
-1.184748873883861897e+01
-1.184748873883861897e+01
-1.184748873883861897e+01
-1.184748873883861897e+01
-1.184748873883861897e+01
-1.184748873883861897e+01
-1.184748873883861897e+01
-1.184748873883861897e+01
-1.184748873883861897e+01
-1.184748873883861897e+01
-1.184748873883861897e+01
-1.184748873883861897e+01
-1.184748873883861897e+01
-1.184748873883861897e+01
-1.184748873883861897e+01
-1.184748873883861897e+01
-1.184748873883861897e+01
-1.184748873883861897e+01
-1.184748873883861897e+01
-1.184748873883861897e+01
-1.184748873883861897e+01
-1.184748873883861897e+01
-1.184748873883861897e+01
-1.184748873883861897e+01
-1.184748873883861897e+01
-1.190977114792307745e+01
-1.190977114792307745e+01
-1.190977114792307745e+01
-1.190977114792307745e+01
-1.303359518543484086e+01
-1.303359518543484086e+01
-1.303359518543484086e+01
-1.446877109389004090e+01
-1.331942760693639372e+01
-1.331942760693639372e+01
-1.331942760693639372e+01
-1.331942760693639372e+01
-1.331942760693639372e+01
-1.331942760693639372e+01
-1.331942760693639372e+01
-1.331942760693639372e+01
-1.331942760693639372e+01
-1.331942760693639372e+01
-1.331942760693639372e+01
-1.331942760693639372e+01
-1.331942760693639372e+01
-1.331942760693639372e+01
-1.331942760693639372e+01
-1.331942760693639372e+01
-1.331942760693639372e+01
-1.331942760693639372e+01
-1.331942760693639372e+01
-1.331942760693639372e+01
-1.255840188458590312e+01
-1.255840188458590312e+01
-1.255840188458590312e+01
-1.255840188458590312e+01
-1.255840188458590312e+01
-1.255840188458590312e+01
-1.255840188458590312e+01
-1.255840188458590312e+01
-1.255840188458590312e+01
-1.273318868750139998e+01
-1.273318868750139998e+01
-1.273318868750139998e+01
-1.273318868750139998e+01
-1.273141627557874855e+01
-1.273141627557874855e+01
-1.273141627557874855e+01
-1.273141627557874855e+01
-1.273141627557874855e+01
-1.273141627557874855e+01
-1.273141627557874855e+01
-1.273141627557874855e+01
-1.273141627557874855e+01
-1.273141627557874855e+01
-1.273141627557874855e+01
-1.273141627557874855e+01
-1.273141627557874855e+01
-1.343590169290283676e+01
-1.343590169290283676e+01
-1.343590169290283676e+01
-1.334352383877989290e+01
-1.334352383877989290e+01
-1.334352383877989290e+01
-1.334352383877989290e+01
-1.334352383877989290e+01
-1.334352383877989290e+01
-1.334352383877989290e+01
-1.334352383877989290e+01
-1.334352383877989290e+01
-1.334352383877989290e+01
-1.334352383877989290e+01
-1.334352383877989290e+01
-1.334352383877989290e+01
-1.334352383877989290e+01
-1.334352383877989290e+01
-1.480851528977344778e+01
-1.480851528977344778e+01
-1.422153513016709780e+01
-1.422153513016709780e+01
-1.422153513016709780e+01
-1.422153513016709780e+01
-1.422153513016709780e+01
-1.422153513016709780e+01
-1.422153513016709780e+01
-1.422153513016709780e+01
-1.422153513016709780e+01
-1.422153513016709780e+01
-1.422153513016709780e+01
-1.422153513016709780e+01
-1.422153513016709780e+01
-1.422153513016709780e+01
-1.422153513016709780e+01
-1.422153513016709780e+01
-1.422153513016709780e+01
-1.422153513016709780e+01
-1.280990294243136063e+01
-1.280990294243136063e+01
-1.280990294243136063e+01
-1.280990294243136063e+01
-1.309752418707707200e+01
-1.309752418707707200e+01
-1.309752418707707200e+01
-1.309752418707707200e+01
-1.309752418707707200e+01
-1.309752418707707200e+01
-1.309752418707707200e+01
-1.309752418707707200e+01
-1.309752418707707200e+01
-1.309752418707707200e+01
-1.309752418707707200e+01
-1.309752418707707200e+01
-1.309752418707707200e+01
-1.309752418707707200e+01
-1.327640832496190804e+01
-1.327640832496190804e+01
-1.327640832496190804e+01
-1.327640832496190804e+01
-1.327640832496190804e+01
-1.328156509545291541e+01
-1.328156509545291541e+01
-1.328156509545291541e+01
-1.323850478542466469e+01
-1.323850478542466469e+01
-1.323850478542466469e+01
-1.323850478542466469e+01
-1.323850478542466469e+01
-1.323850478542466469e+01
-1.323850478542466469e+01
-1.323850478542466469e+01
-1.323850478542466469e+01
-1.323850478542466469e+01
-1.323850478542466469e+01
-1.323850478542466469e+01
-1.323850478542466469e+01
-1.323850478542466469e+01
-1.323850478542466469e+01
-1.323850478542466469e+01
-1.294899260336764613e+01
-1.294899260336764613e+01
-1.289641013792778246e+01
-1.289641013792778246e+01
-1.289641013792778246e+01
-1.289641013792778246e+01
-1.289641013792778246e+01
-1.289641013792778246e+01
-1.289641013792778246e+01
-1.289641013792778246e+01
-1.289641013792778246e+01
-1.289641013792778246e+01
-1.289641013792778246e+01
-1.289641013792778246e+01
