# Variable: dg_gbsa_00000356
# Sample shape: (2000,)
# Date: 2014-03-03 06:24:07.033139
-2.887986358219533312e+00
-2.995173744216247602e+00
-3.906935624365140747e+00
-8.336833968445173326e+00
-8.336833968445173326e+00
-8.336833968445173326e+00
-8.336833968445173326e+00
-8.336833968445173326e+00
-7.284059579240204307e+00
-7.284059579240204307e+00
-7.284059579240204307e+00
-7.258618994835001281e+00
-7.284059579240204307e+00
-7.284059579240204307e+00
-7.284059579240204307e+00
-7.284059579240204307e+00
-7.284059579240204307e+00
-7.284059579240204307e+00
-7.284059579240204307e+00
-7.284059579240204307e+00
-7.284059579240204307e+00
-7.284059579240204307e+00
-7.284059579240204307e+00
-7.284059579240204307e+00
-7.284059579240204307e+00
-7.284059579240204307e+00
-7.284059579240204307e+00
-7.284059579240204307e+00
-7.284059579240204307e+00
-7.284045903222282625e+00
-7.889134934026014179e+00
-7.864299285480214508e+00
-7.864299285480214508e+00
-8.279096555983358030e+00
-8.279096555983358030e+00
-8.279096555983358030e+00
-8.279096555983358030e+00
-7.912509072123247833e+00
-7.912509072123247833e+00
-7.778826908673200258e+00
-7.778826908673200258e+00
-7.779392184080630379e+00
-7.779392184080630379e+00
-7.779392184080630379e+00
-7.780968573079737993e+00
-7.780968573079737993e+00
-7.780968573079737993e+00
-7.780968573079737993e+00
-7.780968573079737993e+00
-7.780968573079737993e+00
-7.842527976683403068e+00
-7.842527976683403068e+00
-7.842527976683403068e+00
-7.842527976683403068e+00
-7.842527976683403068e+00
-7.540652674425172286e+00
-7.540652674425172286e+00
-7.540652674425172286e+00
-7.540652674425172286e+00
-7.540652674425172286e+00
-7.547459684412063829e+00
-7.547459684412063829e+00
-7.547459684412063829e+00
-7.547459684412063829e+00
-7.547459684412063829e+00
-7.547459684412063829e+00
-7.547459684412063829e+00
-7.547459684412063829e+00
-7.547459684412063829e+00
-7.547459684412063829e+00
-7.491492404536580274e+00
-7.395692354862365647e+00
-7.395692354862365647e+00
-7.395692354862365647e+00
-7.395692354862365647e+00
-7.395692354862365647e+00
-7.395692354862365647e+00
-7.395692354862365647e+00
-7.395692354862365647e+00
-8.206880799215108269e+00
-8.241544034239439043e+00
-8.241544034239439043e+00
-8.241544034239439043e+00
-8.241544034239439043e+00
-8.028675903553716964e+00
-8.028675903553716964e+00
-8.028675903553716964e+00
-8.028675903553716964e+00
-8.028675903553716964e+00
-7.852061072909353179e+00
-7.852061072909353179e+00
-7.852061072909353179e+00
-7.852061072909353179e+00
-7.852061072909353179e+00
-7.852061072909353179e+00
-7.852061072909353179e+00
-7.852061072909353179e+00
-7.852061072909353179e+00
-7.852061072909353179e+00
-7.852061072909353179e+00
-7.852061072909353179e+00
-7.852061072909353179e+00
-7.852061072909353179e+00
-7.852061072909353179e+00
-7.852061072909353179e+00
-7.852061072909353179e+00
-7.852061072909353179e+00
-7.852061072909353179e+00
-7.852061072909353179e+00
-7.852061072909353179e+00
-7.852061072909353179e+00
-7.789726694956791597e+00
-7.789726694956791597e+00
-7.789726694956791597e+00
-7.568750964979823692e+00
-7.568750964979823692e+00
-7.568750964979823692e+00
-7.568750964979823692e+00
-7.568750964979823692e+00
-7.568750964979823692e+00
-7.568750964979823692e+00
-7.568750964979823692e+00
-7.568750964979823692e+00
-7.568750964979823692e+00
-7.857933555004929183e+00
-7.857933555004929183e+00
-8.023491781026864444e+00
-8.023488134088752943e+00
-8.023488134088752943e+00
-8.023488134088752943e+00
-8.023491781026864444e+00
-8.266928546971161751e+00
-8.266928546971161751e+00
-8.266928546971161751e+00
-8.266913959218712193e+00
-8.266913959218712193e+00
-8.266906665342487415e+00
-8.266906665342487415e+00
-8.266372388909012159e+00
-8.260380469590254293e+00
-8.260380469590254293e+00
-8.260380469590254293e+00
-8.260380469590254293e+00
-8.260380469590254293e+00
-8.260380469590254293e+00
-8.260380469590254293e+00
-8.260380469590254293e+00
-8.260380469590254293e+00
-8.260380469590254293e+00
-8.260380469590254293e+00
-8.260380469590254293e+00
-8.260380469590254293e+00
-8.260380469590254293e+00
-8.260380469590254293e+00
-8.260380469590254293e+00
-8.260380469590254293e+00
-7.935668952606375726e+00
-7.749582111949446350e+00
-7.749582111949446350e+00
-7.749582111949446350e+00
-7.749582111949446350e+00
-7.749582111949446350e+00
-7.749582111949446350e+00
-7.749582111949446350e+00
-7.749582111949446350e+00
-7.749582111949446350e+00
-7.749582111949446350e+00
-7.749582111949446350e+00
-7.671554047564475454e+00
-7.671554047564475454e+00
-7.860951396292983340e+00
-7.860951396292983340e+00
-7.860951396292983340e+00
-7.868196950587897476e+00
-7.868196950587897476e+00
-7.868196950587897476e+00
-7.932790606701122904e+00
-7.932790606701122904e+00
-7.932790606701122904e+00
-7.932790606701122904e+00
-7.932790606701122904e+00
-7.932790606701122904e+00
-7.932790606701122904e+00
-7.932790606701122904e+00
-7.932790606701122904e+00
-7.932790606701122904e+00
-8.036705549542807248e+00
-8.036705549542807248e+00
-8.098051607266894436e+00
-8.098051607266894436e+00
-8.098051607266894436e+00
-8.098051607266894436e+00
-8.098051607266894436e+00
-8.098051607266894436e+00
-8.098051607266894436e+00
-8.098051607266894436e+00
-8.098051607266894436e+00
-8.098051607266894436e+00
-8.098051607266894436e+00
-8.098051607266894436e+00
-8.098051607266894436e+00
-8.045051567413153748e+00
-8.045051567413153748e+00
-8.045051567413153748e+00
-8.028361355141516498e+00
-8.028361355141516498e+00
-8.028361355141516498e+00
-8.028361355141516498e+00
-8.028361355141516498e+00
-8.160924820325570650e+00
-8.160924820325570650e+00
-7.563361702184147717e+00
-7.563361702184147717e+00
-7.563361702184147717e+00
-8.066779112952616515e+00
-8.066779112952616515e+00
-8.066779112952616515e+00
-8.066779112952616515e+00
-8.066779112952616515e+00
-8.066779112952616515e+00
-8.066779112952616515e+00
-8.066779112952616515e+00
-8.066779112952616515e+00
-8.066779112952616515e+00
-8.066779112952616515e+00
-8.096106877518428391e+00
-8.096106877518428391e+00
-8.096106877518428391e+00
-8.096106877518428391e+00
-8.096106877518428391e+00
-8.082086223945106340e+00
-8.082086223945106340e+00
-8.082086223945106340e+00
-8.082086223945106340e+00
-8.082086223945106340e+00
-8.082086223945106340e+00
-8.082086223945106340e+00
-8.082086223945106340e+00
-8.082086223945106340e+00
-8.191095027595359568e+00
-8.191095027595359568e+00
-8.191095027595359568e+00
-8.191095027595359568e+00
-8.191095027595359568e+00
-8.191095027595359568e+00
-8.191095027595359568e+00
-8.191095027595359568e+00
-8.191095027595359568e+00
-8.191095027595359568e+00
-8.191095027595359568e+00
-8.191095027595359568e+00
-8.191095027595359568e+00
-7.741168625724019314e+00
-7.837697607153460311e+00
-7.837697607153460311e+00
-7.837697607153460311e+00
-8.039040501669305172e+00
-8.039040501669305172e+00
-8.039040501669305172e+00
-8.039040501669305172e+00
-8.039040501669305172e+00
-8.039040501669305172e+00
-8.039040501669305172e+00
-8.039040501669305172e+00
-8.039040501669305172e+00
-8.039040501669305172e+00
-8.039040501669305172e+00
-8.035742757881120468e+00
-8.035742757881120468e+00
-8.035742757881120468e+00
-8.035742757881120468e+00
-8.035742757881120468e+00
-8.035742757881120468e+00
-8.035742757881120468e+00
-8.035742757881120468e+00
-8.035742757881120468e+00
-8.035742757881120468e+00
-8.035742757881120468e+00
-8.035742757881120468e+00
-8.035742757881120468e+00
-8.035742757881120468e+00
-8.035742757881120468e+00
-8.035742757881120468e+00
-8.035742757881120468e+00
-8.035742757881120468e+00
-8.035742757881120468e+00
-8.035742757881120468e+00
-8.035739110943007191e+00
-8.035739110943007191e+00
-7.896572864306359740e+00
-7.896572864306359740e+00
-7.896572864306359740e+00
-7.896572864306359740e+00
-7.896572864306359740e+00
-7.896572864306359740e+00
-7.896572864306359740e+00
-7.896576511244472130e+00
-7.896576511244472130e+00
-7.896576511244472130e+00
-7.896576511244472130e+00
-7.896576511244472130e+00
-7.896576511244472130e+00
-7.896576511244472130e+00
-7.896576511244472130e+00
-7.896576511244472130e+00
-7.896576511244472130e+00
-7.896576511244472130e+00
-7.896576511244472130e+00
-7.896576511244472130e+00
-7.896576511244472130e+00
-7.896576511244472130e+00
-8.132660138219536705e+00
-7.979101250322097272e+00
-7.979101250322097272e+00
-7.979101250322097272e+00
-7.979101250322097272e+00
-7.979101250322097272e+00
-7.979101250322097272e+00
-7.979101250322097272e+00
-7.979101250322097272e+00
-7.979101250322097272e+00
-7.979101250322097272e+00
-7.979101250322097272e+00
-7.979101250322097272e+00
-7.979101250322097272e+00
-7.979101250322097272e+00
-7.979101250322097272e+00
-7.979101250322097272e+00
-7.979101250322097272e+00
-7.968578010398616129e+00
-7.968578010398616129e+00
-7.968578010398616129e+00
-7.968578010398616129e+00
-7.968578010398616129e+00
-7.968578010398616129e+00
-7.792938735699333819e+00
-7.792938735699333819e+00
-7.792938735699333819e+00
-7.493984630869177543e+00
-7.845881336277802376e+00
-7.845881336277802376e+00
-7.845881336277802376e+00
-7.870954035800911797e+00
-7.870954035800911797e+00
-7.870954035800911797e+00
-7.870954035800911797e+00
-7.870954035800911797e+00
-7.870954035800911797e+00
-7.870954035800911797e+00
-7.872540453879827815e+00
-7.872540453879827815e+00
-7.975962148341803726e+00
-7.975962148341803726e+00
-7.975962148341803726e+00
-7.975962148341803726e+00
-7.975962148341803726e+00
-7.975962148341803726e+00
-7.975962148341803726e+00
-7.975962148341803726e+00
-8.035625144126994357e+00
-8.035625144126994357e+00
-8.035625144126994357e+00
-8.107457060658909143e+00
-8.107457060658909143e+00
-8.107457060658909143e+00
-8.107457060658909143e+00
-8.107457060658909143e+00
-7.870248353276151576e+00
-7.847311847752411751e+00
-7.810032846366925519e+00
-7.810032846366925519e+00
-7.810032846366925519e+00
-7.810032846366925519e+00
-7.810032846366925519e+00
-7.810032846366925519e+00
-7.810032846366925519e+00
-7.809989083109575958e+00
-7.809989083109575958e+00
-7.809989083109575958e+00
-7.809989083109575958e+00
-7.787004255655846308e+00
-7.787004255655846308e+00
-7.787048018913195868e+00
-7.787048018913195868e+00
-7.787048018913195868e+00
-7.787048018913195868e+00
-7.787048018913195868e+00
-7.787048018913195868e+00
-7.753574597448053218e+00
-7.753574597448053218e+00
-7.753574597448053218e+00
-7.753574597448053218e+00
-7.753574597448053218e+00
-7.913447246952676650e+00
-7.913447246952676650e+00
-7.913447246952676650e+00
-7.913447246952676650e+00
-7.648200879361387372e+00
-7.648200879361387372e+00
-7.727948475066379608e+00
-7.732973955785339193e+00
-7.732973955785339193e+00
-7.898355305308821350e+00
-7.898355305308821350e+00
-7.898355305308821350e+00
-7.898355305308821350e+00
-7.864388635463969379e+00
-7.864388635463969379e+00
-8.083776579760227676e+00
-7.901454290969877725e+00
-7.901454290969877725e+00
-7.901454290969877725e+00
-7.901454290969877725e+00
-7.901454290969877725e+00
-7.802949580818014930e+00
-7.682772940932905748e+00
-7.682772940932905748e+00
-7.682772940932905748e+00
-7.922491653471557704e+00
-7.979440415566554812e+00
-7.979440415566554812e+00
-7.979440415566554812e+00
-7.979440415566554812e+00
-7.979440415566554812e+00
-7.979440415566554812e+00
-7.979440415566554812e+00
-7.979440415566554812e+00
-7.979440415566554812e+00
-7.814290646613213376e+00
-7.814290646613213376e+00
-7.981540140184799625e+00
-7.981540140184799625e+00
-8.091141571278326339e+00
-8.091141571278326339e+00
-8.091141571278326339e+00
-7.916646523411825065e+00
-7.844444442661496097e+00
-7.844444442661496097e+00
-7.844444442661496097e+00
-7.844444442661496097e+00
-8.097420686973439530e+00
-8.097420686973439530e+00
-8.097420686973439530e+00
-8.097420686973439530e+00
-8.097420686973439530e+00
-8.232575301686390290e+00
-8.659242444011038486e+00
-8.659242444011038486e+00
-8.469907093230442996e+00
-8.469907093230442996e+00
-8.469907093230442996e+00
-8.469907093230442996e+00
-8.469907093230442996e+00
-8.469907093230442996e+00
-8.469907093230442996e+00
-8.469907093230442996e+00
-8.690508556183619504e+00
-8.690508556183619504e+00
-8.690508556183619504e+00
-8.690508556183619504e+00
-8.690508556183619504e+00
-8.690508556183619504e+00
-8.690508556183619504e+00
-8.690508556183619504e+00
-8.690508556183619504e+00
-8.690508556183619504e+00
-8.682834486660491180e+00
-8.682834486660491180e+00
-8.682834486660491180e+00
-8.682834486660491180e+00
-8.682834486660491180e+00
-8.447993553847245707e+00
-8.401507857196872209e+00
-8.401507857196872209e+00
-8.401507857196872209e+00
-8.401507857196872209e+00
-8.401507857196872209e+00
-8.401507857196872209e+00
-8.139441619639642411e+00
-8.139441619639642411e+00
-8.139441619639642411e+00
-8.171942220363288101e+00
-8.263176759387976134e+00
-8.263176759387976134e+00
-8.439897351237600986e+00
-8.439897351237600986e+00
-8.439897351237600986e+00
-8.439897351237600986e+00
-8.439897351237600986e+00
-8.439897351237600986e+00
-8.304983434440073253e+00
-8.304983434440073253e+00
-8.304983434440073253e+00
-8.304983434440073253e+00
-8.304983434440073253e+00
-8.304983434440073253e+00
-8.484906037952429259e+00
-8.579650754910353783e+00
-8.579650754910353783e+00
-8.579650754910353783e+00
-8.579650754910353783e+00
-8.579650754910353783e+00
-8.579650754910353783e+00
-8.579650754910353783e+00
-8.579650754910353783e+00
-8.579650754910353783e+00
-8.579650754910353783e+00
-8.579650754910353783e+00
-8.579650754910353783e+00
-8.492553667174242094e+00
-8.492553667174242094e+00
-8.492553667174242094e+00
-8.492553667174242094e+00
-8.492553667174242094e+00
-8.492553667174242094e+00
-8.492553667174242094e+00
-8.641785463001257384e+00
-8.313100606943862658e+00
-8.313100606943862658e+00
-8.186899225296983218e+00
-8.186899225296983218e+00
-8.186899225296983218e+00
-8.460799777029121671e+00
-8.460799777029121671e+00
-8.460799777029121671e+00
-8.460799777029121671e+00
-8.460799777029121671e+00
-8.445902946574282311e+00
-8.445902946574282311e+00
-8.445902946574282311e+00
-8.445902946574282311e+00
-8.884545721925695361e+00
-8.884545721925695361e+00
-8.884545721925695361e+00
-8.695803910322899455e+00
-8.695803910322899455e+00
-8.695803910322899455e+00
-8.695803910322899455e+00
-8.695803910322899455e+00
-8.695803910322899455e+00
-8.695803910322899455e+00
-8.695803910322899455e+00
-8.695803910322899455e+00
-8.892885357654344958e+00
-8.892885357654344958e+00
-8.790796619072470008e+00
-8.790796619072470008e+00
-8.790796619072470008e+00
-8.790796619072470008e+00
-8.790796619072470008e+00
-8.790796619072470008e+00
-8.790796619072470008e+00
-8.790796619072470008e+00
-8.790796619072470008e+00
-8.790796619072470008e+00
-8.790796619072470008e+00
-8.664339951757717984e+00
-8.894594859894557004e+00
-8.894594859894557004e+00
-8.894594859894557004e+00
-8.894594859894557004e+00
-8.894594859894557004e+00
-8.894594859894557004e+00
-8.894594859894557004e+00
-8.942943230185864678e+00
-8.942943230185864678e+00
-8.942943230185864678e+00
-8.942943230185864678e+00
-8.942943230185864678e+00
-8.942943230185864678e+00
-8.942943230185864678e+00
-8.942943230185864678e+00
-8.942943230185864678e+00
-8.942943230185864678e+00
-8.942943230185864678e+00
-8.942943230185864678e+00
-8.942943230185864678e+00
-8.903943785745827455e+00
-8.736222013688680121e+00
-8.736222013688680121e+00
-8.736222013688680121e+00
-8.392514507811565494e+00
-8.392514507811565494e+00
-8.507545318020005354e+00
-8.507545318020005354e+00
-8.622825031754619118e+00
-8.524705073573620950e+00
-8.524705073573620950e+00
-8.524705073573620950e+00
-8.524705073573620950e+00
-8.568647030890558014e+00
-8.460653899504622544e+00
-8.460653899504622544e+00
-8.460653899504622544e+00
-8.460653899504622544e+00
-8.460653899504622544e+00
-8.460653899504622544e+00
-8.460653899504622544e+00
-8.460653899504622544e+00
-8.460653899504622544e+00
-8.460653899504622544e+00
-8.460653899504622544e+00
-8.671116874505182537e+00
-8.491717606611961955e+00
-8.491717606611961955e+00
-8.491717606611961955e+00
-8.491717606611961955e+00
-8.491717606611961955e+00
-8.491717606611961955e+00
-8.331054483271465472e+00
-8.106060283361840035e+00
-8.106060283361840035e+00
-8.106060283361840035e+00
-8.106060283361840035e+00
-8.106060283361840035e+00
-8.106060283361840035e+00
-8.300008099120159244e+00
-8.300008099120159244e+00
-8.300008099120159244e+00
-8.300008099120159244e+00
-8.300008099120159244e+00
-8.300008099120159244e+00
-8.300008099120159244e+00
-8.300008099120159244e+00
-8.300008099120159244e+00
-8.300008099120159244e+00
-8.300008099120159244e+00
-8.131300742038121143e+00
-8.645539074053498751e+00
-8.645539074053498751e+00
-8.709398783871593608e+00
-8.709398783871593608e+00
-8.709398783871593608e+00
-8.709398783871593608e+00
-8.709398783871593608e+00
-8.709398783871593608e+00
-8.709398783871593608e+00
-8.709398783871593608e+00
-8.709398783871593608e+00
-8.709398783871593608e+00
-8.709398783871593608e+00
-8.709398783871593608e+00
-8.709398783871593608e+00
-8.517512399881336904e+00
-8.517512399881336904e+00
-8.517512399881336904e+00
-8.633962780750048083e+00
-8.633962780750048083e+00
-8.633962780750048083e+00
-8.633962780750048083e+00
-8.633962780750048083e+00
-8.633962780750048083e+00
-8.633962780750048083e+00
-8.633962780750048083e+00
-8.633962780750048083e+00
-8.625022311967372346e+00
-8.625022311967372346e+00
-8.625022311967372346e+00
-8.625022311967372346e+00
-8.862725179464364444e+00
-8.862725179464364444e+00
-8.963982416156600408e+00
-8.963982416156600408e+00
-8.963982416156600408e+00
-8.963982416156600408e+00
-8.963982416156600408e+00
-8.963982416156600408e+00
-8.963982416156600408e+00
-8.963982416156600408e+00
-8.963982416156600408e+00
-8.963982416156600408e+00
-8.963982416156600408e+00
-8.963982416156600408e+00
-8.963982416156600408e+00
-9.004662187331948786e+00
-9.004662187331948786e+00
-9.004662187331948786e+00
-9.004662187331948786e+00
-9.004662187331948786e+00
-9.004662187331948786e+00
-9.004662187331948786e+00
-9.004662187331948786e+00
-9.004662187331948786e+00
-9.004662187331948786e+00
-8.936674143570558115e+00
-8.936674143570558115e+00
-8.936674143570558115e+00
-8.936674143570558115e+00
-8.936674143570558115e+00
-8.726410838431654327e+00
-8.726410838431654327e+00
-8.726410838431654327e+00
-8.557802860413181278e+00
-8.557802860413181278e+00
-8.557802860413181278e+00
-8.557802860413181278e+00
-8.557802860413181278e+00
-8.557802860413181278e+00
-8.557802860413181278e+00
-8.557802860413181278e+00
-8.557802860413181278e+00
-8.557802860413181278e+00
-8.557802860413181278e+00
-8.557802860413181278e+00
-8.677181732586191742e+00
-8.677181732586191742e+00
-8.677181732586191742e+00
-8.677181732586191742e+00
-8.677181732586191742e+00
-8.677181732586191742e+00
-8.677181732586191742e+00
-8.677181732586191742e+00
-8.677181732586191742e+00
-8.677181732586191742e+00
-8.677181732586191742e+00
-8.742461924799085793e+00
-8.742461924799085793e+00
-8.742461924799085793e+00
-8.742461924799085793e+00
-8.742461924799085793e+00
-8.742461924799085793e+00
-8.742461924799085793e+00
-8.849971836885119458e+00
-8.849971836885119458e+00
-8.849971836885119458e+00
-8.849971836885119458e+00
-8.849971836885119458e+00
-8.849971836885119458e+00
-8.849971836885119458e+00
-8.849971836885119458e+00
-8.849971836885119458e+00
-8.849971836885119458e+00
-8.849971836885119458e+00
-8.849971836885119458e+00
-8.849971836885119458e+00
-8.849971836885119458e+00
-8.849971836885119458e+00
-8.849971836885119458e+00
-8.849971836885119458e+00
-8.849971836885119458e+00
-8.849971836885119458e+00
-8.849971836885119458e+00
-8.849971836885119458e+00
-8.849971836885119458e+00
-8.849971836885119458e+00
-8.849971836885119458e+00
-8.849971836885119458e+00
-8.856072252612724682e+00
-8.856072252612724682e+00
-8.902178667699400805e+00
-8.902178667699400805e+00
-8.902178667699400805e+00
-8.902178667699400805e+00
-8.902178667699400805e+00
-8.902178667699400805e+00
-8.902178667699400805e+00
-8.902178667699400805e+00
-8.902178667699400805e+00
-8.872781611309452643e+00
-8.848570500915410975e+00
-8.848570500915410975e+00
-8.848570500915410975e+00
-8.848570500915410975e+00
-8.848570500915410975e+00
-8.848570500915410975e+00
-8.848570500915410975e+00
-8.848570500915410975e+00
-8.848570500915410975e+00
-8.848570500915410975e+00
-8.848570500915410975e+00
-8.549808772070685237e+00
-8.549808772070685237e+00
-8.747330587179208194e+00
-8.747330587179208194e+00
-8.747330587179208194e+00
-8.747330587179208194e+00
-8.649795962565258733e+00
-8.649795962565258733e+00
-8.969840310499726854e+00
-8.969840310499726854e+00
-8.969840310499726854e+00
-8.969840310499726854e+00
-8.928307155806065154e+00
-8.928307155806065154e+00
-8.928307155806065154e+00
-8.928307155806065154e+00
-8.928307155806065154e+00
-8.928307155806065154e+00
-8.928307155806065154e+00
-8.928307155806065154e+00
-8.928307155806065154e+00
-8.928307155806065154e+00
-8.884244849531418353e+00
-8.884244849531418353e+00
-8.884244849531418353e+00
-8.884244849531418353e+00
-8.884244849531418353e+00
-8.884244849531418353e+00
-8.884244849531418353e+00
-8.884244849531418353e+00
-8.884244849531418353e+00
-8.884244849531418353e+00
-8.884244849531418353e+00
-9.314035594349380887e+00
-9.314035594349380887e+00
-9.314035594349380887e+00
-9.314035594349380887e+00
-9.314035594349380887e+00
-9.437685942786600890e+00
-9.437685942786600890e+00
-9.269905819719653550e+00
-9.269905819719653550e+00
-9.269905819719653550e+00
-9.269905819719653550e+00
-9.269905819719653550e+00
-9.269905819719653550e+00
-9.138874980277357452e+00
-9.138874980277357452e+00
-8.859205884185849200e+00
-8.859205884185849200e+00
-8.859205884185849200e+00
-8.859205884185849200e+00
-8.859205884185849200e+00
-8.859205884185849200e+00
-8.859205884185849200e+00
-8.859205884185849200e+00
-8.859205884185849200e+00
-8.859205884185849200e+00
-8.859205884185849200e+00
-8.859205884185849200e+00
-8.859205884185849200e+00
-8.859205884185849200e+00
-8.859205884185849200e+00
-8.859205884185849200e+00
-8.859205884185849200e+00
-9.116227494599030479e+00
-9.112059044336497493e+00
-9.069776443860726900e+00
-9.069776443860726900e+00
-9.069776443860726900e+00
-9.069776443860726900e+00
-9.069776443860726900e+00
-9.069776443860726900e+00
-9.069776443860726900e+00
-8.866899100134066458e+00
-8.866899100134066458e+00
-8.866899100134066458e+00
-8.866899100134066458e+00
-8.866899100134066458e+00
-8.866899100134066458e+00
-8.866899100134066458e+00
-8.866899100134066458e+00
-8.866899100134066458e+00
-8.866899100134066458e+00
-8.866899100134066458e+00
-8.866899100134066458e+00
-8.866899100134066458e+00
-8.970180387478713158e+00
-8.970180387478713158e+00
-8.970180387478713158e+00
-8.970180387478713158e+00
-8.970180387478713158e+00
-8.389257792077145837e+00
-8.389257792077145837e+00
-8.389257792077145837e+00
-8.500665369270864247e+00
-8.500665369270864247e+00
-8.500665369270864247e+00
-8.500665369270864247e+00
-8.500665369270864247e+00
-8.500665369270864247e+00
-8.891473992604826293e+00
-8.891473992604826293e+00
-8.891473992604826293e+00
-8.891473992604826293e+00
-8.891473992604826293e+00
-8.891473992604826293e+00
-9.045902675242086133e+00
-9.045902675242086133e+00
-9.045902675242086133e+00
-9.045902675242086133e+00
-9.045902675242086133e+00
-9.045902675242086133e+00
-8.419473586073340954e+00
-8.419473586073340954e+00
-8.419473586073340954e+00
-8.419473586073340954e+00
-8.419473586073340954e+00
-8.419473586073340954e+00
-8.419473586073340954e+00
-8.419473586073340954e+00
-8.419473586073340954e+00
-8.419473586073340954e+00
-8.419473586073340954e+00
-8.542400017295239678e+00
-8.542400017295239678e+00
-8.542400017295239678e+00
-8.542400017295239678e+00
-8.542400017295239678e+00
-8.542400017295239678e+00
-8.542400017295239678e+00
-8.542400017295239678e+00
-8.542400017295239678e+00
-8.859034478094564236e+00
-8.859034478094564236e+00
-8.859034478094564236e+00
-8.859034478094564236e+00
-8.465773288879978153e+00
-8.465773288879978153e+00
-8.465773288879978153e+00
-8.734466012987534000e+00
-8.734466012987534000e+00
-8.734466012987534000e+00
-8.734466012987534000e+00
-8.734466012987534000e+00
-8.734466012987534000e+00
-8.803583695829255262e+00
-8.803583695829255262e+00
-8.803583695829255262e+00
-8.803583695829255262e+00
-8.803583695829255262e+00
-8.714804457888776668e+00
-8.678667859867015721e+00
-8.678667859867015721e+00
-8.678667859867015721e+00
-8.678667859867015721e+00
-8.678667859867015721e+00
-8.572750748001594090e+00
-8.572750748001594090e+00
-8.572750748001594090e+00
-8.572750748001594090e+00
-8.753639790113751928e+00
-8.753639790113751928e+00
-8.753639790113751928e+00
-8.753639790113751928e+00
-8.753639790113751928e+00
-8.753639790113751928e+00
-8.753639790113751928e+00
-8.753639790113751928e+00
-8.753639790113751928e+00
-8.753639790113751928e+00
-8.753639790113751928e+00
-8.753639790113751928e+00
-8.753639790113751928e+00
-8.753639790113751928e+00
-8.753639790113751928e+00
-8.753639790113751928e+00
-8.753639790113751928e+00
-8.830312105255417876e+00
-8.830312105255417876e+00
-8.830312105255417876e+00
-8.830312105255417876e+00
-8.830312105255417876e+00
-8.551659593162755257e+00
-8.551659593162755257e+00
-8.551659593162755257e+00
-8.551659593162755257e+00
-8.551659593162755257e+00
-8.551659593162755257e+00
-8.729136924670713782e+00
-8.729136924670713782e+00
-8.729136924670713782e+00
-8.729136924670713782e+00
-8.729136924670713782e+00
-8.729136924670713782e+00
-8.845943793739916572e+00
-8.845943793739916572e+00
-8.845943793739916572e+00
-8.845943793739916572e+00
-8.845943793739916572e+00
-8.854151227961990500e+00
-8.854151227961990500e+00
-8.854151227961990500e+00
-8.854151227961990500e+00
-8.854151227961990500e+00
-8.854151227961990500e+00
-8.854151227961990500e+00
-8.854151227961990500e+00
-8.854151227961990500e+00
-8.854151227961990500e+00
-8.854151227961990500e+00
-8.854151227961990500e+00
-8.732867742359751162e+00
-8.732867742359751162e+00
-8.732867742359751162e+00
-8.732867742359751162e+00
-8.732867742359751162e+00
-8.732867742359751162e+00
-8.732867742359751162e+00
-8.732867742359751162e+00
-8.732867742359751162e+00
-8.732867742359751162e+00
-8.732867742359751162e+00
-8.732867742359751162e+00
-8.732867742359751162e+00
-8.732867742359751162e+00
-8.724447873992627223e+00
-8.735783469380656641e+00
-8.735783469380656641e+00
-8.735783469380656641e+00
-8.735783469380656641e+00
-8.761570057039278936e+00
-8.761570057039278936e+00
-8.761570057039278936e+00
-8.566119702778628664e+00
-8.566119702778628664e+00
-8.566119702778628664e+00
-8.623363866860733751e+00
-8.623363866860733751e+00
-8.623363866860733751e+00
-8.623363866860733751e+00
-8.623363866860733751e+00
-8.623363866860733751e+00
-8.623363866860733751e+00
-8.623363866860733751e+00
-8.595276972987683450e+00
-8.595276972987683450e+00
-8.595276972987683450e+00
-8.595276972987683450e+00
-8.613432342645998219e+00
-8.613432342645998219e+00
-8.613432342645998219e+00
-8.482522763895943285e+00
-8.482522763895943285e+00
-8.482522763895943285e+00
-8.876537957565277637e+00
-8.876537957565277637e+00
-8.876537957565277637e+00
-8.841993248029602626e+00
-8.841993248029602626e+00
-8.841993248029602626e+00
-8.841993248029602626e+00
-8.841993248029602626e+00
-8.854293458548376350e+00
-9.228992644505108700e+00
-9.228992644505108700e+00
-9.228992644505108700e+00
-9.228992644505108700e+00
-8.710118142414275511e+00
-8.789869385057379247e+00
-8.789869385057379247e+00
-8.789869385057379247e+00
-9.202795776308835940e+00
-9.202795776308835940e+00
-9.202795776308835940e+00
-9.202795776308835940e+00
-9.202795776308835940e+00
-8.622741152178033275e+00
-8.891723807865528073e+00
-8.891723807865528073e+00
-8.891723807865528073e+00
-8.902663710468356584e+00
-8.902663710468356584e+00
-8.902663710468356584e+00
-8.902663710468356584e+00
-9.017642551808693341e+00
-9.017642551808693341e+00
-9.017642551808693341e+00
-9.017642551808693341e+00
-9.017642551808693341e+00
-9.017642551808693341e+00
-9.017642551808693341e+00
-8.748361758930505161e+00
-8.748361758930505161e+00
-9.042605843188429304e+00
-8.701903414315976804e+00
-8.760536150084398344e+00
-8.760536150084398344e+00
-8.760536150084398344e+00
-8.760536150084398344e+00
-8.760536150084398344e+00
-8.320575006605333002e+00
-8.320575006605333002e+00
-8.320575006605333002e+00
-8.320575006605333002e+00
-8.179488647052480133e+00
-8.179488647052480133e+00
-8.179632701107921733e+00
-8.179632701107921733e+00
-8.380607254874409051e+00
-8.425346068168916958e+00
-8.425346068168916958e+00
-8.425346068168916958e+00
-9.257438761782236014e+00
-9.257438761782236014e+00
-9.257438761782236014e+00
-9.257438761782236014e+00
-9.215208130174566747e+00
-9.215208130174566747e+00
-9.215208130174566747e+00
-8.822731944388685577e+00
-8.757046030310782214e+00
-8.757046030310782214e+00
-8.757046030310782214e+00
-8.757046030310782214e+00
-8.722167625937817803e+00
-9.223182160357444204e+00
-9.223182160357444204e+00
-9.223182160357444204e+00
-9.223182160357444204e+00
-9.215581029596565443e+00
-9.088065838494674864e+00
-9.088065838494674864e+00
-9.104780667598570076e+00
-9.104780667598570076e+00
-9.104780667598570076e+00
-9.104780667598570076e+00
-9.246098607721565443e+00
-9.126784468700051889e+00
-9.126784468700051889e+00
-9.126784468700051889e+00
-9.435123057028075522e+00
-9.435123057028075522e+00
-9.435123057028075522e+00
-9.435123057028075522e+00
-9.435123057028075522e+00
-9.435123057028075522e+00
-9.435123057028075522e+00
-9.252724182537363617e+00
-9.252724182537363617e+00
-9.128250537821257282e+00
-9.128250537821257282e+00
-9.128250537821257282e+00
-9.128250537821257282e+00
-9.014269134054675447e+00
-9.014269134054675447e+00
-9.014269134054675447e+00
-9.014269134054675447e+00
-9.014269134054675447e+00
-9.014269134054675447e+00
-9.014269134054675447e+00
-9.014269134054675447e+00
-9.014269134054675447e+00
-9.014269134054675447e+00
-9.014269134054675447e+00
-9.076485898253110918e+00
-9.076485898253110918e+00
-9.076485898253110918e+00
-9.076485898253110918e+00
-9.076485898253110918e+00
-9.053414456019210022e+00
-9.053414456019210022e+00
-9.053414456019210022e+00
-8.970928009791766300e+00
-8.970928009791766300e+00
-8.970928009791766300e+00
-8.782530833840597850e+00
-9.160870575768084834e+00
-9.160870575768084834e+00
-9.160870575768084834e+00
-9.160870575768084834e+00
-9.160870575768084834e+00
-9.160870575768084834e+00
-9.160870575768084834e+00
-9.160870575768084834e+00
-9.160870575768084834e+00
-9.160870575768084834e+00
-9.160870575768084834e+00
-9.160870575768084834e+00
-9.160870575768084834e+00
-8.917453867983407889e+00
-8.917453867983407889e+00
-8.917453867983407889e+00
-8.917453867983407889e+00
-8.917453867983407889e+00
-8.917453867983407889e+00
-8.917453867983407889e+00
-8.917453867983407889e+00
-9.016186511767298128e+00
-8.916344287062694107e+00
-8.916344287062694107e+00
-8.916344287062694107e+00
-8.975358127863866997e+00
-8.975358127863866997e+00
-9.224420295846622153e+00
-9.224420295846622153e+00
-9.224420295846622153e+00
-9.224420295846622153e+00
-9.224420295846622153e+00
-9.224420295846622153e+00
-9.224420295846622153e+00
-9.134906199876482447e+00
-9.134906199876482447e+00
-9.134906199876482447e+00
-9.134906199876482447e+00
-9.134906199876482447e+00
-9.134906199876482447e+00
-9.134906199876482447e+00
-9.134906199876482447e+00
-9.082095800804589558e+00
-9.082095800804589558e+00
-9.376500350339462386e+00
-9.376500350339462386e+00
-9.376500350339462386e+00
-9.376500350339462386e+00
-9.376500350339462386e+00
-9.376500350339462386e+00
-9.302894198415840421e+00
-9.302894198415840421e+00
-9.302894198415840421e+00
-9.302894198415840421e+00
-9.543894809701019000e+00
-9.543894809701019000e+00
-9.098839805413385662e+00
-9.283856269734311439e+00
-9.283856269734311439e+00
-9.283856269734311439e+00
-9.311108014779609476e+00
-9.349245870090578947e+00
-9.349245870090578947e+00
-9.349245870090578947e+00
-9.349245870090578947e+00
-9.349245870090578947e+00
-9.163858329816712001e+00
-9.163858329816712001e+00
-9.108823298496224297e+00
-9.108823298496224297e+00
-9.108823298496224297e+00
-8.948771949024090233e+00
-8.948771949024090233e+00
-8.948771949024090233e+00
-9.000358800359254730e+00
-9.113695607814459976e+00
-9.113695607814459976e+00
-9.113695607814459976e+00
-9.025060423929421205e+00
-9.025060423929421205e+00
-9.025060423929421205e+00
-9.025060423929421205e+00
-8.901254168887895446e+00
-8.901254168887895446e+00
-8.901254168887895446e+00
-8.901254168887895446e+00
-8.901254168887895446e+00
-8.901254168887895446e+00
-8.901254168887895446e+00
-8.842640579544562840e+00
-8.842640579544562840e+00
-9.131076003123880014e+00
-8.778337766745805126e+00
-8.778337766745805126e+00
-8.778337766745805126e+00
-8.778337766745805126e+00
-8.778337766745805126e+00
-9.024402151600124711e+00
-9.008738552407141498e+00
-9.008738552407141498e+00
-9.008738552407141498e+00
-9.008738552407141498e+00
-9.008738552407141498e+00
-9.008738552407141498e+00
-9.008738552407141498e+00
-9.008738552407141498e+00
-9.008738552407141498e+00
-8.732140178206316605e+00
-8.732140178206316605e+00
-9.072310154114353153e+00
-9.072310154114353153e+00
-8.879306895327157889e+00
-8.879306895327157889e+00
-8.879306895327157889e+00
-9.026647753742865987e+00
-9.045456837057839650e+00
-9.045456837057839650e+00
-9.045456837057839650e+00
-9.044211407692436921e+00
-9.044211407692436921e+00
-9.044211407692436921e+00
-9.044211407692436921e+00
-9.044211407692436921e+00
-9.044211407692436921e+00
-9.044211407692436921e+00
-9.044211407692436921e+00
-9.044211407692436921e+00
-9.044211407692436921e+00
-9.044211407692436921e+00
-9.044211407692436921e+00
-9.044211407692436921e+00
-9.044211407692436921e+00
-9.044211407692436921e+00
-9.044211407692436921e+00
-9.044211407692436921e+00
-9.044211407692436921e+00
-9.044211407692436921e+00
-9.044211407692436921e+00
-8.992477767098245423e+00
-8.992477767098245423e+00
-8.992477767098245423e+00
-8.992477767098245423e+00
-8.992477767098245423e+00
-8.992477767098245423e+00
-8.992477767098245423e+00
-8.992477767098245423e+00
-8.992477767098245423e+00
-8.947414376311730422e+00
-8.947414376311730422e+00
-8.947414376311730422e+00
-8.947414376311730422e+00
-8.775336336679258054e+00
-8.775336336679258054e+00
-8.775336336679258054e+00
-8.775336336679258054e+00
-8.775336336679258054e+00
-8.654267108691126253e+00
-8.654267108691126253e+00
-8.654267108691126253e+00
-8.654267108691126253e+00
-8.654267108691126253e+00
-8.864055400140882668e+00
-9.196712683537265676e+00
-9.196712683537265676e+00
-9.196712683537265676e+00
-9.196712683537265676e+00
-9.196712683537265676e+00
-9.196712683537265676e+00
-8.816032519076111740e+00
-8.792256306051980275e+00
-8.792256306051980275e+00
-8.792256306051980275e+00
-8.792256306051980275e+00
-8.916838447176930416e+00
-8.916838447176930416e+00
-8.916838447176930416e+00
-8.916838447176930416e+00
-8.916838447176930416e+00
-8.916838447176930416e+00
-9.223146602710848185e+00
-9.223146602710848185e+00
-9.215461592373381805e+00
-9.215461592373381805e+00
-9.215461592373381805e+00
-9.215461592373381805e+00
-9.215461592373381805e+00
-9.035069445579047454e+00
-9.035069445579047454e+00
-9.035069445579047454e+00
-9.035069445579047454e+00
-9.035069445579047454e+00
-8.956438724670993778e+00
-8.956438724670993778e+00
-8.956438724670993778e+00
-8.917053616525565829e+00
-8.968810962217487415e+00
-8.968810962217487415e+00
-8.968810962217487415e+00
-8.968810962217487415e+00
-8.968810962217487415e+00
-9.210006684691682821e+00
-8.908128647229867525e+00
-8.908128647229867525e+00
-8.908128647229867525e+00
-8.908128647229867525e+00
-8.908128647229867525e+00
-8.908128647229867525e+00
-8.908128647229867525e+00
-8.875749307198459448e+00
-8.875749307198459448e+00
-8.875749307198459448e+00
-8.758949732005481437e+00
-8.758949732005481437e+00
-8.623455952048074025e+00
-8.623455952048074025e+00
-8.623455952048074025e+00
-8.623455952048074025e+00
-8.623455952048074025e+00
-8.623455952048074025e+00
-8.623455952048074025e+00
-8.623455952048074025e+00
-8.623455952048074025e+00
-8.623455952048074025e+00
-8.623455952048074025e+00
-8.762968657805403794e+00
-8.762968657805403794e+00
-8.762968657805403794e+00
-8.762968657805403794e+00
-9.104271919731884211e+00
-9.104271919731884211e+00
-9.104271919731884211e+00
-9.104271919731884211e+00
-9.104271919731884211e+00
-9.104271919731884211e+00
-8.566648508804933115e+00
-8.566648508804933115e+00
-8.566648508804933115e+00
-9.049902454616917780e+00
-9.088993072509765625e+00
-9.088993072509765625e+00
-9.088993072509765625e+00
-9.088993072509765625e+00
-9.088993072509765625e+00
-9.088993072509765625e+00
-9.088993072509765625e+00
-8.903187957822021659e+00
-8.903187957822021659e+00
-8.812753009978489871e+00
-8.646081556097726661e+00
-8.799500036877837772e+00
-9.064471060641636768e+00
-9.064471060641636768e+00
-9.064471060641636768e+00
-9.064471060641636768e+00
-9.064471060641636768e+00
-9.064471060641636768e+00
-9.064471060641636768e+00
-9.064471060641636768e+00
-9.064471060641636768e+00
-9.064471060641636768e+00
-9.064471060641636768e+00
-9.064471060641636768e+00
-9.064471060641636768e+00
-9.064471060641636768e+00
-9.064471060641636768e+00
-9.064471060641636768e+00
-9.188745947230612998e+00
-9.343790050674350312e+00
-9.413864143036063226e+00
-9.413864143036063226e+00
-9.328653434038617576e+00
-9.328653434038617576e+00
-9.328653434038617576e+00
-9.471202215774564337e+00
-9.471202215774564337e+00
-9.471202215774564337e+00
-9.471202215774564337e+00
-9.401061566792300539e+00
-9.401061566792300539e+00
-9.401061566792300539e+00
-9.031861963509145497e+00
-9.031861963509145497e+00
-9.031861963509145497e+00
-9.031861963509145497e+00
-9.031861963509145497e+00
-9.031861963509145497e+00
-9.069068026132383054e+00
-9.069068026132383054e+00
-9.090018773853891787e+00
-8.577134367612762489e+00
-8.577134367612762489e+00
-8.577134367612762489e+00
-8.601432092786973627e+00
-8.601432092786973627e+00
-9.009629317041108365e+00
-9.725624471048096353e+00
-9.725624471048096353e+00
-9.725624471048096353e+00
-9.725624471048096353e+00
-9.725624471048096353e+00
-9.725624471048096353e+00
-9.725624471048096353e+00
-9.734998925466154418e+00
-9.734998925466154418e+00
-9.734998925466154418e+00
-9.287795874630287329e+00
-9.597110018903393325e+00
-9.597110018903393325e+00
-9.545694573659513793e+00
-9.545694573659513793e+00
-9.545694573659513793e+00
-9.545694573659513793e+00
-9.545694573659513793e+00
-9.545694573659513793e+00
-9.545694573659513793e+00
-9.545694573659513793e+00
-9.545694573659513793e+00
-9.545694573659513793e+00
-9.545694573659513793e+00
-9.545694573659513793e+00
-9.545694573659513793e+00
-9.545694573659513793e+00
-9.448131685275191316e+00
-9.352137892013754339e+00
-9.352137892013754339e+00
-9.352137892013754339e+00
-9.352137892013754339e+00
-9.352137892013754339e+00
-9.352137892013754339e+00
-9.352137892013754339e+00
-9.352137892013754339e+00
-9.352137892013754339e+00
-9.352137892013754339e+00
-9.352137892013754339e+00
-9.352137892013754339e+00
-9.404889940075847221e+00
-8.957665007611305796e+00
-8.957665007611305796e+00
-8.994800866675877415e+00
-8.994800866675877415e+00
-8.994800866675877415e+00
-8.994800866675877415e+00
-8.994800866675877415e+00
-8.994800866675877415e+00
-8.994800866675877415e+00
-8.994800866675877415e+00
-8.994800866675877415e+00
-8.994800866675877415e+00
-8.829958352258509890e+00
-9.125043967485883201e+00
-9.125043967485883201e+00
-9.125043967485883201e+00
-8.844164999675568239e+00
-8.844164999675568239e+00
-8.844164999675568239e+00
-8.844164999675568239e+00
-9.044618953026503760e+00
-9.044618953026503760e+00
-8.916770978821849880e+00
-8.916770978821849880e+00
-8.916770978821849880e+00
-8.916770978821849880e+00
-8.916770978821849880e+00
-8.916770978821849880e+00
-8.916770978821849880e+00
-8.635406056508051265e+00
-8.635406056508051265e+00
-9.017279681466504826e+00
-9.017279681466504826e+00
-9.017279681466504826e+00
-9.017279681466504826e+00
-8.658150186046359664e+00
-8.658150186046359664e+00
-8.658150186046359664e+00
-9.199938400297730468e+00
-8.943758320853996580e+00
-8.943758320853996580e+00
-8.943758320853996580e+00
-8.943758320853996580e+00
-8.943758320853996580e+00
-8.943758320853996580e+00
-8.943758320853996580e+00
-8.943758320853996580e+00
-9.322748129500029179e+00
-9.322748129500029179e+00
-9.322748129500029179e+00
-9.322748129500029179e+00
-9.322748129500029179e+00
-9.322748129500029179e+00
-9.322748129500029179e+00
-9.322748129500029179e+00
-9.322748129500029179e+00
-9.322748129500029179e+00
-9.322748129500029179e+00
-9.322748129500029179e+00
-9.322748129500029179e+00
-9.322748129500029179e+00
-9.322748129500029179e+00
-9.322748129500029179e+00
-9.312717226221730371e+00
-9.247060487648724347e+00
-9.210168973437685480e+00
-9.210168973437685480e+00
-9.210168973437685480e+00
-9.210168973437685480e+00
-9.210168973437685480e+00
-9.210168973437685480e+00
-9.210168973437685480e+00
-9.210168973437685480e+00
-9.210168973437685480e+00
-9.210168973437685480e+00
-9.092492309628662284e+00
-9.092492309628662284e+00
-9.092492309628662284e+00
-9.092492309628662284e+00
-9.092492309628662284e+00
-9.092492309628662284e+00
-9.092492309628662284e+00
-9.092492309628662284e+00
-9.092492309628662284e+00
-9.092492309628662284e+00
-9.092492309628662284e+00
-9.092492309628662284e+00
-9.092492309628662284e+00
-9.092492309628662284e+00
-9.092492309628662284e+00
-9.092492309628662284e+00
-9.092492309628662284e+00
-9.092492309628662284e+00
-9.092492309628662284e+00
-8.975701851780964802e+00
-8.975701851780964802e+00
-8.975701851780964802e+00
-8.975701851780964802e+00
-8.975701851780964802e+00
-8.975701851780964802e+00
-8.975701851780964802e+00
-8.975701851780964802e+00
-8.975701851780964802e+00
-8.975701851780964802e+00
-8.883623046583243976e+00
-8.883623046583243976e+00
-8.883623046583243976e+00
-9.606004900959662862e+00
-9.606004900959662862e+00
-9.606004900959662862e+00
-9.606004900959662862e+00
-9.606004900959662862e+00
-9.606004900959662862e+00
-9.606004900959662862e+00
-9.606004900959662862e+00
-9.606004900959662862e+00
-9.438838375230135469e+00
-9.438838375230135469e+00
-9.438838375230135469e+00
-9.473372143951474200e+00
-9.473372143951474200e+00
-9.473372143951474200e+00
-9.473372143951474200e+00
-9.473372143951474200e+00
-9.473372143951474200e+00
-9.473372143951474200e+00
-9.473372143951474200e+00
-9.473372143951474200e+00
-9.213750266664114008e+00
-9.092865209050660980e+00
-9.092865209050660980e+00
-9.092865209050660980e+00
-9.092865209050660980e+00
-8.596406612068015818e+00
-8.596406612068015818e+00
-8.638443044221196132e+00
-8.638443044221196132e+00
-8.638443044221196132e+00
-8.638443044221196132e+00
-8.638443044221196132e+00
-8.975169398816547073e+00
-8.975169398816547073e+00
-8.975169398816547073e+00
-8.975169398816547073e+00
-8.975169398816547073e+00
-8.975169398816547073e+00
-8.975169398816547073e+00
-8.975169398816547073e+00
-8.975169398816547073e+00
-8.975169398816547073e+00
-8.727153902072068092e+00
-8.976134925681819254e+00
-8.976134925681819254e+00
-8.976134925681819254e+00
-8.976134925681819254e+00
-8.976134925681819254e+00
-8.976134925681819254e+00
-8.976134925681819254e+00
-8.976134925681819254e+00
-8.976134925681819254e+00
-8.976134925681819254e+00
-8.976134925681819254e+00
-8.976134925681819254e+00
-8.976134925681819254e+00
-8.976134925681819254e+00
-8.976134925681819254e+00
-8.976134925681819254e+00
-8.976134925681819254e+00
-8.976134925681819254e+00
-9.088311095082737268e+00
-8.944049164168465182e+00
-9.590048634983157072e+00
-9.590048634983157072e+00
-9.590048634983157072e+00
-9.590048634983157072e+00
-9.590048634983157072e+00
-9.590048634983157072e+00
-9.495392356274459544e+00
-9.495392356274459544e+00
-9.495392356274459544e+00
-9.495392356274459544e+00
-9.495392356274459544e+00
-9.495392356274459544e+00
-9.495392356274459544e+00
-9.495392356274459544e+00
-9.495392356274459544e+00
-9.495392356274459544e+00
-9.346244440024030098e+00
-9.346244440024030098e+00
-9.132033324378397765e+00
-9.132033324378397765e+00
-9.132033324378397765e+00
-9.132033324378397765e+00
-9.132033324378397765e+00
-9.132033324378397765e+00
-8.991194956617190925e+00
-8.991194956617190925e+00
-8.991194956617190925e+00
-8.991194956617190925e+00
-8.991194956617190925e+00
-8.991194956617190925e+00
-9.008773198319209641e+00
-9.008773198319209641e+00
-9.008773198319209641e+00
-9.238010610722675153e+00
-9.238010610722675153e+00
-9.238010610722675153e+00
-9.238010610722675153e+00
-9.238010610722675153e+00
-9.238010610722675153e+00
-9.238010610722675153e+00
-9.461546947121847850e+00
-9.461546947121847850e+00
-9.461546947121847850e+00
-9.461546947121847850e+00
-9.461546947121847850e+00
-9.262585503193433212e+00
-9.262585503193433212e+00
-9.262585503193433212e+00
-9.262585503193433212e+00
-9.262585503193433212e+00
-9.262585503193433212e+00
-9.262585503193433212e+00
-9.473288264374886580e+00
-9.473288264374886580e+00
-9.473288264374886580e+00
-9.473288264374886580e+00
-9.473288264374886580e+00
-9.377211503271389859e+00
-9.197478540540879877e+00
-9.197478540540879877e+00
-9.197478540540879877e+00
-9.083478902083736983e+00
-9.100452663793618058e+00
-9.100452663793618058e+00
-9.100452663793618058e+00
-9.002785837673091152e+00
-9.002785837673091152e+00
-9.002785837673091152e+00
-9.002785837673091152e+00
-9.049444763883805365e+00
-9.049444763883805365e+00
-9.049444763883805365e+00
-9.049444763883805365e+00
-8.884528398969660401e+00
-8.884528398969660401e+00
-9.111139104197631511e+00
-9.111139104197631511e+00
-9.111139104197631511e+00
-9.111139104197631511e+00
-9.111139104197631511e+00
-9.111139104197631511e+00
-9.111139104197631511e+00
-9.111139104197631511e+00
-9.111139104197631511e+00
-9.111139104197631511e+00
-9.111139104197631511e+00
-9.111139104197631511e+00
-9.111139104197631511e+00
-9.111139104197631511e+00
-9.111139104197631511e+00
-9.111139104197631511e+00
-9.111139104197631511e+00
-9.111139104197631511e+00
-9.111139104197631511e+00
-9.111139104197631511e+00
-9.111139104197631511e+00
-9.069361604650435282e+00
-9.069361604650435282e+00
-9.069361604650435282e+00
-9.069361604650435282e+00
-9.033436529039196472e+00
-9.033436529039196472e+00
-9.033436529039196472e+00
-9.345698311041690687e+00
-9.345698311041690687e+00
-9.345698311041690687e+00
-9.345698311041690687e+00
-9.345698311041690687e+00
-9.345698311041690687e+00
-9.074331469563178487e+00
-9.074331469563178487e+00
-9.074331469563178487e+00
-9.074331469563178487e+00
-9.074331469563178487e+00
-9.074331469563178487e+00
-9.074331469563178487e+00
-9.074331469563178487e+00
-9.074331469563178487e+00
-9.074331469563178487e+00
-9.074331469563178487e+00
-8.890237680584704094e+00
-8.890237680584704094e+00
-8.890237680584704094e+00
-8.890237680584704094e+00
-8.890237680584704094e+00
-8.890237680584704094e+00
-8.890237680584704094e+00
-9.076068323839233898e+00
-8.707588079098760758e+00
-8.707588079098760758e+00
-8.707588079098760758e+00
-8.707588079098760758e+00
-8.874049834038057583e+00
-8.874049834038057583e+00
-8.874049834038057583e+00
-9.037295901296699796e+00
-9.037295901296699796e+00
-9.130619224125293698e+00
-9.130619224125293698e+00
-9.130619224125293698e+00
-9.130619224125293698e+00
-9.298252557933215812e+00
-9.227327817256773201e+00
-9.227327817256773201e+00
-9.527325858121619362e+00
-9.414645499526656636e+00
-9.414645499526656636e+00
-8.931433493502964893e+00
-8.931433493502964893e+00
-8.931433493502964893e+00
-8.931433493502964893e+00
-8.931433493502964893e+00
-8.931433493502964893e+00
-9.060591630224514859e+00
-9.271692819394754537e+00
-9.271692819394754537e+00
-9.271692819394754537e+00
-9.271692819394754537e+00
-9.271692819394754537e+00
-9.271692819394754537e+00
-9.271692819394754537e+00
-9.271692819394754537e+00
-9.429484890706223865e+00
-9.429484890706223865e+00
-9.429484890706223865e+00
-9.429484890706223865e+00
-9.429484890706223865e+00
-9.429484890706223865e+00
-9.429484890706223865e+00
-9.429484890706223865e+00
-9.429484890706223865e+00
-9.429484890706223865e+00
-9.429484890706223865e+00
-9.429484890706223865e+00
-9.429484890706223865e+00
-9.429484890706223865e+00
-8.884493753057592258e+00
-8.884493753057592258e+00
-8.864413711810430030e+00
-8.864413711810430030e+00
-8.872870049558679639e+00
-8.872870049558679639e+00
-8.872870049558679639e+00
-8.958120874875362460e+00
-8.958120874875362460e+00
-9.087433094732164207e+00
-9.087433094732164207e+00
-9.087433094732164207e+00
-9.087433094732164207e+00
-9.087433094732164207e+00
-9.087433094732164207e+00
-9.071097547191962818e+00
-9.071097547191962818e+00
-9.071097547191962818e+00
-9.071097547191962818e+00
-9.071097547191962818e+00
-9.071097547191962818e+00
-9.071097547191962818e+00
-9.071097547191962818e+00
-9.071097547191962818e+00
-9.071097547191962818e+00
-9.071097547191962818e+00
-9.071097547191962818e+00
-9.569501785657601900e+00
-9.325892701887491754e+00
-9.325892701887491754e+00
-9.325892701887491754e+00
-9.325892701887491754e+00
-9.235704834101076344e+00
-9.235704834101076344e+00
-9.235704834101076344e+00
-9.235704834101076344e+00
-9.235704834101076344e+00
-9.235704834101076344e+00
-9.235704834101076344e+00
-9.235704834101076344e+00
-9.112897840102361258e+00
-9.112897840102361258e+00
-9.072376710734904037e+00
-9.072376710734904037e+00
-9.072376710734904037e+00
-9.072376710734904037e+00
-9.072376710734904037e+00
-9.072376710734904037e+00
-9.072376710734904037e+00
-9.072376710734904037e+00
-9.072376710734904037e+00
-9.072376710734904037e+00
-9.072376710734904037e+00
-9.072376710734904037e+00
-9.072376710734904037e+00
-9.072376710734904037e+00
-9.072376710734904037e+00
-9.072376710734904037e+00
-9.072376710734904037e+00
-9.072376710734904037e+00
-9.072376710734904037e+00
-9.386405434252882429e+00
-9.386405434252882429e+00
-9.386405434252882429e+00
-9.386405434252882429e+00
-9.386405434252882429e+00
-8.940293729647168064e+00
-8.940293729647168064e+00
-8.940293729647168064e+00
-8.940293729647168064e+00
-9.148515661177626157e+00
-9.148515661177626157e+00
-9.148515661177626157e+00
-9.148515661177626157e+00
-9.148515661177626157e+00
-9.148515661177626157e+00
-8.996496692898167780e+00
-8.996496692898167780e+00
-8.996496692898167780e+00
-9.174493713087150226e+00
-9.174493713087150226e+00
-9.607189244111681958e+00
-9.607189244111681958e+00
-9.330823362215527439e+00
-9.330823362215527439e+00
-9.330823362215527439e+00
-9.330823362215527439e+00
-9.330823362215527439e+00
-9.330823362215527439e+00
-9.330823362215527439e+00
-8.878221019504174194e+00
-8.878221019504174194e+00
-8.878221019504174194e+00
-8.878221019504174194e+00
-8.878221019504174194e+00
-8.878221019504174194e+00
-8.878221019504174194e+00
-9.112707287585985583e+00
-9.112707287585985583e+00
-9.112707287585985583e+00
-9.112707287585985583e+00
-9.112707287585985583e+00
-9.112707287585985583e+00
-9.112707287585985583e+00
-9.112707287585985583e+00
-9.112707287585985583e+00
-9.112707287585985583e+00
-9.112707287585985583e+00
-9.112707287585985583e+00
-9.112707287585985583e+00
-9.023953578212292825e+00
-8.984818285327568432e+00
-8.984818285327568432e+00
-8.984818285327568432e+00
-8.685969029968145350e+00
-8.685969029968145350e+00
-8.685969029968145350e+00
-8.685969029968145350e+00
-8.895023375122770304e+00
-8.895023375122770304e+00
-9.071188720644773440e+00
-9.071188720644773440e+00
-9.071188720644773440e+00
-9.071188720644773440e+00
-9.071188720644773440e+00
-9.071188720644773440e+00
-9.162439670890968557e+00
-9.162439670890968557e+00
-9.162439670890968557e+00
-9.023211426306408711e+00
-9.023211426306408711e+00
-9.023211426306408711e+00
-9.023211426306408711e+00
-9.023211426306408711e+00
-9.023211426306408711e+00
-9.023211426306408711e+00
-9.023211426306408711e+00
-9.036809946793214365e+00
-9.214102196191966243e+00
-9.172718565960915171e+00
-9.057838191949613815e+00
-9.057838191949613815e+00
-9.057838191949613815e+00
-9.072171570466078805e+00
-9.072171570466078805e+00
-9.072171570466078805e+00
-9.349865849569695797e+00
-9.349865849569695797e+00
-9.349865849569695797e+00
-9.365024347834102869e+00
-9.365024347834102869e+00
-9.576234033413188129e+00
-9.576234033413188129e+00
-9.576234033413188129e+00
-9.576234033413188129e+00
-9.393170504451481051e+00
-9.229098405710368880e+00
-9.040081250280083580e+00
-9.040081250280083580e+00
-9.040081250280083580e+00
-9.040081250280083580e+00
-9.040081250280083580e+00
-9.332769003698519583e+00
-9.332769003698519583e+00
-9.332769003698519583e+00
-9.332769003698519583e+00
-9.332769003698519583e+00
-9.332769003698519583e+00
-9.332769003698519583e+00
-9.332769003698519583e+00
