# Variable: dg_gbsa_00000362
# Sample shape: (2000,)
# Date: 2014-03-03 06:24:06.289176
-3.870781247520081791e+00
-3.870781247520081791e+00
-4.838478040968710481e+00
-8.201021081402926072e+00
-8.201021081402926072e+00
-8.201021081402926072e+00
-8.201021081402926072e+00
-8.201021081402926072e+00
-7.100588960811695216e+00
-7.100588960811695216e+00
-7.100588960811695216e+00
-7.100588960811695216e+00
-7.100588960811695216e+00
-7.100588960811695216e+00
-7.100588960811695216e+00
-7.100588960811695216e+00
-7.100588960811695216e+00
-7.100588960811695216e+00
-7.100588960811695216e+00
-7.100588960811695216e+00
-7.100588960811695216e+00
-7.100588960811695216e+00
-7.100588960811695216e+00
-7.100588960811695216e+00
-7.100588960811695216e+00
-7.100588960811695216e+00
-7.100588960811695216e+00
-7.100588960811695216e+00
-7.100588960811695216e+00
-7.100588960811695216e+00
-7.731544356045257693e+00
-7.609990541155433164e+00
-7.609990541155433164e+00
-8.182346023063585605e+00
-8.182346023063585605e+00
-8.182346023063585605e+00
-8.182346023063585605e+00
-7.796853723763051747e+00
-7.796853723763051747e+00
-7.161832904268632838e+00
-7.161832904268632838e+00
-7.161832904268632838e+00
-7.161832904268632838e+00
-7.161832904268632838e+00
-7.161832904268632838e+00
-7.161832904268632838e+00
-7.161832904268632838e+00
-7.161832904268632838e+00
-7.161832904268632838e+00
-7.161832904268632838e+00
-7.224601267856575859e+00
-7.224601267856575859e+00
-7.224601267856575859e+00
-7.224601267856575859e+00
-7.224601267856575859e+00
-6.973975931025371722e+00
-6.973975931025371722e+00
-6.973975931025371722e+00
-6.973975931025371722e+00
-6.973975931025371722e+00
-6.973975931025371722e+00
-6.973975931025371722e+00
-6.973975931025371722e+00
-6.973975931025371722e+00
-6.973975931025371722e+00
-6.973975931025371722e+00
-6.973975931025371722e+00
-6.973975931025371722e+00
-6.973975931025371722e+00
-6.973975931025371722e+00
-6.973975931025371722e+00
-6.527181337258099347e+00
-6.527181337258099347e+00
-6.527181337258099347e+00
-6.527181337258099347e+00
-6.527181337258099347e+00
-6.527181337258099347e+00
-6.527181337258099347e+00
-6.527181337258099347e+00
-7.563459257778656131e+00
-7.563459257778656131e+00
-7.563459257778656131e+00
-7.563459257778656131e+00
-7.563459257778656131e+00
-7.345554249692373361e+00
-7.345554249692373361e+00
-7.345554249692373361e+00
-7.345554249692373361e+00
-7.345554249692373361e+00
-7.121868844697853085e+00
-7.121868844697853085e+00
-7.121868844697853085e+00
-7.121868844697853085e+00
-7.121868844697853085e+00
-7.121868844697853085e+00
-7.121868844697853085e+00
-7.121868844697853085e+00
-7.121868844697853085e+00
-7.121868844697853085e+00
-7.121868844697853085e+00
-7.121868844697853085e+00
-7.121868844697853085e+00
-7.121868844697853085e+00
-7.121868844697853085e+00
-7.121868844697853085e+00
-7.121868844697853085e+00
-7.121868844697853085e+00
-7.121868844697853085e+00
-7.121868844697853085e+00
-7.121868844697853085e+00
-7.121868844697853085e+00
-7.121868844697853085e+00
-7.121868844697853085e+00
-7.121868844697853085e+00
-7.121868844697853085e+00
-7.121868844697853085e+00
-7.121868844697853085e+00
-7.121868844697853085e+00
-7.121868844697853085e+00
-7.121868844697853085e+00
-7.121868844697853085e+00
-7.121868844697853085e+00
-7.121868844697853085e+00
-7.121868844697853085e+00
-7.121868844697853085e+00
-7.121868844697853085e+00
-7.290314078103059536e+00
-7.290314078103059536e+00
-7.290314078103059536e+00
-7.290314078103059536e+00
-7.290314078103059536e+00
-7.487902905699399092e+00
-7.487902905699399092e+00
-7.487902905699399092e+00
-7.487902905699399092e+00
-7.487902905699399092e+00
-7.487902905699399092e+00
-7.487902905699399092e+00
-7.487902905699399092e+00
-7.457443222716934272e+00
-7.457443222716934272e+00
-7.457443222716934272e+00
-7.457443222716934272e+00
-7.457443222716934272e+00
-7.457443222716934272e+00
-7.457443222716934272e+00
-7.457443222716934272e+00
-7.457443222716934272e+00
-7.457443222716934272e+00
-7.457443222716934272e+00
-7.457443222716934272e+00
-7.457443222716934272e+00
-7.457443222716934272e+00
-7.457443222716934272e+00
-7.457443222716934272e+00
-7.457443222716934272e+00
-7.128031714240633754e+00
-7.128031714240633754e+00
-7.128031714240633754e+00
-7.128031714240633754e+00
-7.128031714240633754e+00
-7.128031714240633754e+00
-7.128031714240633754e+00
-7.128031714240633754e+00
-7.128031714240633754e+00
-7.128031714240633754e+00
-7.128031714240633754e+00
-7.128031714240633754e+00
-7.128031714240633754e+00
-7.128031714240633754e+00
-7.128031714240633754e+00
-7.128031714240633754e+00
-7.128031714240633754e+00
-7.161845212684761819e+00
-7.161845212684761819e+00
-7.161845212684761819e+00
-7.161845212684761819e+00
-7.161845212684761819e+00
-7.161845212684761819e+00
-7.161845212684761819e+00
-7.161845212684761819e+00
-7.161845212684761819e+00
-7.161845212684761819e+00
-7.161845212684761819e+00
-7.161845212684761819e+00
-7.161845212684761819e+00
-7.267297339940845369e+00
-7.267297339940845369e+00
-7.329638555902367791e+00
-7.329638555902367791e+00
-7.329638555902367791e+00
-7.329638555902367791e+00
-7.329638555902367791e+00
-7.329638555902367791e+00
-7.329638555902367791e+00
-7.329638555902367791e+00
-7.329638555902367791e+00
-7.329638555902367791e+00
-7.329638555902367791e+00
-7.329638555902367791e+00
-7.329638555902367791e+00
-7.329638555902367791e+00
-7.329638555902367791e+00
-7.329638555902367791e+00
-7.329638555902367791e+00
-7.329638555902367791e+00
-7.329638555902367791e+00
-7.329638555902367791e+00
-7.329638555902367791e+00
-7.498019967890606097e+00
-7.498019967890606097e+00
-6.888842263595551074e+00
-6.888842263595551074e+00
-6.888842263595551074e+00
-7.401622732100476831e+00
-7.401622732100476831e+00
-7.401622732100476831e+00
-7.401622732100476831e+00
-7.401622732100476831e+00
-7.401622732100476831e+00
-7.401622732100476831e+00
-7.401622732100476831e+00
-7.401622732100476831e+00
-7.401622732100476831e+00
-7.401622732100476831e+00
-7.431635209296902467e+00
-7.431635209296902467e+00
-7.431635209296902467e+00
-7.431635209296902467e+00
-7.431635209296902467e+00
-7.431635209296902467e+00
-7.431635209296902467e+00
-7.431635209296902467e+00
-7.431635209296902467e+00
-7.431635209296902467e+00
-7.431635209296902467e+00
-7.431635209296902467e+00
-7.431635209296902467e+00
-7.431635209296902467e+00
-7.431635209296902467e+00
-7.431635209296902467e+00
-7.431635209296902467e+00
-7.431635209296902467e+00
-7.431635209296902467e+00
-7.431635209296902467e+00
-7.431635209296902467e+00
-7.431635209296902467e+00
-7.431635209296902467e+00
-7.431635209296902467e+00
-7.431635209296902467e+00
-7.431635209296902467e+00
-7.431635209296902467e+00
-6.975287461144062284e+00
-7.072879980900546926e+00
-7.072879980900546926e+00
-7.072879980900546926e+00
-7.277000930523552569e+00
-7.277000930523552569e+00
-7.277000930523552569e+00
-7.277000930523552569e+00
-7.277000930523552569e+00
-7.277000930523552569e+00
-7.277000930523552569e+00
-7.277000930523552569e+00
-7.277000930523552569e+00
-7.277000930523552569e+00
-7.277000930523552569e+00
-7.273650762000001713e+00
-7.273650762000001713e+00
-7.273650762000001713e+00
-7.273650762000001713e+00
-7.273650762000001713e+00
-7.273650762000001713e+00
-7.273650762000001713e+00
-7.273650762000001713e+00
-7.273650762000001713e+00
-7.273650762000001713e+00
-7.273650762000001713e+00
-7.273650762000001713e+00
-7.273650762000001713e+00
-7.273650762000001713e+00
-7.273650762000001713e+00
-7.273650762000001713e+00
-7.273650762000001713e+00
-7.273650762000001713e+00
-7.273650762000001713e+00
-7.273650762000001713e+00
-7.273650762000001713e+00
-7.273650762000001713e+00
-7.161652836699330393e+00
-7.161652836699330393e+00
-7.161652836699330393e+00
-7.161652836699330393e+00
-7.161652836699330393e+00
-7.161652836699330393e+00
-7.161652836699330393e+00
-7.161652836699330393e+00
-7.161652836699330393e+00
-7.161652836699330393e+00
-7.161652836699330393e+00
-7.161652836699330393e+00
-7.161652836699330393e+00
-7.161652836699330393e+00
-7.161652836699330393e+00
-7.161652836699330393e+00
-7.161652836699330393e+00
-7.161652836699330393e+00
-7.161652836699330393e+00
-7.161652836699330393e+00
-7.161652836699330393e+00
-7.161652836699330393e+00
-7.438758135297785401e+00
-7.282137186987677424e+00
-7.282137186987677424e+00
-7.282137186987677424e+00
-7.282137186987677424e+00
-7.282137186987677424e+00
-7.282137186987677424e+00
-7.282137186987677424e+00
-7.282137186987677424e+00
-7.282137186987677424e+00
-7.282137186987677424e+00
-7.282137186987677424e+00
-7.282137186987677424e+00
-7.282137186987677424e+00
-7.282137186987677424e+00
-7.282137186987677424e+00
-7.282137186987677424e+00
-7.282137186987677424e+00
-7.271419291742445168e+00
-7.271419291742445168e+00
-7.271419291742445168e+00
-7.271419291742445168e+00
-7.271419291742445168e+00
-7.271419291742445168e+00
-6.471324377260518013e+00
-6.471324377260518013e+00
-6.471324377260518013e+00
-6.471324377260518013e+00
-6.892349250457938226e+00
-6.892349250457938226e+00
-6.892349250457938226e+00
-7.006529412351648389e+00
-7.006529412351648389e+00
-7.006529412351648389e+00
-7.006529412351648389e+00
-7.006529412351648389e+00
-7.006529412351648389e+00
-7.006529412351648389e+00
-7.006529412351648389e+00
-7.006529412351648389e+00
-7.006529412351648389e+00
-7.006529412351648389e+00
-7.006529412351648389e+00
-7.006529412351648389e+00
-7.006529412351648389e+00
-7.006529412351648389e+00
-7.006529412351648389e+00
-7.006529412351648389e+00
-7.077570855047688347e+00
-7.077570855047688347e+00
-7.077570855047688347e+00
-7.077570855047688347e+00
-7.077570855047688347e+00
-7.077570855047688347e+00
-7.077570855047688347e+00
-7.077570855047688347e+00
-6.839707066406482738e+00
-6.839707066406482738e+00
-6.839707066406482738e+00
-6.839707066406482738e+00
-6.839707066406482738e+00
-6.839707066406482738e+00
-6.839707066406482738e+00
-6.839707066406482738e+00
-6.839707066406482738e+00
-6.839707066406482738e+00
-6.839707066406482738e+00
-6.839707066406482738e+00
-6.839707066406482738e+00
-6.821769601300387009e+00
-6.821769601300387009e+00
-6.821769601300387009e+00
-6.821769601300387009e+00
-6.821769601300387009e+00
-6.821769601300387009e+00
-6.821769601300387009e+00
-6.821769601300387009e+00
-6.670266674763841053e+00
-6.670266674763841053e+00
-6.670266674763841053e+00
-6.670266674763841053e+00
-6.670266674763841053e+00
-6.670266674763841053e+00
-6.670266674763841053e+00
-6.670266674763841053e+00
-6.670266674763841053e+00
-6.670266674763841053e+00
-6.670266674763841053e+00
-6.889442184915050227e+00
-6.893384980881874569e+00
-6.893384980881874569e+00
-6.893384980881874569e+00
-6.893384980881874569e+00
-6.893384980881874569e+00
-6.893384980881874569e+00
-6.893384980881874569e+00
-6.893384980881874569e+00
-6.893384980881874569e+00
-6.893384980881874569e+00
-6.893384980881874569e+00
-6.893384980881874569e+00
-6.893384980881874569e+00
-6.893384980881874569e+00
-6.794573927928566626e+00
-6.794573927928566626e+00
-6.794573927928566626e+00
-6.794573927928566626e+00
-6.794573927928566626e+00
-6.794573927928566626e+00
-6.794573927928566626e+00
-6.794573927928566626e+00
-6.794573927928566626e+00
-6.794573927928566626e+00
-6.794573927928566626e+00
-6.794573927928566626e+00
-6.794573927928566626e+00
-6.794573927928566626e+00
-6.794573927928566626e+00
-6.794573927928566626e+00
-6.962368182880700473e+00
-6.962368182880700473e+00
-6.962368182880700473e+00
-6.962368182880700473e+00
-6.962368182880700473e+00
-6.962368182880700473e+00
-6.962368182880700473e+00
-6.962368182880700473e+00
-6.962368182880700473e+00
-6.962368182880700473e+00
-7.160285234907160401e+00
-7.160285234907160401e+00
-7.160285234907160401e+00
-7.160285234907160401e+00
-7.160285234907160401e+00
-7.160285234907160401e+00
-7.490619418725912304e+00
-7.490619418725912304e+00
-7.497075866786745202e+00
-7.497075866786745202e+00
-7.497075866786745202e+00
-7.497075866786745202e+00
-7.497075866786745202e+00
-7.497075866786745202e+00
-7.497075866786745202e+00
-7.497075866786745202e+00
-7.497075866786745202e+00
-7.497075866786745202e+00
-7.497075866786745202e+00
-7.497075866786745202e+00
-7.497075866786745202e+00
-7.497075866786745202e+00
-7.497075866786745202e+00
-7.497075866786745202e+00
-7.497075866786745202e+00
-7.497075866786745202e+00
-7.497075866786745202e+00
-7.497075866786745202e+00
-7.497075866786745202e+00
-7.497075866786745202e+00
-7.497075866786745202e+00
-7.497075866786745202e+00
-7.460918754738101732e+00
-7.460918754738101732e+00
-7.460918754738101732e+00
-7.460918754738101732e+00
-7.460918754738101732e+00
-7.460918754738101732e+00
-7.256874846682721092e+00
-7.256874846682721092e+00
-7.256874846682721092e+00
-7.256874846682721092e+00
-7.256874846682721092e+00
-7.256874846682721092e+00
-7.393482766233484327e+00
-7.393482766233484327e+00
-7.393482766233484327e+00
-7.393482766233484327e+00
-7.393482766233484327e+00
-7.393482766233484327e+00
-6.793996344105007523e+00
-6.793996344105007523e+00
-6.793996344105007523e+00
-6.793996344105007523e+00
-6.793996344105007523e+00
-6.793996344105007523e+00
-7.600107794737952283e+00
-7.600107794737952283e+00
-7.600107794737952283e+00
-7.600107794737952283e+00
-7.600107794737952283e+00
-7.600107794737952283e+00
-7.600107794737952283e+00
-7.600107794737952283e+00
-7.600107794737952283e+00
-7.600107794737952283e+00
-7.600107794737952283e+00
-7.600107794737952283e+00
-7.600107794737952283e+00
-7.600107794737952283e+00
-7.600107794737952283e+00
-7.600107794737952283e+00
-7.600107794737952283e+00
-7.600107794737952283e+00
-7.600107794737952283e+00
-7.600107794737952283e+00
-7.751654484531846911e+00
-7.418498482348585554e+00
-7.418498482348585554e+00
-7.291208945542402731e+00
-7.291208945542402731e+00
-7.291208945542402731e+00
-7.567921286559241345e+00
-7.567921286559241345e+00
-7.567921286559241345e+00
-7.567921286559241345e+00
-7.567921286559241345e+00
-7.515128210443383416e+00
-7.515128210443383416e+00
-7.515128210443383416e+00
-7.515128210443383416e+00
-7.960265726705809897e+00
-7.960265726705809897e+00
-7.960265726705809897e+00
-7.768244406005392122e+00
-7.768244406005392122e+00
-7.768244406005392122e+00
-7.768244406005392122e+00
-7.768244406005392122e+00
-7.768244406005392122e+00
-7.768244406005392122e+00
-7.768244406005392122e+00
-7.768244406005392122e+00
-7.968766739445936054e+00
-7.968766739445936054e+00
-7.968766739445936054e+00
-7.968766739445936054e+00
-7.968766739445936054e+00
-7.968766739445936054e+00
-7.968766739445936054e+00
-7.968766739445936054e+00
-7.968766739445936054e+00
-7.968766739445936054e+00
-7.968766739445936054e+00
-7.968766739445936054e+00
-7.968766739445936054e+00
-7.968766739445936054e+00
-7.968766739445936054e+00
-7.968766739445936054e+00
-7.968766739445936054e+00
-7.968766739445936054e+00
-7.968766739445936054e+00
-7.968766739445936054e+00
-7.968766739445936054e+00
-7.968766739445936054e+00
-7.968766739445936054e+00
-7.968766739445936054e+00
-7.968766739445936054e+00
-7.968766739445936054e+00
-7.968766739445936054e+00
-7.968766739445936054e+00
-7.968766739445936054e+00
-7.968766739445936054e+00
-7.968766739445936054e+00
-7.968766739445936054e+00
-7.968766739445936054e+00
-7.968766739445936054e+00
-7.968766739445936054e+00
-7.798159327607309343e+00
-7.798159327607309343e+00
-7.798159327607309343e+00
-7.798159327607309343e+00
-7.798159327607309343e+00
-7.798159327607309343e+00
-7.798159327607309343e+00
-7.798159327607309343e+00
-7.350461660789941121e+00
-7.350461660789941121e+00
-7.350461660789941121e+00
-7.350461660789941121e+00
-7.350461660789941121e+00
-7.350461660789941121e+00
-7.350461660789941121e+00
-7.350461660789941121e+00
-7.350461660789941121e+00
-7.350461660789941121e+00
-7.350461660789941121e+00
-7.350461660789941121e+00
-7.350461660789941121e+00
-7.350461660789941121e+00
-7.350461660789941121e+00
-7.350461660789941121e+00
-7.350461660789941121e+00
-7.350461660789941121e+00
-7.350461660789941121e+00
-7.350461660789941121e+00
-7.350461660789941121e+00
-7.350461660789941121e+00
-7.350461660789941121e+00
-7.350461660789941121e+00
-7.123190403896352940e+00
-7.123190403896352940e+00
-7.123190403896352940e+00
-7.123190403896352940e+00
-7.123190403896352940e+00
-7.123190403896352940e+00
-7.123190403896352940e+00
-7.123190403896352940e+00
-7.123190403896352940e+00
-7.123190403896352940e+00
-7.123190403896352940e+00
-7.123190403896352940e+00
-7.123190403896352940e+00
-7.123190403896352940e+00
-7.123190403896352940e+00
-7.123190403896352940e+00
-7.123190403896352940e+00
-7.123190403896352940e+00
-7.643477638638497496e+00
-7.643477638638497496e+00
-7.643477638638497496e+00
-7.643477638638497496e+00
-7.643477638638497496e+00
-7.643477638638497496e+00
-7.643477638638497496e+00
-7.643477638638497496e+00
-7.643477638638497496e+00
-7.643477638638497496e+00
-7.643477638638497496e+00
-7.643477638638497496e+00
-7.643477638638497496e+00
-7.643477638638497496e+00
-7.643477638638497496e+00
-7.418732798122310790e+00
-7.418732798122310790e+00
-7.418732798122310790e+00
-7.418732798122310790e+00
-7.418732798122310790e+00
-7.418732798122310790e+00
-7.418732798122310790e+00
-7.418732798122310790e+00
-7.418732798122310790e+00
-7.418732798122310790e+00
-7.418732798122310790e+00
-7.418732798122310790e+00
-7.409769991843695003e+00
-7.409769991843695003e+00
-7.409769991843695003e+00
-7.409769991843695003e+00
-7.550262812218747399e+00
-7.550262812218747399e+00
-7.550262812218747399e+00
-7.550262812218747399e+00
-7.550262812218747399e+00
-7.550262812218747399e+00
-7.550262812218747399e+00
-7.550262812218747399e+00
-7.550262812218747399e+00
-7.550262812218747399e+00
-7.550262812218747399e+00
-7.550262812218747399e+00
-7.550262812218747399e+00
-7.550262812218747399e+00
-7.550262812218747399e+00
-7.731016461753480229e+00
-7.731016461753480229e+00
-7.731016461753480229e+00
-7.731016461753480229e+00
-7.731016461753480229e+00
-7.731016461753480229e+00
-7.731016461753480229e+00
-7.731016461753480229e+00
-7.731016461753480229e+00
-7.731016461753480229e+00
-7.731016461753480229e+00
-7.731016461753480229e+00
-7.731016461753480229e+00
-7.731016461753480229e+00
-7.731016461753480229e+00
-7.731016461753480229e+00
-7.731016461753480229e+00
-7.731016461753480229e+00
-7.731016461753480229e+00
-7.731016461753480229e+00
-7.731016461753480229e+00
-7.731016461753480229e+00
-7.731016461753480229e+00
-7.731016461753480229e+00
-7.731016461753480229e+00
-7.731016461753480229e+00
-7.731016461753480229e+00
-7.731016461753480229e+00
-7.731016461753480229e+00
-7.731016461753480229e+00
-7.731016461753480229e+00
-7.731016461753480229e+00
-7.731016461753480229e+00
-7.731016461753480229e+00
-7.731016461753480229e+00
-7.731016461753480229e+00
-7.731016461753480229e+00
-7.731016461753480229e+00
-7.731016461753480229e+00
-7.731016461753480229e+00
-7.731016461753480229e+00
-7.731016461753480229e+00
-7.731016461753480229e+00
-7.731016461753480229e+00
-7.731016461753480229e+00
-7.731016461753480229e+00
-7.731016461753480229e+00
-7.731016461753480229e+00
-7.731016461753480229e+00
-7.731016461753480229e+00
-7.731016461753480229e+00
-7.731016461753480229e+00
-7.731016461753480229e+00
-7.731016461753480229e+00
-7.731016461753480229e+00
-7.731016461753480229e+00
-7.731016461753480229e+00
-7.731016461753480229e+00
-7.731016461753480229e+00
-7.731016461753480229e+00
-7.731016461753480229e+00
-7.731016461753480229e+00
-7.731016461753480229e+00
-7.731016461753480229e+00
-7.731016461753480229e+00
-7.731016461753480229e+00
-7.731016461753480229e+00
-7.731016461753480229e+00
-7.731016461753480229e+00
-7.731016461753480229e+00
-7.731016461753480229e+00
-7.731016461753480229e+00
-7.731016461753480229e+00
-7.758550844502494215e+00
-7.758550844502494215e+00
-7.758550844502494215e+00
-7.758550844502494215e+00
-7.758550844502494215e+00
-7.758550844502494215e+00
-7.758550844502494215e+00
-7.758550844502494215e+00
-7.758550844502494215e+00
-7.758550844502494215e+00
-7.758550844502494215e+00
-7.626718134542723959e+00
-7.519164459199339845e+00
-7.519164459199339845e+00
-7.519164459199339845e+00
-7.519164459199339845e+00
-7.519164459199339845e+00
-7.519164459199339845e+00
-7.519164459199339845e+00
-7.519164459199339845e+00
-7.519164459199339845e+00
-7.519164459199339845e+00
-7.519164459199339845e+00
-7.519164459199339845e+00
-7.519164459199339845e+00
-7.519164459199339845e+00
-7.519164459199339845e+00
-7.519164459199339845e+00
-7.519164459199339845e+00
-7.519164459199339845e+00
-7.519164459199339845e+00
-7.519164459199339845e+00
-7.519164459199339845e+00
-7.519164459199339845e+00
-7.519164459199339845e+00
-7.519164459199339845e+00
-7.519164459199339845e+00
-7.519164459199339845e+00
-7.519164459199339845e+00
-7.519164459199339845e+00
-7.519164459199339845e+00
-7.519164459199339845e+00
-7.519164459199339845e+00
-7.519164459199339845e+00
-7.519164459199339845e+00
-7.519164459199339845e+00
-7.519164459199339845e+00
-7.519164459199339845e+00
-7.519164459199339845e+00
-7.519164459199339845e+00
-7.519164459199339845e+00
-7.519164459199339845e+00
-7.519164459199339845e+00
-7.519164459199339845e+00
-7.519164459199339845e+00
-7.519164459199339845e+00
-7.851040841972394269e+00
-7.851040841972394269e+00
-7.851040841972394269e+00
-7.851040841972394269e+00
-7.851040841972394269e+00
-7.946530446039786533e+00
-7.946530446039786533e+00
-7.779515268241925519e+00
-7.779515268241925519e+00
-7.779515268241925519e+00
-7.779515268241925519e+00
-7.779515268241925519e+00
-7.779515268241925519e+00
-7.220271440582566314e+00
-7.220271440582566314e+00
-7.220271440582566314e+00
-7.220271440582566314e+00
-7.220271440582566314e+00
-7.220271440582566314e+00
-7.220271440582566314e+00
-7.220271440582566314e+00
-7.220271440582566314e+00
-7.220271440582566314e+00
-7.220271440582566314e+00
-7.220271440582566314e+00
-7.220271440582566314e+00
-7.220271440582566314e+00
-7.220271440582566314e+00
-7.220271440582566314e+00
-7.220271440582566314e+00
-7.220271440582566314e+00
-7.220271440582566314e+00
-7.504082090768029900e+00
-7.499500624764261936e+00
-7.499500624764261936e+00
-7.499500624764261936e+00
-7.499500624764261936e+00
-7.499500624764261936e+00
-7.499500624764261936e+00
-7.499500624764261936e+00
-7.499500624764261936e+00
-7.499500624764261936e+00
-7.499500624764261936e+00
-7.499500624764261936e+00
-7.499500624764261936e+00
-7.499500624764261936e+00
-7.499500624764261936e+00
-7.499500624764261936e+00
-7.499500624764261936e+00
-7.499500624764261936e+00
-7.499500624764261936e+00
-7.499500624764261936e+00
-7.499500624764261936e+00
-7.499500624764261936e+00
-7.499500624764261936e+00
-7.499500624764261936e+00
-7.499500624764261936e+00
-7.499500624764261936e+00
-7.499500624764261936e+00
-6.923686022056448230e+00
-6.923686022056448230e+00
-6.923686022056448230e+00
-7.033565532181047963e+00
-7.033565532181047963e+00
-7.033565532181047963e+00
-7.033565532181047963e+00
-7.033565532181047963e+00
-7.033565532181047963e+00
-7.421084617337577960e+00
-7.421084617337577960e+00
-7.421084617337577960e+00
-7.421084617337577960e+00
-7.421084617337577960e+00
-7.421084617337577960e+00
-7.421084617337577960e+00
-7.421084617337577960e+00
-7.421084617337577960e+00
-7.421084617337577960e+00
-7.421084617337577960e+00
-7.421084617337577960e+00
-6.806157970975506899e+00
-6.806157970975506899e+00
-6.806157970975506899e+00
-6.806157970975506899e+00
-6.806157970975506899e+00
-6.806157970975506899e+00
-6.806157970975506899e+00
-6.806157970975506899e+00
-6.806157970975506899e+00
-6.806157970975506899e+00
-6.806157970975506899e+00
-6.806157970975506899e+00
-6.806157970975506899e+00
-6.806157970975506899e+00
-6.806157970975506899e+00
-6.806157970975506899e+00
-6.806157970975506899e+00
-6.806157970975506899e+00
-6.806157970975506899e+00
-6.806157970975506899e+00
-7.114020633879856170e+00
-7.114020633879856170e+00
-7.114020633879856170e+00
-7.114020633879856170e+00
-7.114020633879856170e+00
-7.114020633879856170e+00
-7.114020633879856170e+00
-7.114020633879856170e+00
-7.114020633879856170e+00
-7.114020633879856170e+00
-7.114020633879856170e+00
-7.114020633879856170e+00
-7.114020633879856170e+00
-7.114020633879856170e+00
-7.114020633879856170e+00
-7.114020633879856170e+00
-7.114020633879856170e+00
-7.114020633879856170e+00
-7.114020633879856170e+00
-7.114020633879856170e+00
-7.114020633879856170e+00
-7.114020633879856170e+00
-7.114020633879856170e+00
-7.114020633879856170e+00
-7.114020633879856170e+00
-7.114020633879856170e+00
-7.114020633879856170e+00
-7.114020633879856170e+00
-7.114020633879856170e+00
-7.114020633879856170e+00
-7.114020633879856170e+00
-7.114020633879856170e+00
-7.114020633879856170e+00
-7.114020633879856170e+00
-7.114020633879856170e+00
-7.114020633879856170e+00
-7.114020633879856170e+00
-7.114020633879856170e+00
-7.114020633879856170e+00
-7.114020633879856170e+00
-7.114020633879856170e+00
-7.114020633879856170e+00
-7.114020633879856170e+00
-7.114020633879856170e+00
-7.114020633879856170e+00
-7.114020633879856170e+00
-7.114020633879856170e+00
-7.114020633879856170e+00
-7.114020633879856170e+00
-7.114020633879856170e+00
-7.114020633879856170e+00
-7.114020633879856170e+00
-7.114020633879856170e+00
-7.114020633879856170e+00
-7.114020633879856170e+00
-7.114020633879856170e+00
-7.290185523534595369e+00
-7.290185523534595369e+00
-7.290185523534595369e+00
-7.290185523534595369e+00
-7.290185523534595369e+00
-7.290185523534595369e+00
-7.290185523534595369e+00
-7.290185523534595369e+00
-7.290185523534595369e+00
-7.290185523534595369e+00
-7.290185523534595369e+00
-7.290185523534595369e+00
-7.290185523534595369e+00
-7.290185523534595369e+00
-7.290185523534595369e+00
-7.290185523534595369e+00
-7.290185523534595369e+00
-7.290185523534595369e+00
-7.290185523534595369e+00
-7.290185523534595369e+00
-7.290185523534595369e+00
-7.290185523534595369e+00
-7.290185523534595369e+00
-7.290185523534595369e+00
-7.290185523534595369e+00
-7.290185523534595369e+00
-7.290185523534595369e+00
-7.290185523534595369e+00
-7.290185523534595369e+00
-7.290185523534595369e+00
-7.290185523534595369e+00
-7.290185523534595369e+00
-7.290185523534595369e+00
-7.290185523534595369e+00
-7.290185523534595369e+00
-7.290185523534595369e+00
-7.290185523534595369e+00
-7.290185523534595369e+00
-7.290185523534595369e+00
-7.290185523534595369e+00
-7.290185523534595369e+00
-7.290185523534595369e+00
-7.310002985237661122e+00
-7.310002985237661122e+00
-7.310002985237661122e+00
-7.115989068726052302e+00
-7.115989068726052302e+00
-7.115989068726052302e+00
-7.115989068726052302e+00
-7.115989068726052302e+00
-7.115989068726052302e+00
-7.115989068726052302e+00
-7.115989068726052302e+00
-7.115989068726052302e+00
-7.115989068726052302e+00
-7.115989068726052302e+00
-7.115989068726052302e+00
-7.115989068726052302e+00
-7.115989068726052302e+00
-7.115989068726052302e+00
-7.133941121584598477e+00
-7.133941121584598477e+00
-7.133941121584598477e+00
-7.012129285823318625e+00
-7.012129285823318625e+00
-7.012129285823318625e+00
-7.402552701319152106e+00
-7.402552701319152106e+00
-7.402552701319152106e+00
-7.368194897361740381e+00
-7.368194897361740381e+00
-7.368194897361740381e+00
-7.368194897361740381e+00
-7.368194897361740381e+00
-7.380426271923640869e+00
-7.380426271923640869e+00
-7.380426271923640869e+00
-7.380426271923640869e+00
-7.380426271923640869e+00
-7.323621108016821424e+00
-7.403245163693254582e+00
-7.403245163693254582e+00
-7.403245163693254582e+00
-7.403245163693254582e+00
-7.403245163693254582e+00
-7.403245163693254582e+00
-7.403245163693254582e+00
-7.403245163693254582e+00
-6.838575147989830683e+00
-7.099527245953707322e+00
-7.099527245953707322e+00
-7.099527245953707322e+00
-7.145677424297733893e+00
-7.145677424297733893e+00
-7.145677424297733893e+00
-7.145677424297733893e+00
-7.257932458735332659e+00
-7.257932458735332659e+00
-7.257932458735332659e+00
-7.257932458735332659e+00
-7.257932458735332659e+00
-7.257932458735332659e+00
-7.257932458735332659e+00
-7.257932458735332659e+00
-7.257932458735332659e+00
-7.550224975235830804e+00
-7.288157825944072243e+00
-7.288157825944072243e+00
-7.288157825944072243e+00
-7.288157825944072243e+00
-7.288157825944072243e+00
-7.288157825944072243e+00
-6.853204840227932415e+00
-6.853204840227932415e+00
-6.853204840227932415e+00
-6.853204840227932415e+00
-6.853204840227932415e+00
-6.853204840227932415e+00
-6.853347526681582202e+00
-6.853347526681582202e+00
-6.853347526681582202e+00
-7.046651201995790537e+00
-7.046651201995790537e+00
-7.046651201995790537e+00
-7.681191081526629993e+00
-7.681191081526629993e+00
-7.681191081526629993e+00
-7.681191081526629993e+00
-7.501507808327902538e+00
-7.501507808327902538e+00
-7.501507808327902538e+00
-7.117398154439251279e+00
-7.053434051017688056e+00
-7.053434051017688056e+00
-7.053434051017688056e+00
-7.053434051017688056e+00
-7.053434051017688056e+00
-7.544470562761645738e+00
-7.544470562761645738e+00
-7.544470562761645738e+00
-7.544470562761645738e+00
-7.512367934159520644e+00
-7.415281882933403068e+00
-7.415281882933403068e+00
-7.415281882933403068e+00
-7.415281882933403068e+00
-7.415281882933403068e+00
-7.415281882933403068e+00
-7.554397984171004055e+00
-7.554397984171004055e+00
-7.554397984171004055e+00
-7.554397984171004055e+00
-7.554397984171004055e+00
-7.554397984171004055e+00
-7.554397984171004055e+00
-7.554397984171004055e+00
-7.554397984171004055e+00
-7.554397984171004055e+00
-7.554397984171004055e+00
-7.554397984171004055e+00
-7.554397984171004055e+00
-7.554397984171004055e+00
-7.554397984171004055e+00
-7.554397984171004055e+00
-7.554397984171004055e+00
-7.441538925608530697e+00
-7.441538925608530697e+00
-7.441538925608530697e+00
-7.441538925608530697e+00
-7.441538925608530697e+00
-7.441538925608530697e+00
-7.441538925608530697e+00
-7.441538925608530697e+00
-7.441538925608530697e+00
-7.441538925608530697e+00
-7.441538925608530697e+00
-7.441538925608530697e+00
-7.441538925608530697e+00
-7.441538925608530697e+00
-7.441538925608530697e+00
-7.441538925608530697e+00
-7.418792060866637783e+00
-7.418792060866637783e+00
-7.418792060866637783e+00
-7.418792060866637783e+00
-7.418792060866637783e+00
-7.418792060866637783e+00
-7.232731660511023897e+00
-7.521768828878894197e+00
-7.521768828878894197e+00
-7.521768828878894197e+00
-7.521768828878894197e+00
-7.521768828878894197e+00
-7.521768828878894197e+00
-7.521768828878894197e+00
-7.521768828878894197e+00
-7.521768828878894197e+00
-7.521768828878894197e+00
-7.521768828878894197e+00
-7.521768828878894197e+00
-7.521768828878894197e+00
-7.282349165265464386e+00
-7.282349165265464386e+00
-7.282349165265464386e+00
-7.282349165265464386e+00
-7.282349165265464386e+00
-7.282349165265464386e+00
-7.282349165265464386e+00
-7.282349165265464386e+00
-7.282349165265464386e+00
-6.871910441673963810e+00
-6.871910441673963810e+00
-6.871910441673963810e+00
-7.112564137971195244e+00
-7.112564137971195244e+00
-7.112564137971195244e+00
-7.112564137971195244e+00
-7.112564137971195244e+00
-7.112564137971195244e+00
-7.112564137971195244e+00
-7.112564137971195244e+00
-7.112564137971195244e+00
-7.112564137971195244e+00
-7.112564137971195244e+00
-7.112564137971195244e+00
-7.112564137971195244e+00
-7.112564137971195244e+00
-7.112564137971195244e+00
-7.112564137971195244e+00
-7.112564137971195244e+00
-7.342475778058199509e+00
-7.342475778058199509e+00
-7.342475778058199509e+00
-7.342475778058199509e+00
-7.342475778058199509e+00
-7.342475778058199509e+00
-7.342475778058199509e+00
-7.342475778058199509e+00
-7.342475778058199509e+00
-7.342475778058199509e+00
-7.342475778058199509e+00
-7.342475778058199509e+00
-7.342475778058199509e+00
-7.342475778058199509e+00
-7.342475778058199509e+00
-7.342475778058199509e+00
-7.342475778058199509e+00
-7.342475778058199509e+00
-7.371224591198660470e+00
-7.371224591198660470e+00
-7.371224591198660470e+00
-7.371224591198660470e+00
-7.371224591198660470e+00
-7.371224591198660470e+00
-7.371224591198660470e+00
-7.371224591198660470e+00
-7.329391019977984811e+00
-7.329391019977984811e+00
-7.329391019977984811e+00
-7.173095560894413580e+00
-7.173095560894413580e+00
-7.173095560894413580e+00
-7.227918158069851273e+00
-7.227918158069851273e+00
-7.227918158069851273e+00
-7.227918158069851273e+00
-7.141944783139638986e+00
-7.141944783139638986e+00
-7.141944783139638986e+00
-7.141944783139638986e+00
-7.141944783139638986e+00
-7.141944783139638986e+00
-7.141944783139638986e+00
-7.141944783139638986e+00
-7.141944783139638986e+00
-7.141944783139638986e+00
-7.141944783139638986e+00
-7.079690181958287809e+00
-7.079690181958287809e+00
-7.079690181958287809e+00
-7.079690181958287809e+00
-7.079690181958287809e+00
-7.079690181958287809e+00
-7.079690181958287809e+00
-7.079690181958287809e+00
-7.079690181958287809e+00
-7.015437970425840497e+00
-7.015437970425840497e+00
-7.015437970425840497e+00
-7.015437970425840497e+00
-7.015437970425840497e+00
-7.015437970425840497e+00
-7.015437970425840497e+00
-7.015437970425840497e+00
-7.015437970425840497e+00
-7.015437970425840497e+00
-7.015437970425840497e+00
-7.096549976852154273e+00
-7.096549976852154273e+00
-7.096549976852154273e+00
-7.096549976852154273e+00
-7.096549976852154273e+00
-7.240257573173332517e+00
-7.318320283470372445e+00
-7.318320283470372445e+00
-7.318320283470372445e+00
-7.318320283470372445e+00
-7.318320283470372445e+00
-7.318320283470372445e+00
-7.318320283470372445e+00
-7.318320283470372445e+00
-7.318320283470372445e+00
-7.318320283470372445e+00
-7.318320283470372445e+00
-7.318320283470372445e+00
-7.318320283470372445e+00
-7.318320283470372445e+00
-7.318320283470372445e+00
-7.318320283470372445e+00
-7.318320283470372445e+00
-7.318320283470372445e+00
-7.318320283470372445e+00
-7.318320283470372445e+00
-7.318320283470372445e+00
-7.318320283470372445e+00
-7.318320283470372445e+00
-7.267636505185303797e+00
-7.267636505185303797e+00
-7.267636505185303797e+00
-7.267636505185303797e+00
-7.267636505185303797e+00
-7.267636505185303797e+00
-7.267636505185303797e+00
-7.267636505185303797e+00
-7.267636505185303797e+00
-7.081602089263740574e+00
-7.081602089263740574e+00
-7.081602089263740574e+00
-7.081602089263740574e+00
-7.081602089263740574e+00
-7.081602089263740574e+00
-7.081602089263740574e+00
-7.081602089263740574e+00
-7.081602089263740574e+00
-6.989163604794678797e+00
-6.989163604794678797e+00
-6.989163604794678797e+00
-6.989163604794678797e+00
-6.989163604794678797e+00
-7.195042378587886311e+00
-7.329484472767116898e+00
-7.329484472767116898e+00
-7.329484472767116898e+00
-7.329484472767116898e+00
-7.329484472767116898e+00
-7.329484472767116898e+00
-6.959033057976863113e+00
-6.959033057976863113e+00
-6.959033057976863113e+00
-6.959033057976863113e+00
-6.959033057976863113e+00
-7.233032988772564842e+00
-7.233032988772564842e+00
-7.233032988772564842e+00
-7.233032988772564842e+00
-7.233032988772564842e+00
-7.233032988772564842e+00
-7.233032988772564842e+00
-7.233032988772564842e+00
-7.233032988772564842e+00
-7.233032988772564842e+00
-7.233032988772564842e+00
-7.233032988772564842e+00
-7.233032988772564842e+00
-7.153664218764004268e+00
-7.153664218764004268e+00
-7.153664218764004268e+00
-7.153664218764004268e+00
-7.153664218764004268e+00
-7.153664218764004268e+00
-7.153664218764004268e+00
-7.153664218764004268e+00
-6.992356043244866370e+00
-7.204848995172270065e+00
-7.204848995172270065e+00
-7.204848995172270065e+00
-7.204848995172270065e+00
-7.204848995172270065e+00
-7.204848995172270065e+00
-7.204848995172270065e+00
-7.204848995172270065e+00
-7.204848995172270065e+00
-7.204848995172270065e+00
-7.204848995172270065e+00
-7.204848995172270065e+00
-7.204848995172270065e+00
-7.071037821286494385e+00
-7.071037821286494385e+00
-7.071037821286494385e+00
-6.948368043334260058e+00
-6.948368043334260058e+00
-6.948368043334260058e+00
-6.948368043334260058e+00
-6.948368043334260058e+00
-6.948368043334260058e+00
-6.948368043334260058e+00
-6.948368043334260058e+00
-6.948368043334260058e+00
-6.948368043334260058e+00
-6.948368043334260058e+00
-6.948368043334260058e+00
-6.948368043334260058e+00
-6.948368043334260058e+00
-6.948368043334260058e+00
-6.948368043334260058e+00
-6.948368043334260058e+00
-6.948368043334260058e+00
-6.948368043334260058e+00
-6.948368043334260058e+00
-6.948368043334260058e+00
-6.948368043334260058e+00
-6.948368043334260058e+00
-6.948368043334260058e+00
-6.948368043334260058e+00
-6.948368043334260058e+00
-7.688307169518552087e+00
-7.688307169518552087e+00
-7.688307169518552087e+00
-7.688307169518552087e+00
-7.688307169518552087e+00
-7.688307169518552087e+00
-7.688307169518552087e+00
-7.688307169518552087e+00
-6.909204942546428363e+00
-6.909204942546428363e+00
-6.909204942546428363e+00
-6.734599118934761819e+00
-6.734599118934761819e+00
-6.934144984695696401e+00
-6.934144984695696401e+00
-6.934144984695696401e+00
-6.934144984695696401e+00
-6.934144984695696401e+00
-6.934144984695696401e+00
-6.934144984695696401e+00
-6.934144984695696401e+00
-6.934144984695696401e+00
-6.934144984695696401e+00
-6.934144984695696401e+00
-6.934144984695696401e+00
-6.934144984695696401e+00
-6.934144984695696401e+00
-6.934144984695696401e+00
-6.934144984695696401e+00
-7.441542572546643086e+00
-7.441542572546643086e+00
-7.441542572546643086e+00
-7.441542572546643086e+00
-7.538861571944694084e+00
-7.538861571944694084e+00
-7.538861571944694084e+00
-7.538861571944694084e+00
-7.538861571944694084e+00
-7.538861571944694084e+00
-7.538861571944694084e+00
-7.538861571944694084e+00
-7.538861571944694084e+00
-7.538861571944694084e+00
-7.538861571944694084e+00
-7.538861571944694084e+00
-7.538861571944694084e+00
-7.538861571944694084e+00
-7.538861571944694084e+00
-7.538861571944694084e+00
-7.538861571944694084e+00
-7.538861571944694084e+00
-7.538861571944694084e+00
-7.033867316309853734e+00
-7.033867316309853734e+00
-7.033867316309853734e+00
-7.060469450503871869e+00
-7.060469450503871869e+00
-7.612026444356709831e+00
-7.612026444356709831e+00
-7.612026444356709831e+00
-7.612026444356709831e+00
-7.612026444356709831e+00
-7.612026444356709831e+00
-7.612026444356709831e+00
-7.612026444356709831e+00
-7.612026444356709831e+00
-7.612026444356709831e+00
-7.612026444356709831e+00
-7.612026444356709831e+00
-7.612026444356709831e+00
-7.612026444356709831e+00
-7.612026444356709831e+00
-7.612026444356709831e+00
-7.612026444356709831e+00
-7.612026444356709831e+00
-7.612026444356709831e+00
-7.612026444356709831e+00
-7.612026444356709831e+00
-7.612026444356709831e+00
-7.612026444356709831e+00
-7.612026444356709831e+00
-7.612026444356709831e+00
-7.612026444356709831e+00
-7.612026444356709831e+00
-7.612026444356709831e+00
-7.612026444356709831e+00
-7.612026444356709831e+00
-7.612026444356709831e+00
-7.612026444356709831e+00
-7.612026444356709831e+00
-7.612026444356709831e+00
-7.612026444356709831e+00
-7.612026444356709831e+00
-7.612026444356709831e+00
-7.612026444356709831e+00
-7.612026444356709831e+00
-7.612026444356709831e+00
-7.612026444356709831e+00
-7.612026444356709831e+00
-7.175702209910288509e+00
-7.175702209910288509e+00
-7.175702209910288509e+00
-7.175702209910288509e+00
-7.175702209910288509e+00
-7.175702209910288509e+00
-7.175702209910288509e+00
-7.175702209910288509e+00
-7.175702209910288509e+00
-7.175702209910288509e+00
-7.175702209910288509e+00
-7.175702209910288509e+00
-7.175702209910288509e+00
-7.464914431307557052e+00
-7.464914431307557052e+00
-7.464914431307557052e+00
-7.249823491842295020e+00
-7.249823491842295020e+00
-7.249823491842295020e+00
-7.249823491842295020e+00
-7.249823491842295020e+00
-7.249823491842295020e+00
-7.125562281271239584e+00
-7.125562281271239584e+00
-7.125562281271239584e+00
-7.125562281271239584e+00
-7.125562281271239584e+00
-7.125562281271239584e+00
-7.125562281271239584e+00
-7.125562281271239584e+00
-7.125562281271239584e+00
-7.125562281271239584e+00
-7.125562281271239584e+00
-7.125562281271239584e+00
-7.125562281271239584e+00
-7.125562281271239584e+00
-7.125562281271239584e+00
-7.125562281271239584e+00
-7.125562281271239584e+00
-7.125562281271239584e+00
-7.125562281271239584e+00
-7.125562281271239584e+00
-7.125562281271239584e+00
-7.125562281271239584e+00
-7.125562281271239584e+00
-7.125562281271239584e+00
-7.125562281271239584e+00
-7.494416793035503233e+00
-7.494416793035503233e+00
-7.494416793035503233e+00
-7.494416793035503233e+00
-7.494416793035503233e+00
-7.494416793035503233e+00
-7.494416793035503233e+00
-7.494416793035503233e+00
-7.494416793035503233e+00
-7.494416793035503233e+00
-7.494416793035503233e+00
-7.494416793035503233e+00
-7.494416793035503233e+00
-7.494416793035503233e+00
-7.494416793035503233e+00
-7.494416793035503233e+00
-7.486796515849534650e+00
-7.422688358372528938e+00
-7.422688358372528938e+00
-7.422688358372528938e+00
-7.422688358372528938e+00
-7.422688358372528938e+00
-7.422688358372528938e+00
-7.422688358372528938e+00
-7.422688358372528938e+00
-7.422688358372528938e+00
-7.422688358372528938e+00
-7.422688358372528938e+00
-7.422688358372528938e+00
-7.422688358372528938e+00
-7.422688358372528938e+00
-7.422688358372528938e+00
-7.422688358372528938e+00
-7.422688358372528938e+00
-7.422688358372528938e+00
-7.422688358372528938e+00
-7.422688358372528938e+00
-7.422688358372528938e+00
-7.422688358372528938e+00
-7.422688358372528938e+00
-7.422688358372528938e+00
-7.422688358372528938e+00
-7.422688358372528938e+00
-7.422688358372528938e+00
-7.422688358372528938e+00
-7.422688358372528938e+00
-7.422688358372528938e+00
-7.294582363296420624e+00
-7.294582363296420624e+00
-7.294582363296420624e+00
-7.294582363296420624e+00
-7.294582363296420624e+00
-7.294582363296420624e+00
-7.294582363296420624e+00
-7.294582363296420624e+00
-7.294582363296420624e+00
-7.294582363296420624e+00
-6.963791400479085070e+00
-6.963791400479085070e+00
-6.963791400479085070e+00
-7.514831896721746674e+00
-7.514831896721746674e+00
-7.514831896721746674e+00
-7.514831896721746674e+00
-7.514831896721746674e+00
-7.514831896721746674e+00
-7.514831896721746674e+00
-7.514831896721746674e+00
-7.514831896721746674e+00
-7.353398357704993948e+00
-7.353398357704993948e+00
-7.353398357704993948e+00
-7.673875323673050808e+00
-7.673875323673050808e+00
-7.673875323673050808e+00
-7.673875323673050808e+00
-7.673875323673050808e+00
-7.673875323673050808e+00
-7.673875323673050808e+00
-7.673875323673050808e+00
-7.673875323673050808e+00
-7.420406286848661992e+00
-7.420406286848661992e+00
-7.420406286848661992e+00
-7.420406286848661992e+00
-7.420406286848661992e+00
-7.039097937297638552e+00
-7.039097937297638552e+00
-7.085419977600214025e+00
-7.085419977600214025e+00
-7.085419977600214025e+00
-7.085419977600214025e+00
-7.085419977600214025e+00
-7.085419977600214025e+00
-7.085419977600214025e+00
-7.085419977600214025e+00
-7.085419977600214025e+00
-7.085419977600214025e+00
-7.085419977600214025e+00
-7.085419977600214025e+00
-7.085419977600214025e+00
-7.085419977600214025e+00
-7.085419977600214025e+00
-7.085419977600214025e+00
-7.085419977600214025e+00
-7.085419977600214025e+00
-7.085419977600214025e+00
-7.085419977600214025e+00
-7.085419977600214025e+00
-7.085419977600214025e+00
-7.085419977600214025e+00
-7.085419977600214025e+00
-7.085419977600214025e+00
-7.085419977600214025e+00
-7.085419977600214025e+00
-7.085419977600214025e+00
-7.085419977600214025e+00
-7.085419977600214025e+00
-7.085419977600214025e+00
-7.085419977600214025e+00
-7.085419977600214025e+00
-7.085419977600214025e+00
-7.085419977600214025e+00
-7.085419977600214025e+00
-7.680467164311308714e+00
-7.680467164311308714e+00
-7.680467164311308714e+00
-7.680467164311308714e+00
-7.680467164311308714e+00
-7.680467164311308714e+00
-7.297299788057461711e+00
-7.297299788057461711e+00
-7.297299788057461711e+00
-7.297299788057461711e+00
-7.297299788057461711e+00
-7.297299788057461711e+00
-7.297299788057461711e+00
-7.297299788057461711e+00
-7.297299788057461711e+00
-7.297299788057461711e+00
-7.297299788057461711e+00
-7.297299788057461711e+00
-7.133740995855677447e+00
-7.133740995855677447e+00
-7.133740995855677447e+00
-7.133740995855677447e+00
-7.133740995855677447e+00
-7.133740995855677447e+00
-7.133740995855677447e+00
-7.133740995855677447e+00
-7.133740995855677447e+00
-7.133740995855677447e+00
-7.133740995855677447e+00
-7.133740995855677447e+00
-7.133740995855677447e+00
-7.133740995855677447e+00
-7.133740995855677447e+00
-7.133740995855677447e+00
-7.133740995855677447e+00
-7.133740995855677447e+00
-7.133740995855677447e+00
-7.133740995855677447e+00
-7.133740995855677447e+00
-7.133740995855677447e+00
-7.319399321284394411e+00
-7.319399321284394411e+00
-7.319399321284394411e+00
-7.319399321284394411e+00
-7.319399321284394411e+00
-7.128641208772677373e+00
-7.128641208772677373e+00
-7.128641208772677373e+00
-7.128641208772677373e+00
-7.128641208772677373e+00
-7.128641208772677373e+00
-7.128641208772677373e+00
-7.287070126652033686e+00
-7.287070126652033686e+00
-7.287070126652033686e+00
-7.287070126652033686e+00
-7.287070126652033686e+00
-6.910325464281479313e+00
-6.764189918911934996e+00
-6.764189918911934996e+00
-6.764189918911934996e+00
-6.764189918911934996e+00
-6.780971760503648582e+00
-6.780971760503648582e+00
-6.780971760503648582e+00
-6.780971760503648582e+00
-6.780971760503648582e+00
-6.780971760503648582e+00
-6.780971760503648582e+00
-6.825287984844375266e+00
-6.825287984844375266e+00
-6.825287984844375266e+00
-6.825287984844375266e+00
-6.825287984844375266e+00
-6.825287984844375266e+00
-6.825287984844375266e+00
-6.825287984844375266e+00
-6.825287984844375266e+00
-6.825287984844375266e+00
-6.825287984844375266e+00
-6.825287984844375266e+00
-6.825287984844375266e+00
-6.825287984844375266e+00
-6.825287984844375266e+00
-6.825287984844375266e+00
-6.825287984844375266e+00
-6.825287984844375266e+00
-6.825287984844375266e+00
-6.825287984844375266e+00
-6.825287984844375266e+00
-6.825287984844375266e+00
-6.825287984844375266e+00
-6.825287984844375266e+00
-6.825287984844375266e+00
-6.825287984844375266e+00
-6.825287984844375266e+00
-6.793926596413606411e+00
-6.793926596413606411e+00
-6.793926596413606411e+00
-6.793926596413606411e+00
-6.759905678364332537e+00
-6.759905678364332537e+00
-6.759905678364332537e+00
-7.046663966279184343e+00
-7.046663966279184343e+00
-7.046663966279184343e+00
-7.046663966279184343e+00
-7.046663966279184343e+00
-7.046663966279184343e+00
-7.067352134456597490e+00
-7.067352134456597490e+00
-7.067352134456597490e+00
-7.067352134456597490e+00
-7.067352134456597490e+00
-7.067352134456597490e+00
-7.067352134456597490e+00
-7.067352134456597490e+00
-7.067352134456597490e+00
-7.067352134456597490e+00
-7.067352134456597490e+00
-7.067352134456597490e+00
-7.067352134456597490e+00
-7.067352134456597490e+00
-7.067352134456597490e+00
-7.067352134456597490e+00
-7.067352134456597490e+00
-7.067352134456597490e+00
-7.067352134456597490e+00
-6.714454344536104458e+00
-6.714454344536104458e+00
-6.714454344536104458e+00
-6.714454344536104458e+00
-6.873503241894577620e+00
-6.873503241894577620e+00
-6.873503241894577620e+00
-6.873503241894577620e+00
-6.873503241894577620e+00
-6.962253760197421926e+00
-6.962253760197421926e+00
-6.962253760197421926e+00
-6.962253760197421926e+00
-7.131311223338256511e+00
-7.131311223338256511e+00
-7.131311223338256511e+00
-7.356392038028053193e+00
-6.916355220583154662e+00
-6.916355220583154662e+00
-6.916355220583154662e+00
-6.916355220583154662e+00
-6.916355220583154662e+00
-6.916355220583154662e+00
-6.916355220583154662e+00
-6.916355220583154662e+00
-6.916355220583154662e+00
-6.857252941532754775e+00
-6.857252941532754775e+00
-6.857252941532754775e+00
-6.857252941532754775e+00
-6.857252941532754775e+00
-6.857252941532754775e+00
-6.857252941532754775e+00
-6.857252941532754775e+00
-6.857252941532754775e+00
-6.857252941532754775e+00
-6.857252941532754775e+00
-6.857252941532754775e+00
-6.857252941532754775e+00
-6.857252941532754775e+00
-6.857252941532754775e+00
-6.857252941532754775e+00
-6.857252941532754775e+00
-6.857252941532754775e+00
-6.857252941532754775e+00
-6.857252941532754775e+00
-6.857252941532754775e+00
-6.857252941532754775e+00
-6.857252941532754775e+00
-6.857252941532754775e+00
-6.779371210539546055e+00
-6.779371210539546055e+00
-6.785807144573495542e+00
-6.785807144573495542e+00
-6.785807144573495542e+00
-6.785807144573495542e+00
-6.785807144573495542e+00
-6.883927102754493710e+00
-6.883927102754493710e+00
-6.883927102754493710e+00
-6.883927102754493710e+00
-6.883927102754493710e+00
-6.883927102754493710e+00
-6.868348294872625992e+00
-6.868348294872625992e+00
-6.868348294872625992e+00
-6.868348294872625992e+00
-6.868348294872625992e+00
-6.868348294872625992e+00
-6.868348294872625992e+00
-6.868348294872625992e+00
-6.868348294872625992e+00
-6.868348294872625992e+00
-6.868348294872625992e+00
-6.868348294872625992e+00
-6.868348294872625992e+00
-6.868348294872625992e+00
-6.868348294872625992e+00
-6.868348294872625992e+00
-6.868348294872625992e+00
-6.783443928676626378e+00
-6.783443928676626378e+00
-6.783443928676626378e+00
-6.783443928676626378e+00
-6.783443928676626378e+00
-6.783443928676626378e+00
-6.783443928676626378e+00
-6.783443928676626378e+00
-6.783443928676626378e+00
-6.783443928676626378e+00
-6.745137858345221282e+00
-6.745137858345221282e+00
-6.745137858345221282e+00
-6.745137858345221282e+00
-6.745137858345221282e+00
-6.745137858345221282e+00
-6.745137858345221282e+00
-6.745137858345221282e+00
-6.745137858345221282e+00
-6.745137858345221282e+00
-6.745137858345221282e+00
-6.745137858345221282e+00
-6.745137858345221282e+00
-6.745137858345221282e+00
-6.745137858345221282e+00
-6.745137858345221282e+00
-6.745137858345221282e+00
-6.745137858345221282e+00
-6.745137858345221282e+00
-7.108392040770550757e+00
-7.108392040770550757e+00
-7.108392040770550757e+00
-7.108392040770550757e+00
-7.108392040770550757e+00
-6.684004690633448931e+00
-6.684004690633448931e+00
-6.684004690633448931e+00
-6.684004690633448931e+00
-6.684004690633448931e+00
-6.684004690633448931e+00
-6.684004690633448931e+00
-6.684004690633448931e+00
-6.684004690633448931e+00
-6.684004690633448931e+00
-6.684004690633448931e+00
-6.684004690633448931e+00
-6.684004690633448931e+00
-6.852372426603765554e+00
-6.852372426603765554e+00
-6.852372426603765554e+00
-6.852372426603765554e+00
-6.596304490506990525e+00
-6.596304490506990525e+00
-6.596304490506990525e+00
-6.596304490506990525e+00
-6.596304490506990525e+00
-6.596304490506990525e+00
-6.596304490506990525e+00
-6.596304490506990525e+00
-6.596304490506990525e+00
-6.596304490506990525e+00
-6.596304490506990525e+00
-6.596304490506990525e+00
-6.596304490506990525e+00
-6.596304490506990525e+00
-6.596304490506990525e+00
-6.596304490506990525e+00
-6.596304490506990525e+00
-6.596304490506990525e+00
-6.596304490506990525e+00
-6.596304490506990525e+00
-6.596304490506990525e+00
-6.596304490506990525e+00
-6.596304490506990525e+00
-6.596304490506990525e+00
-6.596304490506990525e+00
-6.596304490506990525e+00
-6.596304490506990525e+00
-6.513621109621474226e+00
-6.513621109621474226e+00
-6.513621109621474226e+00
-6.513621109621474226e+00
-6.513621109621474226e+00
-6.513621109621474226e+00
-6.513621109621474226e+00
-6.513621109621474226e+00
-6.513621109621474226e+00
-6.513621109621474226e+00
-6.513621109621474226e+00
-6.513621109621474226e+00
-6.513621109621474226e+00
-6.513621109621474226e+00
-6.513621109621474226e+00
-6.513621109621474226e+00
-6.863408973066573715e+00
-6.863408973066573715e+00
-6.863408973066573715e+00
-6.863408973066573715e+00
-6.863408973066573715e+00
-6.863408973066573715e+00
-6.863408973066573715e+00
-6.863408973066573715e+00
-6.863408973066573715e+00
-6.863408973066573715e+00
-6.863408973066573715e+00
-6.876813294098892193e+00
-6.876813294098892193e+00
-6.837835731287531083e+00
-6.725996447794751809e+00
-6.725996447794751809e+00
-6.725996447794751809e+00
-6.781818306013001063e+00
-6.781818306013001063e+00
-6.781818306013001063e+00
-7.044065978741326006e+00
-7.044065978741326006e+00
-7.044065978741326006e+00
-7.058431267966275513e+00
-7.058431267966275513e+00
-7.259086258780659939e+00
-7.259086258780659939e+00
-7.259086258780659939e+00
-7.259086258780659939e+00
-7.085114090666031927e+00
-6.962152101797537185e+00
-6.962152101797537185e+00
-6.962152101797537185e+00
-6.962152101797537185e+00
-6.962152101797537185e+00
-6.962152101797537185e+00
-6.962152101797537185e+00
-6.962152101797537185e+00
-6.962152101797537185e+00
-6.962152101797537185e+00
-6.962152101797537185e+00
-6.962152101797537185e+00
-6.962152101797537185e+00
-6.962152101797537185e+00
