# Variable: dg_gbsa_00000077
# Sample shape: (2000,)
# Date: 2014-03-03 06:24:07.592268
-3.421002888542744036e-01
-3.421002888542744036e-01
-4.846385856431483230e-01
-4.907949590774156601e-01
-4.907949590774156601e-01
-4.907949590774156601e-01
-4.907949590774156601e-01
-4.907949590774156601e-01
-5.875905658729216885e-01
-5.875905658729216885e-01
-5.156386422837441197e-01
-5.156386422837441197e-01
-4.124834307293134827e-01
-4.124834307293134827e-01
-4.682326920857620700e-01
-4.682326920857620700e-01
-5.273106107292393485e-01
-5.273106107292393485e-01
-5.273106107292393485e-01
-4.046775870751695980e-01
-4.046775870751695980e-01
-4.046775870751695980e-01
-4.046775870751695980e-01
-4.026633945523438451e-01
-4.026633945523438451e-01
-4.026633945523438451e-01
-4.026633945523438451e-01
-3.286951985459482528e-01
-3.286951985459482528e-01
-3.597611849896082403e-01
-4.369536446795636575e-01
-4.369536446795636575e-01
-5.730329576459486374e-01
-4.737673195552643546e-01
-6.337619420447266894e-01
-6.536049323145791679e-01
-6.536049323145791679e-01
-6.536049323145791679e-01
-4.909427170543779750e-01
-6.467971815433830596e-01
-5.823864421698604632e-01
-4.557658905736802768e-01
-4.557658905736802768e-01
-4.557658905736802768e-01
-4.557658905736802768e-01
-4.571971998160017092e-01
-4.571971998160017092e-01
-6.410064136548889735e-01
-6.410064136548889735e-01
-6.410064136548889735e-01
-6.410064136548889735e-01
-6.410064136548889735e-01
-6.410064136548889735e-01
-5.865768310444759992e-01
-5.865768310444759992e-01
-5.865768310444759992e-01
-2.650858453309330454e-01
-2.650858453309330454e-01
-1.853488912773861574e-01
-1.853488912773861574e-01
-2.507554014599801540e-01
-3.084518428514381738e-01
-5.122025427809180353e-01
-5.123534348453208098e-01
-5.123534348453208098e-01
-5.123534348453208098e-01
-5.123534348453208098e-01
-5.123534348453208098e-01
-5.123583354184093608e-01
-5.123583354184093608e-01
-4.963097563209314389e-01
-4.963097563209314389e-01
-4.963097563209314389e-01
-5.198637340538360130e-01
-5.198637340538360130e-01
-5.198402568897371179e-01
-4.344817044402171646e-01
-4.344817044402171646e-01
-4.074564114583381635e-01
-6.687915233991341690e-01
-6.687915233991341690e-01
-6.687915233991341690e-01
-6.687915233991341690e-01
-6.089001950980600375e-01
-6.089001950980600375e-01
-6.089001950980600375e-01
-4.285390187859762778e-01
-4.285390187859762778e-01
-3.305514330617784213e-01
-6.347821729816852665e-01
-6.236754229602120558e-01
-5.637313280233233748e-01
-5.637313280233233748e-01
-5.637313280233233748e-01
-5.637313280233233748e-01
-5.637313280233233748e-01
-4.533113872571838954e-01
-4.533113872571838954e-01
-4.533113872571838954e-01
-4.533113872571838954e-01
-4.533113872571838954e-01
-6.429260137204230174e-01
-6.280030278813086841e-01
-6.280030278813086841e-01
-6.280030278813086841e-01
-6.280030278813086841e-01
-6.280030278813086841e-01
-6.280030278813086841e-01
-6.280030278813086841e-01
-6.280030278813086841e-01
-6.280030278813086841e-01
-6.280030278813086841e-01
-5.751202598812474864e-01
-5.751202598812474864e-01
-5.751202598812474864e-01
-5.894832127864684246e-01
-5.827733595102284614e-01
-5.827733595102284614e-01
-4.294502404634172876e-01
-5.857119368777448098e-01
-5.857119368777448098e-01
-5.857119368777448098e-01
-4.461165766870998084e-01
-4.461165766870998084e-01
-4.461165766870998084e-01
-5.806030894328713110e-01
-5.806030894328713110e-01
-5.806030894328713110e-01
-5.145021651944512442e-01
-5.145021651944512442e-01
-5.342568311818927107e-01
-5.342568311818927107e-01
-5.342568311818927107e-01
-5.342568311818927107e-01
-5.342568311818927107e-01
-5.342568311818927107e-01
-5.342568311818927107e-01
-5.342568311818927107e-01
-5.342568311818927107e-01
-4.817054786828006141e-01
-4.817054786828006141e-01
-5.963672643409859697e-01
-3.688686721411535419e-01
-6.350924476382836525e-01
-6.350924476382836525e-01
-6.350924476382836525e-01
-6.350924476382836525e-01
-3.565662107777640699e-01
-3.565662107777640699e-01
-3.565662107777640699e-01
-3.565662107777640699e-01
-6.227721219764840166e-01
-6.227721219764840166e-01
-6.022288626056327976e-01
-6.003163284826916746e-01
-6.003163284826916746e-01
-6.232531189234716829e-01
-6.232531189234716829e-01
-6.232531189234716829e-01
-6.232531189234716829e-01
-6.232531189234716829e-01
-6.232531189234716829e-01
-5.267539967998263739e-01
-5.267539967998263739e-01
-4.367712977739410252e-01
-4.573195431929928945e-01
-4.573195431929928945e-01
-4.605183352931735419e-01
-4.605183352931735419e-01
-4.835805177232730956e-01
-4.835805177232730956e-01
-4.835805177232730956e-01
-4.835805177232730956e-01
-4.835805177232730956e-01
-4.835805177232730956e-01
-4.835805177232730956e-01
-4.835805177232730956e-01
-4.835805177232730956e-01
-5.830134875915702342e-01
-5.830134875915702342e-01
-4.649058582677895735e-01
-4.649058582677895735e-01
-5.108185867506505051e-01
-5.108185867506505051e-01
-5.108185867506505051e-01
-5.108185867506505051e-01
-5.108185867506505051e-01
-5.108185867506505051e-01
-5.108185867506505051e-01
-2.988488849672714665e-01
-2.988488849672714665e-01
-2.988488849672714665e-01
-5.401406529756622721e-01
-5.401406529756622721e-01
-5.401406529756622721e-01
-5.307856298997342126e-01
-4.952692392907224184e-01
-4.952692392907224184e-01
-4.952692392907224184e-01
-4.952692392907224184e-01
-4.952692392907224184e-01
-3.694799616505493045e-01
-5.810940584762601668e-01
-5.810940584762601668e-01
-5.810940584762601668e-01
-5.994705807410507514e-01
-5.994705807410507514e-01
-5.994705807410507514e-01
-5.893103251265749964e-01
-6.148915445827388693e-01
-6.148915445827388693e-01
-6.148915445827388693e-01
-6.053372505290102179e-01
-6.359977430412919741e-01
-6.359977430412919741e-01
-5.106367526956999692e-01
-5.106367526956999692e-01
-5.123668829296104121e-01
-5.123668829296104121e-01
-5.640004036759327377e-01
-5.640004036759327377e-01
-5.640004036759327377e-01
-5.640004036759327377e-01
-5.945800367322523483e-01
-6.701823174383626514e-01
-6.701823174383626514e-01
-6.701823174383626514e-01
-6.701823174383626514e-01
-6.705223374339407405e-01
-6.705223374339407405e-01
-6.705223374339407405e-01
-2.943974835922795186e-01
-3.608366043572215909e-01
-3.608366043572215909e-01
-3.608366043572215909e-01
-3.608366043572215909e-01
-3.608366043572215909e-01
-3.608366043572215909e-01
-5.185645123512748755e-01
-2.660687521356469576e-01
-2.660687521356469576e-01
-4.481160674906597419e-01
-3.093083034737844073e-01
-5.958402817837366028e-01
-5.958402817837366028e-01
-4.813717838455112141e-01
-4.813717838455112141e-01
-4.813717838455112141e-01
-4.813717838455112141e-01
-6.141011847136809143e-01
-4.222498170276444696e-01
-5.800994700729048548e-01
-5.800994700729048548e-01
-5.140995204334732893e-01
-5.140995204334732893e-01
-5.140995204334732893e-01
-5.140995204334732893e-01
-5.140995204334732893e-01
-5.140995204334732893e-01
-3.029996418816181536e-01
-3.115024780908004498e-01
-3.115024780908004498e-01
-3.115024780908004498e-01
-3.115024780908004498e-01
-3.115024780908004498e-01
-3.115024780908004498e-01
-3.115024780908004498e-01
-3.115024780908004498e-01
-3.115024780908004498e-01
-3.115024780908004498e-01
-3.115024780908004498e-01
-3.115024780908004498e-01
-3.115024780908004498e-01
-4.806275805369389365e-01
-4.806275805369389365e-01
-5.432534856048641947e-01
-5.432534856048641947e-01
-5.138263989588953695e-01
-5.138263989588953695e-01
-5.138263989588953695e-01
-5.138263989588953695e-01
-5.138263989588953695e-01
-5.138263989588953695e-01
-4.404687801692955262e-01
-4.404687801692955262e-01
-4.600070801565341316e-01
-4.472101737618673911e-01
-4.472101737618673911e-01
-4.472101737618673911e-01
-6.181489441180547662e-01
-6.181489441180547662e-01
-6.179031746793203217e-01
-6.179493882232141022e-01
-6.179493882232141022e-01
-6.179493882232141022e-01
-2.901375749598953391e-01
-5.783215307596764054e-01
-5.783215307596764054e-01
-6.408275997205628016e-01
-6.408275997205628016e-01
-4.680449317563787903e-01
-4.680449317563787903e-01
-4.680449317563787903e-01
-2.294012397014843774e-01
-2.294012397014843774e-01
-2.294012397014843774e-01
-2.294012397014843774e-01
-1.859971487727265504e-01
-1.859971487727265504e-01
-1.859971487727265504e-01
-1.859971487727265504e-01
-2.067522724545480528e-01
-5.720917057124880190e-01
-4.508109838055378571e-01
-4.789748337711020598e-01
-4.789748337711020598e-01
-5.712977558887255558e-01
-4.505793462519891435e-01
-4.505793462519891435e-01
-4.505793462519891435e-01
-4.281533265888804451e-01
-6.288794896798652889e-01
-6.288794896798652889e-01
-6.288794896798652889e-01
-6.537703551480236186e-01
-6.537703551480236186e-01
-6.724328201541937000e-01
-6.724310536685454975e-01
-6.724310536685454975e-01
-3.556256141534954729e-01
-3.556256141534954729e-01
-3.556256141534954729e-01
-3.556256141534954729e-01
-3.556256141534954729e-01
-3.556256141534954729e-01
-3.556256141534954729e-01
-5.834492966960082017e-01
-5.784360674097706045e-01
-5.784360674097706045e-01
-7.417013380769105213e-01
-7.417013380769105213e-01
-7.507549189244810961e-01
-6.632374076040934430e-01
-6.039290765503395608e-01
-6.039290765503395608e-01
-6.869420494677687117e-01
-6.869420494677687117e-01
-4.448283812739880494e-01
-4.492527440218806456e-01
-4.933314615180341423e-01
-4.933314615180341423e-01
-4.933314615180341423e-01
-4.933314615180341423e-01
-5.158086237898291682e-01
-5.158086237898291682e-01
-3.739640999934413235e-01
-3.739640999934413235e-01
-5.945342220722147353e-01
-5.831868311187277110e-01
-5.891239893823918550e-01
-5.891239893823918550e-01
-3.091543912887573242e-01
-5.195870226245536960e-01
-5.195870226245536960e-01
-5.195870226245536960e-01
-5.539955987985001329e-01
-5.539955987985001329e-01
-5.539955987985001329e-01
-2.997041774297535266e-01
-3.055126956498417368e-01
-3.055126956498417368e-01
-6.603582069477205163e-01
-6.603582069477205163e-01
-6.603582069477205163e-01
-5.425051225075073758e-01
-5.425051225075073758e-01
-5.852730506692743750e-01
-5.852730506692743750e-01
-5.852730506692743750e-01
-5.852730506692743750e-01
-5.852730506692743750e-01
-5.852730506692743750e-01
-5.852730506692743750e-01
-5.852730506692743750e-01
-5.253646843292061330e-01
-5.253646843292061330e-01
-5.253646843292061330e-01
-5.253646843292061330e-01
-5.253646843292061330e-01
-6.534449798883033012e-01
-6.531198895456229447e-01
-4.360462408904591247e-01
-4.360462408904591247e-01
-4.360462408904591247e-01
-4.360462408904591247e-01
-4.360462408904591247e-01
-4.360462408904591247e-01
-5.690093592065698092e-01
-5.766849102983054864e-01
-4.907921668904233203e-01
-4.907921668904233203e-01
-6.105090646397315357e-01
-6.105090646397315357e-01
-6.105090646397315357e-01
-7.027973408452866666e-01
-3.800565665356287481e-01
-3.800565665356287481e-01
-3.800565665356287481e-01
-3.800565665356287481e-01
-3.800565665356287481e-01
-3.800565665356287481e-01
-3.800565665356287481e-01
-3.800565665356287481e-01
-4.979473455002385029e-01
-4.979473455002385029e-01
-4.979473455002385029e-01
-5.805062746226673509e-01
-4.252750376670355603e-01
-4.252750376670355603e-01
-4.252750376670355603e-01
-4.252750376670355603e-01
-4.252750376670355603e-01
-4.252750376670355603e-01
-4.252750376670355603e-01
-5.301690694250977831e-01
-5.903838925334280452e-01
-5.903838925334280452e-01
-5.903838925334280452e-01
-5.903838925334280452e-01
-5.903838925334280452e-01
-6.671751890310138045e-01
-6.671751890310138045e-01
-6.671751890310138045e-01
-6.671751890310138045e-01
-5.318901392971352449e-01
-5.318901392971352449e-01
-5.318901392971352449e-01
-5.318901392971352449e-01
-5.318901392971352449e-01
-5.318901392971352449e-01
-5.318901392971352449e-01
-5.202288267489373341e-01
-5.849178161037583701e-01
-5.849178161037583701e-01
-5.849178161037583701e-01
-5.773280820244812706e-01
-5.773280820244812706e-01
-5.773280820244812706e-01
-5.773280820244812706e-01
-5.773280820244812706e-01
-5.773280820244812706e-01
-5.773280820244812706e-01
-5.773280820244812706e-01
-4.454491870125210640e-01
-4.454491870125210640e-01
-4.454491870125210640e-01
-4.454491870125210640e-01
-6.585726888412271052e-01
-5.831881987205198570e-01
-5.466815504471612686e-01
-5.466815504471612686e-01
-5.906803202218808835e-01
-2.728751922884589121e-01
-5.352301077906533866e-01
-5.352301077906533866e-01
-5.352301077906533866e-01
-5.257212864965142840e-01
-5.257212864965142840e-01
-5.257212864965142840e-01
-5.257212864965142840e-01
-4.180242408985845315e-01
-4.180242408985845315e-01
-4.180242408985845315e-01
-4.180242408985845315e-01
-6.841162992481063521e-01
-6.841162992481063521e-01
-3.395973781326760421e-01
-3.395973781326760421e-01
-3.395973781326760421e-01
-3.395973781326760421e-01
-4.690925432208846724e-01
-4.690925432208846724e-01
-5.065818133819171010e-01
-5.065818133819171010e-01
-5.065818133819171010e-01
-5.386376586060678262e-01
-5.386376586060678262e-01
-5.386376586060678262e-01
-5.388005171861520726e-01
-5.597844862345299211e-01
-5.597844862345299211e-01
-5.597844862345299211e-01
-5.597844862345299211e-01
-5.597844862345299211e-01
-3.506237530571552630e-01
-3.506237530571552630e-01
-5.235059995268316335e-01
-5.235059995268316335e-01
-5.235059995268316335e-01
-5.235059995268316335e-01
-3.906536854475907150e-01
-3.906536854475907150e-01
-4.186239912678588748e-01
-3.906743419329932743e-01
-4.304105533468563505e-01
-1.874061632566652591e-01
-1.874061632566652591e-01
-6.393063706604061869e-01
-6.443047272771539324e-01
-5.741071518702898224e-01
-5.388102043655133011e-01
-5.388102043655133011e-01
1.995351671260811866e-01
-6.784676764708859331e-02
-6.784676764708859331e-02
-6.784676764708859331e-02
-8.263717446454851845e-02
-8.263717446454851845e-02
-6.001327279420929361e-01
-6.001327279420929361e-01
-6.001327279420929361e-01
-2.146510275554474600e-01
-5.872288351988929067e-01
-3.765320287835757229e-01
-3.765320287835757229e-01
-2.278449800912554224e-01
8.975485799189507341e-02
8.534770423322060595e-02
8.534770423322060595e-02
8.534770423322060595e-02
8.534770423322060595e-02
-9.913279552076788292e-02
-9.913279552076788292e-02
-1.048591650352879157e-01
-1.048591650352879157e-01
-1.048591650352879157e-01
-9.229903182381653248e-02
-9.229903182381653248e-02
-9.229903182381653248e-02
-9.229903182381653248e-02
-9.229903182381653248e-02
-9.229903182381653248e-02
-9.229903182381653248e-02
-9.225184243906067727e-02
-1.010996989378737665e-01
-2.543255829218468711e-01
-2.543255829218468711e-01
-2.893632238670243093e-02
-4.970582903685123038e-02
-4.970582903685123038e-02
-4.970582903685123038e-02
-4.970582903685123038e-02
-1.357917746895813682e-01
-1.357917746895813682e-01
-1.357917746895813682e-01
-1.357917746895813682e-01
-1.186163273299857129e-01
-1.186163273299857129e-01
-1.186163273299857129e-01
-1.734850312054271038e-01
-1.734850312054271038e-01
-1.165064881568201177e-01
-2.140242385590737373e-01
-2.140242385590737373e-01
-3.646678837945766527e-01
-3.646678837945766527e-01
-3.646678837945766527e-01
-3.646678837945766527e-01
-3.646678837945766527e-01
-3.646678837945766527e-01
-4.280987649757136970e-01
-4.280987649757136970e-01
-4.280987649757136970e-01
-3.495942053329876287e-01
-1.000819966396455790e-01
-1.000819966396455790e-01
-9.282487471290573611e-02
-9.282487471290573611e-02
-9.282487471290573611e-02
-9.411498619311170488e-02
-9.749296974269654192e-02
5.901031495280292805e-02
5.848564022357786996e-02
-1.182776321986437201e-01
-1.182776321986437201e-01
-9.297154288218992257e-02
-1.083609877763241219e-01
-1.083609877763241219e-01
-1.083609877763241219e-01
2.332690775565389799e-02
2.332690775565389799e-02
2.332690775565389799e-02
2.073635655254068427e-02
2.073635655254068427e-02
2.073635655254068427e-02
3.401883103195613156e-02
3.401883103195613156e-02
3.401883103195613156e-02
-8.354969963744766914e-02
-8.354969963744766914e-02
-8.354969963744766914e-02
-8.354969963744766914e-02
-8.354969963744766914e-02
-8.354969963744766914e-02
-3.891250912819491786e-02
-3.891250912819491786e-02
-3.891250912819491786e-02
-3.891250912819491786e-02
-3.748766037975624632e-02
-3.748766037975624632e-02
-3.748766037975624632e-02
-3.748766037975624632e-02
-6.971513250589826682e-02
-8.673123288792815300e-02
-8.673123288792815300e-02
-8.673123288792815300e-02
-8.673123288792815300e-02
-1.429287898380943167e-01
-1.076702633961664768e-01
-1.076702633961664768e-01
-1.076702633961664768e-01
-1.076702633961664768e-01
-1.120607067704428583e-01
-1.120607067704428583e-01
-1.120607067704428583e-01
-1.120607067704428583e-01
-1.515390540172219525e-01
-1.515390540172219525e-01
-1.515390540172219525e-01
-1.515390540172219525e-01
-1.132598228709875421e-01
-3.531900008367534483e-01
-3.531900008367534483e-01
-3.057805461591789897e-01
-3.057805461591789897e-01
-3.010809250589082664e-01
-3.010809250589082664e-01
-3.010809250589082664e-01
-1.897873431729084903e-01
-8.798299453454537511e-02
-8.798299453454537511e-02
-9.161030186293912803e-02
-9.161030186293912803e-02
-7.822592502342355647e-02
-7.822592502342355647e-02
-7.822592502342355647e-02
-3.454068935624043934e-01
-9.018961290328497693e-02
-9.018961290328497693e-02
-9.018961290328497693e-02
-8.938807004040559556e-02
-8.938807004040559556e-02
-8.938807004040559556e-02
-8.938807004040559556e-02
-8.938807004040559556e-02
-8.938807004040559556e-02
-8.938807004040559556e-02
-8.938807004040559556e-02
-8.938807004040559556e-02
-8.938807004040559556e-02
-1.689090356088277234e-01
-1.689090356088277234e-01
-8.917875573694362956e-02
-8.917875573694362956e-02
-8.917875573694362956e-02
-3.509184997350718316e-01
-3.509184997350718316e-01
-3.509184997350718316e-01
-3.509184997350718316e-01
-3.509184997350718316e-01
-3.509184997350718316e-01
-3.509184997350718316e-01
-8.604837221807548620e-02
-8.604837221807548620e-02
-9.779079352464548069e-02
-3.632679439183630898e-01
-7.210515197330860659e-02
-7.210515197330860659e-02
-1.879170764928566051e-01
-8.467715197949746142e-02
-8.467715197949746142e-02
-8.467715197949746142e-02
-8.303640022104602503e-02
-1.622835747598461997e-01
-1.622835747598461997e-01
-1.622835747598461997e-01
-1.622835747598461997e-01
-1.622835747598461997e-01
5.303571146715211487e-02
5.303571146715211487e-02
8.829214376883570692e-02
8.829214376883570692e-02
8.829214376883570692e-02
8.829214376883570692e-02
8.829214376883570692e-02
8.980838678079171300e-02
8.980838678079171300e-02
-3.744690299717919058e-02
-3.744690299717919058e-02
-3.744690299717919058e-02
-3.744690299717919058e-02
-3.744690299717919058e-02
-3.744690299717919058e-02
-3.744690299717919058e-02
-3.744690299717919058e-02
-4.345046117702359989e-02
-8.972702872000962171e-02
-8.972702872000962171e-02
-8.972702872000962171e-02
-8.972702872000962171e-02
-8.972702872000962171e-02
-8.972702872000962171e-02
-8.972702872000962171e-02
-8.972702872000962171e-02
-8.972702872000962171e-02
-9.001933223430785835e-02
-9.001933223430785835e-02
-9.001933223430785835e-02
-9.001933223430785835e-02
-8.604053699947451783e-02
-8.604053699947451783e-02
-8.604053699947451783e-02
-8.604053699947451783e-02
-8.604053699947451783e-02
-8.604053699947451783e-02
-8.694111702547017984e-02
-8.694111702547017984e-02
-8.694111702547017984e-02
-8.694111702547017984e-02
-8.694111702547017984e-02
-8.694111702547017984e-02
-8.694111702547017984e-02
-8.747057836096783223e-02
-8.747057836096783223e-02
-8.854069114871052082e-02
-8.854069114871052082e-02
-8.854069114871052082e-02
-9.294339307863443145e-02
-2.814378040926406310e-01
-2.814378040926406310e-01
-2.814378040926406310e-01
-2.814378040926406310e-01
-2.814378040926406310e-01
-5.045434527711704226e-02
-5.045434527711704226e-02
-5.045434527711704226e-02
-5.045434527711704226e-02
-5.045434527711704226e-02
-5.045434527711704226e-02
-1.421670213940038618e-01
1.272853787981301221e-02
1.272853787981301221e-02
1.272853787981301221e-02
-1.961639574791231577e-01
-1.961639574791231577e-01
-1.961639574791231577e-01
-3.443028685239715170e-01
-2.980018729062654595e-02
-7.038773616230965813e-02
-7.007489725235087341e-02
-6.738409798870122203e-02
-7.273066596592817068e-02
-8.768413080540031490e-02
-6.983547434068318460e-02
-6.983547434068318460e-02
-6.983547434068318460e-02
-6.983547434068318460e-02
-1.918360818868385387e-01
-1.918360818868385387e-01
-1.447996690897822847e-01
-1.447996690897822847e-01
-2.040459879497724949e-01
-2.040459879497724949e-01
-2.040459879497724949e-01
-8.466193740955957336e-02
-8.466193740955957336e-02
2.744833602219192911e-02
-6.225019921308265480e-02
-6.225019921308265480e-02
-3.279505393701119265e-01
-3.234652898507637819e-01
-3.235056625953367515e-01
-3.235056625953367515e-01
6.978856275004136078e-02
-8.697767188170671404e-02
-8.697767188170671404e-02
-8.697767188170671404e-02
-8.697767188170671404e-02
-8.697767188170671404e-02
-8.697767188170671404e-02
-8.697767188170671404e-02
-8.697767188170671404e-02
-8.515073396051818511e-02
-8.515073396051818511e-02
-8.515073396051818511e-02
-8.515073396051818511e-02
-8.515073396051818511e-02
-7.586389153227067472e-02
-7.586389153227067472e-02
-8.673275007116634794e-02
-8.862520466571099931e-02
-8.862520466571099931e-02
-8.862520466571099931e-02
-7.580791245682973190e-02
-3.267934627788244284e-01
-3.267934627788244284e-01
-3.267934627788244284e-01
2.213416489314850438e-02
2.213416489314850438e-02
2.213416489314850438e-02
2.213416489314850438e-02
2.213416489314850438e-02
2.213416489314850438e-02
2.295849755776771875e-02
2.295849755776771875e-02
-1.056651526039918548e-01
-1.056651526039918548e-01
-9.931938056736101805e-02
-9.931938056736101805e-02
-9.785566201173552525e-02
-9.785566201173552525e-02
-9.785566201173552525e-02
-9.785566201173552525e-02
-9.785566201173552525e-02
-7.333707627101336557e-02
-7.333707627101336557e-02
-7.333707627101336557e-02
-2.918664230671256798e-01
-1.265087928872263290e-01
-1.265087928872263290e-01
-1.265087928872263290e-01
-1.344273639682601884e-01
-1.344273639682601884e-01
-4.490110560197446699e-02
-1.835535862705675592e-01
-1.508516346747287018e-01
-1.513009488468644304e-01
-1.513009488468644304e-01
-1.433718785729052592e-01
-2.673928470958031323e-01
-2.673928470958031323e-01
-3.756936034098637966e-01
-3.756936034098637966e-01
-3.557427150569499874e-01
-3.557427150569499874e-01
-3.883497322950490438e-01
-3.883497322950490438e-01
-3.883497322950490438e-01
-3.138111893579107470e-01
-3.138111893579107470e-01
-3.138111893579107470e-01
-3.138111893579107470e-01
-1.110619728241550308e-01
-8.545767508774824994e-02
-8.545767508774824994e-02
-8.545767508774824994e-02
-8.545767508774824994e-02
-8.545767508774824994e-02
-8.545767508774824994e-02
-9.055939248369482275e-02
-1.050096154782785701e-01
-1.050096154782785701e-01
-1.050096154782785701e-01
-1.041080524884947789e-01
-1.041080524884947789e-01
-1.041080524884947789e-01
-8.357165249538238416e-02
-8.753061750422927445e-02
5.533875288516567487e-02
5.533875288516567487e-02
-1.481183400345577883e-01
-8.893727429966169495e-02
-9.219041432522906421e-02
-9.206879748668998775e-02
-9.206879748668998775e-02
-9.206879748668998775e-02
-9.206879748668998775e-02
-1.027476519745120914e-01
-1.027476519745120914e-01
-1.012135019265898717e-01
-9.658187627792358398e-02
-9.658187627792358398e-02
-9.658187627792358398e-02
-8.047832243757083170e-02
-8.100665835076034660e-02
-8.100665835076034660e-02
-2.253126089477174299e-01
-3.045658023589883356e-01
-3.045658023589883356e-01
-5.901057137813896236e-02
-5.901057137813896236e-02
-5.901057137813896236e-02
-5.901057137813896236e-02
-5.901057137813896236e-02
-5.901057137813896236e-02
-5.901057137813896236e-02
-5.825084721381076219e-02
1.249712238348236887e-01
1.249712238348236887e-01
1.249712238348236887e-01
-8.037135745781556762e-02
-8.037135745781556762e-02
-8.037135745781556762e-02
-8.397933316504294088e-02
-7.718418284994238432e-02
-1.684550060596794185e-01
-9.252087535411403219e-02
-9.252087535411403219e-02
-9.252087535411403219e-02
-9.007592388138488393e-02
-9.007592388138488393e-02
-8.765897975369119077e-02
-8.793292036475916507e-02
-8.793292036475916507e-02
-8.793292036475916507e-02
-8.010115638289806717e-02
-3.095649567434481941e-01
-3.095649567434481941e-01
-5.033146411921280566e-02
-5.033146411921280566e-02
-4.952349637708061691e-02
-4.952349637708061691e-02
-4.952349637708061691e-02
-4.952349637708061691e-02
-4.952349637708061691e-02
-4.952349637708061691e-02
-1.386565959390900944e-02
-1.386565959390900944e-02
-1.386565959390900944e-02
-1.386565959390900944e-02
-1.386565959390900944e-02
-1.386565959390900944e-02
-1.386565959390900944e-02
-1.386565959390900944e-02
-1.386565959390900944e-02
-1.386565959390900944e-02
-1.386565959390900944e-02
-1.386565959390900944e-02
-1.386565959390900944e-02
-1.386565959390900944e-02
-1.386565959390900944e-02
-1.386565959390900944e-02
-8.121357935108600157e-02
-8.121357935108600157e-02
-8.121357935108600157e-02
-9.535349207444127062e-02
-9.535349207444127062e-02
-9.535349207444127062e-02
-3.300693534300386256e-01
-3.300693534300386256e-01
-3.300693534300386256e-01
-3.300693534300386256e-01
-3.300693534300386256e-01
-7.578477719317885941e-02
-7.578477719317885941e-02
-8.685589121586961836e-02
-7.166987530758913913e-03
-7.166987530758913913e-03
-7.166987530758913913e-03
-7.166987530758913913e-03
-1.083438268668564936e-02
-1.083438268668564936e-02
-1.083438268668564936e-02
-1.083438268668564936e-02
-1.083438268668564936e-02
-1.083438268668564936e-02
-6.855516222592293422e-03
-6.855516222592293422e-03
-6.855516222592293422e-03
-6.855516222592293422e-03
-1.112073161292030515e-01
-1.112073161292030515e-01
-1.329175743272609789e-01
-1.329175743272609789e-01
-1.329175743272609789e-01
-1.637057381651825516e-01
-1.303242451830074200e-01
-1.303242451830074200e-01
-1.303242451830074200e-01
-1.116658117529538974e-01
-1.116658117529538974e-01
-1.116658117529538974e-01
-1.116658117529538974e-01
-1.116658117529538974e-01
-1.116658117529538974e-01
-1.116658117529538974e-01
-1.116658117529538974e-01
4.148072995829536064e-02
4.148072995829536064e-02
-7.612008893467044068e-02
-8.111986123296088466e-03
-2.998437297959628545e-01
-2.734612951315155693e-01
-7.591191429936862411e-02
-7.591191429936862411e-02
-7.591191429936862411e-02
-1.808782010187838241e-01
-2.485272362400879065e-01
-2.176830292203913997e-01
-2.176830292203913997e-01
-2.571839561425932619e-01
-2.571839561425932619e-01
-2.571839561425932619e-01
-2.571839561425932619e-01
-2.573223688406424681e-01
-2.573223688406424681e-01
-2.573223688406424681e-01
-2.573223688406424681e-01
-1.345539811008518993e-01
-1.345539811008518993e-01
-1.345539811008518993e-01
-1.118398034663774659e-01
-1.118398034663774659e-01
-1.118398034663774659e-01
-1.118398034663774659e-01
-1.118398034663774659e-01
-9.722046083975476038e-02
-9.722046083975476038e-02
-9.722046083975476038e-02
-9.722046083975476038e-02
-7.765346258365857235e-02
-7.765346258365857235e-02
-7.607325569621463390e-02
-7.607325569621463390e-02
-7.889186874402412397e-02
-7.915533153094479746e-02
-7.915533153094479746e-02
-1.868590798022414234e-01
-8.029181574316371361e-02
-8.029181574316371361e-02
-8.029181574316371361e-02
-9.717210329513475964e-02
-2.316901777260162165e-01
-2.316901777260162165e-01
-2.316901777260162165e-01
-2.316901777260162165e-01
-2.316901777260162165e-01
-2.316901777260162165e-01
-2.316901777260162165e-01
-2.061160527041491775e-01
-2.061160527041491775e-01
-3.200589356869174007e-01
-3.200589356869174007e-01
-3.200589356869174007e-01
-3.205009559828282395e-01
-3.205009559828282395e-01
-3.205009559828282395e-01
-2.513942709388514163e-01
-2.513942709388514163e-01
-2.513942709388514163e-01
-9.964612342887352314e-02
-9.964612342887352314e-02
-9.964612342887352314e-02
-9.964612342887352314e-02
-9.964612342887352314e-02
-9.964612342887352314e-02
-9.964612342887352314e-02
-8.275463151430308140e-02
-8.275463151430308140e-02
-8.275463151430308140e-02
-8.275463151430308140e-02
-8.275463151430308140e-02
-8.370913209012544043e-02
-8.370913209012544043e-02
-8.370913209012544043e-02
-3.326677113600488012e-01
-3.326677113600488012e-01
-3.326677113600488012e-01
-3.326677113600488012e-01
-3.326677113600488012e-01
-1.456512718765959058e-01
-7.985856376915999311e-02
-7.985856376915999311e-02
-8.621356711788796812e-02
-8.621356711788796812e-02
-9.084828411643865176e-02
-9.084828411643865176e-02
-9.084828411643865176e-02
-8.700632029008226187e-02
-8.700632029008226187e-02
-6.289332820170240312e-02
-6.289332820170240312e-02
-6.289332820170240312e-02
-6.289332820170240312e-02
4.167695944669369545e-02
4.167695944669369545e-02
4.167695944669369545e-02
4.167695944669369545e-02
4.167695944669369545e-02
4.184731490639381768e-02
4.184731490639381768e-02
4.184731490639381768e-02
-7.765015754599416398e-02
-9.193844081794781686e-02
-9.193844081794781686e-02
-9.193844081794781686e-02
-9.193844081794781686e-02
-9.366011613869529295e-02
-2.968564031228964062e-01
-2.968564031228964062e-01
-2.968564031228964062e-01
-2.968564031228964062e-01
-2.968564031228964062e-01
-3.152144627634927421e-01
-3.152144627634927421e-01
-1.772469903269415781e-01
-1.772469903269415781e-01
-3.017007335878010843e-01
-3.017007335878010843e-01
-3.017007335878010843e-01
-3.017007335878010843e-01
-3.017007335878010843e-01
-3.017007335878010843e-01
-3.017007335878010843e-01
-9.917062538075856193e-02
-9.917062538075856193e-02
-9.917062538075856193e-02
-7.746635756346736956e-02
-7.878301618887863234e-02
-7.878301618887863234e-02
-7.878301618887863234e-02
-7.878301618887863234e-02
-2.313563938521518218e-02
-2.313563938521518218e-02
-2.313563938521518218e-02
-2.313563938521518218e-02
-2.313563938521518218e-02
-2.313563938521518218e-02
-2.313563938521518218e-02
2.015882971238907445e-02
2.015882971238907445e-02
2.015882971238907445e-02
2.015882971238907445e-02
-2.791875542406825964e-02
-2.791875542406825964e-02
1.348735582988075110e-01
1.348735582988075110e-01
1.348735582988075110e-01
1.293436319604658324e-01
-9.574020284995521379e-02
-1.039367746098775469e-01
-1.039367746098775469e-01
-1.039367746098775469e-01
-1.044030555917473541e-01
-2.561756347379082754e-01
-2.561756347379082754e-01
-2.561756347379082754e-01
-2.747498324450753371e-01
-2.099075007393072789e-01
-2.099075007393072789e-01
-8.079831988816051080e-02
-7.755456075613630096e-02
-7.754171812055671298e-02
-7.754171812055671298e-02
-1.074532990701795726e-01
-3.170804699337960719e-01
-3.170804699337960719e-01
-7.900716754720041313e-02
-9.367206840852478067e-02
-9.367206840852478067e-02
-9.367206840852478067e-02
-9.367206840852478067e-02
-9.367206840852478067e-02
-1.043180790845568279e-01
-1.043180790845568279e-01
-9.833928731841748427e-02
-9.833928731841748427e-02
-2.309921024862256478e-01
-2.309921024862256478e-01
-2.309921024862256478e-01
-2.309921024862256478e-01
-2.309921024862256478e-01
-2.309921024862256478e-01
-8.296804150021554192e-02
-8.296804150021554192e-02
-1.248995102158467901e-01
-1.248995102158467901e-01
-3.231893476974895818e-01
-3.154636227150036110e-01
-8.457141926594034798e-02
1.049261205396962160e-01
-6.407792777905728376e-02
-6.407792777905728376e-02
-6.407792777905728376e-02
-1.002098104238054177e-01
-1.016779594394034564e-01
-1.016779594394034564e-01
-1.016779594394034564e-01
-1.016779594394034564e-01
-9.833419442632686247e-02
-1.034238170939239393e-01
-1.034238170939239393e-01
-1.034238170939239393e-01
-1.034238170939239393e-01
-1.034238170939239393e-01
-1.034238170939239393e-01
-1.008351463432749645e-01
-7.747279668857216806e-02
-7.747279668857216806e-02
-7.747279668857216806e-02
-9.030075904060275160e-02
-9.854493331498898057e-02
-9.854493331498898057e-02
-2.407160076538873428e-01
-3.177608803171044771e-01
2.265900523040308145e-02
-7.759942806701586315e-02
-7.920220038403059937e-02
-7.920220038403059937e-02
-7.920220038403059937e-02
-7.892389341932409819e-02
-7.892389341932409819e-02
-1.020171318067875227e-01
-1.016991430213300823e-01
-1.016991430213300823e-01
-1.016991430213300823e-01
-1.016991430213300823e-01
-1.016991430213300823e-01
-9.949913472791929725e-02
-9.949913472791929725e-02
9.339655363081061923e-02
1.020380518404521153e-01
1.020380518404521153e-01
-1.096241674733207383e-01
-2.683278593460870498e-01
-2.683278593460870498e-01
-2.683278593460870498e-01
-7.836273506312251003e-02
-7.836273506312251003e-02
-7.836273506312251003e-02
-7.628409430584077999e-02
-7.628409430584077999e-02
-7.628409430584077999e-02
-7.628409430584077999e-02
-7.313644481434648792e-02
-7.297552367013453167e-02
-9.611539585412573472e-02
-9.611539585412573472e-02
-9.865036686565406554e-02
-1.014577043216041558e-01
-1.014577043216041558e-01
-1.014577043216041558e-01
-1.014577043216041558e-01
-1.894559419177914150e-01
-1.894559419177914150e-01
-1.894559419177914150e-01
-1.894559419177914150e-01
-3.232678138503152776e-01
-3.232678138503152776e-01
-3.277545449382716081e-01
-3.170465648060318831e-01
-3.170465648060318831e-01
-3.134918828311431538e-01
1.518758829419517009e-01
-9.136730324241899848e-02
-9.136730324241899848e-02
-8.542421158139609783e-02
-2.960255565424493862e-01
-2.960255565424493862e-01
-2.960255565424493862e-01
-2.960255565424493862e-01
-8.753200647479944529e-02
-8.753200647479944529e-02
-8.753200647479944529e-02
-5.467116376865890220e-02
-5.467116376865890220e-02
-5.363334632740421326e-02
1.815456654840855860e-02
-5.952377107357659236e-02
-5.952377107357659236e-02
-5.952377107357659236e-02
-5.952377107357659236e-02
-5.952377107357659236e-02
-7.845351675500376876e-02
-7.845351675500376876e-02
-7.845351675500376876e-02
-7.845351675500376876e-02
-7.845351675500376876e-02
-1.745356342988533815e-01
-1.745356342988533815e-01
-1.745356342988533815e-01
-1.745356342988533815e-01
-1.745356342988533815e-01
-1.426712818173103969e-01
-7.751077613000888211e-02
-7.751077613000888211e-02
-7.751077613000888211e-02
-7.751077613000888211e-02
-2.552217324878700011e-01
-7.425111862715069733e-02
-7.425111862715069733e-02
-7.425111862715069733e-02
-7.425111862715069733e-02
-7.425111862715069733e-02
-7.425111862715069733e-02
-7.425111862715069733e-02
-1.108139169261742607e-01
-1.108139169261742607e-01
-1.108139169261742607e-01
-7.097101120374398053e-02
-7.097101120374398053e-02
-1.310634197058230810e-01
-1.310634197058230810e-01
-7.703489344388986249e-02
-7.703489344388986249e-02
-7.703489344388986249e-02
-7.703489344388986249e-02
-7.703489344388986249e-02
-7.720479659778893555e-02
-8.800809572577247830e-02
-8.800809572577247830e-02
-8.800809572577247830e-02
-8.800809572577247830e-02
6.802291938782193716e-03
6.802291938782193716e-03
-1.030385309036101621e-01
-1.030385309036101621e-01
-1.013793450126684315e-01
-1.024918605788943810e-01
-1.024918605788943810e-01
-1.024918605788943810e-01
-1.024918605788943810e-01
-1.027028274011885373e-01
-1.027028274011885373e-01
-1.022243163553752110e-01
-8.176408180999025777e-02
-2.792169612406772417e-01
-2.792169612406772417e-01
-9.176868724549476497e-02
-1.142928323371916327e-01
-9.598738975096386683e-02
-9.598738975096386683e-02
-9.597778092378866921e-02
-7.807071468513280751e-03
-8.212123778479504810e-03
-1.031097174260629940e-01
-6.281375087242052624e-02
-1.039608287309825296e-01
-1.039608287309825296e-01
-1.039608287309825296e-01
-1.035263017532246504e-01
-1.035263017532246504e-01
-1.035263017532246504e-01
-1.046180539901580137e-01
-7.845378742619180112e-02
-7.724496277750791950e-02
-7.724496277750791950e-02
-7.724496277750791950e-02
-7.724496277750791950e-02
-7.905036809339577308e-02
-4.523727921751215242e-02
-2.726105613416741069e-01
-2.726105613416741069e-01
-2.707814794197592745e-01
-2.707814794197592745e-01
-2.927213736291597312e-01
-3.294309398184314674e-01
-1.583348097810325650e-01
-1.842461056280774168e-01
-1.842461056280774168e-01
-1.842461056280774168e-01
-1.842461056280774168e-01
-1.842461056280774168e-01
-1.842461056280774168e-01
-2.092182151902018117e-01
-2.092182151902018117e-01
-1.082951648171499581e-01
-3.091191399279789517e-02
-3.106425913410478315e-02
-8.037669965231623859e-02
-8.037669965231623859e-02
-8.037669965231623859e-02
-8.037669965231623859e-02
-8.037669965231623859e-02
-8.107049401358025487e-02
-8.107049401358025487e-02
-9.402817909393892948e-02
-9.003230308255547043e-02
-9.003230308255547043e-02
-9.669081430818109169e-02
-9.669081430818109169e-02
-2.175604009263601979e-01
-2.175604009263601979e-01
-2.175604009263601979e-01
-1.975336961490929966e-01
-8.134148573328385534e-02
-8.134148573328385534e-02
-2.629723912728220217e-02
-2.788942321479662145e-02
-1.320558427396741341e-01
-1.320558427396741341e-01
-1.320558427396741341e-01
-1.284284926737243593e-01
-9.285513290255748009e-02
-5.545620281199423879e-02
-6.479717235492246652e-02
-6.479717235492246652e-02
-2.883066695689243120e-01
-2.883066695689243120e-01
-2.820006292135264214e-01
-7.801025706996880804e-02
-7.801025706996880804e-02
-7.882648740626201078e-02
-7.882648740626201078e-02
-7.882648740626201078e-02
-7.882648740626201078e-02
-8.237466614971196421e-02
-8.237466614971196421e-02
-8.237466614971196421e-02
-8.237466614971196421e-02
-8.237466614971196421e-02
-8.237466614971196421e-02
-8.237466614971196421e-02
-7.929206321845774785e-02
-7.871116723430771067e-02
-7.871116723430771067e-02
-7.871116723430771067e-02
-7.821030444670361292e-02
-7.821030444670361292e-02
-3.800976729415798255e-02
-3.800976729415798255e-02
-3.800976729415798255e-02
3.135090704515832577e-02
3.155014953125503258e-02
3.155014953125503258e-02
-6.872569397804158264e-02
-6.872569397804158264e-02
-6.872569397804158264e-02
-6.865404446539868921e-02
-1.019726135192819960e-01
-1.019726135192819960e-01
-1.019726135192819960e-01
-1.019726135192819960e-01
-1.019726135192819960e-01
-1.019726135192819960e-01
-1.019726135192819960e-01
-1.015994790407257348e-01
-1.015994790407257348e-01
-1.015994790407257348e-01
-1.030875864949782478e-01
-1.030875864949782478e-01
-1.030875864949782478e-01
-1.030875864949782478e-01
-1.021781740407414901e-01
-1.021781740407414901e-01
-1.021781740407414901e-01
-1.096637923106636575e-01
-1.096637923106636575e-01
-8.099827466685730060e-02
-8.099827466685730060e-02
-8.099827466685730060e-02
-7.861241498823147433e-02
-7.861241498823147433e-02
-7.861241498823147433e-02
-7.861241498823147433e-02
-7.861241498823147433e-02
-9.988353055248296031e-02
-9.988353055248296031e-02
-9.988353055248296031e-02
-1.010104059375266927e-01
-9.641774981701123348e-02
-1.005051625504320423e-01
-1.093153245248484479e-01
6.314505952949961420e-02
-7.259949728362190269e-02
-7.259949728362190269e-02
-7.259949728362190269e-02
-7.259949728362190269e-02
-7.259949728362190269e-02
-7.761445031795173588e-02
-7.761445031795173588e-02
-7.761445031795173588e-02
-7.761445031795173588e-02
-7.348997700054832327e-02
-7.348997700054832327e-02
-7.348997700054832327e-02
-7.348997700054832327e-02
-7.348997700054832327e-02
-7.348997700054832327e-02
-7.348997700054832327e-02
-7.348997700054832327e-02
-7.348997700054832327e-02
-7.348997700054832327e-02
-7.348997700054832327e-02
-7.348997700054832327e-02
-5.487052734449762020e-02
-5.487052734449762020e-02
-1.016734150126148983e-01
-1.016734150126148983e-01
-1.016734150126148983e-01
-1.016734150126148983e-01
-1.016734150126148983e-01
-9.470223582725451061e-02
-9.470223582725451061e-02
-9.470223582725451061e-02
-9.800460239441398380e-02
-9.800460239441398380e-02
-9.145361885969770233e-02
-9.145361885969770233e-02
-1.055879258402902809e-01
1.618077205654311901e-01
-6.999061166898241926e-02
-6.999061166898241926e-02
-5.191273944555686859e-02
-5.130803151978589188e-02
-5.130803151978589188e-02
-5.130803151978589188e-02
-7.403649062089208421e-02
-7.403649062089208421e-02
-7.552385016791450523e-02
-1.744365543981810929e-01
-1.687518183861362320e-01
-1.687518183861362320e-01
-1.687518183861362320e-01
-1.687518183861362320e-01
-1.687518183861362320e-01
-1.687518183861362320e-01
-1.882034466097960990e-01
-1.010248868460864868e-01
-1.010248868460864868e-01
-1.010248868460864868e-01
-1.010107478379747292e-01
-1.010107478379747292e-01
-8.546623684480129934e-02
-8.546623684480129934e-02
-8.546623684480129934e-02
-8.318266238354815600e-02
-8.992773140593650349e-02
-8.992773140593650349e-02
-9.120453013744682369e-02
-9.120453013744682369e-02
-9.120453013744682369e-02
-9.120453013744682369e-02
-9.120453013744682369e-02
-9.120453013744682369e-02
-9.120453013744682369e-02
-9.120453013744682369e-02
-1.018690889127851634e-01
-1.018690889127851634e-01
-1.018690889127851634e-01
-1.009493553387731252e-01
-1.009493553387731252e-01
-1.009493553387731252e-01
-1.009493553387731252e-01
-1.009493553387731252e-01
-1.009493553387731252e-01
-1.009493553387731252e-01
-1.009493553387731252e-01
-1.009493553387731252e-01
-1.009493553387731252e-01
-7.053488156763590422e-02
-7.053488156763590422e-02
-7.172792181230183695e-02
-7.172792181230183695e-02
-7.172792181230183695e-02
-9.829594431370211605e-02
1.806541849960560386e-01
1.806541849960560386e-01
1.806541849960560386e-01
1.781071691166602189e-01
1.781071691166602189e-01
1.781071691166602189e-01
1.817280373199491872e-01
-1.940806583282368436e-01
-1.940806583282368436e-01
-1.940806583282368436e-01
-1.940806583282368436e-01
-1.940806583282368436e-01
-1.940806583282368436e-01
-1.940806583282368436e-01
-1.940806583282368436e-01
-1.940806583282368436e-01
9.034260623085794972e-02
9.034260623085794972e-02
9.034260623085794972e-02
9.034260623085794972e-02
6.426947750507303048e-02
-7.671423356118210746e-02
-7.671423356118210746e-02
-7.671423356118210746e-02
-7.671423356118210746e-02
-7.671423356118210746e-02
-7.671423356118210746e-02
-6.980565064951749221e-02
-6.980565064951749221e-02
-2.204544030229630414e-01
-1.873052741327887460e-01
-2.175275784833481385e-01
-1.915083275698338805e-01
-1.915083275698338805e-01
-1.915083275698338805e-01
-9.626254125945198081e-02
-9.626254125945198081e-02
-9.626254125945198081e-02
-9.626254125945198081e-02
-9.626254125945198081e-02
-9.626254125945198081e-02
-8.713664134419442375e-02
-8.713664134419442375e-02
5.332916533399949949e-02
5.332916533399949949e-02
-2.811001204167907219e-01
-7.007300255403463296e-02
-7.007300255403463296e-02
-7.007300255403463296e-02
-2.724833173915943152e-01
-2.724833173915943152e-01
-1.500530549490656784e-01
-1.500530549490656784e-01
-1.500530549490656784e-01
-9.178705014872505508e-02
1.394060470633935178e-01
1.394060470633935178e-01
1.394060470633935178e-01
1.394060470633935178e-01
1.386780840261032655e-01
1.386780840261032655e-01
1.386780840261032655e-01
1.467525759572964605e-01
1.467525759572964605e-01
1.467525759572964605e-01
1.467525759572964605e-01
1.467525759572964605e-01
1.467525759572964605e-01
1.468197024119287653e-01
1.468197024119287653e-01
1.468197024119287653e-01
1.462237699309908712e-01
-1.807470537052555670e-01
-1.589170519981967789e-01
-1.589170519981967789e-01
-1.589170519981967789e-01
-1.589170519981967789e-01
-1.612536993810824992e-01
-2.165023187606330002e-01
-2.740174140175715214e-02
-2.740174140175715214e-02
-2.740174140175715214e-02
-2.740174140175715214e-02
-2.740174140175715214e-02
-9.264828313149184313e-02
-9.264828313149184313e-02
-7.327264228240937260e-02
5.543951379637417076e-02
-1.329550551638776501e-01
-1.329550551638776501e-01
-1.329550551638776501e-01
-1.306101024492748730e-01
-1.306101024492748730e-01
-1.306101024492748730e-01
-8.307945118579536381e-02
-8.307945118579536381e-02
-1.044297095808426612e-01
-1.044297095808426612e-01
-1.044297095808426612e-01
-1.044297095808426612e-01
-1.041917682377831583e-01
-9.811548498346973901e-02
-9.811548498346973901e-02
-9.811548498346973901e-02
-9.811548498346973901e-02
-9.675185778400866021e-02
-9.675185778400866021e-02
-9.675185778400866021e-02
-9.675185778400866021e-02
8.927112584132308737e-02
-9.042843748916859492e-02
-9.042843748916859492e-02
-9.042843748916859492e-02
-1.369468426157365859e-01
-1.377919065564813805e-01
-1.377919065564813805e-01
-1.377919065564813805e-01
-1.377919065564813805e-01
-6.439328108189439070e-02
8.312463902834496543e-02
7.819135746354126393e-02
8.048374298425750584e-02
-1.032764508778916679e-01
-1.032764508778916679e-01
-1.032764508778916679e-01
-1.032764508778916679e-01
-1.032764508778916679e-01
-1.424014796262489391e-01
-6.632150701081547528e-02
-9.721836669951050558e-02
-5.418106728370512826e-02
-8.435552337885358909e-02
-8.435552337885358909e-02
-8.435552337885358909e-02
-8.435552337885358909e-02
-8.435552337885358909e-02
-8.435552337885358909e-02
-8.435552337885358909e-02
-7.965352322129856666e-02
-8.807410388102267229e-02
-8.789847389461888372e-02
-8.789847389461888372e-02
-8.789847389461888372e-02
-8.789394371368232373e-02
-1.107482079338161229e-01
-1.120855230446299450e-01
-1.937661668994458408e-01
-1.937661668994458408e-01
-1.937661668994458408e-01
-1.099325260628249840e-01
-1.130370248686059231e-01
-6.103319032242375541e-02
-6.103319032242375541e-02
-1.125797828798312250e-01
-1.110703137705020549e-01
-1.090538917718380379e-01
-1.070234874694342697e-01
-1.004008757908531058e-01
-1.004008757908531058e-01
-9.997085050232779047e-02
-9.885534330718147300e-02
-9.885534330718147300e-02
-9.885534330718147300e-02
-9.885534330718147300e-02
-1.011168936812398972e-01
-1.431314513286714440e-01
-1.431314513286714440e-01
-8.547499804378239086e-02
-8.547499804378239086e-02
-8.547499804378239086e-02
-8.547499804378239086e-02
-7.723474850162265204e-02
-7.723474850162265204e-02
-7.723474850162265204e-02
-7.723474850162265204e-02
-7.723474850162265204e-02
-7.723474850162265204e-02
-7.723474850162265204e-02
-2.971932605393301854e-02
-2.971932605393301854e-02
-2.971932605393301854e-02
-2.602079231470082465e-01
-2.619688814046505776e-01
-2.619688814046505776e-01
-2.767802082557750953e-01
-2.767802082557750953e-01
-1.312322757896000336e-01
-9.655247283939193126e-02
-9.655247283939193126e-02
-9.655247283939193126e-02
-9.655247283939193126e-02
-9.655247283939193126e-02
-7.224389944887980863e-02
-7.224389944887980863e-02
-7.224389944887980863e-02
-7.383690623434734090e-02
-7.383690623434734090e-02
-7.383690623434734090e-02
-7.383690623434734090e-02
-8.176501491329637994e-02
-8.312537268972304549e-02
-8.312537268972304549e-02
-8.312537268972304549e-02
-8.312537268972304549e-02
-8.312537268972304549e-02
-8.312537268972304549e-02
-8.312537268972304549e-02
-5.884065397838789124e-02
-7.123135414907626195e-02
1.459160167901967231e-01
-1.687198222025402539e-01
-1.687198222025402539e-01
-1.687198222025402539e-01
-1.687198222025402539e-01
-1.687198222025402539e-01
-1.736912826507086838e-01
-1.824282636833920168e-01
-1.824282636833920168e-01
-1.824282636833920168e-01
-2.586485436951908856e-02
-2.586485436951908856e-02
-2.586485436951908856e-02
1.273276587061398790e-01
1.273276587061398790e-01
-9.863557254835023103e-02
-9.863557254835023103e-02
-9.863557254835023103e-02
-1.028354705291769922e-01
-1.100637802202432541e-01
-1.108753735317098837e-01
-1.108753735317098837e-01
-1.108753735317098837e-01
-1.099410735740260353e-01
-1.099410735740260353e-01
-1.099410735740260353e-01
-1.099410735740260353e-01
-1.099410735740260353e-01
-1.099410735740260353e-01
-1.099410735740260353e-01
-8.835200483894711798e-02
-9.358231241798764533e-02
-1.326657504014257527e-01
-2.317687720915099503e-01
-1.841728677029363381e-01
-1.841728677029363381e-01
-2.390873648696374143e-01
-1.246114163508150741e-01
-8.033238080673874015e-02
-8.033238080673874015e-02
-8.033238080673874015e-02
-7.793496774213946876e-02
-7.828089976629837299e-02
-1.498847686993688144e-01
-1.498847686993688144e-01
-1.498847686993688144e-01
-1.197844088419445507e-01
-9.566415849196978349e-02
-1.144756920934863059e-01
3.869015274722534953e-02
3.835140775540134966e-02
3.835140775540134966e-02
3.835140775540134966e-02
-1.989868585283851854e-01
-1.989868585283851854e-01
-2.380773197168601640e-01
1.784806668644425554e-01
1.784806668644425554e-01
1.784806668644425554e-01
1.784806668644425554e-01
1.784806668644425554e-01
-8.088342460801906109e-02
-1.969288885023580127e-01
-1.969288885023580127e-01
-1.969288885023580127e-01
-1.969288885023580127e-01
-1.969288885023580127e-01
-1.060975925644314644e-01
-1.060975925644314644e-01
-1.526565413857965126e-01
-1.850679488300593367e-01
-1.850679488300593367e-01
-1.627840030489642598e-01
-1.627840030489642598e-01
-1.627840030489642598e-01
-1.627840030489642598e-01
-1.168698642267551741e-01
-1.168698642267551741e-01
-8.737057247991543429e-02
-4.089111551272025386e-02
-4.089111551272025386e-02
-4.089111551272025386e-02
2.051576487648783254e-01
2.051576487648783254e-01
2.051576487648783254e-01
2.051576487648783254e-01
2.051576487648783254e-01
-8.169862924296814044e-02
-8.169862924296814044e-02
-8.169862924296814044e-02
-8.169862924296814044e-02
-8.169862924296814044e-02
-1.162558537596270342e-01
-1.162558537596270342e-01
-1.162558537596270342e-01
-1.162558537596270342e-01
-1.162558537596270342e-01
-1.162558537596270342e-01
-1.250778682829088995e-01
-1.250778682829088995e-01
-1.250778682829088995e-01
-9.252993571598716604e-02
-1.175970793568153344e-01
-1.175970793568153344e-01
-1.175970793568153344e-01
-1.163827558092587755e-01
-1.163827558092587755e-01
-1.163827558092587755e-01
-1.163827558092587755e-01
-1.163827558092587755e-01
-1.499091006145878424e-01
1.762353069011841356e-01
1.762353069011841356e-01
1.762353069011841356e-01
1.762353069011841356e-01
1.762353069011841356e-01
-1.149208535997635061e-01
-1.149208535997635061e-01
-1.149208535997635061e-01
-1.149208535997635061e-01
-8.288961808494582639e-02
-8.288961808494582639e-02
-4.240343023098677028e-02
-4.240343023098677028e-02
-7.947016486018382286e-02
-7.947016486018382286e-02
-7.947016486018382286e-02
-8.481722431930482919e-02
-8.481722431930482919e-02
-9.848040672834698639e-02
1.303907590660036697e-01
1.188744479224057293e-01
-1.072179789638883912e-01
-1.072179789638883912e-01
-1.072179789638883912e-01
-1.940193014436652486e-01
-1.285302507945729755e-01
-1.285302507945729755e-01
-7.636993268707742422e-02
-7.636993268707742422e-02
-7.636993268707742422e-02
-7.636993268707742422e-02
-7.636993268707742422e-02
-7.636993268707742422e-02
-8.652833634079300229e-02
-8.652833634079300229e-02
-7.701358164929522632e-02
-7.701358164929522632e-02
-7.701358164929522632e-02
-7.701358164929522632e-02
-7.701358164929522632e-02
-7.704052055543056388e-02
-7.704052055543056388e-02
-7.704052055543056388e-02
-7.628328941520266804e-02
-8.185296880355527605e-02
-8.185296880355527605e-02
-8.185296880355527605e-02
-8.185296880355527605e-02
-8.185296880355527605e-02
-7.672084363651092420e-02
-9.185985357538008211e-02
-9.185985357538008211e-02
-9.185985357538008211e-02
-9.185985357538008211e-02
-9.185985357538008211e-02
-9.185985357538008211e-02
-9.185985357538008211e-02
-9.185985357538008211e-02
-9.185985357538008211e-02
1.474554662950636023e-02
-1.331278146111030680e-01
-1.331278146111030680e-01
-1.354414691888579381e-01
-1.354414691888579381e-01
-1.354414691888579381e-01
-9.449821385781122240e-02
-9.449821385781122240e-02
-1.178961567737404209e-01
-1.178961567737404209e-01
-1.178961567737404209e-01
-1.178961567737404209e-01
-1.178961567737404209e-01
-1.194606576093524067e-02
-1.194606576093524067e-02
-1.194606576093524067e-02
-1.194606576093524067e-02
-1.194606576093524067e-02
-1.194606576093524067e-02
-1.194606576093524067e-02
-9.634715449741647342e-02
6.610111388632489149e-03
6.610111388632489149e-03
-1.359056417846314924e-01
-1.072957898075220379e-01
-1.072957898075220379e-01
-1.273482439622824203e-01
-1.248522282330529337e-01
-1.248522282330529337e-01
-1.248522282330529337e-01
-1.334706267936735524e-01
1.681133620369730519e-01
1.706744385722946122e-01
1.178523365329829931e-01
-8.756090418558502841e-02
-9.584060049193766917e-02
-9.584060049193766917e-02
-1.257797471651839472e-01
-1.257797471651839472e-01
-1.257797471651839472e-01
-1.257797471651839472e-01
-1.128030723641069155e-01
-5.956742036411000890e-02
-5.956742036411000890e-02
-2.198096215155110889e-01
-2.198096215155110889e-01
-2.198096215155110889e-01
-2.198096215155110889e-01
-2.198096215155110889e-01
-2.261257336882742386e-01
-2.261257336882742386e-01
-2.701258853106380253e-01
-8.144922711197322140e-02
-1.047677921405485851e-01
-1.047677921405485851e-01
-1.367897678515651305e-01
-1.367897678515651305e-01
-1.367897678515651305e-01
2.448979344924138990e-01
2.448979344924138990e-01
2.448979344924138990e-01
2.448979344924138990e-01
-1.224647516502248984e-01
-1.224647516502248984e-01
-1.251399089683765953e-01
