# Variable: dg_gbsa_00000012
# Sample shape: (2000,)
# Date: 2014-03-03 06:24:08.882118
-6.158000310565955315e-01
-6.158000310565955315e-01
-6.158000310565955315e-01
-6.158000310565955315e-01
-6.158000310565955315e-01
-6.158000310565955315e-01
-6.158000310565955315e-01
-6.158000310565955315e-01
-6.158000310565955315e-01
-6.158000310565955315e-01
-6.158000310565955315e-01
-6.158000310565955315e-01
-4.144119202064966423e-01
-4.144119202064966423e-01
-4.144119202064966423e-01
-4.144119202064966423e-01
-4.144119202064966423e-01
-4.144119202064966423e-01
-4.144119202064966423e-01
-4.144119202064966423e-01
-4.144119202064966423e-01
-4.144119202064966423e-01
-4.144119202064966423e-01
-4.076149677911178326e-01
-4.076149677911178326e-01
-4.076149677911178326e-01
-4.076149677911178326e-01
-4.076149677911178326e-01
-4.076149677911178326e-01
-4.076149677911178326e-01
-4.076149677911178326e-01
-4.076149677911178326e-01
-4.076149677911178326e-01
-4.947439662357133172e-01
-4.947439662357133172e-01
-4.947439662357133172e-01
-4.947439662357133172e-01
-4.947439662357133172e-01
-4.947439662357133172e-01
-4.947439662357133172e-01
-4.947439662357133172e-01
-4.947439662357133172e-01
-4.947439662357133172e-01
-4.947439662357133172e-01
-4.947439662357133172e-01
-4.997469954919176449e-01
-4.997469954919176449e-01
-4.997469954919176449e-01
-4.997469954919176449e-01
-4.997469954919176449e-01
-4.997469954919176449e-01
-4.997469954919176449e-01
-4.997469954919176449e-01
-4.997469954919176449e-01
-4.997469954919176449e-01
-4.997469954919176449e-01
-4.962924333648973119e-01
-4.962924333648973119e-01
-1.793763463173496109e-01
-1.793763463173496109e-01
-1.793763463173496109e-01
-1.793763463173496109e-01
-1.793763463173496109e-01
-1.793763463173496109e-01
-1.793763463173496109e-01
-1.793763463173496109e-01
-1.793763463173496109e-01
-1.793763463173496109e-01
-1.793763463173496109e-01
-1.793763463173496109e-01
-1.793763463173496109e-01
-1.793763463173496109e-01
-1.793763463173496109e-01
-1.793763463173496109e-01
-1.793763463173496109e-01
-1.793763463173496109e-01
-1.793763463173496109e-01
-1.793763463173496109e-01
-1.793763463173496109e-01
-3.009468430998676336e-01
-3.009468430998676336e-01
-3.009468430998676336e-01
-3.009468430998676336e-01
-3.009468430998676336e-01
-3.009468430998676336e-01
-3.009468430998676336e-01
-3.009468430998676336e-01
-3.009468430998676336e-01
-3.009468430998676336e-01
-2.722139568219449357e-01
-2.722139568219449357e-01
-2.722139568219449357e-01
-2.722139568219449357e-01
-2.722139568219449357e-01
-2.722139568219449357e-01
-2.722139568219449357e-01
-2.722139568219449357e-01
-2.722139568219449357e-01
-2.722139568219449357e-01
-2.722139568219449357e-01
-2.722139568219449357e-01
-2.722139568219449357e-01
-2.722139568219449357e-01
-2.722139568219449357e-01
-2.722139568219449357e-01
-2.722139568219449357e-01
-2.722139568219449357e-01
-2.722139568219449357e-01
-2.722139568219449357e-01
-2.722139568219449357e-01
-2.722139568219449357e-01
-2.722139568219449357e-01
-2.722139568219449357e-01
-2.722139568219449357e-01
-2.722139568219449357e-01
-2.722139568219449357e-01
-2.722139568219449357e-01
-2.722139568219449357e-01
-2.722139568219449357e-01
-2.722139568219449357e-01
-2.722139568219449357e-01
-2.722139568219449357e-01
-2.722139568219449357e-01
-2.722139568219449357e-01
-2.722139568219449357e-01
-2.722139568219449357e-01
-2.722139568219449357e-01
-2.722139568219449357e-01
-2.722139568219449357e-01
-2.722139568219449357e-01
-2.722139568219449357e-01
-2.722139568219449357e-01
-2.722139568219449357e-01
-2.722139568219449357e-01
-2.722139568219449357e-01
-2.722139568219449357e-01
-2.722139568219449357e-01
-2.722139568219449357e-01
-2.722139568219449357e-01
-2.722139568219449357e-01
-2.722139568219449357e-01
-2.722139568219449357e-01
-2.722139568219449357e-01
-2.722139568219449357e-01
-2.722139568219449357e-01
-2.722139568219449357e-01
-2.722139568219449357e-01
-2.722139568219449357e-01
-2.722139568219449357e-01
-2.722139568219449357e-01
-2.722139568219449357e-01
-2.722139568219449357e-01
-2.722139568219449357e-01
-2.722139568219449357e-01
-2.722139568219449357e-01
-2.722139568219449357e-01
-2.722139568219449357e-01
-2.722139568219449357e-01
-2.722139568219449357e-01
-2.722139568219449357e-01
-2.722139568219449357e-01
-2.722139568219449357e-01
-2.722139568219449357e-01
-2.722139568219449357e-01
-2.722139568219449357e-01
-2.722139568219449357e-01
-2.722139568219449357e-01
-2.722139568219449357e-01
-2.722139568219449357e-01
-2.722139568219449357e-01
-2.722139568219449357e-01
-2.722139568219449357e-01
-2.722139568219449357e-01
-2.722139568219449357e-01
-2.722139568219449357e-01
-2.722139568219449357e-01
-2.722139568219449357e-01
-2.722139568219449357e-01
-2.722139568219449357e-01
-2.722139568219449357e-01
-2.722139568219449357e-01
-2.722139568219449357e-01
-2.722139568219449357e-01
-2.722139568219449357e-01
-2.722139568219449357e-01
-2.722139568219449357e-01
-2.722139568219449357e-01
-2.722139568219449357e-01
-2.722139568219449357e-01
-2.722139568219449357e-01
-2.722139568219449357e-01
-2.722139568219449357e-01
-2.722139568219449357e-01
-2.722139568219449357e-01
-2.722139568219449357e-01
-2.722139568219449357e-01
-2.722139568219449357e-01
-2.722139568219449357e-01
-2.722139568219449357e-01
-2.722139568219449357e-01
-2.722139568219449357e-01
-2.713398883265245587e-01
-2.713398883265245587e-01
-2.713398883265245587e-01
-2.713398883265245587e-01
-2.713398883265245587e-01
-2.713398883265245587e-01
-2.713398883265245587e-01
-2.713398883265245587e-01
-2.927377848506657609e-01
-2.927377848506657609e-01
-2.927377848506657609e-01
-2.927377848506657609e-01
-2.927377848506657609e-01
-2.927377848506657609e-01
-2.927377848506657609e-01
-2.927377848506657609e-01
-2.927377848506657609e-01
-2.927377848506657609e-01
-2.927377848506657609e-01
-2.927377848506657609e-01
-2.927377848506657609e-01
-2.927377848506657609e-01
-2.927377848506657609e-01
-2.927377848506657609e-01
-2.927377848506657609e-01
-2.927377848506657609e-01
-2.927377848506657609e-01
-2.927377848506657609e-01
-2.927377848506657609e-01
-2.927377848506657609e-01
-2.066236751485281131e-01
-2.066236751485281131e-01
-2.066236751485281131e-01
-2.066236751485281131e-01
-2.066236751485281131e-01
-2.066236751485281131e-01
-2.066236751485281131e-01
-2.066236751485281131e-01
-2.066236751485281131e-01
-2.066236751485281131e-01
-2.066236751485281131e-01
-2.066236751485281131e-01
-2.066236751485281131e-01
-2.066236751485281131e-01
-2.066236751485281131e-01
-2.066236751485281131e-01
-2.066236751485281131e-01
-2.066236751485281131e-01
-2.066236751485281131e-01
-2.066236751485281131e-01
-2.066236751485281131e-01
-2.066236751485281131e-01
-2.066236751485281131e-01
-2.066236751485281131e-01
-2.066236751485281131e-01
-2.066236751485281131e-01
-2.066236751485281131e-01
-2.066236751485281131e-01
-2.066236751485281131e-01
-2.308230896980766889e-01
-2.308230896980766889e-01
-2.308230896980766889e-01
-2.308230896980766889e-01
-2.308230896980766889e-01
-2.308230896980766889e-01
-2.308230896980766889e-01
-2.308230896980766889e-01
-2.308230896980766889e-01
-2.308230896980766889e-01
-2.308230896980766889e-01
-2.308230896980766889e-01
-2.308230896980766889e-01
-2.308230896980766889e-01
-2.308230896980766889e-01
-2.308230896980766889e-01
-2.308230896980766889e-01
-2.308230896980766889e-01
-2.308230896980766889e-01
-2.308230896980766889e-01
-2.308230896980766889e-01
-2.308230896980766889e-01
-2.308230896980766889e-01
-2.308230896980766889e-01
-2.308230896980766889e-01
-2.308230896980766889e-01
-2.308230896980766889e-01
-2.308230896980766889e-01
-2.308230896980766889e-01
-2.308230896980766889e-01
-2.308230896980766889e-01
-2.308230896980766889e-01
-2.308230896980766889e-01
-2.308230896980766889e-01
-2.308230896980766889e-01
-2.308230896980766889e-01
-2.308230896980766889e-01
-2.308230896980766889e-01
-2.308230896980766889e-01
-2.308230896980766889e-01
-2.308230896980766889e-01
-2.308230896980766889e-01
-2.308230896980766889e-01
-2.308230896980766889e-01
-2.308230896980766889e-01
-2.308230896980766889e-01
-2.308230896980766889e-01
-2.308230896980766889e-01
-2.308230896980766889e-01
-2.308230896980766889e-01
-2.308230896980766889e-01
-2.595927017824599670e-01
-2.595927017824599670e-01
-2.595927017824599670e-01
-2.595927017824599670e-01
-2.595927017824599670e-01
-2.595927017824599670e-01
-2.595927017824599670e-01
-2.595927017824599670e-01
-2.595927017824599670e-01
-2.595927017824599670e-01
-2.595927017824599670e-01
-2.595927017824599670e-01
-2.595927017824599670e-01
-2.595927017824599670e-01
-2.595927017824599670e-01
-2.595927017824599670e-01
-2.595927017824599670e-01
-2.595927017824599670e-01
-2.595927017824599670e-01
-2.595927017824599670e-01
-2.595927017824599670e-01
-2.595927017824599670e-01
-2.595927017824599670e-01
-2.595927017824599670e-01
-2.595927017824599670e-01
-2.595927017824599670e-01
-2.595927017824599670e-01
-2.595927017824599670e-01
-3.180125475385676692e-01
-3.180125475385676692e-01
-3.180125475385676692e-01
-3.180125475385676692e-01
-3.180125475385676692e-01
-3.180125475385676692e-01
-3.180125475385676692e-01
-3.180125475385676692e-01
-1.134720433282578600e-01
-1.134720433282578600e-01
-1.134720433282578600e-01
-1.134720433282578600e-01
-1.134720433282578600e-01
-1.134720433282578600e-01
-1.134720433282578600e-01
-1.134720433282578600e-01
-1.134720433282578600e-01
-1.134720433282578600e-01
-1.134720433282578600e-01
-1.134720433282578600e-01
-1.194267311128101999e-01
-1.194267311128101999e-01
-1.194267311128101999e-01
-1.194267311128101999e-01
-1.194267311128101999e-01
-1.194267311128101999e-01
-1.824726110206735252e-01
-1.824726110206735252e-01
-1.824726110206735252e-01
-1.824726110206735252e-01
-1.824726110206735252e-01
-1.824726110206735252e-01
-1.824726110206735252e-01
-1.824726110206735252e-01
-1.824726110206735252e-01
-1.824726110206735252e-01
-1.824726110206735252e-01
-1.824726110206735252e-01
-1.824726110206735252e-01
-1.824726110206735252e-01
-1.824726110206735252e-01
-1.824726110206735252e-01
-1.824726110206735252e-01
-1.824726110206735252e-01
-1.824726110206735252e-01
-1.824726110206735252e-01
-1.824726110206735252e-01
-1.824726110206735252e-01
-1.824726110206735252e-01
-1.824726110206735252e-01
-1.824726110206735252e-01
-1.824726110206735252e-01
-1.824726110206735252e-01
-1.824726110206735252e-01
-1.824726110206735252e-01
-1.824726110206735252e-01
-1.824726110206735252e-01
-1.824726110206735252e-01
-1.824726110206735252e-01
-1.977499196907758217e-01
-2.234286235121878128e-01
-2.234286235121878128e-01
-2.234286235121878128e-01
-2.234286235121878128e-01
-2.234286235121878128e-01
-2.234286235121878128e-01
-2.234286235121878128e-01
-2.234286235121878128e-01
-2.234286235121878128e-01
-2.234286235121878128e-01
-2.234286235121878128e-01
-2.234286235121878128e-01
-2.234286235121878128e-01
-2.234286235121878128e-01
-2.234286235121878128e-01
-2.234286235121878128e-01
-2.234286235121878128e-01
-2.234286235121878128e-01
-2.234286235121878128e-01
-2.234286235121878128e-01
-2.234286235121878128e-01
-2.234286235121878128e-01
-2.234286235121878128e-01
-2.234286235121878128e-01
-2.234286235121878128e-01
-2.234286235121878128e-01
-2.234286235121878128e-01
-2.234286235121878128e-01
-2.234286235121878128e-01
-2.234286235121878128e-01
-2.234286235121878128e-01
-2.234286235121878128e-01
-2.234286235121878128e-01
-2.234286235121878128e-01
-2.234286235121878128e-01
-2.234286235121878128e-01
-2.234286235121878128e-01
-2.234286235121878128e-01
-2.234286235121878128e-01
-2.234286235121878128e-01
-2.234286235121878128e-01
-2.234286235121878128e-01
-2.234286235121878128e-01
-2.234286235121878128e-01
-2.234286235121878128e-01
-2.234286235121878128e-01
-2.074475412614942560e-01
-2.074475412614942560e-01
-2.074475412614942560e-01
-2.074475412614942560e-01
-2.074475412614942560e-01
-2.074475412614942560e-01
-2.074475412614942560e-01
-2.074475412614942560e-01
-2.074475412614942560e-01
-2.074475412614942560e-01
-2.074475412614942560e-01
-2.074475412614942560e-01
-2.074475412614942560e-01
-2.074475412614942560e-01
-1.376118674788830432e-01
-1.376118674788830432e-01
-1.376118674788830432e-01
-1.376118674788830432e-01
-1.376118674788830432e-01
-1.376118674788830432e-01
-1.376118674788830432e-01
-1.376118674788830432e-01
-1.376118674788830432e-01
-1.376118674788830432e-01
-1.376118674788830432e-01
-1.376118674788830432e-01
-1.376118674788830432e-01
-1.376118674788830432e-01
-1.376118674788830432e-01
-1.376118674788830432e-01
-1.376118674788830432e-01
-1.376118674788830432e-01
-1.376118674788830432e-01
-1.376118674788830432e-01
-1.376118674788830432e-01
-1.376118674788830432e-01
-1.376118674788830432e-01
-1.376118674788830432e-01
-1.376118674788830432e-01
-1.376118674788830432e-01
-1.376118674788830432e-01
-1.376118674788830432e-01
-1.376118674788830432e-01
-1.376118674788830432e-01
-1.506928219166130123e-01
-1.506928219166130123e-01
-1.506928219166130123e-01
-1.506928219166130123e-01
-1.506928219166130123e-01
-1.506928219166130123e-01
-1.506928219166130123e-01
-1.506928219166130123e-01
-1.506928219166130123e-01
-1.506928219166130123e-01
-1.506928219166130123e-01
-1.506928219166130123e-01
-1.506928219166130123e-01
-2.152908799981067822e-01
-2.152908799981067822e-01
-2.152908799981067822e-01
-2.152908799981067822e-01
-2.152908799981067822e-01
-2.152908799981067822e-01
-2.152908799981067822e-01
-2.152908799981067822e-01
-2.152908799981067822e-01
-2.152908799981067822e-01
-2.152908799981067822e-01
-2.152908799981067822e-01
-2.152908799981067822e-01
-2.152908799981067822e-01
-2.152908799981067822e-01
-2.152908799981067822e-01
-2.152908799981067822e-01
-2.152908799981067822e-01
-2.152908799981067822e-01
-2.152908799981067822e-01
-2.152908799981067822e-01
-2.152908799981067822e-01
-2.152908799981067822e-01
-2.152908799981067822e-01
-2.152908799981067822e-01
-2.152908799981067822e-01
-2.152908799981067822e-01
-2.152908799981067822e-01
-2.152908799981067822e-01
-2.152908799981067822e-01
-2.152908799981067822e-01
-2.152908799981067822e-01
-2.152908799981067822e-01
-2.152908799981067822e-01
-2.152908799981067822e-01
-2.152908799981067822e-01
-2.152908799981067822e-01
-2.152908799981067822e-01
-2.152908799981067822e-01
-2.152908799981067822e-01
-2.152908799981067822e-01
-2.152908799981067822e-01
-2.152908799981067822e-01
-2.152908799981067822e-01
-2.152908799981067822e-01
-2.152908799981067822e-01
-2.152908799981067822e-01
-2.152908799981067822e-01
-2.152908799981067822e-01
-2.152908799981067822e-01
-2.152908799981067822e-01
-2.152908799981067822e-01
-2.152908799981067822e-01
-2.152908799981067822e-01
-2.152908799981067822e-01
-2.152908799981067822e-01
-2.152908799981067822e-01
-2.152908799981067822e-01
-2.152908799981067822e-01
-2.152908799981067822e-01
-2.152908799981067822e-01
-2.152908799981067822e-01
-2.152908799981067822e-01
-2.152908799981067822e-01
-2.152908799981067822e-01
-2.152908799981067822e-01
-2.152908799981067822e-01
-2.152908799981067822e-01
-2.152908799981067822e-01
-2.152908799981067822e-01
-2.152908799981067822e-01
-2.152908799981067822e-01
-2.152908799981067822e-01
-2.152908799981067822e-01
-2.152908799981067822e-01
-2.152908799981067822e-01
-2.152908799981067822e-01
-2.152908799981067822e-01
-2.152908799981067822e-01
-2.152908799981067822e-01
-2.152908799981067822e-01
-2.152908799981067822e-01
-2.152908799981067822e-01
-2.152908799981067822e-01
-2.152908799981067822e-01
-2.152908799981067822e-01
-2.152908799981067822e-01
-2.152908799981067822e-01
-2.152908799981067822e-01
-2.152908799981067822e-01
-2.152908799981067822e-01
-2.152908799981067822e-01
-2.152908799981067822e-01
-2.152908799981067822e-01
-2.152908799981067822e-01
-2.152908799981067822e-01
-1.490811744338011724e-01
-1.490811744338011724e-01
-1.490811744338011724e-01
-1.490811744338011724e-01
-1.490811744338011724e-01
-1.490811744338011724e-01
-1.490811744338011724e-01
-1.490811744338011724e-01
-1.490811744338011724e-01
-1.490811744338011724e-01
-1.490811744338011724e-01
-1.490811744338011724e-01
-1.490811744338011724e-01
-1.490811744338011724e-01
-1.490811744338011724e-01
-1.490811744338011724e-01
-1.490811744338011724e-01
-1.490811744338011724e-01
-1.490811744338011724e-01
-1.490811744338011724e-01
-1.490811744338011724e-01
-1.490811744338011724e-01
-1.490811744338011724e-01
-1.490811744338011724e-01
-1.677731853370228732e-01
-1.677731853370228732e-01
-1.677731853370228732e-01
-1.677731853370228732e-01
-1.677731853370228732e-01
-1.677731853370228732e-01
-1.677731853370228732e-01
-1.677731853370228732e-01
-1.677731853370228732e-01
-1.677731853370228732e-01
-1.677731853370228732e-01
-1.677731853370228732e-01
-1.677731853370228732e-01
-1.677731853370228732e-01
-1.677731853370228732e-01
-1.677731853370228732e-01
-1.677731853370228732e-01
-1.677731853370228732e-01
-1.677731853370228732e-01
-1.677731853370228732e-01
-1.677731853370228732e-01
-1.459041215037752415e-01
-1.459041215037752415e-01
-1.459041215037752415e-01
-1.459041215037752415e-01
-1.459041215037752415e-01
-1.459041215037752415e-01
-1.459041215037752415e-01
-1.459041215037752415e-01
-1.459041215037752415e-01
-1.459041215037752415e-01
-1.459041215037752415e-01
-1.459041215037752415e-01
-1.459041215037752415e-01
-1.459041215037752415e-01
-1.459041215037752415e-01
-1.459041215037752415e-01
-1.459041215037752415e-01
-1.459041215037752415e-01
-1.459041215037752415e-01
-1.459041215037752415e-01
-1.459041215037752415e-01
-1.459041215037752415e-01
-1.459041215037752415e-01
-1.459041215037752415e-01
-1.459041215037752415e-01
-1.459041215037752415e-01
-1.459041215037752415e-01
-1.459041215037752415e-01
-1.459041215037752415e-01
-1.459041215037752415e-01
-1.459041215037752415e-01
-1.459041215037752415e-01
-1.459041215037752415e-01
-1.459041215037752415e-01
-1.459041215037752415e-01
-1.459041215037752415e-01
-1.459041215037752415e-01
-1.459041215037752415e-01
-1.459041215037752415e-01
-1.459041215037752415e-01
-1.459041215037752415e-01
-1.459041215037752415e-01
-1.459041215037752415e-01
-1.459041215037752415e-01
-1.459041215037752415e-01
-1.459041215037752415e-01
-1.459041215037752415e-01
-1.459041215037752415e-01
-1.459041215037752415e-01
-1.459041215037752415e-01
-1.459041215037752415e-01
-1.459041215037752415e-01
-1.459041215037752415e-01
-1.459041215037752415e-01
-1.459041215037752415e-01
-1.459041215037752415e-01
-1.459041215037752415e-01
-1.459041215037752415e-01
-1.459041215037752415e-01
-1.459041215037752415e-01
-1.459041215037752415e-01
-1.459041215037752415e-01
-1.459041215037752415e-01
-1.459041215037752415e-01
-1.459041215037752415e-01
-1.459041215037752415e-01
-1.459041215037752415e-01
-1.459041215037752415e-01
-1.459041215037752415e-01
-1.459041215037752415e-01
-1.459041215037752415e-01
-1.459041215037752415e-01
-1.459041215037752415e-01
-1.459041215037752415e-01
-1.459041215037752415e-01
-1.459041215037752415e-01
-1.459041215037752415e-01
-1.459041215037752415e-01
-1.459041215037752415e-01
-1.459041215037752415e-01
-1.459041215037752415e-01
-1.459041215037752415e-01
-1.459041215037752415e-01
-1.459041215037752415e-01
-1.459041215037752415e-01
-1.459041215037752415e-01
-1.459041215037752415e-01
-1.459041215037752415e-01
-1.459041215037752415e-01
-1.459041215037752415e-01
-1.459041215037752415e-01
-1.011724525040467865e-01
-1.011724525040467865e-01
-1.011724525040467865e-01
-1.011724525040467865e-01
-1.011724525040467865e-01
-1.011724525040467865e-01
-1.011724525040467865e-01
-1.011724525040467865e-01
-1.011724525040467865e-01
-1.011724525040467865e-01
-1.011724525040467865e-01
-1.011724525040467865e-01
-1.011724525040467865e-01
-1.011724525040467865e-01
-1.011724525040467865e-01
-1.011724525040467865e-01
-1.011724525040467865e-01
-1.011724525040467865e-01
-1.011724525040467865e-01
-1.011724525040467865e-01
-1.011724525040467865e-01
-1.011724525040467865e-01
-1.011724525040467865e-01
-1.011724525040467865e-01
-1.011724525040467865e-01
-1.011724525040467865e-01
-1.011724525040467865e-01
-1.011724525040467865e-01
-1.011724525040467865e-01
-1.011724525040467865e-01
-1.011724525040467865e-01
-1.011724525040467865e-01
-1.011724525040467865e-01
-1.011724525040467865e-01
-1.011724525040467865e-01
-1.011724525040467865e-01
-1.011724525040467865e-01
-1.011724525040467865e-01
-1.011724525040467865e-01
-1.011724525040467865e-01
-1.011724525040467865e-01
-1.011724525040467865e-01
-1.011724525040467865e-01
-1.011724525040467865e-01
-1.011724525040467865e-01
-1.011724525040467865e-01
-1.011724525040467865e-01
-1.011724525040467865e-01
-1.011724525040467865e-01
-1.374338513122689842e-01
-1.374338513122689842e-01
-1.374338513122689842e-01
-1.374338513122689842e-01
-1.374338513122689842e-01
-1.374338513122689842e-01
-1.374338513122689842e-01
-1.374338513122689842e-01
-1.374338513122689842e-01
-1.374338513122689842e-01
-1.374338513122689842e-01
-1.374338513122689842e-01
-1.374338513122689842e-01
-1.374338513122689842e-01
-1.374338513122689842e-01
-1.374338513122689842e-01
-1.374338513122689842e-01
-1.374338513122689842e-01
-1.374338513122689842e-01
-1.374338513122689842e-01
-1.374338513122689842e-01
-1.374338513122689842e-01
-1.374338513122689842e-01
-1.374338513122689842e-01
-1.374338513122689842e-01
-1.374338513122689842e-01
-1.374338513122689842e-01
-1.374338513122689842e-01
-1.374338513122689842e-01
-1.374338513122689842e-01
-1.106225951337905383e-01
-1.106225951337905383e-01
-1.106225951337905383e-01
-1.106225951337905383e-01
-1.106225951337905383e-01
-1.106225951337905383e-01
-1.106225951337905383e-01
-1.106225951337905383e-01
-1.106225951337905383e-01
-1.106225951337905383e-01
-1.106225951337905383e-01
-1.106225951337905383e-01
-1.106225951337905383e-01
-1.106225951337905383e-01
-1.106225951337905383e-01
-1.106225951337905383e-01
-1.106225951337905383e-01
-1.106225951337905383e-01
-1.106225951337905383e-01
-1.106225951337905383e-01
-1.106225951337905383e-01
-1.106225951337905383e-01
-1.368107234998597044e-01
-1.363695294633650024e-01
-1.363695294633650024e-01
-1.153925693741719993e-01
-1.153925693741719993e-01
-1.153925693741719993e-01
-1.153925693741719993e-01
-1.153925693741719993e-01
-1.153925693741719993e-01
-1.153925693741719993e-01
-1.153925693741719993e-01
-1.153925693741719993e-01
-1.153925693741719993e-01
-1.153925693741719993e-01
-1.153925693741719993e-01
-1.153925693741719993e-01
-1.153925693741719993e-01
-1.153925693741719993e-01
-1.153925693741719993e-01
-1.153925693741719993e-01
-1.153925693741719993e-01
-1.153925693741719993e-01
-1.153925693741719993e-01
-1.153925693741719993e-01
-1.153925693741719993e-01
-1.153925693741719993e-01
-1.153925693741719993e-01
-1.153925693741719993e-01
-1.153925693741719993e-01
-1.153925693741719993e-01
-1.153925693741719993e-01
-1.153925693741719993e-01
-1.153925693741719993e-01
-1.153925693741719993e-01
-1.153925693741719993e-01
-1.153925693741719993e-01
-1.153925693741719993e-01
-1.153925693741719993e-01
-1.153925693741719993e-01
-1.153925693741719993e-01
-1.153925693741719993e-01
-1.153925693741719993e-01
-1.153925693741719993e-01
-1.153925693741719993e-01
-1.153925693741719993e-01
-1.153925693741719993e-01
-1.153925693741719993e-01
-1.153925693741719993e-01
-1.153925693741719993e-01
-1.153925693741719993e-01
-1.153925693741719993e-01
-1.153925693741719993e-01
-1.153925693741719993e-01
-1.153925693741719993e-01
-1.153925693741719993e-01
-1.153925693741719993e-01
-1.153925693741719993e-01
-1.153925693741719993e-01
-1.153925693741719993e-01
-1.153925693741719993e-01
-1.153925693741719993e-01
-1.153925693741719993e-01
-1.153925693741719993e-01
-1.153925693741719993e-01
-1.153925693741719993e-01
-1.153925693741719993e-01
-1.153925693741719993e-01
-1.153925693741719993e-01
-1.153925693741719993e-01
-1.153925693741719993e-01
-1.153925693741719993e-01
-1.153925693741719993e-01
-1.153925693741719993e-01
-1.153925693741719993e-01
-1.153925693741719993e-01
-1.153925693741719993e-01
-1.153925693741719993e-01
-1.153925693741719993e-01
-1.153925693741719993e-01
-1.153925693741719993e-01
-1.153925693741719993e-01
-1.153925693741719993e-01
-1.153925693741719993e-01
-1.153925693741719993e-01
-1.153925693741719993e-01
-1.153925693741719993e-01
-1.153925693741719993e-01
-1.153925693741719993e-01
-1.153925693741719993e-01
-1.153925693741719993e-01
-1.153925693741719993e-01
-1.153925693741719993e-01
-1.153925693741719993e-01
-1.153925693741719993e-01
-1.153925693741719993e-01
-1.153925693741719993e-01
-1.153925693741719993e-01
-1.153925693741719993e-01
-1.153925693741719993e-01
-1.153925693741719993e-01
-1.153925693741719993e-01
-1.153925693741719993e-01
-1.153925693741719993e-01
-1.153925693741719993e-01
-1.153925693741719993e-01
-1.153925693741719993e-01
-1.153925693741719993e-01
-1.153925693741719993e-01
-1.153925693741719993e-01
-1.153925693741719993e-01
-8.769413851643155511e-02
-8.769413851643155511e-02
-8.769413851643155511e-02
-8.769413851643155511e-02
-8.769413851643155511e-02
-8.769413851643155511e-02
-8.769413851643155511e-02
-8.769413851643155511e-02
-8.769413851643155511e-02
-8.769413851643155511e-02
-8.769413851643155511e-02
-8.769413851643155511e-02
-8.769413851643155511e-02
-8.769413851643155511e-02
-8.769413851643155511e-02
-8.769413851643155511e-02
-8.769413851643155511e-02
-8.769413851643155511e-02
-8.769413851643155511e-02
-8.769413851643155511e-02
-8.769413851643155511e-02
-8.769413851643155511e-02
-8.769413851643155511e-02
-8.769413851643155511e-02
-8.769413851643155511e-02
-8.769413851643155511e-02
-8.769413851643155511e-02
-8.769413851643155511e-02
-8.769413851643155511e-02
-8.769413851643155511e-02
-8.769413851643155511e-02
-8.769413851643155511e-02
-8.769413851643155511e-02
-8.769413851643155511e-02
-8.769413851643155511e-02
-8.769413851643155511e-02
-8.769413851643155511e-02
-8.769413851643155511e-02
-8.769413851643155511e-02
-8.769413851643155511e-02
-8.769413851643155511e-02
-8.769413851643155511e-02
-8.769413851643155511e-02
-8.769413851643155511e-02
-8.769413851643155511e-02
-8.769413851643155511e-02
-8.769413851643155511e-02
-8.769413851643155511e-02
-8.769413851643155511e-02
-8.769413851643155511e-02
-8.769413851643155511e-02
-8.769413851643155511e-02
-8.769413851643155511e-02
-8.769413851643155511e-02
-8.769413851643155511e-02
-8.769413851643155511e-02
-8.769413851643155511e-02
-8.769413851643155511e-02
-8.769413851643155511e-02
-8.761392012380959937e-02
-8.761392012380959937e-02
-8.761392012380959937e-02
-8.761392012380959937e-02
-8.761392012380959937e-02
-8.761392012380959937e-02
-8.761392012380959937e-02
-8.761392012380959937e-02
-8.761392012380959937e-02
-8.761392012380959937e-02
-8.761392012380959937e-02
-8.761392012380959937e-02
-8.761392012380959937e-02
-8.761392012380959937e-02
-8.761392012380959937e-02
-8.761392012380959937e-02
-8.761392012380959937e-02
-8.761392012380959937e-02
-8.761392012380959937e-02
-8.761392012380959937e-02
-1.045602229539568523e-01
-1.045602229539568523e-01
-1.045602229539568523e-01
-1.045602229539568523e-01
-1.045602229539568523e-01
-1.045602229539568523e-01
-1.045602229539568523e-01
-1.045602229539568523e-01
-1.045602229539568523e-01
-1.045602229539568523e-01
-1.045602229539568523e-01
-1.045602229539568523e-01
-1.045602229539568523e-01
-1.045602229539568523e-01
-1.045602229539568523e-01
-1.045602229539568523e-01
-1.045602229539568523e-01
-1.045602229539568523e-01
-1.045602229539568523e-01
-1.045602229539568523e-01
-1.045602229539568523e-01
-1.045602229539568523e-01
-1.045602229539568523e-01
-1.045602229539568523e-01
-1.045602229539568523e-01
-1.045602229539568523e-01
-1.045602229539568523e-01
-1.045602229539568523e-01
-1.045602229539568523e-01
-1.045602229539568523e-01
-1.045602229539568523e-01
-1.045602229539568523e-01
-1.045602229539568523e-01
-1.045602229539568523e-01
-1.045602229539568523e-01
-1.045602229539568523e-01
-1.045602229539568523e-01
-1.045602229539568523e-01
-1.045602229539568523e-01
-1.045602229539568523e-01
-1.045602229539568523e-01
-1.045602229539568523e-01
-1.045602229539568523e-01
-1.045602229539568523e-01
-1.045602229539568523e-01
-1.045602229539568523e-01
-1.045602229539568523e-01
-1.045602229539568523e-01
-1.045602229539568523e-01
-1.045602229539568523e-01
-1.045602229539568523e-01
-1.045602229539568523e-01
-1.045602229539568523e-01
-1.045602229539568523e-01
-1.045602229539568523e-01
-1.045602229539568523e-01
-1.045602229539568523e-01
-1.045602229539568523e-01
-1.045602229539568523e-01
-1.045602229539568523e-01
-1.045602229539568523e-01
-1.045602229539568523e-01
-1.045602229539568523e-01
-1.045602229539568523e-01
-1.045602229539568523e-01
-9.970485195375081156e-02
-9.970485195375081156e-02
-9.970485195375081156e-02
-9.970485195375081156e-02
-9.970485195375081156e-02
-9.970485195375081156e-02
-9.970485195375081156e-02
-9.970485195375081156e-02
-9.970485195375081156e-02
-9.970485195375081156e-02
-9.970485195375081156e-02
-9.970485195375081156e-02
-9.970485195375081156e-02
-9.970485195375081156e-02
-9.970485195375081156e-02
-9.970485195375081156e-02
-9.970485195375081156e-02
-9.970485195375081156e-02
-9.970485195375081156e-02
-9.970485195375081156e-02
-9.970485195375081156e-02
-9.970485195375081156e-02
-9.970485195375081156e-02
-9.970485195375081156e-02
-9.970485195375081156e-02
-9.970485195375081156e-02
-9.970485195375081156e-02
-9.970485195375081156e-02
-9.970485195375081156e-02
-9.970485195375081156e-02
-9.970485195375081156e-02
-9.970485195375081156e-02
-9.970485195375081156e-02
-9.970485195375081156e-02
-9.970485195375081156e-02
-9.970485195375081156e-02
-9.970485195375081156e-02
-9.970485195375081156e-02
-9.970485195375081156e-02
-9.970485195375081156e-02
-9.970485195375081156e-02
-9.970485195375081156e-02
-9.970485195375081156e-02
-9.970485195375081156e-02
-9.970485195375081156e-02
-9.970485195375081156e-02
-9.970485195375081156e-02
-9.970485195375081156e-02
-9.970485195375081156e-02
-9.970485195375081156e-02
-9.970485195375081156e-02
-9.970485195375081156e-02
-9.970485195375081156e-02
-9.970485195375081156e-02
-9.970485195375081156e-02
-9.970485195375081156e-02
-9.970485195375081156e-02
-9.970485195375081156e-02
-9.970485195375081156e-02
-9.970485195375081156e-02
-9.970485195375081156e-02
-9.970485195375081156e-02
-9.970485195375081156e-02
-9.970485195375081156e-02
-9.970485195375081156e-02
-9.970485195375081156e-02
-9.970485195375081156e-02
-9.970485195375081156e-02
-9.970485195375081156e-02
-9.970485195375081156e-02
-9.970485195375081156e-02
-9.970485195375081156e-02
-9.970485195375081156e-02
-9.970485195375081156e-02
-9.970485195375081156e-02
-9.970485195375081156e-02
-9.970485195375081156e-02
-9.970485195375081156e-02
-9.970485195375081156e-02
-9.970485195375081156e-02
-9.970485195375081156e-02
-9.970485195375081156e-02
-9.970485195375081156e-02
-9.970485195375081156e-02
-9.970485195375081156e-02
-9.970485195375081156e-02
-9.970485195375081156e-02
-9.970485195375081156e-02
-9.970485195375081156e-02
-9.970485195375081156e-02
-9.970485195375081156e-02
-9.970485195375081156e-02
-9.970485195375081156e-02
-9.970485195375081156e-02
-9.970485195375081156e-02
-9.970485195375081156e-02
-9.970485195375081156e-02
-9.970485195375081156e-02
-9.970485195375081156e-02
-9.970485195375081156e-02
-9.970485195375081156e-02
-9.970485195375081156e-02
-9.970485195375081156e-02
-9.970485195375081156e-02
-9.970485195375081156e-02
-9.970485195375081156e-02
-9.970485195375081156e-02
-9.970485195375081156e-02
-9.970485195375081156e-02
-9.970485195375081156e-02
-9.970485195375081156e-02
-9.970485195375081156e-02
-9.970485195375081156e-02
-9.970485195375081156e-02
-9.970485195375081156e-02
-9.970485195375081156e-02
-9.970485195375081156e-02
-9.970485195375081156e-02
-1.022492323505262979e-01
-1.022492323505262979e-01
-1.022492323505262979e-01
-1.022492323505262979e-01
-1.022492323505262979e-01
-1.022492323505262979e-01
-9.767154149753869141e-02
-9.767154149753869141e-02
-9.767154149753869141e-02
-9.767154149753869141e-02
-9.767154149753869141e-02
-6.583812388361753865e-02
-6.583812388361753865e-02
-6.583812388361753865e-02
-6.523125771126829509e-02
-6.523125771126829509e-02
-6.523125771126829509e-02
-6.523125771126829509e-02
-6.523125771126829509e-02
-6.523125771126829509e-02
-6.523125771126829509e-02
-6.523125771126829509e-02
-6.523125771126829509e-02
-6.523125771126829509e-02
-6.523125771126829509e-02
-6.523125771126829509e-02
-6.523125771126829509e-02
-6.523125771126829509e-02
-6.523125771126829509e-02
-6.081901106050319888e-02
-6.081901106050319888e-02
-6.081901106050319888e-02
-1.057874959809830262e-01
-1.057874959809830262e-01
-1.057874959809830262e-01
-1.057874959809830262e-01
-1.057874959809830262e-01
-1.057874959809830262e-01
-1.057874959809830262e-01
-1.057874959809830262e-01
-1.057874959809830262e-01
-1.057874959809830262e-01
-1.192842013635325299e-01
-9.786492893846267249e-02
-9.786492893846267249e-02
-9.786492893846267249e-02
-9.786492893846267249e-02
-9.786492893846267249e-02
-9.786492893846267249e-02
-9.786492893846267249e-02
-9.786492893846267249e-02
-9.786492893846267249e-02
-9.786492893846267249e-02
-9.786492893846267249e-02
-9.786492893846267249e-02
-9.786492893846267249e-02
-9.786492893846267249e-02
-9.786492893846267249e-02
-9.786492893846267249e-02
-7.526091447751791230e-02
-7.526091447751791230e-02
-7.526091447751791230e-02
-7.526091447751791230e-02
-7.526091447751791230e-02
-7.526091447751791230e-02
-7.526091447751791230e-02
-7.526091447751791230e-02
-7.526091447751791230e-02
-7.526091447751791230e-02
-7.526091447751791230e-02
-7.526091447751791230e-02
-7.526091447751791230e-02
-7.526091447751791230e-02
-7.526091447751791230e-02
-7.526091447751791230e-02
-7.526091447751791230e-02
-7.526091447751791230e-02
-7.526091447751791230e-02
-7.526091447751791230e-02
-7.526091447751791230e-02
-7.526091447751791230e-02
-7.526091447751791230e-02
-7.526091447751791230e-02
-7.526091447751791230e-02
-7.526091447751791230e-02
-7.526091447751791230e-02
-7.526091447751791230e-02
-7.526091447751791230e-02
-7.526091447751791230e-02
-6.478122412360648452e-02
-6.478122412360648452e-02
-6.478122412360648452e-02
-6.478122412360648452e-02
-6.478122412360648452e-02
-6.478122412360648452e-02
-6.478122412360648452e-02
-6.478122412360648452e-02
-6.478122412360648452e-02
-6.478122412360648452e-02
-6.478122412360648452e-02
-6.478122412360648452e-02
-6.478122412360648452e-02
-7.463274363350001772e-02
-7.463274363350001772e-02
-7.463274363350001772e-02
-7.463274363350001772e-02
-7.463274363350001772e-02
-7.463274363350001772e-02
-7.463274363350001772e-02
-7.463274363350001772e-02
-7.463274363350001772e-02
-7.463274363350001772e-02
-7.463274363350001772e-02
-7.463274363350001772e-02
-7.463274363350001772e-02
-7.463274363350001772e-02
-7.463274363350001772e-02
-7.463274363350001772e-02
-7.463274363350001772e-02
-7.463274363350001772e-02
-7.463274363350001772e-02
-7.463274363350001772e-02
-7.463274363350001772e-02
-7.463274363350001772e-02
-7.463274363350001772e-02
-7.463274363350001772e-02
-7.463274363350001772e-02
-7.463274363350001772e-02
-7.463274363350001772e-02
-7.463274363350001772e-02
-7.463274363350001772e-02
-7.463274363350001772e-02
-7.463274363350001772e-02
-7.463274363350001772e-02
-7.463274363350001772e-02
-7.463274363350001772e-02
-7.463274363350001772e-02
-7.463274363350001772e-02
-7.463274363350001772e-02
-7.463274363350001772e-02
-7.463274363350001772e-02
-7.463274363350001772e-02
-7.463274363350001772e-02
-7.463274363350001772e-02
-7.463274363350001772e-02
-7.463274363350001772e-02
-7.463274363350001772e-02
-7.463274363350001772e-02
-1.197559313837930212e-01
-1.197559313837930212e-01
-1.197559313837930212e-01
-1.079054125522336260e-01
-1.079054125522336260e-01
-1.079054125522336260e-01
-1.079054125522336260e-01
-1.079054125522336260e-01
-1.079054125522336260e-01
-1.079054125522336260e-01
-1.079054125522336260e-01
-1.079054125522336260e-01
-1.079054125522336260e-01
-1.079054125522336260e-01
-1.079054125522336260e-01
-1.079054125522336260e-01
-1.079054125522336260e-01
-1.079054125522336260e-01
-1.079054125522336260e-01
-1.079054125522336260e-01
-1.079054125522336260e-01
-1.079054125522336260e-01
-1.079054125522336260e-01
-1.079054125522336260e-01
-1.079054125522336260e-01
-1.079054125522336260e-01
-1.079054125522336260e-01
-1.079054125522336260e-01
-1.079054125522336260e-01
-1.079054125522336260e-01
-1.079054125522336260e-01
-1.079054125522336260e-01
-1.079054125522336260e-01
-1.442449356128335247e-01
-1.442449356128335247e-01
-1.442449356128335247e-01
-1.442449356128335247e-01
-1.442449356128335247e-01
-1.442449356128335247e-01
-1.442449356128335247e-01
-1.255362428169177480e-01
-1.255362428169177480e-01
-1.255362428169177480e-01
-1.255362428169177480e-01
-1.114872613668897589e-01
-1.114872613668897589e-01
-1.114872613668897589e-01
-1.114872613668897589e-01
-1.114872613668897589e-01
-1.114872613668897589e-01
-1.114872613668897589e-01
-5.375084967617778375e-02
-5.375084967617778375e-02
-5.375084967617778375e-02
-5.375084967617778375e-02
-5.375084967617778375e-02
-5.375084967617778375e-02
-5.375084967617778375e-02
-5.375084967617778375e-02
-5.375084967617778375e-02
-5.375084967617778375e-02
-5.375084967617778375e-02
-5.375084967617778375e-02
-5.375084967617778375e-02
-5.375084967617778375e-02
-5.375084967617778375e-02
-5.375084967617778375e-02
-5.375084967617778375e-02
-5.375084967617778375e-02
-5.375084967617778375e-02
-5.375084967617778375e-02
-5.375084967617778375e-02
-5.375084967617778375e-02
-5.043823677996604055e-02
-5.043823677996604055e-02
-5.043823677996604055e-02
-5.043823677996604055e-02
-5.043823677996604055e-02
-5.043823677996604055e-02
-5.043823677996604055e-02
-5.043823677996604055e-02
-5.043823677996604055e-02
-5.043823677996604055e-02
-5.043823677996604055e-02
-5.215016437648131026e-02
-5.215016437648131026e-02
-5.215016437648131026e-02
-5.215016437648131026e-02
-5.215016437648131026e-02
-5.215016437648131026e-02
-5.215016437648131026e-02
-7.448966541892027005e-02
-7.448966541892027005e-02
-7.448966541892027005e-02
-7.448966541892027005e-02
-7.448966541892027005e-02
-7.448966541892027005e-02
-7.448966541892027005e-02
-7.448966541892027005e-02
-7.448966541892027005e-02
-7.448966541892027005e-02
-1.009298670132346976e-01
-1.009298670132346976e-01
-1.009298670132346976e-01
-1.009298670132346976e-01
-3.985506811857679466e-02
-9.421580408772819992e-02
-9.421580408772819992e-02
-9.421580408772819992e-02
-9.421580408772819992e-02
-9.421580408772819992e-02
-9.421580408772819992e-02
-9.421580408772819992e-02
-9.421580408772819992e-02
-9.421580408772819992e-02
-9.421580408772819992e-02
-9.421580408772819992e-02
-9.421580408772819992e-02
-9.421580408772819992e-02
-9.421580408772819992e-02
-9.421580408772819992e-02
-9.421580408772819992e-02
-9.421580408772819992e-02
-9.421580408772819992e-02
-9.421580408772819992e-02
-9.421580408772819992e-02
-9.421580408772819992e-02
-9.421580408772819992e-02
-9.421580408772819992e-02
-9.421580408772819992e-02
-9.421580408772819992e-02
-9.421580408772819992e-02
-7.838172478384086705e-02
-7.838172478384086705e-02
-7.838172478384086705e-02
-7.838172478384086705e-02
-7.838172478384086705e-02
-7.838172478384086705e-02
-7.838172478384086705e-02
-7.838172478384086705e-02
-7.838172478384086705e-02
-7.838172478384086705e-02
-7.838172478384086705e-02
-7.838172478384086705e-02
-7.838172478384086705e-02
-7.838172478384086705e-02
-7.838172478384086705e-02
-7.838172478384086705e-02
-7.838172478384086705e-02
-7.838172478384086705e-02
-7.838172478384086705e-02
-7.838172478384086705e-02
-7.838172478384086705e-02
-7.838172478384086705e-02
-7.838172478384086705e-02
-7.838172478384086705e-02
-7.838172478384086705e-02
-7.838172478384086705e-02
-7.838172478384086705e-02
-7.838172478384086705e-02
-7.838172478384086705e-02
-7.838172478384086705e-02
-7.838172478384086705e-02
-7.838172478384086705e-02
-7.838172478384086705e-02
-7.838172478384086705e-02
-7.838172478384086705e-02
-7.838172478384086705e-02
-7.838172478384086705e-02
-7.838172478384086705e-02
-7.838172478384086705e-02
-7.838172478384086705e-02
-7.838172478384086705e-02
-7.838172478384086705e-02
-7.838172478384086705e-02
-7.838172478384086705e-02
-7.838172478384086705e-02
-7.838172478384086705e-02
-7.838172478384086705e-02
-7.838172478384086705e-02
-7.838172478384086705e-02
-7.838172478384086705e-02
-7.838172478384086705e-02
-7.838172478384086705e-02
-7.838172478384086705e-02
-7.838172478384086705e-02
-7.838172478384086705e-02
-7.838172478384086705e-02
-7.838172478384086705e-02
-7.838172478384086705e-02
-7.838172478384086705e-02
-7.838172478384086705e-02
-7.838172478384086705e-02
-7.838172478384086705e-02
-7.838172478384086705e-02
-7.838172478384086705e-02
-7.838172478384086705e-02
-7.838172478384086705e-02
-7.838172478384086705e-02
-7.838172478384086705e-02
-7.838172478384086705e-02
-7.838172478384086705e-02
-7.838172478384086705e-02
-7.838172478384086705e-02
-7.838172478384086705e-02
-7.838172478384086705e-02
-7.838172478384086705e-02
-7.838172478384086705e-02
-7.838172478384086705e-02
-7.838172478384086705e-02
-7.838172478384086705e-02
-7.838172478384086705e-02
-7.838172478384086705e-02
-7.838172478384086705e-02
-7.838172478384086705e-02
-7.838172478384086705e-02
-7.838172478384086705e-02
-7.838172478384086705e-02
-7.838172478384086705e-02
-7.838172478384086705e-02
-7.838172478384086705e-02
-7.838172478384086705e-02
-6.896731787384353940e-02
-6.896731787384353940e-02
-6.896731787384353940e-02
-6.896731787384353940e-02
-6.896731787384353940e-02
-6.896731787384353940e-02
-6.896731787384353940e-02
-6.896731787384353940e-02
-6.896731787384353940e-02
-6.896731787384353940e-02
-6.896731787384353940e-02
-6.896731787384353940e-02
-6.896731787384353940e-02
-6.896731787384353940e-02
-6.896731787384353940e-02
-6.896731787384353940e-02
-6.896731787384353940e-02
-6.896731787384353940e-02
-6.896731787384353940e-02
-6.896731787384353940e-02
-6.896731787384353940e-02
-6.896731787384353940e-02
-6.896731787384353940e-02
-6.896731787384353940e-02
-6.896731787384353940e-02
-6.896731787384353940e-02
-6.896731787384353940e-02
-6.896731787384353940e-02
-6.896731787384353940e-02
-6.896731787384353940e-02
-6.896731787384353940e-02
-6.896731787384353940e-02
-6.896731787384353940e-02
-6.896731787384353940e-02
-6.896731787384353940e-02
-6.896731787384353940e-02
-6.896731787384353940e-02
-6.896731787384353940e-02
-6.896731787384353940e-02
-6.896731787384353940e-02
-6.896731787384353940e-02
-7.243125377148104671e-02
-7.243125377148104671e-02
-7.243125377148104671e-02
-7.243125377148104671e-02
-7.243125377148104671e-02
-7.243125377148104671e-02
-7.243125377148104671e-02
-7.243125377148104671e-02
-7.243125377148104671e-02
-7.243125377148104671e-02
-7.243125377148104671e-02
-7.035673006542782215e-02
-7.035673006542782215e-02
-7.035673006542782215e-02
-7.035673006542782215e-02
-7.035673006542782215e-02
-7.035673006542782215e-02
-7.035673006542782215e-02
-7.035673006542782215e-02
-7.035673006542782215e-02
-7.035673006542782215e-02
-7.035673006542782215e-02
-7.035673006542782215e-02
-7.035673006542782215e-02
-7.035673006542782215e-02
-7.035673006542782215e-02
-7.035673006542782215e-02
-7.035673006542782215e-02
-7.035673006542782215e-02
-7.035673006542782215e-02
-7.035673006542782215e-02
-7.035673006542782215e-02
-7.035673006542782215e-02
-7.035673006542782215e-02
-7.035673006542782215e-02
-7.035673006542782215e-02
-7.035673006542782215e-02
-7.035673006542782215e-02
-6.505544252878849021e-02
-6.505544252878849021e-02
-6.505544252878849021e-02
-6.505544252878849021e-02
-6.505544252878849021e-02
-6.505544252878849021e-02
-6.505544252878849021e-02
-6.505544252878849021e-02
-6.505544252878849021e-02
-6.505544252878849021e-02
-6.505544252878849021e-02
-6.505544252878849021e-02
-6.505544252878849021e-02
-6.505544252878849021e-02
-6.505544252878849021e-02
-6.505544252878849021e-02
-6.505544252878849021e-02
-6.505544252878849021e-02
-6.505544252878849021e-02
-6.505544252878849021e-02
-6.505544252878849021e-02
-6.505544252878849021e-02
-6.505544252878849021e-02
-6.505544252878849021e-02
-6.505544252878849021e-02
-6.505544252878849021e-02
-6.505544252878849021e-02
-6.505544252878849021e-02
-6.505544252878849021e-02
-6.505544252878849021e-02
-6.505544252878849021e-02
-6.505544252878849021e-02
-6.505544252878849021e-02
-6.505544252878849021e-02
-6.505544252878849021e-02
-6.505544252878849021e-02
-6.505544252878849021e-02
-6.505544252878849021e-02
-7.970199473273457957e-02
-7.970199473273457957e-02
-7.970199473273457957e-02
-7.970199473273457957e-02
-7.970199473273457957e-02
-7.970199473273457957e-02
-7.970199473273457957e-02
-7.970199473273457957e-02
-7.970199473273457957e-02
-7.970199473273457957e-02
-7.970199473273457957e-02
-7.970199473273457957e-02
-7.970199473273457957e-02
-7.970199473273457957e-02
-7.970199473273457957e-02
-7.970199473273457957e-02
-7.970199473273457957e-02
-7.970199473273457957e-02
-7.970199473273457957e-02
-7.970199473273457957e-02
-7.970199473273457957e-02
-7.970199473273457957e-02
-8.119567231511977401e-02
-8.119567231511977401e-02
-8.119567231511977401e-02
-8.119567231511977401e-02
-8.874902248838435759e-02
-8.910763332082481669e-02
-8.910763332082481669e-02
-8.910763332082481669e-02
-8.910763332082481669e-02
-8.910763332082481669e-02
-8.910763332082481669e-02
-5.872561516201062898e-02
-5.872561516201062898e-02
-5.872561516201062898e-02
-5.872561516201062898e-02
-5.872561516201062898e-02
-5.872561516201062898e-02
-5.872561516201062898e-02
-5.872561516201062898e-02
-5.872561516201062898e-02
-5.872561516201062898e-02
-5.872561516201062898e-02
-5.872561516201062898e-02
-5.872561516201062898e-02
-5.872561516201062898e-02
-5.872561516201062898e-02
-5.872561516201062898e-02
-5.872561516201062898e-02
-5.872561516201062898e-02
-5.872561516201062898e-02
-5.872561516201062898e-02
-5.872561516201062898e-02
-5.872561516201062898e-02
-5.872561516201062898e-02
-5.872561516201062898e-02
-5.872561516201062898e-02
-5.872561516201062898e-02
-5.872561516201062898e-02
-5.872561516201062898e-02
-5.872561516201062898e-02
-5.872561516201062898e-02
-5.872561516201062898e-02
-5.872561516201062898e-02
-5.872561516201062898e-02
-5.872561516201062898e-02
-5.872561516201062898e-02
-5.872561516201062898e-02
-5.872561516201062898e-02
-5.872561516201062898e-02
-5.872561516201062898e-02
-5.872561516201062898e-02
-5.872561516201062898e-02
-5.872561516201062898e-02
-5.872561516201062898e-02
-5.872561516201062898e-02
-5.872561516201062898e-02
-5.872561516201062898e-02
-5.872561516201062898e-02
-5.872561516201062898e-02
-5.872561516201062898e-02
-5.872561516201062898e-02
-5.872561516201062898e-02
-5.872561516201062898e-02
-5.872561516201062898e-02
-5.872561516201062898e-02
-5.872561516201062898e-02
-5.872561516201062898e-02
-5.872561516201062898e-02
-5.872561516201062898e-02
-5.872561516201062898e-02
-5.872561516201062898e-02
-5.872561516201062898e-02
-5.872561516201062898e-02
-5.872561516201062898e-02
-5.872561516201062898e-02
-5.872561516201062898e-02
-5.872561516201062898e-02
-5.872561516201062898e-02
-5.872561516201062898e-02
-7.175537356910924314e-02
-7.175537356910924314e-02
-7.175537356910924314e-02
-7.175537356910924314e-02
-7.175537356910924314e-02
-7.175537356910924314e-02
-7.175537356910924314e-02
-7.175537356910924314e-02
-7.175537356910924314e-02
-7.175537356910924314e-02
-7.175537356910924314e-02
-5.953273527594870468e-02
-5.953273527594870468e-02
-5.953273527594870468e-02
-5.953273527594870468e-02
-5.953273527594870468e-02
-5.953273527594870468e-02
-5.953273527594870468e-02
-5.953273527594870468e-02
-5.953273527594870468e-02
-7.104197691549078708e-02
-7.104197691549078708e-02
-7.104197691549078708e-02
-7.104197691549078708e-02
-7.104197691549078708e-02
-7.104197691549078708e-02
-7.104197691549078708e-02
-7.104197691549078708e-02
-7.104197691549078708e-02
-7.104197691549078708e-02
-7.104197691549078708e-02
-7.104197691549078708e-02
-7.104197691549078708e-02
-7.104197691549078708e-02
-7.104197691549078708e-02
-7.104197691549078708e-02
-7.104197691549078708e-02
-7.104197691549078708e-02
-7.104197691549078708e-02
-7.104197691549078708e-02
-7.104197691549078708e-02
-7.104197691549078708e-02
-7.104197691549078708e-02
-7.104197691549078708e-02
-7.104197691549078708e-02
-7.104197691549078708e-02
-7.104197691549078708e-02
-7.104197691549078708e-02
-7.104197691549078708e-02
-7.104197691549078708e-02
-7.104197691549078708e-02
-7.104197691549078708e-02
-7.104197691549078708e-02
-7.104197691549078708e-02
-7.104197691549078708e-02
-7.104197691549078708e-02
-7.104197691549078708e-02
-6.339632074418076468e-02
-6.339632074418076468e-02
-6.339632074418076468e-02
-6.339632074418076468e-02
-6.339632074418076468e-02
-6.339632074418076468e-02
-6.339632074418076468e-02
-6.339632074418076468e-02
-6.339632074418076468e-02
-6.339632074418076468e-02
-6.339632074418076468e-02
-6.339632074418076468e-02
-6.339632074418076468e-02
-6.339632074418076468e-02
-6.339632074418076468e-02
-6.339632074418076468e-02
-6.339632074418076468e-02
-6.339632074418076468e-02
-6.339632074418076468e-02
-6.339632074418076468e-02
-6.339632074418076468e-02
-6.339632074418076468e-02
-6.339632074418076468e-02
-6.339632074418076468e-02
-6.339632074418076468e-02
-6.339632074418076468e-02
-6.339632074418076468e-02
-6.339632074418076468e-02
-6.339632074418076468e-02
-6.339632074418076468e-02
-6.339632074418076468e-02
-6.339632074418076468e-02
-6.339632074418076468e-02
-6.339632074418076468e-02
-6.339632074418076468e-02
-6.339632074418076468e-02
-6.339632074418076468e-02
-6.339632074418076468e-02
-6.339632074418076468e-02
-6.339632074418076468e-02
-6.339632074418076468e-02
-6.339632074418076468e-02
-6.339632074418076468e-02
-6.339632074418076468e-02
-6.339632074418076468e-02
-6.339632074418076468e-02
-6.339632074418076468e-02
-6.339632074418076468e-02
-6.339632074418076468e-02
-6.339632074418076468e-02
-6.339632074418076468e-02
-6.339632074418076468e-02
-6.339632074418076468e-02
-6.339632074418076468e-02
-6.339632074418076468e-02
-6.339632074418076468e-02
-6.339632074418076468e-02
-6.339632074418076468e-02
-6.339632074418076468e-02
-6.339632074418076468e-02
-6.339632074418076468e-02
-6.339632074418076468e-02
-6.339632074418076468e-02
-6.339632074418076468e-02
-6.339632074418076468e-02
-6.339632074418076468e-02
-6.339632074418076468e-02
-6.339632074418076468e-02
-6.339632074418076468e-02
-6.339632074418076468e-02
-6.339632074418076468e-02
-6.339632074418076468e-02
-6.339632074418076468e-02
-6.339632074418076468e-02
-1.412688916545525031e-01
-1.412688916545525031e-01
-1.412688916545525031e-01
-1.412688916545525031e-01
-1.412688916545525031e-01
-1.412688916545525031e-01
-1.412688916545525031e-01
-1.412688916545525031e-01
-1.412688916545525031e-01
-1.412688916545525031e-01
-1.412688916545525031e-01
-1.412688916545525031e-01
-1.412688916545525031e-01
-1.412688916545525031e-01
-1.412688916545525031e-01
-1.412688916545525031e-01
-1.412688916545525031e-01
-1.412688916545525031e-01
-1.412688916545525031e-01
-1.412688916545525031e-01
-1.412688916545525031e-01
-1.412688916545525031e-01
-1.412688916545525031e-01
-1.412688916545525031e-01
-1.412688916545525031e-01
-1.412688916545525031e-01
-1.412688916545525031e-01
-1.412688916545525031e-01
-1.412688916545525031e-01
-1.412688916545525031e-01
-1.412688916545525031e-01
-1.412688916545525031e-01
-1.412688916545525031e-01
-1.412688916545525031e-01
-1.412688916545525031e-01
-1.412688916545525031e-01
-1.132750944243334362e-01
-1.132750944243334362e-01
-1.132750944243334362e-01
-1.132750944243334362e-01
-1.132750944243334362e-01
-1.147380152122468300e-01
-1.147380152122468300e-01
-1.147380152122468300e-01
-1.027470892633580296e-01
-1.027470892633580296e-01
-1.027470892633580296e-01
-1.027470892633580296e-01
-1.027470892633580296e-01
-1.027470892633580296e-01
-1.027470892633580296e-01
-1.027470892633580296e-01
-1.027470892633580296e-01
-1.027470892633580296e-01
-1.027470892633580296e-01
-1.027470892633580296e-01
-1.027470892633580296e-01
-1.027470892633580296e-01
-1.027470892633580296e-01
-1.027470892633580296e-01
-1.027470892633580296e-01
-1.027470892633580296e-01
-1.027470892633580296e-01
-1.027470892633580296e-01
-1.027470892633580296e-01
-1.027470892633580296e-01
-1.027470892633580296e-01
-1.027470892633580296e-01
-1.027470892633580296e-01
-1.027470892633580296e-01
-1.027470892633580296e-01
-1.027470892633580296e-01
-1.027470892633580296e-01
-1.027470892633580296e-01
