# Variable: dg_gbsa_00000163
# Sample shape: (2000,)
# Date: 2014-03-03 06:24:08.725113
-1.179746414461737558e+00
-1.179746414461737558e+00
-1.703345752810884850e+00
-3.558370852789504823e+00
-3.558370852789504823e+00
-3.558370852789504823e+00
-3.558370852789504823e+00
-3.558370852789504823e+00
-2.948690098968564044e+00
-2.948690098968564044e+00
-2.948690098968564044e+00
-2.948690098968564044e+00
-2.702112863442181823e+00
-2.702112863442181823e+00
-2.702112863442181823e+00
-2.702112863442181823e+00
-2.702112863442181823e+00
-2.702112863442181823e+00
-2.702112863442181823e+00
-2.702112863442181823e+00
-2.702112863442181823e+00
-2.702112863442181823e+00
-2.702112863442181823e+00
-2.693155755504367477e+00
-2.693155755504367477e+00
-2.693155755504367477e+00
-2.693155755504367477e+00
-2.693155755504367477e+00
-2.693155755504367477e+00
-2.693155755504367477e+00
-3.026550860067626303e+00
-3.082396423383606976e+00
-3.082396423383606976e+00
-3.259885607440430544e+00
-3.259885607440430544e+00
-3.259885607440430544e+00
-3.259885607440430544e+00
-3.053864147193572798e+00
-3.024900164704477756e+00
-3.324858317183718714e+00
-3.324858317183718714e+00
-3.324858317183718714e+00
-3.324858317183718714e+00
-3.324858317183718714e+00
-3.324858317183718714e+00
-3.331476370189659253e+00
-3.331476370189659253e+00
-3.331476370189659253e+00
-3.331476370189659253e+00
-3.331476370189659253e+00
-3.367686590774565225e+00
-3.495670641357538244e+00
-3.495670641357538244e+00
-3.495670641357538244e+00
-3.495670641357538244e+00
-3.495670641357538244e+00
-3.490991163891998372e+00
-3.490991163891998372e+00
-2.986384395431605832e+00
-2.986384395431605832e+00
-2.986384395431605832e+00
-2.986384395431605832e+00
-2.986384395431605832e+00
-2.986384395431605832e+00
-2.986384395431605832e+00
-2.986384395431605832e+00
-2.986384395431605832e+00
-2.986384395431605832e+00
-2.986384395431605832e+00
-2.986384395431605832e+00
-2.986384395431605832e+00
-3.207477055361803941e+00
-3.207477055361803941e+00
-3.207477055361803941e+00
-3.207477055361803941e+00
-3.207477055361803941e+00
-3.207477055361803941e+00
-3.207477055361803941e+00
-3.207477055361803941e+00
-3.807896637779804472e+00
-3.807896637779804472e+00
-3.807896637779804472e+00
-3.771238755541595378e+00
-3.558429203799303941e+00
-3.432489034094728275e+00
-3.432489034094728275e+00
-3.432489034094728275e+00
-3.432489034094728275e+00
-3.432489034094728275e+00
-3.306981254490109823e+00
-3.306981254490109823e+00
-3.306981254490109823e+00
-3.306981254490109823e+00
-3.484639109434634729e+00
-3.484639109434634729e+00
-3.484639109434634729e+00
-3.484639109434634729e+00
-3.484639109434634729e+00
-3.484639109434634729e+00
-3.484639109434634729e+00
-3.484639109434634729e+00
-3.484639109434634729e+00
-3.484639109434634729e+00
-3.484639109434634729e+00
-3.484639109434634729e+00
-3.484639109434634729e+00
-3.484639109434634729e+00
-3.484639109434634729e+00
-3.484639109434634729e+00
-3.484639109434634729e+00
-3.576642468600154334e+00
-3.576642468600154334e+00
-3.576642468600154334e+00
-3.576642468600154334e+00
-3.576642468600154334e+00
-3.576642468600154334e+00
-3.576642468600154334e+00
-3.576642468600154334e+00
-3.576642468600154334e+00
-3.576642468600154334e+00
-3.576642468600154334e+00
-3.576642468600154334e+00
-3.576642468600154334e+00
-3.576642468600154334e+00
-3.576642468600154334e+00
-3.576642468600154334e+00
-3.677204051847439370e+00
-3.677204051847439370e+00
-3.677204051847439370e+00
-3.677204051847439370e+00
-3.677204051847439370e+00
-3.677204051847439370e+00
-3.677204051847439370e+00
-3.677204051847439370e+00
-3.677204051847439370e+00
-3.677204051847439370e+00
-3.677204051847439370e+00
-3.677204051847439370e+00
-3.677204051847439370e+00
-3.692686899670223344e+00
-3.692686899670223344e+00
-3.692686899670223344e+00
-3.692686899670223344e+00
-3.692686899670223344e+00
-3.692686899670223344e+00
-3.692686899670223344e+00
-3.692686899670223344e+00
-3.692686899670223344e+00
-3.692686899670223344e+00
-3.692686899670223344e+00
-3.692686899670223344e+00
-3.692686899670223344e+00
-3.692686899670223344e+00
-3.692686899670223344e+00
-3.692686899670223344e+00
-3.692686899670223344e+00
-3.498625800896784988e+00
-3.498625800896784988e+00
-3.498625800896784988e+00
-3.498625800896784988e+00
-3.498625800896784988e+00
-3.498625800896784988e+00
-3.498625800896784988e+00
-3.498625800896784988e+00
-3.498625800896784988e+00
-3.498625800896784988e+00
-3.498625800896784988e+00
-3.498625800896784988e+00
-3.498625800896784988e+00
-3.498625800896784988e+00
-3.498625800896784988e+00
-3.498625800896784988e+00
-3.498625800896784988e+00
-3.481565880273997493e+00
-3.481565880273997493e+00
-3.481565880273997493e+00
-3.481565880273997493e+00
-3.481565880273997493e+00
-3.481565880273997493e+00
-3.481565880273997493e+00
-3.481565880273997493e+00
-3.481565880273997493e+00
-3.481565880273997493e+00
-3.377336389020113572e+00
-3.377336389020113572e+00
-3.377336389020113572e+00
-3.438302481379609254e+00
-3.438302481379609254e+00
-3.474363633369168536e+00
-3.474363633369168536e+00
-3.474363633369168536e+00
-3.474363633369168536e+00
-3.474363633369168536e+00
-3.474363633369168536e+00
-3.474363633369168536e+00
-3.527345438532345945e+00
-3.527345438532345945e+00
-3.527345438532345945e+00
-3.527345438532345945e+00
-3.527345438532345945e+00
-3.527345438532345945e+00
-3.525833326817470414e+00
-3.524702092201714265e+00
-3.524702092201714265e+00
-3.524702092201714265e+00
-3.402287827850983604e+00
-3.402287827850983604e+00
-3.457235104723140662e+00
-3.457235104723140662e+00
-3.553673824434298467e+00
-3.604547243501214471e+00
-3.250326298846797357e+00
-3.250326298846797357e+00
-3.250326298846797357e+00
-3.548420638016942963e+00
-3.548420638016942963e+00
-3.548420638016942963e+00
-3.548420638016942963e+00
-3.548420638016942963e+00
-3.548420638016942963e+00
-3.548420638016942963e+00
-3.548420638016942963e+00
-3.548420638016942963e+00
-3.548420638016942963e+00
-3.548420638016942963e+00
-3.565892206779173623e+00
-3.565892206779173623e+00
-3.565892206779173623e+00
-3.565892206779173623e+00
-3.491110145247916741e+00
-3.491110145247916741e+00
-3.339484590417340026e+00
-3.339484590417340026e+00
-3.339484590417340026e+00
-3.339484590417340026e+00
-3.339484590417340026e+00
-3.339484590417340026e+00
-3.339484590417340026e+00
-3.339484590417340026e+00
-3.339484590417340026e+00
-3.339484590417340026e+00
-3.339484590417340026e+00
-3.246607333706624132e+00
-3.246607333706624132e+00
-3.246607333706624132e+00
-3.246607333706624132e+00
-3.211323891269544983e+00
-3.211323891269544983e+00
-3.211323891269544983e+00
-3.211323891269544983e+00
-3.211323891269544983e+00
-3.211323891269544983e+00
-2.959355797412062561e+00
-3.013149046305260370e+00
-3.013149046305260370e+00
-3.013149046305260370e+00
-3.125823022758527525e+00
-3.125823022758527525e+00
-3.125823022758527525e+00
-3.125823022758527525e+00
-3.169027386842220739e+00
-3.169027386842220739e+00
-3.169027386842220739e+00
-3.315145153388466159e+00
-3.315145153388466159e+00
-3.315145153388466159e+00
-3.315145153388466159e+00
-3.313242135494662399e+00
-3.313242135494662399e+00
-3.313242135494662399e+00
-3.313242135494662399e+00
-3.313242135494662399e+00
-3.313242135494662399e+00
-3.313242135494662399e+00
-3.313242135494662399e+00
-3.249862453905619564e+00
-3.249862453905619564e+00
-3.249862453905619564e+00
-3.249862453905619564e+00
-3.249862453905619564e+00
-3.249862453905619564e+00
-3.249862453905619564e+00
-3.249862453905619564e+00
-3.249862453905619564e+00
-3.249862453905619564e+00
-3.249862453905619564e+00
-3.249862453905619564e+00
-3.249862453905619564e+00
-3.249862453905619564e+00
-3.249862453905619564e+00
-3.248866611867287979e+00
-3.248866611867287979e+00
-3.248866611867287979e+00
-3.248866611867287979e+00
-3.248866611867287979e+00
-3.248866611867287979e+00
-3.248866611867287979e+00
-3.248866611867287979e+00
-3.248866611867287979e+00
-3.248866611867287979e+00
-3.248866611867287979e+00
-3.248866611867287979e+00
-3.248866611867287979e+00
-3.324020433152382825e+00
-3.324020433152382825e+00
-3.324020433152382825e+00
-3.324020433152382825e+00
-3.324020433152382825e+00
-3.324020433152382825e+00
-3.353609637594131776e+00
-3.353609637594131776e+00
-3.491879649189644219e+00
-3.401484361798083889e+00
-3.401484361798083889e+00
-3.484617911606855856e+00
-3.484617911606855856e+00
-3.484617911606855856e+00
-3.484617911606855856e+00
-3.484617911606855856e+00
-3.484617911606855856e+00
-3.484617911606855856e+00
-3.484617911606855856e+00
-3.484617911606855856e+00
-3.484617911606855856e+00
-3.200053712833907493e+00
-3.200053712833907493e+00
-3.200053712833907493e+00
-3.200053712833907493e+00
-3.200053712833907493e+00
-3.194040139820105928e+00
-3.194040139820105928e+00
-3.194040139820105928e+00
-3.194040139820105928e+00
-3.194040139820105928e+00
-3.194040139820105928e+00
-3.611918845094640673e+00
-3.611918845094640673e+00
-3.611918845094640673e+00
-3.611918845094640673e+00
-3.882120945713487981e+00
-3.882120945713487981e+00
-3.882120945713487981e+00
-3.821129324787205128e+00
-3.821129324787205128e+00
-3.821129324787205128e+00
-3.821129324787205128e+00
-3.821129324787205128e+00
-3.430089804683998711e+00
-3.430089804683998711e+00
-3.430089804683998711e+00
-3.430089804683998711e+00
-3.430089804683998711e+00
-3.430089804683998711e+00
-3.430089804683998711e+00
-3.430089804683998711e+00
-3.430089804683998711e+00
-3.430089804683998711e+00
-3.430089804683998711e+00
-3.430089804683998711e+00
-3.473095182706931183e+00
-3.473095182706931183e+00
-3.473095182706931183e+00
-3.473095182706931183e+00
-3.473095182706931183e+00
-3.473095182706931183e+00
-3.609214184616992949e+00
-3.609214184616992949e+00
-3.467131527158543669e+00
-3.467131527158543669e+00
-3.467131527158543669e+00
-3.467131527158543669e+00
-3.467131527158543669e+00
-3.467131527158543669e+00
-3.467131527158543669e+00
-3.467131527158543669e+00
-3.467131527158543669e+00
-3.467131527158543669e+00
-3.467131527158543669e+00
-3.467131527158543669e+00
-3.467131527158543669e+00
-3.467131527158543669e+00
-3.467131527158543669e+00
-3.467131527158543669e+00
-3.467131527158543669e+00
-3.467131527158543669e+00
-3.467131527158543669e+00
-3.467131527158543669e+00
-3.328423199188640602e+00
-3.512861395885110039e+00
-3.512861395885110039e+00
-3.512861395885110039e+00
-3.512861395885110039e+00
-3.512861395885110039e+00
-3.512861395885110039e+00
-3.512861395885110039e+00
-3.512861395885110039e+00
-3.512861395885110039e+00
-3.512861395885110039e+00
-3.542370139754752678e+00
-3.681272439245511841e+00
-3.681272439245511841e+00
-3.681272439245511841e+00
-3.681272439245511841e+00
-3.681272439245511841e+00
-3.681272439245511841e+00
-3.681272439245511841e+00
-3.681272439245511841e+00
-3.681272439245511841e+00
-3.681272439245511841e+00
-3.681272439245511841e+00
-3.681272439245511841e+00
-3.681272439245511841e+00
-3.911307847294706708e+00
-3.911307847294706708e+00
-3.849097921105233411e+00
-3.849097921105233411e+00
-3.849097921105233411e+00
-3.777681527584506149e+00
-3.777681527584506149e+00
-3.615400303390240211e+00
-3.615400303390240211e+00
-3.615400303390240211e+00
-3.615400303390240211e+00
-3.615400303390240211e+00
-3.615400303390240211e+00
-3.615400303390240211e+00
-3.615400303390240211e+00
-3.615400303390240211e+00
-3.687987591978696411e+00
-3.687987591978696411e+00
-3.791609412169592908e+00
-3.791609412169592908e+00
-3.791609412169592908e+00
-3.791609412169592908e+00
-3.791609412169592908e+00
-3.791609412169592908e+00
-3.661394119262695312e+00
-3.661394119262695312e+00
-3.661394119262695312e+00
-3.661394119262695312e+00
-3.661394119262695312e+00
-3.731399375667535434e+00
-3.731399375667535434e+00
-3.731399375667535434e+00
-3.731399375667535434e+00
-3.701787833729847765e+00
-3.701787833729847765e+00
-3.701787833729847765e+00
-3.434409374944566551e+00
-3.434409374944566551e+00
-3.434409374944566551e+00
-3.434409374944566551e+00
-3.434409374944566551e+00
-3.513429406496124230e+00
-3.513429406496124230e+00
-3.513429406496124230e+00
-3.513429406496124230e+00
-3.513429406496124230e+00
-3.437456619671152236e+00
-3.301158461926315901e+00
-3.301158461926315901e+00
-3.301158461926315901e+00
-3.301158461926315901e+00
-3.301158461926315901e+00
-3.301158461926315901e+00
-3.301158461926315901e+00
-3.301158461926315901e+00
-3.301158461926315901e+00
-3.301158461926315901e+00
-3.301158461926315901e+00
-3.301158461926315901e+00
-3.301158461926315901e+00
-3.412433609679825341e+00
-3.412433609679825341e+00
-3.412433609679825341e+00
-3.412433609679825341e+00
-3.412433609679825341e+00
-3.412433609679825341e+00
-3.412433609679825341e+00
-3.412433609679825341e+00
-3.412433609679825341e+00
-3.412433609679825341e+00
-3.487837702092887238e+00
-3.487837702092887238e+00
-3.487837702092887238e+00
-3.487837702092887238e+00
-3.487837702092887238e+00
-3.487837702092887238e+00
-3.487837702092887238e+00
-3.515985910112953139e+00
-3.824859914542611872e+00
-3.824859914542611872e+00
-3.824859914542611872e+00
-3.824859914542611872e+00
-3.824859914542611872e+00
-3.824859914542611872e+00
-3.416180154789473900e+00
-3.416180154789473900e+00
-3.416180154789473900e+00
-3.416180154789473900e+00
-3.416180154789473900e+00
-3.416176963718625448e+00
-3.541228876059187236e+00
-3.541228876059187236e+00
-3.541192406678062898e+00
-3.456292599154703549e+00
-3.456292599154703549e+00
-3.456292599154703549e+00
-3.456292599154703549e+00
-3.456289180150223128e+00
-3.456292599154703549e+00
-3.456292599154703549e+00
-3.186516734427748965e+00
-3.188330630271430266e+00
-3.188321284992516880e+00
-3.188321284992516880e+00
-3.270881353783105627e+00
-3.089499519158503738e+00
-3.089499519158503738e+00
-3.020291118731234015e+00
-3.020291118731234015e+00
-3.020291118731234015e+00
-3.170806864707465422e+00
-3.170749425432194180e+00
-3.170749425432194180e+00
-3.170749425432194180e+00
-3.161031019163405009e+00
-3.133909196288362065e+00
-3.133909196288362065e+00
-3.133909196288362065e+00
-3.204097939266985051e+00
-3.483395275604656227e+00
-3.483395275604656227e+00
-3.494145537425637382e+00
-3.387108359692429183e+00
-3.387108359692429183e+00
-3.387108359692429183e+00
-3.387108359692429183e+00
-3.387108359692429183e+00
-3.387108359692429183e+00
-3.387108359692429183e+00
-3.387108359692429183e+00
-3.387108359692429183e+00
-3.500085943743557859e+00
-3.500085943743557859e+00
-3.500085943743557859e+00
-3.500085943743557859e+00
-3.500085943743557859e+00
-3.500085943743557859e+00
-3.500085943743557859e+00
-3.500085943743557859e+00
-3.250104747356465484e+00
-3.250104747356465484e+00
-3.250104747356465484e+00
-3.250104747356465484e+00
-3.250104747356465484e+00
-3.249686033274429953e+00
-3.249686033274429953e+00
-3.249686033274429953e+00
-3.249686033274429953e+00
-3.249686033274429953e+00
-3.478173088161256921e+00
-3.478173088161256921e+00
-3.478173088161256921e+00
-3.478173088161256921e+00
-3.478173088161256921e+00
-3.469022008702586035e+00
-3.558012996987220511e+00
-3.526389029012355181e+00
-3.526389029012355181e+00
-3.526389029012355181e+00
-3.526389029012355181e+00
-3.526389029012355181e+00
-3.526389029012355181e+00
-3.526389029012355181e+00
-3.526389029012355181e+00
-3.526389029012355181e+00
-3.526389029012355181e+00
-3.431452619869895582e+00
-3.431452619869895582e+00
-3.431452619869895582e+00
-3.431452619869895582e+00
-3.431908943001216183e+00
-3.426418933540183787e+00
-3.426418933540183787e+00
-3.426418933540183787e+00
-3.623410575020609592e+00
-3.623410575020609592e+00
-3.631688440734979650e+00
-3.631688440734979650e+00
-3.631688440734979650e+00
-3.631688440734979650e+00
-3.511506330442701884e+00
-3.531201163851735991e+00
-3.615717814939655383e+00
-3.615717814939655383e+00
-3.615717814939655383e+00
-3.615717814939655383e+00
-3.498431601442296923e+00
-3.498431601442296923e+00
-3.498431601442296923e+00
-3.498431601442296923e+00
-3.498431601442296923e+00
-3.498431601442296923e+00
-3.498431601442296923e+00
-3.498431601442296923e+00
-3.498431601442296923e+00
-3.498431601442296923e+00
-3.497119159589078041e+00
-3.497119159589078041e+00
-3.358821340090457852e+00
-3.358821340090457852e+00
-3.358821340090457852e+00
-3.358821340090457852e+00
-3.358821340090457852e+00
-3.358821340090457852e+00
-3.395139601216945024e+00
-3.395139601216945024e+00
-3.395139601216945024e+00
-3.395139601216945024e+00
-3.395139601216945024e+00
-3.395139601216945024e+00
-3.433089639215122890e+00
-3.433089639215122890e+00
-3.433089639215122890e+00
-3.433089639215122890e+00
-3.433089639215122890e+00
-3.433089639215122890e+00
-3.734921178216004112e+00
-3.730457098032730290e+00
-3.730457098032730290e+00
-3.730457098032730290e+00
-3.730457098032730290e+00
-3.730457098032730290e+00
-3.730457098032730290e+00
-3.671711307182822459e+00
-3.671711307182822459e+00
-3.671711307182822459e+00
-3.671711307182822459e+00
-3.671711307182822459e+00
-3.671711307182822459e+00
-3.673101018537298756e+00
-3.673101018537298756e+00
-3.561589275673743948e+00
-3.561589275673743948e+00
-3.490460306463004425e+00
-3.490333803297228865e+00
-3.490333803297228865e+00
-3.490333803297228865e+00
-3.490333803297228865e+00
-3.490647212041267711e+00
-3.490647212041267711e+00
-3.490647212041267711e+00
-3.490647212041267711e+00
-3.490647212041267711e+00
-3.485555858502652260e+00
-3.485555858502652260e+00
-3.485555858502652260e+00
-3.485555858502652260e+00
-3.485555858502652260e+00
-3.486384397255074763e+00
-3.486384397255074763e+00
-3.570977861976988077e+00
-3.570977861976988077e+00
-3.570977861976988077e+00
-3.570977861976988077e+00
-3.570977861976988077e+00
-3.570977861976988077e+00
-3.570977861976988077e+00
-3.570977861976988077e+00
-3.570977861976988077e+00
-3.513559328666380654e+00
-3.513559328666380654e+00
-3.513559328666380654e+00
-3.433382305998646800e+00
-3.433382305998646800e+00
-3.433382305998646800e+00
-3.433382305998646800e+00
-3.433382305998646800e+00
-3.433382305998646800e+00
-3.433382305998646800e+00
-3.270508682294739788e+00
-3.270508682294739788e+00
-3.270508682294739788e+00
-3.270508682294739788e+00
-3.270508682294739788e+00
-3.270508682294739788e+00
-3.270508682294739788e+00
-3.270508682294739788e+00
-3.270508682294739788e+00
-3.270508682294739788e+00
-3.270508682294739788e+00
-3.518167918772360014e+00
-3.518167918772360014e+00
-3.518167918772360014e+00
-3.515546226136770702e+00
-3.515546226136770702e+00
-3.515546226136770702e+00
-3.515546226136770702e+00
-3.515546226136770702e+00
-3.515546226136770702e+00
-3.515546226136770702e+00
-3.515546226136770702e+00
-3.515546226136770702e+00
-3.515546226136770702e+00
-3.529892596870261912e+00
-3.529892596870261912e+00
-3.529892596870261912e+00
-3.528722613537060848e+00
-3.528722613537060848e+00
-3.528722613537060848e+00
-3.528722613537060848e+00
-3.528722613537060848e+00
-3.528722613537060848e+00
-3.528722613537060848e+00
-3.528722613537060848e+00
-3.528722613537060848e+00
-3.528722613537060848e+00
-3.528722613537060848e+00
-3.528722613537060848e+00
-3.528722613537060848e+00
-3.528722613537060848e+00
-3.528722613537060848e+00
-3.528722613537060848e+00
-3.528722613537060848e+00
-3.528722613537060848e+00
-3.528722613537060848e+00
-3.528722613537060848e+00
-3.528722613537060848e+00
-3.528722613537060848e+00
-3.528722613537060848e+00
-3.528722613537060848e+00
-3.516293848449823400e+00
-3.516293848449823400e+00
-3.411860812462538473e+00
-3.411860812462538473e+00
-3.411860812462538473e+00
-3.388310481667746288e+00
-3.403534624818178145e+00
-3.403534624818178145e+00
-3.403534624818178145e+00
-3.403534624818178145e+00
-3.403534624818178145e+00
-3.403534624818178145e+00
-3.403534624818178145e+00
-3.403534624818178145e+00
-3.403534624818178145e+00
-3.392518592382252063e+00
-3.392518592382252063e+00
-3.392518592382252063e+00
-3.392518592382252063e+00
-3.279613719159740537e+00
-3.279613719159740537e+00
-3.279613719159740537e+00
-3.279613719159740537e+00
-3.279613719159740537e+00
-3.279613719159740537e+00
-3.279613719159740537e+00
-3.304812693914993105e+00
-3.288460279286021581e+00
-3.266700823038075630e+00
-3.388875757075176409e+00
-3.388875757075176409e+00
-3.388875757075176409e+00
-3.388875757075176409e+00
-3.389415048048555423e+00
-3.389415048048555423e+00
-3.389415048048555423e+00
-3.389415048048555423e+00
-3.389415048048555423e+00
-3.389415048048555423e+00
-3.389415048048555423e+00
-3.389415048048555423e+00
-3.389415048048555423e+00
-3.389415048048555423e+00
-3.389415048048555423e+00
-3.389415048048555423e+00
-3.389415048048555423e+00
-3.389415048048555423e+00
-3.389415048048555423e+00
-3.371426297875252942e+00
-3.371525221071553169e+00
-3.371525221071553169e+00
-3.456513010976875133e+00
-3.458437682565721705e+00
-3.458437682565721705e+00
-3.458437682565721705e+00
-3.458437682565721705e+00
-3.458437682565721705e+00
-3.458437682565721705e+00
-3.458437682565721705e+00
-3.458437682565721705e+00
-3.471674700312131101e+00
-3.471674700312131101e+00
-3.471674700312131101e+00
-3.519273168954065056e+00
-3.519273168954065056e+00
-3.519273168954065056e+00
-3.519273168954065056e+00
-3.519273168954065056e+00
-3.616839248409234653e+00
-3.616839248409234653e+00
-3.616839248409234653e+00
-3.616839248409234653e+00
-3.561057278576590157e+00
-3.561057278576590157e+00
-3.561057278576590157e+00
-3.561057278576590157e+00
-3.611139767940367840e+00
-3.611139767940367840e+00
-3.515675008638866839e+00
-3.515675008638866839e+00
-3.515675008638866839e+00
-3.452736150694166728e+00
-3.452736150694166728e+00
-3.452736150694166728e+00
-3.642252936645857808e+00
-3.632776367960650621e+00
-3.602177645462648403e+00
-3.600407284942685138e+00
-3.568502730666792910e+00
-3.568502730666792910e+00
-3.568502730666792910e+00
-3.568502730666792910e+00
-3.568502730666792910e+00
-3.530270966699428747e+00
-3.530270966699428747e+00
-3.530270966699428747e+00
-3.530270966699428747e+00
-3.530270966699428747e+00
-3.530270966699428747e+00
-3.540135250492715713e+00
-3.440251769800714676e+00
-3.440564494743857615e+00
-3.440564494743857615e+00
-3.623731733508137154e+00
-3.620765633154553242e+00
-3.616572110192497469e+00
-3.568530766503532625e+00
-3.570134051671219222e+00
-3.570134051671219222e+00
-3.570134051671219222e+00
-3.783869925694073544e+00
-3.799828015139635973e+00
-3.799828015139635973e+00
-3.486250144345810487e+00
-3.486250144345810487e+00
-3.486250144345810487e+00
-3.485326329335199702e+00
-3.485326329335199702e+00
-3.485326329335199702e+00
-3.485326329335199702e+00
-3.486058908028538461e+00
-3.486058908028538461e+00
-3.728486155916582057e+00
-3.728486155916582057e+00
-3.728486155916582057e+00
-3.728486155916582057e+00
-3.728486155916582057e+00
-3.731475733434264974e+00
-3.737826648223468329e+00
-3.737826648223468329e+00
-3.405466590283249495e+00
-3.405253244403671165e+00
-3.405253244403671165e+00
-3.468632470125449618e+00
-3.468632470125449618e+00
-3.501187091119886574e+00
-3.508233659354039968e+00
-3.508233659354039968e+00
-3.508233659354039968e+00
-3.734263361753970667e+00
-3.730359314504590351e+00
-3.731627309299563766e+00
-3.731627309299563766e+00
-3.731627309299563766e+00
-3.731627309299563766e+00
-3.710143196879107652e+00
-3.710143196879107652e+00
-3.730773014046721681e+00
-3.743069121760118190e+00
-3.743069121760118190e+00
-3.743069121760118190e+00
-3.380837449608067757e+00
-3.383482391474123663e+00
-3.383482391474123663e+00
-3.383482391474123663e+00
-3.383482391474123663e+00
-3.383482391474123663e+00
-3.383482391474123663e+00
-3.383482391474123663e+00
-3.383482391474123663e+00
-3.383482391474123663e+00
-3.383482391474123663e+00
-3.383482391474123663e+00
-3.383482391474123663e+00
-3.381624504439461276e+00
-3.381624504439461276e+00
-3.381624504439461276e+00
-3.381624504439461276e+00
-3.381624504439461276e+00
-3.381624504439461276e+00
-3.381624504439461276e+00
-3.562692018585496445e+00
-3.560938753087935282e+00
-3.560938753087935282e+00
-3.554741237633086914e+00
-3.554741237633086914e+00
-3.554741237633086914e+00
-3.554741237633086914e+00
-3.554741237633086914e+00
-3.554741237633086914e+00
-3.557971968933455464e+00
-3.557971968933455464e+00
-3.557971968933455464e+00
-3.555159267914226540e+00
-3.555159267914226540e+00
-3.543248368038957707e+00
-3.543248368038957707e+00
-3.543248368038957707e+00
-3.541953477075405310e+00
-3.541953477075405310e+00
-3.541953477075405310e+00
-3.541953477075405310e+00
-3.541953477075405310e+00
-3.541953477075405310e+00
-3.541953477075405310e+00
-3.541953477075405310e+00
-3.554634108826033589e+00
-3.554634108826033589e+00
-3.554634108826033589e+00
-3.554634108826033589e+00
-3.554634108826033589e+00
-3.554634108826033589e+00
-3.554634108826033589e+00
-3.562034430057094969e+00
-3.562034430057094969e+00
-3.562034430057094969e+00
-3.562034430057094969e+00
-3.562034430057094969e+00
-3.562034430057094969e+00
-3.562034430057094969e+00
-3.562034430057094969e+00
-3.562034430057094969e+00
-3.560613719728662918e+00
-3.478882189690496674e+00
-3.478882189690496674e+00
-3.478882189690496674e+00
-3.478882189690496674e+00
-3.460551767002783663e+00
-3.460551767002783663e+00
-3.460551767002783663e+00
-3.460551767002783663e+00
-3.460551767002783663e+00
-3.460602596202726033e+00
-3.460602596202726033e+00
-3.460602596202726033e+00
-3.460602596202726033e+00
-3.460602596202726033e+00
-3.581959704368109509e+00
-3.591117849769373205e+00
-3.591117849769373205e+00
-3.591117849769373205e+00
-3.591117849769373205e+00
-3.591117849769373205e+00
-3.587153400107505608e+00
-3.577024485367433559e+00
-3.577024485367433559e+00
-3.577024485367433559e+00
-3.577024485367433559e+00
-3.577024485367433559e+00
-3.577024485367433559e+00
-3.577024485367433559e+00
-3.577024485367433559e+00
-3.577024485367433559e+00
-3.592413424533821953e+00
-3.592413424533821953e+00
-3.592413424533821953e+00
-3.592413424533821953e+00
-3.592413424533821953e+00
-3.592413424533821953e+00
-3.593338835079856519e+00
-3.593338835079856519e+00
-3.593338835079856519e+00
-3.593338835079856519e+00
-3.593338835079856519e+00
-3.593338835079856519e+00
-3.529962116628030167e+00
-3.529962116628030167e+00
-3.517809379169179351e+00
-3.517809379169179351e+00
-3.517809379169179351e+00
-3.517809379169179351e+00
-3.529740793071330707e+00
-3.529740793071330707e+00
-3.529740793071330707e+00
-3.577880604089331840e+00
-3.604386550290634705e+00
-3.592006790934283433e+00
-3.592006790934283433e+00
-3.592006790934283433e+00
-3.592006790934283433e+00
-3.542618131546399596e+00
-3.542618131546399596e+00
-3.431221723100651211e+00
-3.477666163763625917e+00
-3.477666163763625917e+00
-3.477666163763625917e+00
-3.477666163763625917e+00
-3.477666163763625917e+00
-3.477666163763625917e+00
-3.462688188935784783e+00
-3.462688188935784783e+00
-3.482595000622604964e+00
-3.482595000622604964e+00
-3.482595000622604964e+00
-3.482595000622604964e+00
-3.482595000622604964e+00
-3.482595000622604964e+00
-3.493093623713826812e+00
-3.493093623713826812e+00
-3.493058066067230349e+00
-3.427470847251993913e+00
-3.427470847251993913e+00
-3.470561928320568867e+00
-3.701102209364706574e+00
-3.701102209364706574e+00
-3.701102209364706574e+00
-3.680758448905288027e+00
-3.680758448905288027e+00
-3.680758448905288027e+00
-3.680758448905288027e+00
-3.680758448905288027e+00
-3.687999216593929930e+00
-3.687999216593929930e+00
-3.684631041313448208e+00
-3.684631041313448208e+00
-3.684631041313448208e+00
-3.651219161928953572e+00
-3.681686138787643170e+00
-3.681686138787643170e+00
-3.681686138787643170e+00
-3.681686138787643170e+00
-3.444596868628069686e+00
-3.444539201419166474e+00
-3.444539201419166474e+00
-3.444539201419166474e+00
-3.130622849181778466e+00
-3.275606417975051698e+00
-3.275606417975051698e+00
-3.275606417975051698e+00
-3.252733505934647606e+00
-3.252733505934647606e+00
-3.252733505934647606e+00
-3.395618717711468726e+00
-3.459167981922740331e+00
-3.459167981922740331e+00
-3.459167981922740331e+00
-3.480427351782016121e+00
-3.438310686990361908e+00
-3.438310686990361908e+00
-3.438310686990361908e+00
-3.462706195692715205e+00
-3.462706195692715205e+00
-3.638952685587720559e+00
-3.638952685587720559e+00
-3.638952685587720559e+00
-3.623665860688480844e+00
-3.623665860688480844e+00
-3.623665860688480844e+00
-3.583319328483158372e+00
-3.335413695749315455e+00
-3.339470230598522438e+00
-3.339470230598522438e+00
-3.339470230598522438e+00
-3.334181714468202884e+00
-3.383597725891930086e+00
-3.383683201003940599e+00
-3.383683201003940599e+00
-3.383683201003940599e+00
-3.304547379167312116e+00
-3.304547379167312116e+00
-3.304547379167312116e+00
-3.304547379167312116e+00
-3.344798863048079163e+00
-3.344798863048079163e+00
-3.344798863048079163e+00
-3.425008024357928615e+00
-3.425008024357928615e+00
-3.401010031909832865e+00
-3.057148442897468232e+00
-3.021073842823619238e+00
-3.021073842823619238e+00
-3.021073842823619238e+00
-3.021073842823619238e+00
-3.021073842823619238e+00
-3.300517968420316528e+00
-3.300517968420316528e+00
-3.325845497744033263e+00
-3.325845497744033263e+00
-3.156596570352295128e+00
-3.156596570352295128e+00
-3.156596570352295128e+00
-3.147570626457607990e+00
-3.222999335702928736e+00
-3.222999335702928736e+00
-3.222999335702928736e+00
-3.290936094397112655e+00
-3.290936094397112655e+00
-3.290936094397112655e+00
-3.290936094397112655e+00
-3.477593680868640735e+00
-3.477593680868640735e+00
-3.477593680868640735e+00
-3.477593680868640735e+00
-3.477593680868640735e+00
-3.477593680868640735e+00
-3.569585871286191647e+00
-3.569585871286191647e+00
-3.569585871286191647e+00
-3.569585871286191647e+00
-3.569585871286191647e+00
-3.566413263061990246e+00
-3.566413263061990246e+00
-3.502416337197414631e+00
-3.502416337197414631e+00
-3.502416337197414631e+00
-3.502416337197414631e+00
-3.502416337197414631e+00
-3.409841092549136032e+00
-3.409841092549136032e+00
-3.409841092549136032e+00
-3.409841092549136032e+00
-3.409841092549136032e+00
-3.409841092549136032e+00
-3.409841092549136032e+00
-3.409841092549136032e+00
-3.409841092549136032e+00
-3.427102506502636370e+00
-3.427102506502636370e+00
-3.403463281591353251e+00
-3.403463281591353251e+00
-3.403463281591353251e+00
-3.403463281591353251e+00
-3.403463281591353251e+00
-3.387292530067107954e+00
-3.282338209863374434e+00
-3.282338209863374434e+00
-3.282338209863374434e+00
-3.282338209863374434e+00
-3.282338209863374434e+00
-3.282338209863374434e+00
-3.282338209863374434e+00
-3.282338209863374434e+00
-3.282338209863374434e+00
-3.282338209863374434e+00
-3.282338209863374434e+00
-3.282338209863374434e+00
-3.282338209863374434e+00
-3.282338209863374434e+00
-3.151213233831051674e+00
-3.151213233831051674e+00
-3.151213233831051674e+00
-3.112208546917479168e+00
-3.112208546917479168e+00
-3.043833243915273101e+00
-3.043833243915273101e+00
-3.043833243915273101e+00
-3.043833243915273101e+00
-3.194823547713387057e+00
-3.194823547713387057e+00
-3.194823547713387057e+00
-3.107624573643759103e+00
-3.084523955904958648e+00
-3.084523955904958648e+00
-3.084523955904958648e+00
-3.084523955904958648e+00
-3.084523955904958648e+00
-3.081175838784095511e+00
-3.081175838784095511e+00
-3.081175838784095511e+00
-3.081175838784095511e+00
-3.081175838784095511e+00
-3.081175838784095511e+00
-3.081175838784095511e+00
-3.081175838784095511e+00
-3.081175838784095511e+00
-3.081175838784095511e+00
-3.081175838784095511e+00
-3.205349750774084239e+00
-3.205349750774084239e+00
-3.205349750774084239e+00
-3.205349750774084239e+00
-3.198183289449483713e+00
-3.198183289449483713e+00
-3.198183289449483713e+00
-3.198183289449483713e+00
-3.198183289449483713e+00
-3.198183289449483713e+00
-3.198183289449483713e+00
-3.198183289449483713e+00
-3.221706496142064502e+00
-3.279049583420470704e+00
-3.279049583420470704e+00
-3.279049583420470704e+00
-3.279049583420470704e+00
-3.279049583420470704e+00
-3.297584234642480627e+00
-3.346679315512312236e+00
-3.346679315512312236e+00
-3.350271777486709901e+00
-3.350271777486709901e+00
-3.350271777486709901e+00
-3.339123999411471644e+00
-3.339123999411471644e+00
-3.339123999411471644e+00
-3.339123999411471644e+00
-3.339123999411471644e+00
-3.170576879672748483e+00
-3.170576879672748483e+00
-3.179847852221866056e+00
-3.176341549160375255e+00
-3.176341549160375255e+00
-3.176341549160375255e+00
-3.230459603479213904e+00
-3.183786545383314515e+00
-3.183786545383314515e+00
-3.178349416524912652e+00
-3.175468335416075316e+00
-3.175468335416075316e+00
-3.178660317998998952e+00
-3.178660317998998952e+00
-3.178660317998998952e+00
-3.178660317998998952e+00
-3.178660317998998952e+00
-3.175332031104122432e+00
-3.139046592420647208e+00
-3.143689600505062742e+00
-3.143689600505062742e+00
-3.260103284059017614e+00
-3.260103284059017614e+00
-3.260103284059017614e+00
-3.260103284059017614e+00
-3.260103284059017614e+00
-3.260103284059017614e+00
-3.290301527165545803e+00
-3.290301527165545803e+00
-3.291011312495681906e+00
-3.291011312495681906e+00
-3.321226878558244611e+00
-3.271413806747523800e+00
-3.271413806747523800e+00
-3.271413806747523800e+00
-3.271413806747523800e+00
-3.271413806747523800e+00
-3.271413806747523800e+00
-3.325986588662258381e+00
-3.325986588662258381e+00
-3.325986588662258381e+00
-3.325986588662258381e+00
-3.325986588662258381e+00
-3.405945706777773196e+00
-3.368342355833910506e+00
-3.368342355833910506e+00
-3.368342355833910506e+00
-3.368342355833910506e+00
-3.309801477319195495e+00
-3.309801477319195495e+00
-3.309801477319195495e+00
-3.309801477319195495e+00
-3.309801477319195495e+00
-3.309801477319195495e+00
-3.309801477319195495e+00
-3.346197007946940527e+00
-3.346197007946940527e+00
-3.346197007946940527e+00
-3.346197007946940527e+00
-3.346197007946940527e+00
-3.346197007946940527e+00
-3.341517530481400211e+00
-3.341517530481400211e+00
-3.341517530481400211e+00
-3.341517530481400211e+00
-3.344779260755724959e+00
-3.344779260755724959e+00
-3.188535314672991561e+00
-3.188535314672991561e+00
-3.188535314672991561e+00
-3.188535314672991561e+00
-3.188535314672991561e+00
-3.188535314672991561e+00
-3.188535314672991561e+00
-3.188535314672991561e+00
-3.188535314672991561e+00
-3.211765626648416028e+00
-3.211765626648416028e+00
-3.182730072998863680e+00
-3.182730072998863680e+00
-3.182730072998863680e+00
-3.182730072998863680e+00
-3.182730072998863680e+00
-3.182730072998863680e+00
-3.334401898356742056e+00
-3.335561624676501857e+00
-3.335561624676501857e+00
-3.335561624676501857e+00
-3.335561624676501857e+00
-3.335561624676501857e+00
-3.450786634339428893e+00
-3.533118541564357784e+00
-3.533118541564357784e+00
-3.533118541564357784e+00
-3.534792030290708986e+00
-3.534608999584190503e+00
-3.531300087048036218e+00
-3.323152461881619057e+00
-3.263353845585372337e+00
-3.263353845585372337e+00
-3.262629928370050614e+00
-3.262629928370050614e+00
-3.414755113722033553e+00
-3.495233008784043971e+00
-3.494934415726087096e+00
-3.469525742029368587e+00
-3.469996424979506777e+00
-3.469996424979506777e+00
-3.469996424979506777e+00
-3.469996424979506777e+00
-3.469996424979506777e+00
-3.469996424979506777e+00
-3.469996424979506777e+00
-3.469996424979506777e+00
-3.469353652137187272e+00
-3.424805163425423515e+00
-3.425325307973711819e+00
-3.428642881987883140e+00
-3.424680255795072181e+00
-3.424680255795072181e+00
-3.424680255795072181e+00
-3.420963114123955151e+00
-3.422107340956737076e+00
-3.498739539779166741e+00
-3.397997661028947292e+00
-3.179841242146537628e+00
-3.179841242146537628e+00
-3.263419946338660615e+00
-3.263419946338660615e+00
-3.263419946338660615e+00
-3.263419946338660615e+00
-3.174442178204683884e+00
-3.174442178204683884e+00
-3.174442178204683884e+00
-3.174442178204683884e+00
-3.174442178204683884e+00
-3.174442178204683884e+00
-3.290928116719991525e+00
-3.290928116719991525e+00
-3.593328122199151320e+00
-3.535137577676863874e+00
-3.535137577676863874e+00
-3.535137577676863874e+00
-3.535137577676863874e+00
-3.535137577676863874e+00
-3.535137577676863874e+00
-3.547649538539791259e+00
-3.547649538539791259e+00
-3.547649538539791259e+00
-3.541287455002618767e+00
-3.541571688241758054e+00
-3.541571688241758054e+00
-3.505375143674773764e+00
-3.505375143674773764e+00
-3.505375143674773764e+00
-3.505375143674773764e+00
-3.505375143674773764e+00
-3.436217116580182473e+00
-3.436217116580182473e+00
-3.436217116580182473e+00
-3.519299153388116164e+00
-3.519299153388116164e+00
-3.379247840458302843e+00
-3.379247840458302843e+00
-3.376501468125994165e+00
-3.376501468125994165e+00
-3.170827378734347946e+00
-3.173289517827516892e+00
-3.173289517827516892e+00
-3.173289517827516892e+00
-3.251987935024283072e+00
-3.251987935024283072e+00
-3.299698547013174998e+00
-3.299698547013174998e+00
-3.494460541705100454e+00
-3.263121353280703740e+00
-3.263121353280703740e+00
-3.278823245323866598e+00
-3.278823245323866598e+00
-3.278823245323866598e+00
-3.223201284900905961e+00
-3.191919901174979035e+00
-3.191919901174979035e+00
-3.191919901174979035e+00
-3.202954852102363414e+00
-3.202954852102363414e+00
-3.202954852102363414e+00
-3.202954852102363414e+00
-3.050410040933816624e+00
-3.050410040933816624e+00
-3.050410040933816624e+00
-3.050410040933816624e+00
-3.050410040933816624e+00
-3.050410040933816624e+00
-3.050410040933816624e+00
-2.974977228883119551e+00
-2.974977228883119551e+00
-2.974977228883119551e+00
-2.974977228883119551e+00
-3.021949791771503691e+00
-3.021949791771503691e+00
-2.943410244316261526e+00
-2.943410244316261526e+00
-2.943410244316261526e+00
-2.943410244316261526e+00
-2.942480503031218220e+00
-2.942480503031218220e+00
-2.959289696658774282e+00
-3.045700704162480843e+00
-3.045700704162480843e+00
-3.035178148039896051e+00
-3.035178148039896051e+00
-3.035178148039896051e+00
-3.035178148039896051e+00
-3.035178148039896051e+00
-3.035178148039896051e+00
-3.003805362927526090e+00
-3.003805362927526090e+00
-2.737238575805897245e+00
-2.751718743581388793e+00
-2.751718743581388793e+00
-2.755391210260627943e+00
-2.755391210260627943e+00
-3.047075371897243201e+00
-3.047075371897243201e+00
-3.047075371897243201e+00
-3.047075371897243201e+00
-3.047075371897243201e+00
-3.045860029771268351e+00
-3.045860029771268351e+00
-3.025979430452131247e+00
-3.025979430452131247e+00
-3.025979430452131247e+00
-3.025979430452131247e+00
-3.025979430452131247e+00
-3.025979430452131247e+00
-3.079953202781895882e+00
-3.004502383974268387e+00
-3.072016553714671971e+00
-3.072016553714671971e+00
-3.072016553714671971e+00
-3.072016553714671971e+00
-2.899210721995133078e+00
-3.055603280805948785e+00
-3.055603280805948785e+00
-3.055603280805948785e+00
-3.055603280805948785e+00
-3.055603280805948785e+00
-3.055603280805948785e+00
-3.055603280805948785e+00
-3.055603280805948785e+00
-3.055603280805948785e+00
-3.187425505818645810e+00
-3.187425505818645810e+00
-3.187425505818645810e+00
-3.187425505818645810e+00
-3.187425505818645810e+00
-3.149837654361760997e+00
-3.149837654361760997e+00
-3.149837654361760997e+00
-3.149837654361760997e+00
-3.149837654361760997e+00
-3.149837654361760997e+00
-3.149837654361760997e+00
-3.149837654361760997e+00
-2.917471169057813007e+00
-2.917471169057813007e+00
-2.901653714663211758e+00
-2.901653714663211758e+00
-2.863176922041416717e+00
-2.863176922041416717e+00
-2.863176922041416717e+00
-2.863176922041416717e+00
-2.863176922041416717e+00
-2.892065686431942950e+00
-2.892065686431942950e+00
-2.892065686431942950e+00
-2.877329549187683799e+00
-3.029927924759757030e+00
-3.072447804146469341e+00
-3.072447804146469341e+00
-3.072447804146469341e+00
-3.072447804146469341e+00
-3.130782858591462325e+00
-3.130782858591462325e+00
-3.130782858591462325e+00
-3.128909244136190093e+00
-3.061915218944075257e+00
-3.061915218944075257e+00
-3.061915218944075257e+00
-3.061915218944075257e+00
-3.052397166337839085e+00
-3.052397166337839085e+00
-3.052397166337839085e+00
-3.052397166337839085e+00
-3.058916068213847428e+00
-3.032460495345222995e+00
-3.032460495345222995e+00
-3.028991573399384851e+00
-3.028991573399384851e+00
-3.028991573399384851e+00
-3.028991573399384851e+00
-3.028991573399384851e+00
-3.029173920305007428e+00
-3.029173920305007428e+00
-3.029173920305007428e+00
-3.029173920305007428e+00
-3.029173920305007428e+00
-2.995929800073685367e+00
-2.995929800073685367e+00
-2.995929800073685367e+00
-2.994390564256598442e+00
-3.191107089843166378e+00
-3.191107089843166378e+00
-3.191107089843166378e+00
-3.255329442069817336e+00
-3.255329442069817336e+00
-3.255329442069817336e+00
-3.255329442069817336e+00
-3.255329442069817336e+00
-3.255329442069817336e+00
-3.255329442069817336e+00
-3.269532214615130439e+00
-3.269532214615130439e+00
-3.269532214615130439e+00
-3.269532214615130439e+00
-3.269532214615130439e+00
-3.222218435079600152e+00
-3.222218435079600152e+00
-3.186601753672495541e+00
-3.186601753672495541e+00
-3.186601753672495541e+00
-3.186601753672495541e+00
-3.186601753672495541e+00
-3.236175723103218438e+00
-3.236175723103218438e+00
-3.236175723103218438e+00
-3.236175723103218438e+00
-3.236175723103218438e+00
-3.236175723103218438e+00
-3.253658916480682173e+00
-3.256564158554514421e+00
-3.256564158554514421e+00
-3.256564158554514421e+00
-3.252375194265099356e+00
-3.252375194265099356e+00
-3.252375194265099356e+00
-3.252375194265099356e+00
-3.252375194265099356e+00
-3.252375194265099356e+00
-3.252375194265099356e+00
-3.252375194265099356e+00
-3.252375194265099356e+00
-3.252375194265099356e+00
-3.252375194265099356e+00
-3.252375194265099356e+00
-3.252375194265099356e+00
-3.252375194265099356e+00
-3.252375194265099356e+00
-3.167636535819584154e+00
-3.167636535819584154e+00
-3.167636535819584154e+00
-3.167636535819584154e+00
-3.167636535819584154e+00
-3.167636535819584154e+00
-3.167636535819584154e+00
-3.167636535819584154e+00
-3.167636535819584154e+00
-3.129817103792558619e+00
-3.274222177027743985e+00
-3.267568110507943047e+00
-3.267568110507943047e+00
-3.267568110507943047e+00
-3.041086871582964868e+00
-3.041086871582964868e+00
-3.041086871582964868e+00
-3.041086871582964868e+00
-3.041086871582964868e+00
-3.041086871582964868e+00
-3.041086871582964868e+00
-3.041086871582964868e+00
-2.953221647506917957e+00
-2.953221647506917957e+00
-2.953221647506917957e+00
-2.878589338371904116e+00
-2.878589338371904116e+00
-2.878589338371904116e+00
-2.878589338371904116e+00
-2.878589338371904116e+00
-2.878589338371904116e+00
-2.878589338371904116e+00
-2.878589338371904116e+00
-2.878589338371904116e+00
-2.747942111232312357e+00
-2.747942111232312357e+00
-2.747621408612048732e+00
-2.747621408612048732e+00
-2.751431319271401055e+00
-2.772264453238784121e+00
-2.719449723427883381e+00
-2.720089989000250785e+00
-2.720089989000250785e+00
-2.723155240483766892e+00
-2.723155240483766892e+00
-2.723155240483766892e+00
-2.723155240483766892e+00
-2.722773451650119636e+00
-2.722773451650119636e+00
-2.722773451650119636e+00
-2.726143678333289522e+00
-2.815697434755401574e+00
-2.792631007061405768e+00
-2.792631007061405768e+00
-2.792631007061405768e+00
-2.792631007061405768e+00
-2.794406382121273680e+00
-2.876820573387364632e+00
-2.876820573387364632e+00
-2.870314207861117684e+00
-2.905793901155373060e+00
-2.839257566696371082e+00
-2.839257566696371082e+00
-2.839257566696371082e+00
-2.839257566696371082e+00
-2.839257566696371082e+00
-2.839257566696371082e+00
-2.865341835678421489e+00
-2.865341835678421489e+00
-2.865341835678421489e+00
-2.864897137162334406e+00
-2.864897137162334406e+00
-2.893401833382892807e+00
-2.893401833382892807e+00
-2.893401833382892807e+00
-2.893401833382892807e+00
-2.893401833382892807e+00
-2.892254415479262430e+00
-2.892254415479262430e+00
-2.877829179709089580e+00
-2.877829179709089580e+00
-2.877829179709089580e+00
-2.877829179709089580e+00
-3.039760753711824304e+00
-3.039760753711824304e+00
-3.039760753711824304e+00
-3.037489395068662557e+00
-3.045358575780806376e+00
-3.045358575780806376e+00
-3.045358575780806376e+00
-3.045358575780806376e+00
-3.045358575780806376e+00
-3.045358575780806376e+00
-2.994945126783323364e+00
-2.962371587297428555e+00
-2.962371587297428555e+00
-2.962371587297428555e+00
-2.962371587297428555e+00
-2.962371587297428555e+00
-2.964531258460896268e+00
-2.956294876667555194e+00
-2.956294876667555194e+00
-2.956294876667555194e+00
-2.956294876667555194e+00
-3.060900458414285374e+00
-3.060900458414285374e+00
-3.060900458414285374e+00
-3.060900458414285374e+00
-3.060900458414285374e+00
-3.060900458414285374e+00
-3.060900458414285374e+00
-3.060900458414285374e+00
-3.060900458414285374e+00
-3.060900458414285374e+00
-3.060900458414285374e+00
-3.060900458414285374e+00
-3.008441305069348815e+00
-3.151336317992346814e+00
-3.151336317992346814e+00
-3.150420936526121540e+00
-3.150420936526121540e+00
-3.150420936526121540e+00
-3.047592097441051084e+00
-3.047592097441051084e+00
-3.039987547675692348e+00
-3.042324551204877991e+00
-3.042324551204877991e+00
-3.042324551204877991e+00
-3.042324551204877991e+00
-3.041564620475695868e+00
-3.041564620475695868e+00
-3.041564620475695868e+00
-3.041564620475695868e+00
-3.041564620475695868e+00
-3.161674931673884803e+00
-3.129002924858953705e+00
-3.129002924858953705e+00
-3.129002924858953705e+00
-3.128478677505288630e+00
-3.132591739895238536e+00
-3.132591739895238536e+00
-3.132591739895238536e+00
-3.132591739895238536e+00
-3.151530973314099260e+00
-3.246778055997013190e+00
-3.246778055997013190e+00
-3.271894518777471283e+00
-3.284303453638722115e+00
-3.284303453638722115e+00
-3.284303453638722115e+00
-3.201569471486895413e+00
-3.201569471486895413e+00
-3.201569471486895413e+00
-3.201569471486895413e+00
-3.201569471486895413e+00
-3.201569471486895413e+00
-3.201569471486895413e+00
-3.201569471486895413e+00
-3.177289525135980952e+00
-3.177289525135980952e+00
-3.177289525135980952e+00
-3.177958966213247916e+00
-3.173420807599565130e+00
-3.173420807599565130e+00
-3.173420807599565130e+00
-3.173420807599565130e+00
-3.179615359917197459e+00
-3.179615359917197459e+00
-3.179615359917197459e+00
-3.179615359917197459e+00
-3.179615359917197459e+00
-3.179615359917197459e+00
-3.178058801144076462e+00
-3.178058801144076462e+00
-3.178058801144076462e+00
-3.178058801144076462e+00
-3.179472445529915703e+00
-3.160687067312674348e+00
-3.150375577733347754e+00
-3.150537638545719776e+00
-3.020578543041221753e+00
-3.020578543041221753e+00
-3.020578543041221753e+00
-3.020578543041221753e+00
-3.020578543041221753e+00
-3.020578543041221753e+00
-2.980350764258185681e+00
-2.980350764258185681e+00
-2.980350764258185681e+00
-2.980350764258185681e+00
-2.980350764258185681e+00
-2.980350764258185681e+00
-2.796916615210800927e+00
-2.898757589934660928e+00
-2.902399513507208262e+00
-2.958801462818969608e+00
-2.958801462818969608e+00
-2.958801462818969608e+00
-2.676109510899501664e+00
-2.676109510899501664e+00
-2.676109510899501664e+00
-2.676109510899501664e+00
-2.932004901236830996e+00
-2.932004901236830996e+00
-2.932004901236830996e+00
-2.748237741153053193e+00
-2.747897664174066890e+00
-2.747897664174066890e+00
-2.744123539094942998e+00
-2.826853874308656867e+00
-2.826853874308656867e+00
-2.831183929516297937e+00
-2.831183929516297937e+00
-2.831183929516297937e+00
-2.877418899171438671e+00
-2.877418899171438671e+00
-2.877418899171438671e+00
-2.877418899171438671e+00
-2.965211412418868431e+00
-2.965211412418868431e+00
-2.965211412418868431e+00
-2.965211412418868431e+00
-3.146889104897843570e+00
-3.146889104897843570e+00
-3.146524866953862354e+00
-3.146524866953862354e+00
-3.146524866953862354e+00
-3.146524866953862354e+00
-3.133205565166290896e+00
-3.099751518059870925e+00
-3.098297529421162544e+00
-3.066055633369868527e+00
-3.066055633369868527e+00
-3.066055633369868527e+00
-3.066055633369868527e+00
-3.021327077088802771e+00
-3.021327077088802771e+00
-3.021327077088802771e+00
-3.083611081708685475e+00
-3.083611081708685475e+00
-3.088169298481986846e+00
-3.088169298481986846e+00
-3.088169298481986846e+00
-3.088169298481986846e+00
-3.088169298481986846e+00
-3.088169298481986846e+00
-3.088169298481986846e+00
-3.088169298481986846e+00
-3.088169298481986846e+00
-3.183044393477430400e+00
-3.183044393477430400e+00
-3.183044393477430400e+00
-3.183044393477430400e+00
-3.183044393477430400e+00
-3.183044393477430400e+00
-3.218004398090661411e+00
-3.218004398090661411e+00
-3.218004398090661411e+00
-3.079619280010974514e+00
-3.231768170460687983e+00
-2.948814322798019472e+00
-2.948814322798019472e+00
-2.948814322798019472e+00
-2.948814322798019472e+00
-2.972367388796395726e+00
-2.972367388796395726e+00
-2.972367388796395726e+00
-2.972367388796395726e+00
-2.963486182758046539e+00
-2.963486182758046539e+00
-2.963486182758046539e+00
-2.963486182758046539e+00
-2.963486182758046539e+00
-2.963486182758046539e+00
-2.963486182758046539e+00
-2.943456514843563188e+00
-2.943456514843563188e+00
-2.943456514843563188e+00
-2.943456514843563188e+00
-2.943456514843563188e+00
-2.943456514843563188e+00
-2.943456514843563188e+00
-2.943456514843563188e+00
-2.943456514843563188e+00
-2.943456514843563188e+00
-2.895364341954655973e+00
-2.895364341954655973e+00
-2.895364341954655973e+00
-2.895364341954655973e+00
-2.899292094301766820e+00
-2.899292094301766820e+00
-2.899292094301766820e+00
-2.899292094301766820e+00
-2.899292094301766820e+00
-2.899292094301766820e+00
-2.877662560224076849e+00
-2.877662560224076849e+00
-2.877662560224076849e+00
-2.877662560224076849e+00
-2.877662560224076849e+00
-2.877662560224076849e+00
-2.877662560224076849e+00
-2.877662560224076849e+00
-2.877662560224076849e+00
-2.877662560224076849e+00
-2.877662560224076849e+00
-2.877662560224076849e+00
-2.877662560224076849e+00
-2.877662560224076849e+00
-2.877662560224076849e+00
-2.894954289350637033e+00
-2.894954289350637033e+00
-2.894954289350637033e+00
-2.894954289350637033e+00
-3.102075301438398824e+00
-3.102075301438398824e+00
-3.102075301438398824e+00
-2.942190799384910349e+00
-2.917098269635814756e+00
-2.759521823540244334e+00
-2.759521823540244334e+00
-2.728392927414144520e+00
-2.728392927414144520e+00
-2.914814374642891615e+00
-2.914814374642891615e+00
-2.914814374642891615e+00
-2.914814374642891615e+00
-2.914814374642891615e+00
-2.914814374642891615e+00
-2.914814374642891615e+00
-2.914814374642891615e+00
-2.914814374642891615e+00
-3.010166762663802675e+00
-3.010166762663802675e+00
-3.132981050538742984e+00
-3.132981050538742984e+00
-2.987966026904250061e+00
-2.987966026904250061e+00
-2.987966026904250061e+00
-2.987790745941220294e+00
-3.070763374605780527e+00
-3.070763374605780527e+00
-3.072103852295738680e+00
-3.033155464989277128e+00
-3.033155464989277128e+00
-3.033155464989277128e+00
-3.045267174394362897e+00
-3.045267174394362897e+00
-2.946190806693373965e+00
-3.134285058847576799e+00
-3.134285058847576799e+00
-3.060427951995090989e+00
-3.060427951995090989e+00
-3.060427951995090989e+00
-3.060427951995090989e+00
-3.060427951995090989e+00
-3.060427951995090989e+00
-3.060427951995090989e+00
-3.060427951995090989e+00
-3.060427951995090989e+00
-3.060427951995090989e+00
-3.041448146389729601e+00
-3.041448146389729601e+00
-2.993701748820609243e+00
-2.981085394354213047e+00
-2.981085394354213047e+00
-3.092585512602534337e+00
-3.092585512602534337e+00
-3.092585512602534337e+00
-3.092585512602534337e+00
-3.092585512602534337e+00
-3.092585512602534337e+00
-3.092585512602534337e+00
-3.092585512602534337e+00
-3.092585512602534337e+00
-3.092585512602534337e+00
-3.092585512602534337e+00
-3.092585512602534337e+00
-3.092585512602534337e+00
-2.977801098650317613e+00
-2.977801098650317613e+00
-2.977801098650317613e+00
-2.977801098650317613e+00
-2.977801098650317613e+00
-2.977801098650317613e+00
-2.921665831688029069e+00
-2.921665831688029069e+00
-2.921665831688029069e+00
-2.921665831688029069e+00
-2.921665831688029069e+00
-2.926540648276217738e+00
-2.926540648276217738e+00
-2.905475477871429568e+00
-2.861983233610485122e+00
-2.861983233610485122e+00
-2.861983233610485122e+00
-2.843327093762603841e+00
-2.843327093762603841e+00
-2.841098130774999397e+00
-2.980389968842894532e+00
-2.980389968842894532e+00
-2.980389968842894532e+00
-2.988042384670979601e+00
-2.988042384670979601e+00
-3.095164581648933932e+00
-3.095164581648933932e+00
-3.095164581648933932e+00
-3.106909773773718353e+00
-3.014086309400160868e+00
-3.014086309400160868e+00
-3.014086309400160868e+00
-3.014086309400160868e+00
-3.014086309400160868e+00
-2.940600962301513022e+00
-2.940600962301513022e+00
-2.940600962301513022e+00
-2.957517284736122409e+00
-2.957517284736122409e+00
-2.957517284736122409e+00
-2.957517284736122409e+00
-2.957517284736122409e+00
-2.957517284736122409e+00
-2.940133014554958901e+00
