# Variable: dg_gbsa_00000406
# Sample shape: (2000,)
# Date: 2014-03-03 06:24:06.178557
-1.789651341009778074e+00
-1.789651341009778074e+00
-1.789651341009778074e+00
-1.789651341009778074e+00
-1.789651341009778074e+00
-1.789651341009778074e+00
-1.789651341009778074e+00
-1.789651341009778074e+00
-1.789651341009778074e+00
-1.789651341009778074e+00
-5.915715179297481363e+00
-5.915715179297481363e+00
-5.559618112917839916e+00
-5.559618112917839916e+00
-5.559618112917839916e+00
-5.559618112917839916e+00
-5.559618112917839916e+00
-4.991567385584172456e+00
-5.167431402844634647e+00
-5.187847874132669901e+00
-5.755493791335855036e+00
-5.755493791335855036e+00
-5.755493791335855036e+00
-5.742117278206644748e+00
-5.741640441048441623e+00
-5.741640441048441623e+00
-5.741640441048441623e+00
-5.741640441048441623e+00
-5.742117278206644748e+00
-5.739370222073439720e+00
-5.062806218805549818e+00
-5.066866628526501160e+00
-4.744480034589311224e+00
-5.538256172924151066e+00
-5.538256172924151066e+00
-5.538256172924151066e+00
-5.538256172924151066e+00
-5.538256172924151066e+00
-5.597738189405510489e+00
-5.571591010741020256e+00
-5.571591010741020256e+00
-5.571591010741020256e+00
-5.571591010741020256e+00
-5.571591010741020256e+00
-5.900072549998645499e+00
-5.909126529730072797e+00
-5.909122426924696470e+00
-5.909122426924696470e+00
-5.909122426924696470e+00
-5.909126529730072797e+00
-5.868852480419734619e+00
-6.059206238668233269e+00
-6.331884154398172093e+00
-6.530740748855852651e+00
-6.530740748855852651e+00
-6.530740748855852651e+00
-6.521736002788944830e+00
-6.521736002788944830e+00
-3.800444347680640433e+00
-3.800444347680640433e+00
-3.800444347680640433e+00
-3.800444347680640433e+00
-4.721584101252072507e+00
-5.346284085888251880e+00
-5.346284085888251880e+00
-5.346284085888251880e+00
-5.346284085888251880e+00
-5.346284085888251880e+00
-5.736403437918959902e+00
-5.736403437918959902e+00
-5.736403437918959902e+00
-5.736403437918959902e+00
-5.736403437918959902e+00
-5.739340134834011842e+00
-5.739248049646672456e+00
-5.545450670085490863e+00
-5.545450670085490863e+00
-5.545450670085490863e+00
-5.545450670085490863e+00
-5.419424341468008777e+00
-5.419424341468008777e+00
-5.419424341468008777e+00
-5.695653007317683425e+00
-6.161408944066121940e+00
-6.259286380862642218e+00
-6.259286380862642218e+00
-6.259286380862642218e+00
-6.259286380862642218e+00
-6.259286380862642218e+00
-6.113414782638987077e+00
-6.113414782638987077e+00
-6.113414782638987077e+00
-6.113414782638987077e+00
-6.256816036158720173e+00
-6.256816036158720173e+00
-6.256816036158720173e+00
-6.256816036158720173e+00
-6.256816036158720173e+00
-6.256816036158720173e+00
-6.256816036158720173e+00
-5.915564287233078922e+00
-6.573636946669044079e+00
-6.573636946669044079e+00
-6.573636946669044079e+00
-6.573636946669044079e+00
-6.573636946669044079e+00
-6.573636946669044079e+00
-6.573636946669044079e+00
-6.573636946669044079e+00
-6.573636946669044079e+00
-5.928101092861897570e+00
-5.928101092861897570e+00
-5.928101092861897570e+00
-5.928101092861897570e+00
-5.928101092861897570e+00
-5.928101092861897570e+00
-5.928101092861897570e+00
-5.928101092861897570e+00
-6.781125387771635538e+00
-6.606706469738232279e+00
-6.606706469738232279e+00
-6.606706469738232279e+00
-6.606706469738232279e+00
-6.606706469738232279e+00
-6.606706469738232279e+00
-6.606706469738232279e+00
-6.606706469738232279e+00
-6.606706469738232279e+00
-7.021483226214494167e+00
-7.021483226214494167e+00
-7.021483226214494167e+00
-7.021483226214494167e+00
-7.021483226214494167e+00
-7.021483226214494167e+00
-7.021483226214494167e+00
-7.021483226214494167e+00
-6.423362126541866779e+00
-6.423362126541866779e+00
-6.423362126541866779e+00
-6.423362126541866779e+00
-6.423362126541866779e+00
-6.423362126541866779e+00
-6.798931563105683473e+00
-6.798931563105683473e+00
-6.798931563105683473e+00
-6.798931563105683473e+00
-6.798931563105683473e+00
-6.798931563105683473e+00
-6.798931563105683473e+00
-6.798931563105683473e+00
-6.431839890051525899e+00
-6.918646865319566963e+00
-6.918646865319566963e+00
-6.918646865319566963e+00
-6.918646865319566963e+00
-6.918646865319566963e+00
-6.918646865319566963e+00
-6.918646865319566963e+00
-6.918646865319566963e+00
-6.918646865319566963e+00
-6.918646865319566963e+00
-6.918646865319566963e+00
-6.802150441857186536e+00
-6.802150441857186536e+00
-6.802150441857186536e+00
-6.802150441857186536e+00
-6.802150441857186536e+00
-6.802150441857186536e+00
-6.802150441857186536e+00
-6.802150441857186536e+00
-6.266812293524951727e+00
-6.266812293524951727e+00
-7.422550230591520304e+00
-7.422550230591520304e+00
-7.422550230591520304e+00
-7.422550230591520304e+00
-7.422550230591520304e+00
-7.422550230591520304e+00
-7.422550230591520304e+00
-7.422550230591520304e+00
-7.422550230591520304e+00
-7.090383460371261215e+00
-7.090383460371261215e+00
-7.391139608496233748e+00
-7.391139608496233748e+00
-7.340087033594542731e+00
-7.340087033594542731e+00
-7.340087033594542731e+00
-7.340087033594542731e+00
-7.340087033594542731e+00
-7.340087033594542731e+00
-7.340087033594542731e+00
-7.340087033594542731e+00
-7.340087033594542731e+00
-7.340087033594542731e+00
-7.211707974027264711e+00
-7.211707974027264711e+00
-7.211707974027264711e+00
-7.211707974027264711e+00
-7.211707974027264711e+00
-7.211707974027264711e+00
-7.205785346532642244e+00
-7.141167985321686729e+00
-7.141167985321686729e+00
-7.141167985321686729e+00
-7.344643882766051846e+00
-7.344643882766051846e+00
-7.320748688386001568e+00
-7.320748688386001568e+00
-7.382236064961944955e+00
-7.228586003611694011e+00
-7.228586003611694011e+00
-7.228586003611694011e+00
-7.228586003611694011e+00
-7.228586003611694011e+00
-7.228586003611694011e+00
-7.228586003611694011e+00
-7.228586003611694011e+00
-7.228586003611694011e+00
-7.228586003611694011e+00
-7.228586003611694011e+00
-7.228586003611694011e+00
-7.228586003611694011e+00
-7.228586003611694011e+00
-7.228586003611694011e+00
-7.228586003611694011e+00
-7.228586003611694011e+00
-7.228586003611694011e+00
-7.536786464158709009e+00
-7.536181984166569592e+00
-7.536181984166569592e+00
-7.211789118400266929e+00
-7.211789118400266929e+00
-7.211789118400266929e+00
-7.211789118400266929e+00
-7.211789118400266929e+00
-7.113588015846266543e+00
-7.113588015846266543e+00
-7.113588015846266543e+00
-7.113588015846266543e+00
-7.113588015846266543e+00
-7.287521435243449197e+00
-6.980990360617409074e+00
-6.980990360617409074e+00
-6.980990360617409074e+00
-6.980990360617409074e+00
-7.020256031539654273e+00
-7.020256031539654273e+00
-7.020256031539654273e+00
-7.222064822399365092e+00
-7.313373667788094501e+00
-7.340262542491204911e+00
-7.340262542491204911e+00
-6.675453076627012372e+00
-7.209266804828242670e+00
-6.108794112050509817e+00
-6.108794112050509817e+00
-6.108794112050509817e+00
-7.348531062926662472e+00
-7.323725501620290679e+00
-7.405348535249610897e+00
-7.405527235217121529e+00
-7.405527235217121529e+00
-7.358804031722176120e+00
-7.358804031722176120e+00
-7.358804031722176120e+00
-7.358804031722176120e+00
-7.358804031722176120e+00
-7.358922557210830995e+00
-7.358922557210830995e+00
-7.358804031722176120e+00
-7.358804031722176120e+00
-7.358804031722176120e+00
-6.224224261982262973e+00
-6.224224261982262973e+00
-6.759397842232172771e+00
-6.759397842232172771e+00
-6.763409474155870349e+00
-6.763409474155870349e+00
-6.760220226776531227e+00
-6.779357534521624373e+00
-6.779357534521624373e+00
-6.779357534521624373e+00
-6.779357534521624373e+00
-6.779357534521624373e+00
-6.782063106733799529e+00
-6.782063106733799529e+00
-6.782063106733799529e+00
-6.778547458393395786e+00
-6.778547458393395786e+00
-6.784996156710739079e+00
-6.784996156710739079e+00
-6.784996156710739079e+00
-6.784996156710739079e+00
-6.784996156710739079e+00
-6.784996156710739079e+00
-6.784996156710739079e+00
-6.286878658754191385e+00
-6.884633697013781806e+00
-6.886177719437140965e+00
-6.886177719437140965e+00
-6.886177719437140965e+00
-6.884633697013781806e+00
-6.724800707961131607e+00
-6.724800707961131607e+00
-6.724800707961131607e+00
-6.724800707961131607e+00
-6.724800707961131607e+00
-6.724800707961131607e+00
-6.586512917542320267e+00
-6.586512917542320267e+00
-6.514094299841564961e+00
-6.514094299841564961e+00
-6.162250019168306281e+00
-5.216397473278738595e+00
-5.216397473278738595e+00
-5.216397473278738595e+00
-5.216397473278738595e+00
-4.423497055958151236e+00
-4.423497055958151236e+00
-7.049309364012504631e+00
-7.049309364012504631e+00
-7.049309364012504631e+00
-7.049309364012504631e+00
-7.054422827113426386e+00
-7.054287434536001378e+00
-7.054287434536001378e+00
-7.053781877740163075e+00
-7.053964680513050034e+00
-4.846784854254348573e+00
-4.846784854254348573e+00
-4.846784854254348573e+00
-4.846784854254348573e+00
-4.846784854254348573e+00
-4.846784854254348573e+00
-4.654511894824171492e+00
-4.654511894824171492e+00
-6.818072973656152946e+00
-6.818072973656152946e+00
-7.233285083369588087e+00
-7.324959078436827475e+00
-7.392748819938352867e+00
-7.011034292655054401e+00
-6.753715912652972442e+00
-6.753715912652972442e+00
-6.753715912652972442e+00
-6.753715912652972442e+00
-5.176449369062201100e+00
-5.176449369062201100e+00
-5.193362500425962480e+00
-5.193362500425962480e+00
-5.258812275261085745e+00
-5.258812275261085745e+00
-5.242214148176786992e+00
-5.242214148176786992e+00
-5.242214148176786992e+00
-5.297432438137426480e+00
-5.297432438137426480e+00
-5.297432438137426480e+00
-5.212239507963278839e+00
-5.212239507963278839e+00
-5.212239507963278839e+00
-5.325798778643343390e+00
-5.325798778643343390e+00
-5.325798778643343390e+00
-5.898146510808007115e+00
-5.898146510808007115e+00
-5.898146510808007115e+00
-5.898146510808007115e+00
-6.348617674059894966e+00
-6.348617674059894966e+00
-6.391050254865540126e+00
-6.348617674059894966e+00
-6.348617674059894966e+00
-6.271247426136957515e+00
-5.606985456856897088e+00
-5.606985456856897088e+00
-5.606985456856897088e+00
-5.656846394730343341e+00
-5.656846394730343341e+00
-5.656846394730343341e+00
-5.606985456856897088e+00
-5.606985456856897088e+00
-5.606985456856897088e+00
-5.606985456856897088e+00
-5.606985456856897088e+00
-5.606985456856897088e+00
-6.060499989963625822e+00
-5.775256548967233172e+00
-5.775256548967233172e+00
-5.730954456511692108e+00
-5.733525547880971018e+00
-5.733525547880971018e+00
-5.730954456511692108e+00
-5.730954456511692108e+00
-5.730954456511692108e+00
-5.730954456511692108e+00
-5.730954456511692108e+00
-5.832632914555915704e+00
-5.742514338593637468e+00
-5.742514338593637468e+00
-5.742514338593637468e+00
-5.742514338593637468e+00
-5.757046931104495613e+00
-5.757046931104495613e+00
-6.577862836206848307e+00
-6.577862836206848307e+00
-6.577862836206848307e+00
-6.577862836206848307e+00
-6.577178579443499373e+00
-6.577178579443499373e+00
-6.577178579443499373e+00
-6.309212507754848431e+00
-6.304372109145096381e+00
-6.304372109145096381e+00
-6.304032032166110078e+00
-6.304032032166110078e+00
-6.547926488843519799e+00
-6.547926488843519799e+00
-6.575819183262082923e+00
-4.581960619749575692e+00
-4.581960619749575692e+00
-3.155094259783596922e+00
-3.155094259783596922e+00
-4.600022992486023199e+00
-4.600022992486023199e+00
-4.600022992486023199e+00
-4.981169965025571855e+00
-4.470628260654427422e+00
-4.470628260654427422e+00
-4.470628260654427422e+00
-4.280402601107128113e+00
-4.280402601107128113e+00
-4.280402601107128113e+00
-4.457240806710879077e+00
-4.457240806710879077e+00
-5.187118942377443531e+00
-5.187118942377443531e+00
-5.187118942377443531e+00
-5.572916672744896438e+00
-5.572916672744896438e+00
-5.508169845230947992e+00
-5.508169845230947992e+00
-5.508169845230947992e+00
-5.508169845230947992e+00
-5.428879940259069059e+00
-5.330903580266248554e+00
-5.330903580266248554e+00
-5.330903580266248554e+00
-5.660507008860717448e+00
-5.660507008860717448e+00
-5.660507008860717448e+00
-5.660507008860717448e+00
-5.633183236787696835e+00
-5.633183236787696835e+00
-5.633183236787696835e+00
-5.633183236787696835e+00
-5.655884058935919612e+00
-5.673061137445570168e+00
-5.371218657630350890e+00
-5.371218657630350890e+00
-5.371218657630350890e+00
-5.371218657630350890e+00
-5.371218657630350890e+00
-1.239674611027792306e+00
-1.113042092915930592e+00
-1.113042092915930592e+00
-1.113042092915930592e+00
-1.104598291517443709e+00
-6.287002198782750462e+00
-6.287002198782750462e+00
-6.287002198782750462e+00
-5.979553919221428870e+00
-5.979553919221428870e+00
-5.979553919221428870e+00
-5.979553919221428870e+00
-5.979553919221428870e+00
-5.979553919221428870e+00
-5.979553919221428870e+00
-5.979553919221428870e+00
-6.009166600827277271e+00
-6.009166600827277271e+00
-5.412739503907883609e+00
-5.412739503907883609e+00
-5.412739503907883609e+00
-5.412739503907883609e+00
-5.412739503907883609e+00
-5.412739503907883609e+00
-5.412739503907883609e+00
-5.563930161368550564e+00
-2.858383933627126616e+00
-2.858383933627126616e+00
-2.858383933627126616e+00
-2.858383933627126616e+00
-2.858383933627126616e+00
-1.520861289241345782e+00
-1.209222677788816425e+00
-1.622727792531992508e+00
-1.622727792531992508e+00
-1.621409880271605264e+00
-1.621409880271605264e+00
-1.621409880271605264e+00
-1.721925306958404400e+00
-2.001146285529346258e+00
-2.406160416612205477e+00
-3.088898914038109123e+00
-3.088898914038109123e+00
-3.088898914038109123e+00
-1.555429703874751990e+00
-3.999204070344709372e+00
-3.734479670770765480e+00
-3.734479670770765480e+00
-4.934467731424772907e+00
-4.477020887298292173e+00
-4.477020887298292173e+00
-4.843175753124812744e+00
-4.522658214970254775e+00
-4.522658214970254775e+00
-4.522658214970254775e+00
-4.648858684882607228e+00
-4.668393964749220970e+00
-4.668393964749220970e+00
-4.669060898556535832e+00
-4.875114269511876763e+00
-4.875114269511876763e+00
-4.875082814670657072e+00
-4.931432567180684678e+00
-4.931439861056909457e+00
-4.899004905219287664e+00
-4.899004905219287664e+00
-4.953339724422185064e+00
-4.978183122711473452e+00
-4.978183122711473452e+00
-4.986881525976935237e+00
-4.986881525976935237e+00
-4.986881525976935237e+00
-4.986881525976935237e+00
-4.986881525976935237e+00
-4.986881525976935237e+00
-4.986881525976935237e+00
-4.965821370112052158e+00
-5.008383873087954186e+00
-5.008383873087954186e+00
-5.009111893108651792e+00
-5.009019807921312406e+00
-5.009019807921312406e+00
-5.009019807921312406e+00
-5.009019807921312406e+00
-5.009019807921312406e+00
-5.009019807921312406e+00
-5.009019807921312406e+00
-4.771731779634610149e+00
-4.771731779634610149e+00
-4.805165084780515627e+00
-4.805165084780515627e+00
-4.805165084780515627e+00
-4.804575192540826656e+00
-4.804575192540826656e+00
-4.804575192540826656e+00
-4.806745120717735631e+00
-4.806745120717735631e+00
-5.215636174947763770e+00
-5.215636174947763770e+00
-5.215636174947763770e+00
-5.215636174947763770e+00
-5.217605521528487778e+00
-5.217605521528487778e+00
-5.256540688684292029e+00
-5.192267507257698256e+00
-5.192267507257698256e+00
-5.192267507257698256e+00
-4.725250641656878692e+00
-3.786334116189931098e+00
-3.810049015067047407e+00
-3.810049015067047407e+00
-3.810049015067047407e+00
-3.810049015067047407e+00
-3.810049015067047407e+00
-3.810049015067047407e+00
-3.799267070471214591e+00
-4.733273449637009911e+00
-4.733273449637009911e+00
-4.902877497627447845e+00
-4.901665346572321447e+00
-4.901665346572321447e+00
-4.901665346572321447e+00
-4.901665346572321447e+00
-4.901665346572321447e+00
-4.928792639854533419e+00
-4.928792639854533419e+00
-4.111969220250787593e+00
-4.101651576463396509e+00
-4.084260240339640191e+00
-4.097684619531576367e+00
-4.131721037067828561e+00
-4.131721037067828561e+00
-4.131721037067828561e+00
-4.131721037067828561e+00
-3.735752452172011129e+00
-2.437843875265030213e+00
-2.437843875265030213e+00
-2.437843875265030213e+00
-2.437843875265030213e+00
-2.437843875265030213e+00
-3.813928901351432366e+00
-3.813928901351432366e+00
-4.814206300228549118e+00
-4.688763481709059100e+00
-4.683838291788192443e+00
-4.679604196639634672e+00
-4.679604196639634672e+00
-4.679604196639634672e+00
-4.679604196639634672e+00
-4.679604196639634672e+00
-4.679604196639634672e+00
-4.679604196639634672e+00
-4.839814187919659894e+00
-4.917423310288962846e+00
-4.917423310288962846e+00
-4.917423310288962846e+00
-4.944704230839161774e+00
-4.944704230839161774e+00
-4.973887485482268112e+00
-4.973887485482268112e+00
-4.973887485482268112e+00
-4.973887485482268112e+00
-4.973887485482268112e+00
-4.973887485482268112e+00
-4.973887485482268112e+00
-4.973887485482268112e+00
-4.973887485482268112e+00
-4.973887485482268112e+00
-4.973887485482268112e+00
-4.958357455397655045e+00
-4.958357455397655045e+00
-5.082078919128067973e+00
-5.149703180812740477e+00
-5.149703180812740477e+00
-5.161224770044505306e+00
-5.161224770044505306e+00
-5.161224770044505306e+00
-5.161231608053466147e+00
-5.161231608053466147e+00
-4.771376203168646413e+00
-4.771424069231372300e+00
-4.771928258425418790e+00
-4.771503846002581817e+00
-4.771503846002581817e+00
-4.843359011764963640e+00
-4.842026055884862679e+00
-4.842067995673155600e+00
-4.842067995673155600e+00
-4.669887385906270616e+00
-4.669887385906270616e+00
-4.669887385906270616e+00
-4.826367471231784556e+00
-4.826367471231784556e+00
-4.439501187997383802e+00
-4.439501187997383802e+00
-4.439501187997383802e+00
-4.440059625395853082e+00
-4.423850353087795284e+00
-4.498076028623271050e+00
-4.498076028623271050e+00
-4.498076028623271050e+00
-4.498076028623271050e+00
-4.082201999642424362e+00
-4.082201999642424362e+00
-4.213029522284950978e+00
-4.213029522284950978e+00
-4.881777225443327595e+00
-4.785228185854268013e+00
-4.785228185854268013e+00
-4.785228185854268013e+00
-4.787663884646121915e+00
-4.787663884646121915e+00
-4.787663884646121915e+00
-4.787663884646121915e+00
-4.799258868507399356e+00
-4.799258868507399356e+00
-4.799258868507399356e+00
-4.634337944920614127e+00
-4.634337944920614127e+00
-4.624246411296194736e+00
-4.624246411296194736e+00
-4.629704510048743948e+00
-4.629704510048743948e+00
-4.629704510048743948e+00
-4.629704510048743948e+00
-4.583175961875550541e+00
-4.583175961875550541e+00
-4.629723656473833771e+00
-4.918107111185047842e+00
-4.918107111185047842e+00
-4.918107111185047842e+00
-4.918865674312438152e+00
-4.918865674312438152e+00
-4.867114710762213470e+00
-4.867114710762213470e+00
-4.809173981500628692e+00
-4.723283118545211323e+00
-4.963518784561302688e+00
-4.963518784561302688e+00
-4.752395257895124736e+00
-4.932048443854424313e+00
-4.929666993266993202e+00
-4.929666993266993202e+00
-4.929666993266993202e+00
-4.925943013586915775e+00
-4.925943013586915775e+00
-4.925943013586915775e+00
-4.925943013586915775e+00
-4.925943013586915775e+00
-4.925943013586915775e+00
-4.949167627221539689e+00
-4.949167627221539689e+00
-4.864664424217909122e+00
-4.864664424217909122e+00
-4.864664424217909122e+00
-4.864664424217909122e+00
-4.788299363612217086e+00
-4.788299363612217086e+00
-4.454851150512695312e+00
-4.454851150512695312e+00
-4.454851150512695312e+00
-4.507755458240982449e+00
-4.507755458240982449e+00
-4.507755458240982449e+00
-4.149895553151234040e+00
-4.149895553151234040e+00
-4.149895553151234040e+00
-4.149895553151234040e+00
-4.177156871409078320e+00
-4.177156871409078320e+00
-4.044633066676998290e+00
-4.366653599201151259e+00
-4.366653599201151259e+00
-4.519268841861994623e+00
-4.509915357338083020e+00
-4.509915357338083020e+00
-4.509915357338083020e+00
-4.505806625687140965e+00
-4.505175705393686947e+00
-4.505175705393686947e+00
-4.505175705393686947e+00
-4.505175705393686947e+00
-4.505175705393686947e+00
-4.868841991825723525e+00
-4.868841991825723525e+00
-4.868841991825723525e+00
-4.868841991825723525e+00
-4.987199265459983266e+00
-4.932419063940102433e+00
-4.932419063940102433e+00
-4.932419063940102433e+00
-4.938068626943555195e+00
-5.012152071892645111e+00
-5.051921020274408036e+00
-5.051921020274408036e+00
-5.051520312949302927e+00
-5.051520312949302927e+00
-5.009279652261825255e+00
-5.009279652261825255e+00
-5.009279652261825255e+00
-5.009279652261825255e+00
-5.009279652261825255e+00
-5.009279652261825255e+00
-5.009279652261825255e+00
-5.009279652261825255e+00
-5.009279652261825255e+00
-5.009279652261825255e+00
-5.010944023642895040e+00
-5.010944023642895040e+00
-5.010944023642895040e+00
-4.988321610664089967e+00
-4.988321610664089967e+00
-4.988321610664089967e+00
-4.988321610664089967e+00
-4.988321610664089967e+00
-4.988321610664089967e+00
-4.988235907618447484e+00
-4.986946714995696084e+00
-5.006528037455979963e+00
-5.129375147773932220e+00
-4.899115680964452935e+00
-4.878441188804961470e+00
-4.993561348997156202e+00
-5.026609902172197941e+00
-5.026609902172197941e+00
-5.019384861904166328e+00
-5.019384861904166328e+00
-5.019384861904166328e+00
-5.019492446578483147e+00
-5.008236627961663245e+00
-4.994977272719315131e+00
-4.994977272719315131e+00
-4.994977272719315131e+00
-4.977070350719911218e+00
-5.074121300166696713e+00
-5.027721762429231411e+00
-4.892015092459509162e+00
-4.892015092459509162e+00
-4.892015092459509162e+00
-4.890036172666239800e+00
-4.974433158597344473e+00
-4.974433158597344473e+00
-4.974433158597344473e+00
-4.974433158597344473e+00
-4.916232584995247734e+00
-4.916232584995247734e+00
-4.924014695059956814e+00
-4.924014695059956814e+00
-4.924014695059956814e+00
-4.834140463951213107e+00
-4.834140463951213107e+00
-4.907064182580542777e+00
-4.907064182580542777e+00
-4.856885505224048494e+00
-4.856885505224048494e+00
-4.839630017544981122e+00
-4.855267632303911896e+00
-4.855267632303911896e+00
-4.855267632303911896e+00
-4.855267632303911896e+00
-4.855267632303911896e+00
-4.856716834336348043e+00
-4.856716834336348043e+00
-4.850480114296790823e+00
-4.850480114296790823e+00
-4.850480114296790823e+00
-4.850480114296790823e+00
-4.850515216076122904e+00
-4.455987627601987633e+00
-4.453665439758884403e+00
-4.453665439758884403e+00
-4.607148653690490647e+00
-4.603892849690599753e+00
-4.603679503811020979e+00
-4.538040544061313852e+00
-4.565816080593013915e+00
-4.565816080593013915e+00
-4.565816080593013915e+00
-4.262531692621584156e+00
-4.128914718190296540e+00
-4.128914718190296540e+00
-4.532847760056446518e+00
-4.532847760056446518e+00
-4.532847760056446518e+00
-4.503336280983218920e+00
-4.578528850985758680e+00
-4.600407288589623001e+00
-4.599519259159240647e+00
-4.588341849711839338e+00
-4.588341849711839338e+00
-4.867159841621354843e+00
-4.881377429852749472e+00
-4.872382256998386119e+00
-4.851712323511535807e+00
-4.851712323511535807e+00
-4.853689419835748531e+00
-4.370164233001650800e+00
-4.349297364856727022e+00
-4.526601010937080005e+00
-4.525460431042410470e+00
-4.584868141159728516e+00
-4.584868141159728516e+00
-4.617285774041316238e+00
-4.641657349712305702e+00
-4.646083364979030961e+00
-4.718896307863195361e+00
-4.718896307863195361e+00
-4.304256311566150295e+00
-4.304237621008323522e+00
-4.304240812079171974e+00
-4.236710914918158544e+00
-4.236710914918158544e+00
-4.110546458519666935e+00
-4.311003147074186970e+00
-4.326806697517234568e+00
-4.319683771516350745e+00
-4.241100916671022958e+00
-4.241100916671022958e+00
-4.368282412935625025e+00
-4.899133003920487006e+00
-4.580066947134684874e+00
-4.580066947134684874e+00
-4.580066947134684874e+00
-4.580066947134684874e+00
-4.935662103656600408e+00
-4.738847338674628595e+00
-4.863429935666844450e+00
-4.863429935666844450e+00
-4.869010206846160038e+00
-4.869010206846160038e+00
-4.869010206846160038e+00
-4.868842903560251401e+00
-4.868824668869689454e+00
-4.868824668869689454e+00
-4.868824668869689454e+00
-4.868824668869689454e+00
-4.868839256622139011e+00
-4.868839256622139011e+00
-4.868839256622139011e+00
-4.062761996033998457e+00
-4.064388074564887710e+00
-4.064388074564887710e+00
-4.502575894386772859e+00
-4.502575894386772859e+00
-4.502575894386772859e+00
-4.502575894386772859e+00
-4.810867984253863305e+00
-4.810867984253863305e+00
-4.815441244646877728e+00
-4.815441244646877728e+00
-4.815441244646877728e+00
-4.811489787202035906e+00
-4.811489787202035906e+00
-4.810788207482652901e+00
-4.810788207482652901e+00
-4.810788207482652901e+00
-4.818401190792396704e+00
-4.856978958013180581e+00
-4.939057858906557463e+00
-4.939057858906557463e+00
-4.939057858906557463e+00
-4.898272782393212843e+00
-4.898272782393212843e+00
-4.898272782393212843e+00
-4.929873957004875074e+00
-4.929873957004875074e+00
-4.929873957004875074e+00
-4.929873957004875074e+00
-4.929873957004875074e+00
-4.929873957004875074e+00
-4.929873957004875074e+00
-4.918247062435113115e+00
-4.918247062435113115e+00
-4.910225166189510659e+00
-4.888477562490430195e+00
-4.888477562490430195e+00
-4.888477562490430195e+00
-4.888477562490430195e+00
-4.888477562490430195e+00
-4.907163561644106942e+00
-4.907163561644106942e+00
-4.809059102950087095e+00
-4.809059102950087095e+00
-4.809059102950087095e+00
-4.809059102950087095e+00
-4.781147262106434148e+00
-4.769601056042410470e+00
-4.769601056042410470e+00
-4.668310996907163002e+00
-4.668310996907163002e+00
-4.665997014674811538e+00
-4.381872727811678025e+00
-4.381872727811678025e+00
-4.381872727811678025e+00
-4.381872727811678025e+00
-4.177534329503717281e+00
-4.326932061014850284e+00
-4.326932061014850284e+00
-4.886624462062040486e+00
-4.886624462062040486e+00
-4.886624462062040486e+00
-4.886624462062040486e+00
-4.886459893979716362e+00
-4.886459893979716362e+00
-4.886459893979716362e+00
-4.886459893979716362e+00
-4.886459893979716362e+00
-4.886459893979716362e+00
-4.886459893979716362e+00
-4.886459893979716362e+00
-4.904377300926193506e+00
-4.705256303455359834e+00
-4.705256303455359834e+00
-4.705256303455359834e+00
-4.630228301535145086e+00
-4.630228301535145086e+00
-4.591067024216369141e+00
-4.591067024216369141e+00
-4.661526324416209732e+00
-4.661526324416209732e+00
-4.661526324416209732e+00
-4.661526324416209732e+00
-4.661526324416209732e+00
-4.635571065869886986e+00
-4.635571065869886986e+00
-4.767909788492760370e+00
-4.767909788492760370e+00
-4.731167342877068194e+00
-4.791488610991556207e+00
-4.791692839525853564e+00
-4.615589036084497998e+00
-4.615589036084497998e+00
-4.614984556092358581e+00
-4.616051741357514615e+00
-4.879062535885871021e+00
-4.879062535885871021e+00
-4.685069133401144725e+00
-4.688828670727819059e+00
-4.575779059648969138e+00
-4.575779059648969138e+00
-4.574356753785113305e+00
-4.741416606574851755e+00
-4.741416606574851755e+00
-4.740075900951261190e+00
-4.740075900951261190e+00
-4.740075900951261190e+00
-4.910601256682357807e+00
-4.910283061332045840e+00
-4.910283061332045840e+00
-4.910283061332045840e+00
-4.910283061332045840e+00
-4.422106204935515095e+00
-4.422106204935515095e+00
-4.422106204935515095e+00
-4.422106204935515095e+00
-4.422106204935515095e+00
-4.422106204935515095e+00
-4.394245421225436488e+00
-4.406601703417688753e+00
-4.019035663932960745e+00
-4.076244270368469813e+00
-4.076244270368469813e+00
-4.076244270368469813e+00
-4.907039565748283927e+00
-4.907039565748283927e+00
-4.907039565748283927e+00
-4.907787188061336181e+00
-4.903557195718155626e+00
-4.712473593979902731e+00
-4.712473593979902731e+00
-4.712473593979902731e+00
-4.725314918941110776e+00
-4.725314918941110776e+00
-4.725314918941110776e+00
-4.725314918941110776e+00
-4.803964786274255161e+00
-4.803964786274255161e+00
-4.803964786274255161e+00
-4.803964786274255161e+00
-4.463511716795240503e+00
-4.456943581254714459e+00
-4.463881425146390747e+00
-4.463881425146390747e+00
-4.463881425146390747e+00
-4.601413387641396291e+00
-4.601413387641396291e+00
-4.601407005499699387e+00
-4.601407005499699387e+00
-4.601222835125020616e+00
-4.420455509572366104e+00
-4.596047374076186465e+00
-4.596047374076186465e+00
-4.596047374076186465e+00
-4.596047374076186465e+00
-4.625539706724323352e+00
-4.926429879824928193e+00
-4.921623671259980348e+00
-4.921613186312907118e+00
-4.922017540576124617e+00
-4.922017540576124617e+00
-4.911383524907478204e+00
-4.911383524907478204e+00
-4.911383524907478204e+00
-4.725319933481015866e+00
-4.725319933481015866e+00
-4.725319933481015866e+00
-4.552813834487594136e+00
-4.558353533480408615e+00
-4.558353533480408615e+00
-4.558353533480408615e+00
-4.558353533480408615e+00
-4.556985475820974685e+00
-4.677903355877440106e+00
-4.678224742298599637e+00
-4.678224742298599637e+00
-4.679077669949649909e+00
-4.679077669949649909e+00
-4.679077669949649909e+00
-4.679077669949649909e+00
-4.679077669949649909e+00
-4.679077669949649909e+00
-4.679077669949649909e+00
-4.703611534366643809e+00
-4.705467369998618032e+00
-4.873822797552804786e+00
-4.873772196286494385e+00
-4.795776498477271943e+00
-4.795776498477271943e+00
-4.795776498477271943e+00
-4.795776498477271943e+00
-5.009393619077838977e+00
-5.009393619077838977e+00
-5.009393619077838977e+00
-5.009393619077838977e+00
-5.005652772308991416e+00
-5.005652772308991416e+00
-5.005652772308991416e+00
-5.005652772308991416e+00
-5.005652772308991416e+00
-5.005304945586516396e+00
-5.005304945586516396e+00
-5.005304945586516396e+00
-5.005304945586516396e+00
-5.024458664553114851e+00
-5.024458664553114851e+00
-5.024458664553114851e+00
-5.101306944458707804e+00
-4.977648846277999084e+00
-4.977648846277999084e+00
-4.973886573747740236e+00
-4.973886573747740236e+00
-4.925567834828597391e+00
-4.925567834828597391e+00
-4.772069121410011938e+00
-4.772069121410011938e+00
-4.771263148087160566e+00
-4.771263148087160566e+00
-4.766906424644572482e+00
-4.766689431826881318e+00
-4.766689431826881318e+00
-4.766689431826881318e+00
-4.631792382118122831e+00
-4.631792382118122831e+00
-4.685400093034849611e+00
-4.808859433088430002e+00
-4.956536721545012902e+00
-4.956536721545012902e+00
-4.956536721545012902e+00
-4.956536721545012902e+00
-4.948156513629862197e+00
-4.948156513629862197e+00
-4.898611035903142508e+00
-4.898611035903142508e+00
-4.895437743878044756e+00
-4.887305527754540968e+00
-4.887305527754540968e+00
-4.950240738761128689e+00
-4.958913157592539811e+00
-4.958913157592539811e+00
-4.958913157592539811e+00
-4.958913157592539811e+00
-4.958913157592539811e+00
-4.873393826457327549e+00
-4.873393826457327549e+00
-4.958924098406876979e+00
-4.958924098406876979e+00
-4.958924098406876979e+00
-4.958924098406876979e+00
-4.958924098406876979e+00
-4.957877427168603468e+00
-4.957877427168603468e+00
-4.957877427168603468e+00
-4.957877427168603468e+00
-4.957877427168603468e+00
-4.957877427168603468e+00
-4.957877427168603468e+00
-4.950440864490048831e+00
-4.941867368854937936e+00
-4.941867368854937936e+00
-4.749835107340182994e+00
-4.749835107340182994e+00
-4.750769179364235484e+00
-4.750940129588256511e+00
-4.741561572364821231e+00
-2.222120192037257524e+00
-2.222120192037257524e+00
-2.222120192037257524e+00
-4.030281909337235291e+00
-4.709973617903816745e+00
-4.601339993011882790e+00
-4.601339993011882790e+00
-4.601122088459663750e+00
-4.601122088459663750e+00
-4.599519259159240647e+00
-4.599349676537012321e+00
-4.588974137607085169e+00
-3.954327129269193275e+00
-3.954327129269193275e+00
-3.140816952940610474e+00
-3.140816952940610474e+00
-3.140816952940610474e+00
-3.140816952940610474e+00
-3.188525741460446206e+00
-3.188525741460446206e+00
-3.188525741460446206e+00
-3.188525741460446206e+00
-3.188525741460446206e+00
-3.222180142229419175e+00
-3.222180142229419175e+00
-4.284912951817704041e+00
-4.285571224147001423e+00
-3.837693033893067263e+00
-3.837693033893067263e+00
-3.837693033893067263e+00
-3.833341780857647763e+00
-3.833341780857647763e+00
-3.833341780857647763e+00
-3.832831665389168307e+00
-3.832831665389168307e+00
-3.784449788853953223e+00
-3.784449788853953223e+00
-3.784449788853953223e+00
-3.784449788853953223e+00
-3.911437313597699195e+00
-3.904969012988000809e+00
-4.556958579652396146e+00
-4.557438607881447723e+00
-4.566113761916443359e+00
-4.566113761916443359e+00
-4.549645101135136649e+00
-4.551615359450389420e+00
-4.551577522467472825e+00
-4.487695931020703632e+00
-4.487695931020703632e+00
-4.369466756087644121e+00
-4.342305272760627943e+00
-4.238828874226965304e+00
-4.279835502230642241e+00
-4.764144324891653959e+00
-4.764144324891653959e+00
-4.712490916935936802e+00
-4.724296967340472442e+00
-4.724296967340472442e+00
-4.720907594232212290e+00
-4.686268520172877317e+00
-4.686268520172877317e+00
-4.688629456733425904e+00
-4.688629456733425904e+00
-4.704235616651136986e+00
-4.737248156312318770e+00
-4.737838048552007741e+00
-4.736866139545039545e+00
-4.529986737107227768e+00
-4.424729721040160157e+00
-4.364599917176576582e+00
-4.596613561218144461e+00
-4.637781110366033133e+00
-4.598022191064079500e+00
-4.598022191064079500e+00
-4.598022191064079500e+00
-4.598022191064079500e+00
-4.598022191064079500e+00
-4.598022191064079500e+00
-4.598029029073040341e+00
-4.598029029073040341e+00
-4.641897591760463904e+00
-4.571123287281159797e+00
-4.556069182620221092e+00
-4.556069182620221092e+00
-4.568863097385968075e+00
-4.568863097385968075e+00
-4.568863097385968075e+00
-4.542167966270081791e+00
-4.542167966270081791e+00
-4.309372054003392627e+00
-4.309372054003392627e+00
-4.300633078551428845e+00
-4.300633078551428845e+00
-4.300633078551428845e+00
-4.653451091700712361e+00
-4.653451091700712361e+00
-4.653451091700712361e+00
-4.570007780086013938e+00
-4.575996508333924240e+00
-4.575996508333924240e+00
-4.575996508333924240e+00
-4.575996508333924240e+00
-4.575996508333924240e+00
-4.561872828758924747e+00
-4.734627375411257333e+00
-4.734627375411257333e+00
-4.734627375411257333e+00
-4.734627375411257333e+00
-4.734627375411257333e+00
-4.734627375411257333e+00
-4.734627375411257333e+00
-4.721957000674070315e+00
-3.820378967270568360e+00
-3.820378967270568360e+00
-3.751366133899578958e+00
-3.751366133899578958e+00
-3.871325553033365452e+00
-3.871325553033365452e+00
-3.871325553033365452e+00
-3.871325553033365452e+00
-3.862272029169202980e+00
-3.862272029169202980e+00
-3.830755645868654913e+00
-3.830755645868654913e+00
-3.830755645868654913e+00
-3.840298315307150379e+00
-3.840298315307150379e+00
-3.801605897469456430e+00
-3.801605897469456430e+00
-3.801605897469456430e+00
-3.621739593564210047e+00
-4.905003206679743322e+00
-4.942850674543508127e+00
-4.644669720593191720e+00
-4.644673367531304109e+00
-4.642890014794314624e+00
-4.642890014794314624e+00
-4.512294528589193554e+00
-4.512294528589193554e+00
-4.447957525745632523e+00
-4.547534435702555555e+00
-4.547534435702555555e+00
-4.547534435702555555e+00
-4.547534435702555555e+00
-4.546779519513277634e+00
-4.546779519513277634e+00
-4.702500129976874277e+00
-4.664199074185373384e+00
-4.664199074185373384e+00
-4.662949542014594329e+00
-4.662949542014594329e+00
-4.662949542014594329e+00
-4.725444385244102818e+00
-4.725076500362009213e+00
-4.710094878596056134e+00
-4.783010847481897088e+00
-4.783010847481897088e+00
-4.783010847481897088e+00
-4.752888050407570120e+00
-4.752888050407570120e+00
-4.739418996223755620e+00
-4.739418996223755620e+00
-4.739418996223755620e+00
-4.738777590983228372e+00
-4.738777590983228372e+00
-4.739296367929724418e+00
-4.742281842642031009e+00
-4.738696446610226154e+00
-4.738696446610226154e+00
-4.796476710594862247e+00
-4.796476710594862247e+00
-4.796507709568818889e+00
-4.591723928943874711e+00
-4.591723928943874711e+00
-4.858936452045039545e+00
-4.858936452045039545e+00
-4.856730054487005788e+00
-4.817007604566176049e+00
-4.841215523889370154e+00
-4.841215523889370154e+00
-4.837669788309538532e+00
-4.837669788309538532e+00
-4.837669788309538532e+00
-4.837669788309538532e+00
-4.837669788309538532e+00
-4.837669788309538532e+00
-5.000160027644374061e+00
-5.000160027644374061e+00
-4.865168613411955612e+00
-4.679279619147626690e+00
-4.679279619147626690e+00
-4.679279619147626690e+00
-4.679279619147626690e+00
-4.780623014752769073e+00
-4.768356538411535617e+00
-4.769005693395552470e+00
-4.769005693395552470e+00
-4.769005693395552470e+00
-4.768199720072700210e+00
-4.768207013948924988e+00
-4.768602706734126784e+00
-4.849470824174169969e+00
-3.912725594485922720e+00
-3.912725594485922720e+00
-4.179428457985872036e+00
-4.188035687798523199e+00
-5.077036571320338254e+00
-5.028144351383011745e+00
-4.777191701856215111e+00
-4.474916148140143157e+00
-4.474916148140143157e+00
-3.434973966551100322e+00
-3.434973966551100322e+00
-3.867537751936319879e+00
-3.867537751936319879e+00
-3.938568253818023113e+00
-4.442177584704659843e+00
-4.442177584704659843e+00
-4.487562361912335263e+00
-4.052681403223916234e+00
-4.601958149021943889e+00
-4.601958149021943889e+00
-4.305654456465011215e+00
-4.888312994408106071e+00
-4.913936381586195168e+00
-4.865764431926077549e+00
-4.745502544862589822e+00
-4.745502544862589822e+00
-4.745502544862589822e+00
-4.745502544862589822e+00
-4.764906990824419708e+00
-4.594422663147089025e+00
-4.695856320470514156e+00
-4.695969375552000002e+00
-4.687797043109259043e+00
-4.687797043109259043e+00
-4.687797043109259043e+00
-4.465841198514569399e+00
-4.465841198514569399e+00
-4.465841198514569399e+00
-4.465841198514569399e+00
-4.465841198514569399e+00
-4.465841198514569399e+00
-4.465841198514569399e+00
-4.166838315887159361e+00
-4.166838315887159361e+00
-4.166838315887159361e+00
-4.166838315887159361e+00
-4.165688618647208408e+00
-4.165688618647208408e+00
-3.516867785335270558e+00
-3.516867785335270558e+00
-4.466984513612823449e+00
-4.466984513612823449e+00
-4.857378297736493877e+00
-4.857378297736493877e+00
-4.857582526270791234e+00
-4.794135376326668307e+00
-4.794135376326668307e+00
-4.778252049112411193e+00
-4.614820443877298395e+00
-4.614820443877298395e+00
-4.614820443877298395e+00
-4.722712828597876111e+00
-4.722712828597876111e+00
-4.630157642109216098e+00
-4.630157642109216098e+00
-4.695900083727863716e+00
-4.688992327075615307e+00
-4.688992327075615307e+00
-4.723038317824412857e+00
-4.765996513585514904e+00
-4.719082301706929883e+00
-4.719082301706929883e+00
-4.719082301706929883e+00
-4.719082301706929883e+00
-4.616655765482390095e+00
-4.737758271780798225e+00
-4.737758271780798225e+00
-4.737758271780798225e+00
-4.330063413251654225e+00
-4.330063413251654225e+00
-4.330063413251654225e+00
-4.330063413251654225e+00
-4.834012365250012877e+00
-4.934404821742332636e+00
-4.940017915364660617e+00
-5.042496876324567445e+00
-5.042496876324567445e+00
-5.042496876324567445e+00
-5.017638890282829500e+00
-4.753249097280702884e+00
-4.992945928190679616e+00
-4.992945928190679616e+00
-4.809804901794083598e+00
-4.809804901794083598e+00
-4.809804901794083598e+00
-4.809804901794083598e+00
-4.863048374766829163e+00
-4.903424082477051194e+00
-4.903424082477051194e+00
-4.965689624472740427e+00
-4.965689624472740427e+00
-4.965689624472740427e+00
-4.965689624472740427e+00
-4.965689624472740427e+00
-4.918952744959873336e+00
-4.887114519370901355e+00
-4.887114519370901355e+00
-4.887114519370901355e+00
-4.887114519370901355e+00
-3.314369951105938128e+00
-3.314369951105938128e+00
-3.314369951105938128e+00
-3.314369951105938128e+00
-4.966404424342780288e+00
-4.961715829531959443e+00
-4.961715829531959443e+00
-4.901508528233486039e+00
-4.901508528233486039e+00
-4.941127496285374399e+00
-4.945960145151637732e+00
-4.945960145151637732e+00
-4.946192181589042391e+00
-4.836307201057273630e+00
-4.870421116028415653e+00
-4.864520370162467522e+00
-4.864520370162467522e+00
-4.812141677389637273e+00
-4.812141677389637273e+00
-4.814004351030572337e+00
-4.918944539349119793e+00
-4.793944367943028695e+00
-4.785762918155006318e+00
-4.529331199981514011e+00
-4.525817375110166019e+00
-4.525817375110166019e+00
-4.525817375110166019e+00
-4.793710052169303459e+00
-4.789930912550275366e+00
-4.752137237023668526e+00
-4.752137237023668526e+00
-4.752137237023668526e+00
-4.752137237023668526e+00
-4.752137237023668526e+00
-4.752137237023668526e+00
-4.752137237023668526e+00
-4.754983672220437718e+00
-4.754983672220437718e+00
-4.754983672220437718e+00
-4.746773958662044102e+00
-4.746773958662044102e+00
-4.746787634679965784e+00
-4.746787634679965784e+00
-4.746787634679965784e+00
-4.746787634679965784e+00
-4.746787634679965784e+00
-4.646847398513589411e+00
-4.649773610481568120e+00
-4.649773610481568120e+00
-4.653717318182921225e+00
-4.653717318182921225e+00
-4.539612830255045139e+00
-4.539612830255045139e+00
-4.786806398322431377e+00
-4.768539341184422575e+00
-4.768539341184422575e+00
-4.072926924287930461e+00
-4.072926924287930461e+00
-4.072926924287930461e+00
-3.724250921099864886e+00
-3.643134356000910845e+00
-3.643134356000910845e+00
-3.643134356000910845e+00
-3.643134356000910845e+00
-3.643134356000910845e+00
-3.731609758409897282e+00
-3.731609758409897282e+00
-4.579178005969774645e+00
-4.579178005969774645e+00
-4.579178005969774645e+00
-4.428648356041990475e+00
-4.428648356041990475e+00
-4.364777705409558450e+00
-4.364777705409558450e+00
-4.358709656257701681e+00
-4.358709656257701681e+00
-4.358709656257701681e+00
-4.358709656257701681e+00
-4.783677781289211950e+00
-4.770056923306467134e+00
-4.796478989931182824e+00
-4.796478989931182824e+00
-4.796437050142889902e+00
-4.796437050142889902e+00
-4.643555580999837673e+00
-4.643555580999837673e+00
-4.643555580999837673e+00
-4.643555580999837673e+00
-4.643555580999837673e+00
-4.764026255270263022e+00
-4.764026255270263022e+00
-4.764026255270263022e+00
-4.764026255270263022e+00
-4.184742958550243586e+00
-4.184742958550243586e+00
-4.184742958550243586e+00
-4.184742958550243586e+00
-4.009555448309640724e+00
-4.441366596841903380e+00
-4.441366596841903380e+00
-4.441366596841903380e+00
-4.637766066746319638e+00
-4.637766066746319638e+00
-4.637766066746319638e+00
-4.637766066746319638e+00
-4.637658026204737993e+00
-4.570713462610773270e+00
-4.427169522637390386e+00
-4.413396860855715254e+00
-4.570771357753308450e+00
-4.570771357753308450e+00
-4.835844495784256125e+00
-4.834584478666403839e+00
-4.830085524637429906e+00
-4.830085524637429906e+00
-4.830085524637429906e+00
-4.796102443571072627e+00
-3.775738165437833249e+00
-3.775738165437833249e+00
-3.822059521939512816e+00
-3.822059521939512816e+00
-3.822059521939512816e+00
-2.867666986658741646e+00
-2.867666986658741646e+00
-2.867666986658741646e+00
-2.867666986658741646e+00
-2.867666986658741646e+00
-3.131209322416987462e+00
-4.298013209384896172e+00
-4.298013209384896172e+00
-4.298013209384896172e+00
-4.298013209384896172e+00
-4.298013209384896172e+00
-3.982805157254804218e+00
-4.688785819204997374e+00
-4.688869698781584106e+00
-4.679027524550603445e+00
-4.679027524550603445e+00
-4.744099385423823811e+00
-4.744099385423823811e+00
-4.744099385423823811e+00
-4.744099385423823811e+00
-4.744099385423823811e+00
-4.744099385423823811e+00
-4.815880700689428195e+00
-4.815880700689428195e+00
-4.815880700689428195e+00
-4.815939507566492139e+00
-4.815939507566492139e+00
-4.787267735993657070e+00
-4.787267735993657070e+00
-4.787267735993657070e+00
-4.787267735993657070e+00
-4.707492332385556644e+00
-4.668006933442037543e+00
-4.668006933442037543e+00
-4.594806047516160952e+00
-4.582560541069073956e+00
-4.593722906896762659e+00
-4.666958894601971330e+00
-4.750730886514054063e+00
-4.750730886514054063e+00
-4.750730886514054063e+00
-4.750730886514054063e+00
-4.583033275421900754e+00
-4.583033275421900754e+00
-4.583033275421900754e+00
-4.582855487188918886e+00
-4.582855487188918886e+00
-4.632356289923760251e+00
-4.632356289923760251e+00
-4.643762544737718656e+00
-4.643762544737718656e+00
-4.648915668290613645e+00
-4.646146274661470343e+00
-4.646146274661470343e+00
-4.305912477336467425e+00
-4.624477535999071520e+00
-3.988897367371655456e+00
-3.988897367371655456e+00
-3.988897367371655456e+00
-3.988897367371655456e+00
-3.988897367371655456e+00
-3.980669419122699448e+00
-3.980329342143713145e+00
-3.980329342143713145e+00
-3.980329342143713145e+00
-3.980329342143713145e+00
-4.427618551892486209e+00
-4.484110990856162715e+00
-4.689304140284229483e+00
-4.710085761250774716e+00
-4.678275343564910038e+00
-4.598587922338773559e+00
-4.598587922338773559e+00
-4.598587922338773559e+00
-4.598587922338773559e+00
-4.597022474154003113e+00
-4.597022474154003113e+00
-4.583198755238753641e+00
-4.583198755238753641e+00
-4.427292150931421588e+00
-4.568124592418196350e+00
-4.406175467525795142e+00
-4.406175467525795142e+00
-4.406175467525795142e+00
-4.406175467525795142e+00
-4.406175467525795142e+00
-4.406175467525795142e+00
-4.406175467525795142e+00
-4.406175467525795142e+00
-4.406175467525795142e+00
-4.406175467525795142e+00
-4.335717534927747252e+00
-4.529828551166599659e+00
-4.529828551166599659e+00
-4.529506708878176191e+00
-4.444629694718019941e+00
-4.444629694718019941e+00
-4.444629694718019941e+00
-4.444629694718019941e+00
-4.404491493852370709e+00
-4.886657740372316816e+00
-4.886657740372316816e+00
-4.906729120141461564e+00
-4.906729120141461564e+00
-4.896580603109034868e+00
-4.896580603109034868e+00
-4.896580603109034868e+00
-4.896580603109034868e+00
-4.896580603109034868e+00
-4.896580603109034868e+00
-4.896580603109034868e+00
-4.896580603109034868e+00
-4.500954374528523871e+00
-4.500950727590411482e+00
-4.522423443329265602e+00
-4.659506376569175323e+00
-4.659506376569175323e+00
-4.801255567123966728e+00
-4.831030537475818676e+00
-4.792408095263158252e+00
-4.792408095263158252e+00
-4.792408095263158252e+00
-4.826860263744229940e+00
-4.826860263744229940e+00
-4.826860263744229940e+00
-4.700567708644538101e+00
-4.700567708644538101e+00
-4.700567708644538101e+00
-4.670854736240598548e+00
-4.670854736240598548e+00
-4.670529247014061802e+00
-4.670529247014061802e+00
-4.680159442967256389e+00
-4.732223587327887948e+00
-4.732223587327887948e+00
-4.735677237720380184e+00
-4.460518948206710022e+00
-4.447342104939155938e+00
-4.447342104939155938e+00
-4.447342104939155938e+00
-4.447342104939155938e+00
-4.449206146181882815e+00
-4.449206146181882815e+00
-4.449206146181882815e+00
-4.449206146181882815e+00
-4.449206146181882815e+00
-4.449206146181882815e+00
-4.534687640334178482e+00
-4.534687640334178482e+00
-4.534687640334178482e+00
-4.534687640334178482e+00
-4.534687640334178482e+00
-4.534687640334178482e+00
-4.640902889390292607e+00
-4.640902889390292607e+00
-4.640902889390292607e+00
-4.640902889390292607e+00
-4.640902889390292607e+00
-4.639458246030497612e+00
-4.639458246030497612e+00
-3.617452389879390662e+00
-3.917180329390283156e+00
-3.917180329390283156e+00
-4.350703715366341484e+00
-4.350703715366341484e+00
-4.602050690076547212e+00
-4.608851773789005790e+00
-4.694328253401396367e+00
-4.694328253401396367e+00
-4.694355605437240619e+00
-4.589657026768642289e+00
-4.589657026768642289e+00
-4.589657026768642289e+00
-4.782002469093804109e+00
-4.782002469093804109e+00
-4.772393698902020809e+00
-4.693650378779744337e+00
-4.510008354259950281e+00
-4.510008354259950281e+00
-4.615734001874467474e+00
-4.626703535849459925e+00
-4.627296163292733411e+00
-4.627296163292733411e+00
-4.627244194424631196e+00
-4.627244194424631196e+00
-4.623498333115878545e+00
-4.328234017920995491e+00
-4.314522442352703102e+00
-4.314522442352703102e+00
-4.314522442352703102e+00
-4.314522442352703102e+00
-4.302081368849336229e+00
-4.302081368849336229e+00
-4.449743157818941697e+00
-4.437112443533727912e+00
-4.424552388674442227e+00
-4.813026971616435112e+00
-4.813026971616435112e+00
-4.819396349029832827e+00
-4.805294551083507670e+00
-4.805294551083507670e+00
-4.805294551083507670e+00
-4.690196272519988163e+00
-4.690196272519988163e+00
-4.639161932308860870e+00
-4.581250834419440032e+00
-4.581250834419440032e+00
-4.581250834419440032e+00
-4.581250834419440032e+00
-4.581250834419440032e+00
-4.665465017577657747e+00
-4.665465017577657747e+00
-4.665465017577657747e+00
-4.596423464569033612e+00
-4.755988403670418307e+00
-4.472580284279117357e+00
-4.472580284279117357e+00
-4.472580284279117357e+00
-4.472580284279117357e+00
-4.461324009795033518e+00
-4.461324009795033518e+00
-4.352484332899746455e+00
-4.352484332899746455e+00
-4.443685137746894220e+00
-4.443685137746894220e+00
-4.443685137746894220e+00
-4.443685137746894220e+00
-4.443685137746894220e+00
-4.443685137746894220e+00
-4.443685137746894220e+00
-4.547183417909232084e+00
-4.547183417909232084e+00
-4.547183417909232084e+00
-4.595417365517260322e+00
-4.526917382818334445e+00
-4.644909050906821157e+00
-4.644909050906821157e+00
-4.644909050906821157e+00
-4.644909050906821157e+00
-5.026027303808733748e+00
-5.026027303808733748e+00
-5.027947416724939167e+00
-5.027947416724939167e+00
-5.082694339934543670e+00
-4.814485290994151789e+00
-4.814485290994151789e+00
-4.814361750965591824e+00
-4.814361750965591824e+00
-4.228041687157595874e+00
-4.485208263360747516e+00
-4.454409415133824268e+00
-4.454409415133824268e+00
-4.454409415133824268e+00
-4.454409415133824268e+00
-4.454409415133824268e+00
-4.454409415133824268e+00
-4.454409415133824268e+00
-4.454409415133824268e+00
-4.454409415133824268e+00
-4.454409415133824268e+00
-4.454409415133824268e+00
-4.454409415133824268e+00
-4.454409415133824268e+00
-4.454409415133824268e+00
-4.454444061045892411e+00
-4.454444061045892411e+00
-5.082176930589839436e+00
-4.939217412448977385e+00
-4.933699595084837242e+00
-4.933699595084837242e+00
-4.933699595084837242e+00
-4.933699595084837242e+00
-4.480208767075839482e+00
-4.480208767075839482e+00
-4.841218259092954668e+00
-4.841218259092954668e+00
-4.841218259092954668e+00
-5.041866867765641302e+00
-5.041866867765641302e+00
-5.041866867765641302e+00
-5.041866867765641302e+00
-4.992291302799494623e+00
-3.985448275651803929e+00
-5.033591053453958963e+00
-4.760593574771917247e+00
-4.760770451270371240e+00
-4.760770451270371240e+00
-4.337385553246930314e+00
-4.337385553246930314e+00
-4.245306748049208601e+00
-4.245306748049208601e+00
-4.245306748049208601e+00
-4.415272298780043236e+00
-4.414051030379636309e+00
-4.514283021595008272e+00
-4.895427714798236352e+00
-4.904066855319371143e+00
-4.912853696834060813e+00
-4.829654274205632092e+00
-5.020346741831325232e+00
-5.020876915459423273e+00
-5.020876915459423273e+00
-5.043728173804784554e+00
-5.043728173804784554e+00
-5.043728173804784554e+00
-5.043728173804784554e+00
-5.043728173804784554e+00
-5.043728173804784554e+00
-4.728857919317357883e+00
-4.540290249009433232e+00
-4.540290249009433232e+00
-4.995438610390540823e+00
-4.995438610390540823e+00
-4.995438610390540823e+00
-4.995438610390540823e+00
-4.907928962780458093e+00
-4.907928962780458093e+00
-4.907964064559790174e+00
-4.906038025369151789e+00
-4.906038025369151789e+00
-4.906038025369151789e+00
-4.886996449749510418e+00
-4.735541845142955175e+00
-4.938254164920025779e+00
-5.223548207182728831e+00
-5.223548207182728831e+00
-5.019542136110265673e+00
-5.019542136110265673e+00
-5.019542136110265673e+00
-5.186345335630339726e+00
-5.186345335630339726e+00
-5.186345335630339726e+00
-5.186345335630339726e+00
-5.233867674439176554e+00
-5.233867674439176554e+00
-5.220000192266576633e+00
-5.234653589602410229e+00
-5.234653589602410229e+00
-5.234653589602410229e+00
-5.241332500888102430e+00
-5.241332500888102430e+00
-5.160247390630368081e+00
-5.160247390630368081e+00
-5.160247390630368081e+00
-5.160247390630368081e+00
-5.160247390630368081e+00
-5.160247390630368081e+00
-5.160247390630368081e+00
-5.090579020133665367e+00
-5.090579020133665367e+00
-5.081974525524598718e+00
-5.081974525524598718e+00
-5.215791625684807364e+00
-5.215791625684807364e+00
-5.215791625684807364e+00
-5.059205779154031468e+00
-4.636718483773517363e+00
-4.636718483773517363e+00
-4.636718483773517363e+00
-4.636718483773517363e+00
-4.543101582426869456e+00
-4.687022524627627362e+00
-4.687022524627627362e+00
-4.687022524627627362e+00
-4.687022524627627362e+00
-4.700187059479051577e+00
-4.700187059479051577e+00
-4.700187059479051577e+00
-4.588435758368234474e+00
-4.513235894489470823e+00
-4.513235894489470823e+00
-4.506791754844767794e+00
-4.506791754844767794e+00
-4.506791754844767794e+00
-4.506791754844767794e+00
-4.506791754844767794e+00
-4.506791754844767794e+00
-4.506791754844767794e+00
-4.506791754844767794e+00
-4.508726911380687596e+00
-4.698534996514110773e+00
-4.698534996514110773e+00
-4.708745511494448088e+00
-4.496818290841738452e+00
-4.753028001657635393e+00
-4.753028001657635393e+00
-4.753028001657635393e+00
-4.753028001657635393e+00
-4.753028001657635393e+00
-4.982543493092173925e+00
-4.982543493092173925e+00
-4.956718612583371986e+00
-4.956718612583371986e+00
-4.872388639140083022e+00
-4.872388639140083022e+00
-4.872388639140083022e+00
-4.872388639140083022e+00
-4.862148948654845704e+00
