# Variable: dg_gbsa_00000022
# Sample shape: (2000,)
# Date: 2014-03-03 06:24:05.320699
-9.918489829987914286e-01
-9.918489829987914286e-01
-9.918489829987914286e-01
-9.918489829987914286e-01
-9.918489829987914286e-01
-9.918489829987914286e-01
-9.918489829987914286e-01
-9.918489829987914286e-01
-9.918489829987914286e-01
-9.918489829987914286e-01
-9.918489829987914286e-01
-9.918489829987914286e-01
-6.630187052841624018e-01
-6.630187052841624018e-01
-6.630187052841624018e-01
-6.630187052841624018e-01
-6.630187052841624018e-01
-6.630187052841624018e-01
-6.630187052841624018e-01
-6.630187052841624018e-01
-6.630187052841624018e-01
-6.630187052841624018e-01
-6.630187052841624018e-01
-6.519610749603913513e-01
-6.519610749603913513e-01
-6.519610749603913513e-01
-6.519610749603913513e-01
-6.519610749603913513e-01
-6.519610749603913513e-01
-6.519610749603913513e-01
-6.519610749603913513e-01
-6.519610749603913513e-01
-6.519610749603913513e-01
-7.884489304704830337e-01
-7.884489304704830337e-01
-7.884489304704830337e-01
-7.884489304704830337e-01
-7.884489304704830337e-01
-7.884489304704830337e-01
-7.884489304704830337e-01
-7.884489304704830337e-01
-7.884489304704830337e-01
-7.884489304704830337e-01
-7.884489304704830337e-01
-7.884489304704830337e-01
-7.965786963074430460e-01
-7.965786963074430460e-01
-7.965786963074430460e-01
-7.965786963074430460e-01
-7.965786963074430460e-01
-7.965786963074430460e-01
-7.965786963074430460e-01
-7.965786963074430460e-01
-7.965786963074430460e-01
-7.965786963074430460e-01
-7.965786963074430460e-01
-7.909648049174029527e-01
-7.909648049174029527e-01
-2.801408332346957963e-01
-2.801408332346957963e-01
-2.801408332346957963e-01
-2.801408332346957963e-01
-2.801408332346957963e-01
-2.801408332346957963e-01
-2.801408332346957963e-01
-2.801408332346957963e-01
-2.801408332346957963e-01
-2.801408332346957963e-01
-2.801408332346957963e-01
-2.801408332346957963e-01
-2.801408332346957963e-01
-2.801408332346957963e-01
-2.801408332346957963e-01
-2.801408332346957963e-01
-2.801408332346957963e-01
-2.801408332346957963e-01
-2.801408332346957963e-01
-2.801408332346957963e-01
-2.801408332346957963e-01
-4.655835904309216233e-01
-4.655835904309216233e-01
-4.655835904309216233e-01
-4.655835904309216233e-01
-4.655835904309216233e-01
-4.655835904309216233e-01
-4.655835904309216233e-01
-4.655835904309216233e-01
-4.655835904309216233e-01
-4.655835904309216233e-01
-4.220559594736044140e-01
-4.220559594736044140e-01
-4.220559594736044140e-01
-4.220559594736044140e-01
-4.220559594736044140e-01
-4.220559594736044140e-01
-4.220559594736044140e-01
-4.220559594736044140e-01
-4.220559594736044140e-01
-4.220559594736044140e-01
-4.220559594736044140e-01
-4.220559594736044140e-01
-4.220559594736044140e-01
-4.220559594736044140e-01
-4.220559594736044140e-01
-4.220559594736044140e-01
-4.220559594736044140e-01
-4.220559594736044140e-01
-4.220559594736044140e-01
-4.220559594736044140e-01
-4.220559594736044140e-01
-4.220559594736044140e-01
-4.220559594736044140e-01
-4.220559594736044140e-01
-4.220559594736044140e-01
-4.220559594736044140e-01
-4.220559594736044140e-01
-4.220559594736044140e-01
-4.220559594736044140e-01
-4.220559594736044140e-01
-4.220559594736044140e-01
-4.220559594736044140e-01
-4.220559594736044140e-01
-4.220559594736044140e-01
-4.220559594736044140e-01
-4.220559594736044140e-01
-4.220559594736044140e-01
-4.220559594736044140e-01
-4.220559594736044140e-01
-4.220559594736044140e-01
-4.220559594736044140e-01
-4.220559594736044140e-01
-4.220559594736044140e-01
-4.220559594736044140e-01
-4.220559594736044140e-01
-4.220559594736044140e-01
-4.220559594736044140e-01
-4.220559594736044140e-01
-4.220559594736044140e-01
-4.220559594736044140e-01
-4.220559594736044140e-01
-4.220559594736044140e-01
-4.220559594736044140e-01
-4.220559594736044140e-01
-4.220559594736044140e-01
-4.220559594736044140e-01
-4.220559594736044140e-01
-4.220559594736044140e-01
-4.220559594736044140e-01
-4.220559594736044140e-01
-4.220559594736044140e-01
-4.220559594736044140e-01
-4.220559594736044140e-01
-4.220559594736044140e-01
-4.220559594736044140e-01
-4.220559594736044140e-01
-4.220559594736044140e-01
-4.220559594736044140e-01
-4.220559594736044140e-01
-4.220559594736044140e-01
-4.220559594736044140e-01
-4.220559594736044140e-01
-4.220559594736044140e-01
-4.220559594736044140e-01
-4.220559594736044140e-01
-4.220559594736044140e-01
-4.220559594736044140e-01
-4.220559594736044140e-01
-4.220559594736044140e-01
-4.220559594736044140e-01
-4.220559594736044140e-01
-4.220559594736044140e-01
-4.220559594736044140e-01
-4.220559594736044140e-01
-4.220559594736044140e-01
-4.220559594736044140e-01
-4.220559594736044140e-01
-4.220559594736044140e-01
-4.220559594736044140e-01
-4.220559594736044140e-01
-4.220559594736044140e-01
-4.220559594736044140e-01
-4.220559594736044140e-01
-4.220559594736044140e-01
-4.220559594736044140e-01
-4.220559594736044140e-01
-4.220559594736044140e-01
-4.220559594736044140e-01
-4.220559594736044140e-01
-4.220559594736044140e-01
-4.220559594736044140e-01
-4.220559594736044140e-01
-4.220559594736044140e-01
-4.220559594736044140e-01
-4.220559594736044140e-01
-4.220559594736044140e-01
-4.220559594736044140e-01
-4.220559594736044140e-01
-4.220559594736044140e-01
-4.220559594736044140e-01
-4.220559594736044140e-01
-4.220559594736044140e-01
-4.206663051025361089e-01
-4.206663051025361089e-01
-4.206663051025361089e-01
-4.206663051025361089e-01
-4.206663051025361089e-01
-4.206663051025361089e-01
-4.206663051025361089e-01
-4.206663051025361089e-01
-4.530980698693094499e-01
-4.530980698693094499e-01
-4.530980698693094499e-01
-4.530980698693094499e-01
-4.530980698693094499e-01
-4.530980698693094499e-01
-4.530980698693094499e-01
-4.530980698693094499e-01
-4.530980698693094499e-01
-4.530980698693094499e-01
-4.530980698693094499e-01
-4.530980698693094499e-01
-4.530980698693094499e-01
-4.530980698693094499e-01
-4.530980698693094499e-01
-4.530980698693094499e-01
-4.530980698693094499e-01
-4.530980698693094499e-01
-4.530980698693094499e-01
-4.530980698693094499e-01
-4.530980698693094499e-01
-4.530980698693094499e-01
-3.168182892735555978e-01
-3.168182892735555978e-01
-3.168182892735555978e-01
-3.168182892735555978e-01
-3.168182892735555978e-01
-3.168182892735555978e-01
-3.168182892735555978e-01
-3.168182892735555978e-01
-3.168182892735555978e-01
-3.168182892735555978e-01
-3.168182892735555978e-01
-3.168182892735555978e-01
-3.168182892735555978e-01
-3.168182892735555978e-01
-3.168182892735555978e-01
-3.168182892735555978e-01
-3.168182892735555978e-01
-3.168182892735555978e-01
-3.168182892735555978e-01
-3.168182892735555978e-01
-3.168182892735555978e-01
-3.168182892735555978e-01
-3.168182892735555978e-01
-3.168182892735555978e-01
-3.168182892735555978e-01
-3.168182892735555978e-01
-3.168182892735555978e-01
-3.168182892735555978e-01
-3.168182892735555978e-01
-3.549993095160898227e-01
-3.549993095160898227e-01
-3.549993095160898227e-01
-3.549993095160898227e-01
-3.549993095160898227e-01
-3.549993095160898227e-01
-3.549993095160898227e-01
-3.549993095160898227e-01
-3.549993095160898227e-01
-3.549993095160898227e-01
-3.549993095160898227e-01
-3.549993095160898227e-01
-3.549993095160898227e-01
-3.549993095160898227e-01
-3.549993095160898227e-01
-3.549993095160898227e-01
-3.549993095160898227e-01
-3.549993095160898227e-01
-3.549993095160898227e-01
-3.549993095160898227e-01
-3.549993095160898227e-01
-3.549993095160898227e-01
-3.549993095160898227e-01
-3.549993095160898227e-01
-3.549993095160898227e-01
-3.549993095160898227e-01
-3.549993095160898227e-01
-3.549993095160898227e-01
-3.549993095160898227e-01
-3.549993095160898227e-01
-3.549993095160898227e-01
-3.549993095160898227e-01
-3.549993095160898227e-01
-3.549993095160898227e-01
-3.549993095160898227e-01
-3.549993095160898227e-01
-3.549993095160898227e-01
-3.549993095160898227e-01
-3.549993095160898227e-01
-3.549993095160898227e-01
-3.549993095160898227e-01
-3.549993095160898227e-01
-3.549993095160898227e-01
-3.549993095160898227e-01
-3.549993095160898227e-01
-3.549993095160898227e-01
-3.549993095160898227e-01
-3.549993095160898227e-01
-3.549993095160898227e-01
-3.549993095160898227e-01
-3.549993095160898227e-01
-3.982424793006357211e-01
-3.982424793006357211e-01
-3.982424793006357211e-01
-3.982424793006357211e-01
-3.982424793006357211e-01
-3.982424793006357211e-01
-3.982424793006357211e-01
-3.982424793006357211e-01
-3.982424793006357211e-01
-3.982424793006357211e-01
-3.982424793006357211e-01
-3.982424793006357211e-01
-3.982424793006357211e-01
-3.982424793006357211e-01
-3.982424793006357211e-01
-3.982424793006357211e-01
-3.982424793006357211e-01
-3.982424793006357211e-01
-3.982424793006357211e-01
-3.982424793006357211e-01
-3.982424793006357211e-01
-3.982424793006357211e-01
-3.982424793006357211e-01
-3.982424793006357211e-01
-3.982424793006357211e-01
-3.982424793006357211e-01
-3.982424793006357211e-01
-3.982424793006357211e-01
-4.854045566135792855e-01
-4.854045566135792855e-01
-4.854045566135792855e-01
-4.854045566135792855e-01
-4.854045566135792855e-01
-4.854045566135792855e-01
-4.854045566135792855e-01
-4.854045566135792855e-01
-1.668665508239264572e-01
-1.668665508239264572e-01
-1.668665508239264572e-01
-1.668665508239264572e-01
-1.668665508239264572e-01
-1.668665508239264572e-01
-1.668665508239264572e-01
-1.668665508239264572e-01
-1.668665508239264572e-01
-1.668665508239264572e-01
-1.668665508239264572e-01
-1.668665508239264572e-01
-1.754917446559519367e-01
-1.754917446559519367e-01
-1.754917446559519367e-01
-1.754917446559519367e-01
-1.754917446559519367e-01
-1.754917446559519367e-01
-2.726680291086492347e-01
-2.726680291086492347e-01
-2.726680291086492347e-01
-2.726680291086492347e-01
-2.726680291086492347e-01
-2.726680291086492347e-01
-2.726680291086492347e-01
-2.726680291086492347e-01
-2.726680291086492347e-01
-2.726680291086492347e-01
-2.726680291086492347e-01
-2.726680291086492347e-01
-2.726680291086492347e-01
-2.726680291086492347e-01
-2.726680291086492347e-01
-2.726680291086492347e-01
-2.726680291086492347e-01
-2.726680291086492347e-01
-2.726680291086492347e-01
-2.726680291086492347e-01
-2.726680291086492347e-01
-2.726680291086492347e-01
-2.726680291086492347e-01
-2.726680291086492347e-01
-2.726680291086492347e-01
-2.726680291086492347e-01
-2.726680291086492347e-01
-2.726680291086492347e-01
-2.726680291086492347e-01
-2.726680291086492347e-01
-2.726680291086492347e-01
-2.726680291086492347e-01
-2.726680291086492347e-01
-2.963683972167239222e-01
-3.338637646024131267e-01
-3.338637646024131267e-01
-3.338637646024131267e-01
-3.338637646024131267e-01
-3.338637646024131267e-01
-3.338637646024131267e-01
-3.338637646024131267e-01
-3.338637646024131267e-01
-3.338637646024131267e-01
-3.338637646024131267e-01
-3.338637646024131267e-01
-3.338637646024131267e-01
-3.338637646024131267e-01
-3.338637646024131267e-01
-3.338637646024131267e-01
-3.338637646024131267e-01
-3.338637646024131267e-01
-3.338637646024131267e-01
-3.338637646024131267e-01
-3.338637646024131267e-01
-3.338637646024131267e-01
-3.338637646024131267e-01
-3.338637646024131267e-01
-3.338637646024131267e-01
-3.338637646024131267e-01
-3.338637646024131267e-01
-3.338637646024131267e-01
-3.338637646024131267e-01
-3.338637646024131267e-01
-3.338637646024131267e-01
-3.338637646024131267e-01
-3.338637646024131267e-01
-3.338637646024131267e-01
-3.338637646024131267e-01
-3.338637646024131267e-01
-3.338637646024131267e-01
-3.338637646024131267e-01
-3.338637646024131267e-01
-3.338637646024131267e-01
-3.338637646024131267e-01
-3.338637646024131267e-01
-3.338637646024131267e-01
-3.338637646024131267e-01
-3.338637646024131267e-01
-3.338637646024131267e-01
-3.338637646024131267e-01
-3.090964391628140961e-01
-3.090964391628140961e-01
-3.090964391628140961e-01
-3.090964391628140961e-01
-3.090964391628140961e-01
-3.090964391628140961e-01
-3.090964391628140961e-01
-3.090964391628140961e-01
-3.090964391628140961e-01
-3.090964391628140961e-01
-3.090964391628140961e-01
-3.090964391628140961e-01
-3.090964391628140961e-01
-3.090964391628140961e-01
-2.015756574917021704e-01
-2.015756574917021704e-01
-2.015756574917021704e-01
-2.015756574917021704e-01
-2.015756574917021704e-01
-2.015756574917021704e-01
-2.015756574917021704e-01
-2.015756574917021704e-01
-2.015756574917021704e-01
-2.015756574917021704e-01
-2.015756574917021704e-01
-2.015756574917021704e-01
-2.015756574917021704e-01
-2.015756574917021704e-01
-2.015756574917021704e-01
-2.015756574917021704e-01
-2.015756574917021704e-01
-2.015756574917021704e-01
-2.015756574917021704e-01
-2.015756574917021704e-01
-2.015756574917021704e-01
-2.015756574917021704e-01
-2.015756574917021704e-01
-2.015756574917021704e-01
-2.015756574917021704e-01
-2.015756574917021704e-01
-2.015756574917021704e-01
-2.015756574917021704e-01
-2.015756574917021704e-01
-2.015756574917021704e-01
-2.216164799083031323e-01
-2.216164799083031323e-01
-2.216164799083031323e-01
-2.216164799083031323e-01
-2.216164799083031323e-01
-2.216164799083031323e-01
-2.216164799083031323e-01
-2.216164799083031323e-01
-2.216164799083031323e-01
-2.216164799083031323e-01
-2.216164799083031323e-01
-2.216164799083031323e-01
-2.216164799083031323e-01
-3.212451877831045133e-01
-3.212451877831045133e-01
-3.212451877831045133e-01
-3.212451877831045133e-01
-3.212451877831045133e-01
-3.212451877831045133e-01
-3.212451877831045133e-01
-3.212451877831045133e-01
-3.212451877831045133e-01
-3.212451877831045133e-01
-3.212451877831045133e-01
-3.212451877831045133e-01
-3.212451877831045133e-01
-3.212451877831045133e-01
-3.212451877831045133e-01
-3.212451877831045133e-01
-3.212451877831045133e-01
-3.212451877831045133e-01
-3.212451877831045133e-01
-3.212451877831045133e-01
-3.212451877831045133e-01
-3.212451877831045133e-01
-3.212451877831045133e-01
-3.212451877831045133e-01
-3.212451877831045133e-01
-3.212451877831045133e-01
-3.212451877831045133e-01
-3.212451877831045133e-01
-3.212451877831045133e-01
-3.212451877831045133e-01
-3.212451877831045133e-01
-3.212451877831045133e-01
-3.212451877831045133e-01
-3.212451877831045133e-01
-3.212451877831045133e-01
-3.212451877831045133e-01
-3.212451877831045133e-01
-3.212451877831045133e-01
-3.212451877831045133e-01
-3.212451877831045133e-01
-3.212451877831045133e-01
-3.212451877831045133e-01
-3.212451877831045133e-01
-3.212451877831045133e-01
-3.212451877831045133e-01
-3.212451877831045133e-01
-3.212451877831045133e-01
-3.212451877831045133e-01
-3.212451877831045133e-01
-3.212451877831045133e-01
-3.212451877831045133e-01
-3.212451877831045133e-01
-3.212451877831045133e-01
-3.212451877831045133e-01
-3.212451877831045133e-01
-3.212451877831045133e-01
-3.212451877831045133e-01
-3.212451877831045133e-01
-3.212451877831045133e-01
-3.212451877831045133e-01
-3.212451877831045133e-01
-3.212451877831045133e-01
-3.212451877831045133e-01
-3.212451877831045133e-01
-3.212451877831045133e-01
-3.212451877831045133e-01
-3.212451877831045133e-01
-3.212451877831045133e-01
-3.212451877831045133e-01
-3.212451877831045133e-01
-3.212451877831045133e-01
-3.212451877831045133e-01
-3.212451877831045133e-01
-3.212451877831045133e-01
-3.212451877831045133e-01
-3.212451877831045133e-01
-3.212451877831045133e-01
-3.212451877831045133e-01
-3.212451877831045133e-01
-3.212451877831045133e-01
-3.212451877831045133e-01
-3.212451877831045133e-01
-3.212451877831045133e-01
-3.212451877831045133e-01
-3.212451877831045133e-01
-3.212451877831045133e-01
-3.212451877831045133e-01
-3.212451877831045133e-01
-3.212451877831045133e-01
-3.212451877831045133e-01
-3.212451877831045133e-01
-3.212451877831045133e-01
-3.212451877831045133e-01
-3.212451877831045133e-01
-3.212451877831045133e-01
-3.212451877831045133e-01
-2.191446251440686277e-01
-2.191446251440686277e-01
-2.191446251440686277e-01
-2.191446251440686277e-01
-2.191446251440686277e-01
-2.191446251440686277e-01
-2.191446251440686277e-01
-2.191446251440686277e-01
-2.191446251440686277e-01
-2.191446251440686277e-01
-2.191446251440686277e-01
-2.191446251440686277e-01
-2.191446251440686277e-01
-2.191446251440686277e-01
-2.191446251440686277e-01
-2.191446251440686277e-01
-2.191446251440686277e-01
-2.191446251440686277e-01
-2.191446251440686277e-01
-2.191446251440686277e-01
-2.191446251440686277e-01
-2.191446251440686277e-01
-2.191446251440686277e-01
-2.191446251440686277e-01
-2.478582225383809401e-01
-2.478582225383809401e-01
-2.478582225383809401e-01
-2.478582225383809401e-01
-2.478582225383809401e-01
-2.478582225383809401e-01
-2.478582225383809401e-01
-2.478582225383809401e-01
-2.478582225383809401e-01
-2.478582225383809401e-01
-2.478582225383809401e-01
-2.478582225383809401e-01
-2.478582225383809401e-01
-2.478582225383809401e-01
-2.478582225383809401e-01
-2.478582225383809401e-01
-2.478582225383809401e-01
-2.478582225383809401e-01
-2.478582225383809401e-01
-2.478582225383809401e-01
-2.478582225383809401e-01
-2.161578825509342938e-01
-2.161578825509342938e-01
-2.161578825509342938e-01
-2.161578825509342938e-01
-2.161578825509342938e-01
-2.161578825509342938e-01
-2.161578825509342938e-01
-2.161578825509342938e-01
-2.161578825509342938e-01
-2.161578825509342938e-01
-2.161578825509342938e-01
-2.161578825509342938e-01
-2.161578825509342938e-01
-2.161578825509342938e-01
-2.161578825509342938e-01
-2.161578825509342938e-01
-2.161578825509342938e-01
-2.161578825509342938e-01
-2.161578825509342938e-01
-2.161578825509342938e-01
-2.161578825509342938e-01
-2.161578825509342938e-01
-2.161578825509342938e-01
-2.161578825509342938e-01
-2.161578825509342938e-01
-2.161578825509342938e-01
-2.161578825509342938e-01
-2.161578825509342938e-01
-2.161578825509342938e-01
-2.161578825509342938e-01
-2.161578825509342938e-01
-2.161578825509342938e-01
-2.161578825509342938e-01
-2.161578825509342938e-01
-2.161578825509342938e-01
-2.161578825509342938e-01
-2.161578825509342938e-01
-2.161578825509342938e-01
-2.161578825509342938e-01
-2.161578825509342938e-01
-2.161578825509342938e-01
-2.161578825509342938e-01
-2.161578825509342938e-01
-2.161578825509342938e-01
-2.161578825509342938e-01
-2.161578825509342938e-01
-2.161578825509342938e-01
-2.161578825509342938e-01
-2.161578825509342938e-01
-2.161578825509342938e-01
-2.161578825509342938e-01
-2.161578825509342938e-01
-2.161578825509342938e-01
-2.161578825509342938e-01
-2.161578825509342938e-01
-2.161578825509342938e-01
-2.161578825509342938e-01
-2.161578825509342938e-01
-2.161578825509342938e-01
-2.161578825509342938e-01
-2.161578825509342938e-01
-2.161578825509342938e-01
-2.161578825509342938e-01
-2.161578825509342938e-01
-2.161578825509342938e-01
-2.161578825509342938e-01
-2.161578825509342938e-01
-2.161578825509342938e-01
-2.161578825509342938e-01
-2.161578825509342938e-01
-2.161578825509342938e-01
-2.161578825509342938e-01
-2.161578825509342938e-01
-2.161578825509342938e-01
-2.161578825509342938e-01
-2.161578825509342938e-01
-2.161578825509342938e-01
-2.161578825509342938e-01
-2.161578825509342938e-01
-2.161578825509342938e-01
-2.161578825509342938e-01
-2.161578825509342938e-01
-2.161578825509342938e-01
-2.161578825509342938e-01
-2.161578825509342938e-01
-2.161578825509342938e-01
-2.161578825509342938e-01
-2.161578825509342938e-01
-2.161578825509342938e-01
-2.161578825509342938e-01
-2.161578825509342938e-01
-1.475775674925707548e-01
-1.475775674925707548e-01
-1.475775674925707548e-01
-1.475775674925707548e-01
-1.475775674925707548e-01
-1.475775674925707548e-01
-1.475775674925707548e-01
-1.475775674925707548e-01
-1.475775674925707548e-01
-1.475775674925707548e-01
-1.475775674925707548e-01
-1.475775674925707548e-01
-1.475775674925707548e-01
-1.475775674925707548e-01
-1.475775674925707548e-01
-1.475775674925707548e-01
-1.475775674925707548e-01
-1.475775674925707548e-01
-1.475775674925707548e-01
-1.475775674925707548e-01
-1.475775674925707548e-01
-1.475775674925707548e-01
-1.475775674925707548e-01
-1.475775674925707548e-01
-1.475775674925707548e-01
-1.475775674925707548e-01
-1.475775674925707548e-01
-1.475775674925707548e-01
-1.475775674925707548e-01
-1.475775674925707548e-01
-1.475775674925707548e-01
-1.475775674925707548e-01
-1.475775674925707548e-01
-1.475775674925707548e-01
-1.475775674925707548e-01
-1.475775674925707548e-01
-1.475775674925707548e-01
-1.475775674925707548e-01
-1.475775674925707548e-01
-1.475775674925707548e-01
-1.475775674925707548e-01
-1.475775674925707548e-01
-1.475775674925707548e-01
-1.475775674925707548e-01
-1.475775674925707548e-01
-1.475775674925707548e-01
-1.475775674925707548e-01
-1.475775674925707548e-01
-1.475775674925707548e-01
-2.031220732181979183e-01
-2.031220732181979183e-01
-2.031220732181979183e-01
-2.031220732181979183e-01
-2.031220732181979183e-01
-2.031220732181979183e-01
-2.031220732181979183e-01
-2.031220732181979183e-01
-2.031220732181979183e-01
-2.031220732181979183e-01
-2.031220732181979183e-01
-2.031220732181979183e-01
-2.031220732181979183e-01
-2.031220732181979183e-01
-2.031220732181979183e-01
-2.031220732181979183e-01
-2.031220732181979183e-01
-2.031220732181979183e-01
-2.031220732181979183e-01
-2.031220732181979183e-01
-2.031220732181979183e-01
-2.031220732181979183e-01
-2.031220732181979183e-01
-2.031220732181979183e-01
-2.031220732181979183e-01
-2.031220732181979183e-01
-2.031220732181979183e-01
-2.031220732181979183e-01
-2.031220732181979183e-01
-2.031220732181979183e-01
-1.620087437830281252e-01
-1.620087437830281252e-01
-1.620087437830281252e-01
-1.620087437830281252e-01
-1.620087437830281252e-01
-1.620087437830281252e-01
-1.620087437830281252e-01
-1.620087437830281252e-01
-1.620087437830281252e-01
-1.620087437830281252e-01
-1.620087437830281252e-01
-1.620087437830281252e-01
-1.620087437830281252e-01
-1.620087437830281252e-01
-1.620087437830281252e-01
-1.620087437830281252e-01
-1.620087437830281252e-01
-1.620087437830281252e-01
-1.620087437830281252e-01
-1.620087437830281252e-01
-1.620087437830281252e-01
-1.620087437830281252e-01
-1.996692205934177955e-01
-1.990375310239554663e-01
-1.990375310239554663e-01
-1.670797969825409124e-01
-1.670797969825409124e-01
-1.670797969825409124e-01
-1.670797969825409124e-01
-1.670797969825409124e-01
-1.670797969825409124e-01
-1.670797969825409124e-01
-1.670797969825409124e-01
-1.670797969825409124e-01
-1.670797969825409124e-01
-1.670797969825409124e-01
-1.670797969825409124e-01
-1.670797969825409124e-01
-1.670797969825409124e-01
-1.670797969825409124e-01
-1.670797969825409124e-01
-1.670797969825409124e-01
-1.670797969825409124e-01
-1.670797969825409124e-01
-1.670797969825409124e-01
-1.670797969825409124e-01
-1.670797969825409124e-01
-1.670797969825409124e-01
-1.670797969825409124e-01
-1.670797969825409124e-01
-1.670797969825409124e-01
-1.670797969825409124e-01
-1.670797969825409124e-01
-1.670797969825409124e-01
-1.670797969825409124e-01
-1.670797969825409124e-01
-1.670797969825409124e-01
-1.670797969825409124e-01
-1.670797969825409124e-01
-1.670797969825409124e-01
-1.670797969825409124e-01
-1.670797969825409124e-01
-1.670797969825409124e-01
-1.670797969825409124e-01
-1.670797969825409124e-01
-1.670797969825409124e-01
-1.670797969825409124e-01
-1.670797969825409124e-01
-1.670797969825409124e-01
-1.670797969825409124e-01
-1.670797969825409124e-01
-1.670797969825409124e-01
-1.670797969825409124e-01
-1.670797969825409124e-01
-1.670797969825409124e-01
-1.670797969825409124e-01
-1.670797969825409124e-01
-1.670797969825409124e-01
-1.670797969825409124e-01
-1.670797969825409124e-01
-1.670797969825409124e-01
-1.670797969825409124e-01
-1.670797969825409124e-01
-1.670797969825409124e-01
-1.670797969825409124e-01
-1.670797969825409124e-01
-1.670797969825409124e-01
-1.670797969825409124e-01
-1.670797969825409124e-01
-1.670797969825409124e-01
-1.670797969825409124e-01
-1.670797969825409124e-01
-1.670797969825409124e-01
-1.670797969825409124e-01
-1.670797969825409124e-01
-1.670797969825409124e-01
-1.670797969825409124e-01
-1.670797969825409124e-01
-1.670797969825409124e-01
-1.670797969825409124e-01
-1.670797969825409124e-01
-1.670797969825409124e-01
-1.670797969825409124e-01
-1.670797969825409124e-01
-1.670797969825409124e-01
-1.670797969825409124e-01
-1.670797969825409124e-01
-1.670797969825409124e-01
-1.670797969825409124e-01
-1.670797969825409124e-01
-1.670797969825409124e-01
-1.670797969825409124e-01
-1.670797969825409124e-01
-1.670797969825409124e-01
-1.670797969825409124e-01
-1.670797969825409124e-01
-1.670797969825409124e-01
-1.670797969825409124e-01
-1.670797969825409124e-01
-1.670797969825409124e-01
-1.670797969825409124e-01
-1.670797969825409124e-01
-1.670797969825409124e-01
-1.670797969825409124e-01
-1.670797969825409124e-01
-1.670797969825409124e-01
-1.670797969825409124e-01
-1.670797969825409124e-01
-1.670797969825409124e-01
-1.670797969825409124e-01
-1.670797969825409124e-01
-1.670797969825409124e-01
-1.251395813137805568e-01
-1.251395813137805568e-01
-1.251395813137805568e-01
-1.251395813137805568e-01
-1.251395813137805568e-01
-1.251395813137805568e-01
-1.251395813137805568e-01
-1.251395813137805568e-01
-1.251395813137805568e-01
-1.251395813137805568e-01
-1.251395813137805568e-01
-1.251395813137805568e-01
-1.251395813137805568e-01
-1.251395813137805568e-01
-1.251395813137805568e-01
-1.251395813137805568e-01
-1.251395813137805568e-01
-1.251395813137805568e-01
-1.251395813137805568e-01
-1.251395813137805568e-01
-1.251395813137805568e-01
-1.251395813137805568e-01
-1.251395813137805568e-01
-1.251395813137805568e-01
-1.251395813137805568e-01
-1.251395813137805568e-01
-1.251395813137805568e-01
-1.251395813137805568e-01
-1.251395813137805568e-01
-1.251395813137805568e-01
-1.251395813137805568e-01
-1.251395813137805568e-01
-1.251395813137805568e-01
-1.251395813137805568e-01
-1.251395813137805568e-01
-1.251395813137805568e-01
-1.251395813137805568e-01
-1.251395813137805568e-01
-1.251395813137805568e-01
-1.251395813137805568e-01
-1.251395813137805568e-01
-1.251395813137805568e-01
-1.251395813137805568e-01
-1.251395813137805568e-01
-1.251395813137805568e-01
-1.251395813137805568e-01
-1.251395813137805568e-01
-1.251395813137805568e-01
-1.251395813137805568e-01
-1.251395813137805568e-01
-1.251395813137805568e-01
-1.251395813137805568e-01
-1.251395813137805568e-01
-1.251395813137805568e-01
-1.251395813137805568e-01
-1.251395813137805568e-01
-1.251395813137805568e-01
-1.251395813137805568e-01
-1.251395813137805568e-01
-1.250260276274744731e-01
-1.250260276274744731e-01
-1.250260276274744731e-01
-1.250260276274744731e-01
-1.250260276274744731e-01
-1.250260276274744731e-01
-1.250260276274744731e-01
-1.250260276274744731e-01
-1.250260276274744731e-01
-1.250260276274744731e-01
-1.250260276274744731e-01
-1.250260276274744731e-01
-1.250260276274744731e-01
-1.250260276274744731e-01
-1.250260276274744731e-01
-1.250260276274744731e-01
-1.250260276274744731e-01
-1.250260276274744731e-01
-1.250260276274744731e-01
-1.250260276274744731e-01
-1.506475770906554046e-01
-1.506475770906554046e-01
-1.506475770906554046e-01
-1.506475770906554046e-01
-1.506475770906554046e-01
-1.506475770906554046e-01
-1.506475770906554046e-01
-1.506475770906554046e-01
-1.506475770906554046e-01
-1.506475770906554046e-01
-1.506475770906554046e-01
-1.506475770906554046e-01
-1.506475770906554046e-01
-1.506475770906554046e-01
-1.506475770906554046e-01
-1.506475770906554046e-01
-1.506475770906554046e-01
-1.506475770906554046e-01
-1.506475770906554046e-01
-1.506475770906554046e-01
-1.506475770906554046e-01
-1.506475770906554046e-01
-1.506475770906554046e-01
-1.506475770906554046e-01
-1.506475770906554046e-01
-1.506475770906554046e-01
-1.506475770906554046e-01
-1.506475770906554046e-01
-1.506475770906554046e-01
-1.506475770906554046e-01
-1.506475770906554046e-01
-1.506475770906554046e-01
-1.506475770906554046e-01
-1.506475770906554046e-01
-1.506475770906554046e-01
-1.506475770906554046e-01
-1.506475770906554046e-01
-1.506475770906554046e-01
-1.506475770906554046e-01
-1.506475770906554046e-01
-1.506475770906554046e-01
-1.506475770906554046e-01
-1.506475770906554046e-01
-1.506475770906554046e-01
-1.506475770906554046e-01
-1.506475770906554046e-01
-1.506475770906554046e-01
-1.506475770906554046e-01
-1.506475770906554046e-01
-1.506475770906554046e-01
-1.506475770906554046e-01
-1.506475770906554046e-01
-1.506475770906554046e-01
-1.506475770906554046e-01
-1.506475770906554046e-01
-1.506475770906554046e-01
-1.506475770906554046e-01
-1.506475770906554046e-01
-1.506475770906554046e-01
-1.506475770906554046e-01
-1.506475770906554046e-01
-1.506475770906554046e-01
-1.506475770906554046e-01
-1.506475770906554046e-01
-1.506475770906554046e-01
-1.432939395166036023e-01
-1.432939395166036023e-01
-1.432939395166036023e-01
-1.432939395166036023e-01
-1.432939395166036023e-01
-1.432939395166036023e-01
-1.432939395166036023e-01
-1.432939395166036023e-01
-1.432939395166036023e-01
-1.432939395166036023e-01
-1.432939395166036023e-01
-1.432939395166036023e-01
-1.432939395166036023e-01
-1.432939395166036023e-01
-1.432939395166036023e-01
-1.432939395166036023e-01
-1.432939395166036023e-01
-1.432939395166036023e-01
-1.432939395166036023e-01
-1.432939395166036023e-01
-1.432939395166036023e-01
-1.432939395166036023e-01
-1.432939395166036023e-01
-1.432939395166036023e-01
-1.432939395166036023e-01
-1.432939395166036023e-01
-1.432939395166036023e-01
-1.432939395166036023e-01
-1.432939395166036023e-01
-1.432939395166036023e-01
-1.432939395166036023e-01
-1.432939395166036023e-01
-1.432939395166036023e-01
-1.432939395166036023e-01
-1.432939395166036023e-01
-1.432939395166036023e-01
-1.432939395166036023e-01
-1.432939395166036023e-01
-1.432939395166036023e-01
-1.432939395166036023e-01
-1.432939395166036023e-01
-1.432939395166036023e-01
-1.432939395166036023e-01
-1.432939395166036023e-01
-1.432939395166036023e-01
-1.432939395166036023e-01
-1.432939395166036023e-01
-1.432939395166036023e-01
-1.432939395166036023e-01
-1.432939395166036023e-01
-1.432939395166036023e-01
-1.432939395166036023e-01
-1.432939395166036023e-01
-1.432939395166036023e-01
-1.432939395166036023e-01
-1.432939395166036023e-01
-1.432939395166036023e-01
-1.432939395166036023e-01
-1.432939395166036023e-01
-1.432939395166036023e-01
-1.432939395166036023e-01
-1.432939395166036023e-01
-1.432939395166036023e-01
-1.432939395166036023e-01
-1.432939395166036023e-01
-1.432939395166036023e-01
-1.432939395166036023e-01
-1.432939395166036023e-01
-1.432939395166036023e-01
-1.432939395166036023e-01
-1.432939395166036023e-01
-1.432939395166036023e-01
-1.432939395166036023e-01
-1.432939395166036023e-01
-1.432939395166036023e-01
-1.432939395166036023e-01
-1.432939395166036023e-01
-1.432939395166036023e-01
-1.432939395166036023e-01
-1.432939395166036023e-01
-1.432939395166036023e-01
-1.432939395166036023e-01
-1.432939395166036023e-01
-1.432939395166036023e-01
-1.432939395166036023e-01
-1.432939395166036023e-01
-1.432939395166036023e-01
-1.432939395166036023e-01
-1.432939395166036023e-01
-1.432939395166036023e-01
-1.432939395166036023e-01
-1.432939395166036023e-01
-1.432939395166036023e-01
-1.432939395166036023e-01
-1.432939395166036023e-01
-1.432939395166036023e-01
-1.432939395166036023e-01
-1.432939395166036023e-01
-1.432939395166036023e-01
-1.432939395166036023e-01
-1.432939395166036023e-01
-1.432939395166036023e-01
-1.432939395166036023e-01
-1.432939395166036023e-01
-1.432939395166036023e-01
-1.432939395166036023e-01
-1.432939395166036023e-01
-1.432939395166036023e-01
-1.432939395166036023e-01
-1.432939395166036023e-01
-1.432939395166036023e-01
-1.432939395166036023e-01
-1.432939395166036023e-01
-1.432939395166036023e-01
-1.432939395166036023e-01
-1.432939395166036023e-01
-1.432939395166036023e-01
-1.432939395166036023e-01
-1.469040805933352345e-01
-1.469040805933352345e-01
-1.469040805933352345e-01
-1.469040805933352345e-01
-1.469040805933352345e-01
-1.469040805933352345e-01
-1.399806819955887738e-01
-1.399806819955887738e-01
-1.399806819955887738e-01
-1.399806819955887738e-01
-1.399806819955887738e-01
-9.211514636617773588e-02
-9.211514636617773588e-02
-9.211514636617773588e-02
-9.082658056091395815e-02
-9.082658056091395815e-02
-9.082658056091395815e-02
-9.082658056091395815e-02
-9.082658056091395815e-02
-9.082658056091395815e-02
-9.082658056091395815e-02
-9.082658056091395815e-02
-9.082658056091395815e-02
-9.082658056091395815e-02
-9.082658056091395815e-02
-9.082658056091395815e-02
-9.082658056091395815e-02
-9.082658056091395815e-02
-9.082658056091395815e-02
-8.467288534682293477e-02
-8.467288534682293477e-02
-8.467288534682293477e-02
-1.523301974081400501e-01
-1.523301974081400501e-01
-1.523301974081400501e-01
-1.523301974081400501e-01
-1.523301974081400501e-01
-1.523301974081400501e-01
-1.523301974081400501e-01
-1.523301974081400501e-01
-1.523301974081400501e-01
-1.523301974081400501e-01
-1.728156613574201028e-01
-1.403391218778052285e-01
-1.403391218778052285e-01
-1.403391218778052285e-01
-1.403391218778052285e-01
-1.403391218778052285e-01
-1.403391218778052285e-01
-1.403391218778052285e-01
-1.403391218778052285e-01
-1.403391218778052285e-01
-1.403391218778052285e-01
-1.403391218778052285e-01
-1.403391218778052285e-01
-1.403391218778052285e-01
-1.403391218778052285e-01
-1.403391218778052285e-01
-1.403391218778052285e-01
-1.062851961894427377e-01
-1.062851961894427377e-01
-1.062851961894427377e-01
-1.062851961894427377e-01
-1.062851961894427377e-01
-1.062851961894427377e-01
-1.062851961894427377e-01
-1.062851961894427377e-01
-1.062851961894427377e-01
-1.062851961894427377e-01
-1.062851961894427377e-01
-1.062851961894427377e-01
-1.062851961894427377e-01
-1.062851961894427377e-01
-1.062851961894427377e-01
-1.062851961894427377e-01
-1.062851961894427377e-01
-1.062851961894427377e-01
-1.062851961894427377e-01
-1.062851961894427377e-01
-1.062851961894427377e-01
-1.062851961894427377e-01
-1.062851961894427377e-01
-1.062851961894427377e-01
-1.062851961894427377e-01
-1.062851961894427377e-01
-1.062851961894427377e-01
-1.062851961894427377e-01
-1.062851961894427377e-01
-1.062851961894427377e-01
-9.058977176308859180e-02
-9.058977176308859180e-02
-9.058977176308859180e-02
-9.058977176308859180e-02
-9.058977176308859180e-02
-9.058977176308859180e-02
-9.058977176308859180e-02
-9.058977176308859180e-02
-9.058977176308859180e-02
-9.058977176308859180e-02
-9.058977176308859180e-02
-9.058977176308859180e-02
-9.058977176308859180e-02
-1.043398467464155266e-01
-1.043398467464155266e-01
-1.043398467464155266e-01
-1.043398467464155266e-01
-1.043398467464155266e-01
-1.043398467464155266e-01
-1.043398467464155266e-01
-1.043398467464155266e-01
-1.043398467464155266e-01
-1.043398467464155266e-01
-1.043398467464155266e-01
-1.043398467464155266e-01
-1.043398467464155266e-01
-1.043398467464155266e-01
-1.043398467464155266e-01
-1.043398467464155266e-01
-1.043398467464155266e-01
-1.043398467464155266e-01
-1.043398467464155266e-01
-1.043398467464155266e-01
-1.043398467464155266e-01
-1.043398467464155266e-01
-1.043398467464155266e-01
-1.043398467464155266e-01
-1.043398467464155266e-01
-1.043398467464155266e-01
-1.043398467464155266e-01
-1.043398467464155266e-01
-1.043398467464155266e-01
-1.043398467464155266e-01
-1.043398467464155266e-01
-1.043398467464155266e-01
-1.043398467464155266e-01
-1.043398467464155266e-01
-1.043398467464155266e-01
-1.043398467464155266e-01
-1.043398467464155266e-01
-1.043398467464155266e-01
-1.043398467464155266e-01
-1.043398467464155266e-01
-1.043398467464155266e-01
-1.043398467464155266e-01
-1.043398467464155266e-01
-1.043398467464155266e-01
-1.043398467464155266e-01
-1.043398467464155266e-01
-1.722575516135469165e-01
-1.722575516135469165e-01
-1.722575516135469165e-01
-1.554648546826087052e-01
-1.554648546826087052e-01
-1.554648546826087052e-01
-1.554648546826087052e-01
-1.554648546826087052e-01
-1.554648546826087052e-01
-1.554648546826087052e-01
-1.554648546826087052e-01
-1.554648546826087052e-01
-1.554648546826087052e-01
-1.554648546826087052e-01
-1.554648546826087052e-01
-1.554648546826087052e-01
-1.554648546826087052e-01
-1.554648546826087052e-01
-1.554648546826087052e-01
-1.554648546826087052e-01
-1.554648546826087052e-01
-1.554648546826087052e-01
-1.554648546826087052e-01
-1.554648546826087052e-01
-1.554648546826087052e-01
-1.554648546826087052e-01
-1.554648546826087052e-01
-1.554648546826087052e-01
-1.554648546826087052e-01
-1.554648546826087052e-01
-1.554648546826087052e-01
-1.554648546826087052e-01
-1.554648546826087052e-01
-2.107829368365198297e-01
-2.107829368365198297e-01
-2.107829368365198297e-01
-2.107829368365198297e-01
-2.107829368365198297e-01
-2.107829368365198297e-01
-2.107829368365198297e-01
-1.839097895540197092e-01
-1.839097895540197092e-01
-1.839097895540197092e-01
-1.839097895540197092e-01
-1.624533710698552458e-01
-1.624533710698552458e-01
-1.624533710698552458e-01
-1.624533710698552458e-01
-1.624533710698552458e-01
-1.624533710698552458e-01
-1.624533710698552458e-01
-7.517504760457725810e-02
-7.517504760457725810e-02
-7.517504760457725810e-02
-7.517504760457725810e-02
-7.517504760457725810e-02
-7.517504760457725810e-02
-7.517504760457725810e-02
-7.517504760457725810e-02
-7.517504760457725810e-02
-7.517504760457725810e-02
-7.517504760457725810e-02
-7.517504760457725810e-02
-7.517504760457725810e-02
-7.517504760457725810e-02
-7.517504760457725810e-02
-7.517504760457725810e-02
-7.517504760457725810e-02
-7.517504760457725810e-02
-7.517504760457725810e-02
-7.517504760457725810e-02
-7.517504760457725810e-02
-7.517504760457725810e-02
-7.022576082504958239e-02
-7.022576082504958239e-02
-7.022576082504958239e-02
-7.022576082504958239e-02
-7.022576082504958239e-02
-7.022576082504958239e-02
-7.022576082504958239e-02
-7.022576082504958239e-02
-7.022576082504958239e-02
-7.022576082504958239e-02
-7.022576082504958239e-02
-7.262870128022552718e-02
-7.262870128022552718e-02
-7.262870128022552718e-02
-7.262870128022552718e-02
-7.262870128022552718e-02
-7.262870128022552718e-02
-7.262870128022552718e-02
-1.061454728730094055e-01
-1.061454728730094055e-01
-1.061454728730094055e-01
-1.061454728730094055e-01
-1.061454728730094055e-01
-1.061454728730094055e-01
-1.061454728730094055e-01
-1.061454728730094055e-01
-1.061454728730094055e-01
-1.061454728730094055e-01
-1.461639800901394781e-01
-1.461639800901394781e-01
-1.461639800901394781e-01
-1.461639800901394781e-01
-5.433746180844352403e-02
-1.359714576208796433e-01
-1.359714576208796433e-01
-1.359714576208796433e-01
-1.359714576208796433e-01
-1.359714576208796433e-01
-1.359714576208796433e-01
-1.359714576208796433e-01
-1.359714576208796433e-01
-1.359714576208796433e-01
-1.359714576208796433e-01
-1.359714576208796433e-01
-1.359714576208796433e-01
-1.359714576208796433e-01
-1.359714576208796433e-01
-1.359714576208796433e-01
-1.359714576208796433e-01
-1.359714576208796433e-01
-1.359714576208796433e-01
-1.359714576208796433e-01
-1.359714576208796433e-01
-1.359714576208796433e-01
-1.359714576208796433e-01
-1.359714576208796433e-01
-1.359714576208796433e-01
-1.359714576208796433e-01
-1.359714576208796433e-01
-1.120147852665151628e-01
-1.120147852665151628e-01
-1.120147852665151628e-01
-1.120147852665151628e-01
-1.120147852665151628e-01
-1.120147852665151628e-01
-1.120147852665151628e-01
-1.120147852665151628e-01
-1.120147852665151628e-01
-1.120147852665151628e-01
-1.120147852665151628e-01
-1.120147852665151628e-01
-1.120147852665151628e-01
-1.120147852665151628e-01
-1.120147852665151628e-01
-1.120147852665151628e-01
-1.120147852665151628e-01
-1.120147852665151628e-01
-1.120147852665151628e-01
-1.120147852665151628e-01
-1.120147852665151628e-01
-1.120147852665151628e-01
-1.120147852665151628e-01
-1.120147852665151628e-01
-1.120147852665151628e-01
-1.120147852665151628e-01
-1.120147852665151628e-01
-1.120147852665151628e-01
-1.120147852665151628e-01
-1.120147852665151628e-01
-1.120147852665151628e-01
-1.120147852665151628e-01
-1.120147852665151628e-01
-1.120147852665151628e-01
-1.120147852665151628e-01
-1.120147852665151628e-01
-1.120147852665151628e-01
-1.120147852665151628e-01
-1.120147852665151628e-01
-1.120147852665151628e-01
-1.120147852665151628e-01
-1.120147852665151628e-01
-1.120147852665151628e-01
-1.120147852665151628e-01
-1.120147852665151628e-01
-1.120147852665151628e-01
-1.120147852665151628e-01
-1.120147852665151628e-01
-1.120147852665151628e-01
-1.120147852665151628e-01
-1.120147852665151628e-01
-1.120147852665151628e-01
-1.120147852665151628e-01
-1.120147852665151628e-01
-1.120147852665151628e-01
-1.120147852665151628e-01
-1.120147852665151628e-01
-1.120147852665151628e-01
-1.120147852665151628e-01
-1.120147852665151628e-01
-1.120147852665151628e-01
-1.120147852665151628e-01
-1.120147852665151628e-01
-1.120147852665151628e-01
-1.120147852665151628e-01
-1.120147852665151628e-01
-1.120147852665151628e-01
-1.120147852665151628e-01
-1.120147852665151628e-01
-1.120147852665151628e-01
-1.120147852665151628e-01
-1.120147852665151628e-01
-1.120147852665151628e-01
-1.120147852665151628e-01
-1.120147852665151628e-01
-1.120147852665151628e-01
-1.120147852665151628e-01
-1.120147852665151628e-01
-1.120147852665151628e-01
-1.120147852665151628e-01
-1.120147852665151628e-01
-1.120147852665151628e-01
-1.120147852665151628e-01
-1.120147852665151628e-01
-1.120147852665151628e-01
-1.120147852665151628e-01
-1.120147852665151628e-01
-1.120147852665151628e-01
-1.120147852665151628e-01
-1.120147852665151628e-01
-9.861745894752997621e-02
-9.861745894752997621e-02
-9.861745894752997621e-02
-9.861745894752997621e-02
-9.861745894752997621e-02
-9.861745894752997621e-02
-9.861745894752997621e-02
-9.861745894752997621e-02
-9.861745894752997621e-02
-9.861745894752997621e-02
-9.861745894752997621e-02
-9.861745894752997621e-02
-9.861745894752997621e-02
-9.861745894752997621e-02
-9.861745894752997621e-02
-9.861745894752997621e-02
-9.861745894752997621e-02
-9.861745894752997621e-02
-9.861745894752997621e-02
-9.861745894752997621e-02
-9.861745894752997621e-02
-9.861745894752997621e-02
-9.861745894752997621e-02
-9.861745894752997621e-02
-9.861745894752997621e-02
-9.861745894752997621e-02
-9.861745894752997621e-02
-9.861745894752997621e-02
-9.861745894752997621e-02
-9.861745894752997621e-02
-9.861745894752997621e-02
-9.861745894752997621e-02
-9.861745894752997621e-02
-9.861745894752997621e-02
-9.861745894752997621e-02
-9.861745894752997621e-02
-9.861745894752997621e-02
-9.861745894752997621e-02
-9.861745894752997621e-02
-9.861745894752997621e-02
-9.861745894752997621e-02
-1.035528417755039315e-01
-1.035528417755039315e-01
-1.035528417755039315e-01
-1.035528417755039315e-01
-1.035528417755039315e-01
-1.035528417755039315e-01
-1.035528417755039315e-01
-1.035528417755039315e-01
-1.035528417755039315e-01
-1.035528417755039315e-01
-1.035528417755039315e-01
-1.004222659376337590e-01
-1.004222659376337590e-01
-1.004222659376337590e-01
-1.004222659376337590e-01
-1.004222659376337590e-01
-1.004222659376337590e-01
-1.004222659376337590e-01
-1.004222659376337590e-01
-1.004222659376337590e-01
-1.004222659376337590e-01
-1.004222659376337590e-01
-1.004222659376337590e-01
-1.004222659376337590e-01
-1.004222659376337590e-01
-1.004222659376337590e-01
-1.004222659376337590e-01
-1.004222659376337590e-01
-1.004222659376337590e-01
-1.004222659376337590e-01
-1.004222659376337590e-01
-1.004222659376337590e-01
-1.004222659376337590e-01
-1.004222659376337590e-01
-1.004222659376337590e-01
-1.004222659376337590e-01
-1.004222659376337590e-01
-1.004222659376337590e-01
-9.243470219535535048e-02
-9.243470219535535048e-02
-9.243470219535535048e-02
-9.243470219535535048e-02
-9.243470219535535048e-02
-9.243470219535535048e-02
-9.243470219535535048e-02
-9.243470219535535048e-02
-9.243470219535535048e-02
-9.243470219535535048e-02
-9.243470219535535048e-02
-9.243470219535535048e-02
-9.243470219535535048e-02
-9.243470219535535048e-02
-9.243470219535535048e-02
-9.243470219535535048e-02
-9.243470219535535048e-02
-9.243470219535535048e-02
-9.243470219535535048e-02
-9.243470219535535048e-02
-9.243470219535535048e-02
-9.243470219535535048e-02
-9.243470219535535048e-02
-9.243470219535535048e-02
-9.243470219535535048e-02
-9.243470219535535048e-02
-9.243470219535535048e-02
-9.243470219535535048e-02
-9.243470219535535048e-02
-9.243470219535535048e-02
-9.243470219535535048e-02
-9.243470219535535048e-02
-9.243470219535535048e-02
-9.243470219535535048e-02
-9.243470219535535048e-02
-9.243470219535535048e-02
-9.243470219535535048e-02
-9.243470219535535048e-02
-1.131615051233973573e-01
-1.131615051233973573e-01
-1.131615051233973573e-01
-1.131615051233973573e-01
-1.131615051233973573e-01
-1.131615051233973573e-01
-1.131615051233973573e-01
-1.131615051233973573e-01
-1.131615051233973573e-01
-1.131615051233973573e-01
-1.131615051233973573e-01
-1.131615051233973573e-01
-1.131615051233973573e-01
-1.131615051233973573e-01
-1.131615051233973573e-01
-1.131615051233973573e-01
-1.131615051233973573e-01
-1.131615051233973573e-01
-1.131615051233973573e-01
-1.131615051233973573e-01
-1.131615051233973573e-01
-1.131615051233973573e-01
-1.152675762687084965e-01
-1.152675762687084965e-01
-1.152675762687084965e-01
-1.152675762687084965e-01
-1.266450259699192227e-01
-1.271857985119062839e-01
-1.271857985119062839e-01
-1.271857985119062839e-01
-1.271857985119062839e-01
-1.271857985119062839e-01
-1.271857985119062839e-01
-8.160818232860893306e-02
-8.160818232860893306e-02
-8.160818232860893306e-02
-8.160818232860893306e-02
-8.160818232860893306e-02
-8.160818232860893306e-02
-8.160818232860893306e-02
-8.160818232860893306e-02
-8.160818232860893306e-02
-8.160818232860893306e-02
-8.160818232860893306e-02
-8.160818232860893306e-02
-8.160818232860893306e-02
-8.160818232860893306e-02
-8.160818232860893306e-02
-8.160818232860893306e-02
-8.160818232860893306e-02
-8.160818232860893306e-02
-8.160818232860893306e-02
-8.160818232860893306e-02
-8.160818232860893306e-02
-8.160818232860893306e-02
-8.160818232860893306e-02
-8.160818232860893306e-02
-8.160818232860893306e-02
-8.160818232860893306e-02
-8.160818232860893306e-02
-8.160818232860893306e-02
-8.160818232860893306e-02
-8.160818232860893306e-02
-8.160818232860893306e-02
-8.160818232860893306e-02
-8.160818232860893306e-02
-8.160818232860893306e-02
-8.160818232860893306e-02
-8.160818232860893306e-02
-8.160818232860893306e-02
-8.160818232860893306e-02
-8.160818232860893306e-02
-8.160818232860893306e-02
-8.160818232860893306e-02
-8.160818232860893306e-02
-8.160818232860893306e-02
-8.160818232860893306e-02
-8.160818232860893306e-02
-8.160818232860893306e-02
-8.160818232860893306e-02
-8.160818232860893306e-02
-8.160818232860893306e-02
-8.160818232860893306e-02
-8.160818232860893306e-02
-8.160818232860893306e-02
-8.160818232860893306e-02
-8.160818232860893306e-02
-8.160818232860893306e-02
-8.160818232860893306e-02
-8.160818232860893306e-02
-8.160818232860893306e-02
-8.160818232860893306e-02
-8.160818232860893306e-02
-8.160818232860893306e-02
-8.160818232860893306e-02
-8.160818232860893306e-02
-8.160818232860893306e-02
-8.160818232860893306e-02
-8.160818232860893306e-02
-8.160818232860893306e-02
-8.160818232860893306e-02
-9.973204728522218343e-02
-9.973204728522218343e-02
-9.973204728522218343e-02
-9.973204728522218343e-02
-9.973204728522218343e-02
-9.973204728522218343e-02
-9.973204728522218343e-02
-9.973204728522218343e-02
-9.973204728522218343e-02
-9.973204728522218343e-02
-9.973204728522218343e-02
-8.156327228017336284e-02
-8.156327228017336284e-02
-8.156327228017336284e-02
-8.156327228017336284e-02
-8.156327228017336284e-02
-8.156327228017336284e-02
-8.156327228017336284e-02
-8.156327228017336284e-02
-8.156327228017336284e-02
-9.866907879225837730e-02
-9.866907879225837730e-02
-9.866907879225837730e-02
-9.866907879225837730e-02
-9.866907879225837730e-02
-9.866907879225837730e-02
-9.866907879225837730e-02
-9.866907879225837730e-02
-9.866907879225837730e-02
-9.866907879225837730e-02
-9.866907879225837730e-02
-9.866907879225837730e-02
-9.866907879225837730e-02
-9.866907879225837730e-02
-9.866907879225837730e-02
-9.866907879225837730e-02
-9.866907879225837730e-02
-9.866907879225837730e-02
-9.866907879225837730e-02
-9.866907879225837730e-02
-9.866907879225837730e-02
-9.866907879225837730e-02
-9.866907879225837730e-02
-9.866907879225837730e-02
-9.866907879225837730e-02
-9.866907879225837730e-02
-9.866907879225837730e-02
-9.866907879225837730e-02
-9.866907879225837730e-02
-9.866907879225837730e-02
-9.866907879225837730e-02
-9.866907879225837730e-02
-9.866907879225837730e-02
-9.866907879225837730e-02
-9.866907879225837730e-02
-9.866907879225837730e-02
-9.866907879225837730e-02
-8.729573901935015756e-02
-8.729573901935015756e-02
-8.729573901935015756e-02
-8.729573901935015756e-02
-8.729573901935015756e-02
-8.729573901935015756e-02
-8.729573901935015756e-02
-8.729573901935015756e-02
-8.729573901935015756e-02
-8.729573901935015756e-02
-8.729573901935015756e-02
-8.729573901935015756e-02
-8.729573901935015756e-02
-8.729573901935015756e-02
-8.729573901935015756e-02
-8.729573901935015756e-02
-8.729573901935015756e-02
-8.729573901935015756e-02
-8.729573901935015756e-02
-8.729573901935015756e-02
-8.729573901935015756e-02
-8.729573901935015756e-02
-8.729573901935015756e-02
-8.729573901935015756e-02
-8.729573901935015756e-02
-8.729573901935015756e-02
-8.729573901935015756e-02
-8.729573901935015756e-02
-8.729573901935015756e-02
-8.729573901935015756e-02
-8.729573901935015756e-02
-8.729573901935015756e-02
-8.729573901935015756e-02
-8.729573901935015756e-02
-8.729573901935015756e-02
-8.729573901935015756e-02
-8.729573901935015756e-02
-8.729573901935015756e-02
-8.729573901935015756e-02
-8.729573901935015756e-02
-8.729573901935015756e-02
-8.729573901935015756e-02
-8.729573901935015756e-02
-8.729573901935015756e-02
-8.729573901935015756e-02
-8.729573901935015756e-02
-8.729573901935015756e-02
-8.729573901935015756e-02
-8.729573901935015756e-02
-8.729573901935015756e-02
-8.729573901935015756e-02
-8.729573901935015756e-02
-8.729573901935015756e-02
-8.729573901935015756e-02
-8.729573901935015756e-02
-8.729573901935015756e-02
-8.729573901935015756e-02
-8.729573901935015756e-02
-8.729573901935015756e-02
-8.729573901935015756e-02
-8.729573901935015756e-02
-8.729573901935015756e-02
-8.729573901935015756e-02
-8.729573901935015756e-02
-8.729573901935015756e-02
-8.729573901935015756e-02
-8.729573901935015756e-02
-8.729573901935015756e-02
-8.729573901935015756e-02
-8.729573901935015756e-02
-8.729573901935015756e-02
-8.729573901935015756e-02
-8.729573901935015756e-02
-8.729573901935015756e-02
-2.044878800330152679e-01
-2.044878800330152679e-01
-2.044878800330152679e-01
-2.044878800330152679e-01
-2.044878800330152679e-01
-2.044878800330152679e-01
-2.044878800330152679e-01
-2.044878800330152679e-01
-2.044878800330152679e-01
-2.044878800330152679e-01
-2.044878800330152679e-01
-2.044878800330152679e-01
-2.044878800330152679e-01
-2.044878800330152679e-01
-2.044878800330152679e-01
-2.044878800330152679e-01
-2.044878800330152679e-01
-2.044878800330152679e-01
-2.044878800330152679e-01
-2.044878800330152679e-01
-2.044878800330152679e-01
-2.044878800330152679e-01
-2.044878800330152679e-01
-2.044878800330152679e-01
-2.044878800330152679e-01
-2.044878800330152679e-01
-2.044878800330152679e-01
-2.044878800330152679e-01
-2.044878800330152679e-01
-2.044878800330152679e-01
-2.044878800330152679e-01
-2.044878800330152679e-01
-2.044878800330152679e-01
-2.044878800330152679e-01
-2.044878800330152679e-01
-2.044878800330152679e-01
-1.620589034279263374e-01
-1.620589034279263374e-01
-1.620589034279263374e-01
-1.620589034279263374e-01
-1.620589034279263374e-01
-1.641180273679656576e-01
-1.641180273679656576e-01
-1.641180273679656576e-01
-1.472064772937767274e-01
-1.472064772937767274e-01
-1.472064772937767274e-01
-1.472064772937767274e-01
-1.472064772937767274e-01
-1.472064772937767274e-01
-1.472064772937767274e-01
-1.472064772937767274e-01
-1.472064772937767274e-01
-1.472064772937767274e-01
-1.472064772937767274e-01
-1.472064772937767274e-01
-1.472064772937767274e-01
-1.472064772937767274e-01
-1.472064772937767274e-01
-1.472064772937767274e-01
-1.472064772937767274e-01
-1.472064772937767274e-01
-1.472064772937767274e-01
-1.472064772937767274e-01
-1.472064772937767274e-01
-1.472064772937767274e-01
-1.472064772937767274e-01
-1.472064772937767274e-01
-1.472064772937767274e-01
-1.472064772937767274e-01
-1.472064772937767274e-01
-1.472064772937767274e-01
-1.472064772937767274e-01
-1.472064772937767274e-01
