# Variable: dg_gbsa_00000432
# Sample shape: (2000,)
# Date: 2014-03-03 06:24:05.459003
-6.038353958275759492e-01
-6.038353958275759492e-01
-6.038353958275759492e-01
-6.038353958275759492e-01
-6.038353958275759492e-01
-6.038353958275759492e-01
-6.465379640203589018e-01
-5.988930539008991971e-01
-2.820706333302630542e-01
-2.820706333302630542e-01
-2.820706333302630542e-01
-3.623118193154125088e-01
-3.336576271239475866e-01
-2.585818446161186057e-01
-2.585818446161186057e-01
-3.337350105920211529e-01
-3.445706050664927300e-01
-3.445706050664927300e-01
-3.445706050664927300e-01
-3.445706050664927300e-01
-9.133109740955651645e-01
-5.725004476981226942e-01
-5.725004476981226942e-01
-7.206930228674617023e-02
-7.206930228674617023e-02
-7.206930228674617023e-02
-7.206930228674617023e-02
-7.206930228674617023e-02
-7.206930228674617023e-02
-7.206930228674617023e-02
-7.206930228674617023e-02
-4.006863837032427211e-01
-5.170360463983013632e-01
-5.935864740302412290e-01
-5.935864740302412290e-01
-6.484074756702546960e-01
-6.484074756702546960e-01
-6.484074756702546960e-01
-5.927917264387666529e-01
-5.927917264387666529e-01
-6.809554865893624465e-01
-6.809554865893624465e-01
-8.117984517354581708e-01
-6.962900066011038502e-01
-7.624154906883749971e-01
-5.584894243207533249e-01
-3.619930826227250042e-01
-3.619930826227250042e-01
-3.619930826227250042e-01
-3.619930826227250042e-01
-2.112016224268517539e-01
-2.112016224268517539e-01
-5.221583419274645754e-01
-5.221583419274645754e-01
-5.166035993149358241e-01
-5.166035993149358241e-01
-5.160013416757091020e-01
-5.160013416757091020e-01
-6.339642901265597486e-01
-7.191934047647916550e-01
-7.191934047647916550e-01
-8.769230080152332074e-02
-2.225549396547714942e-01
-2.225549396547714942e-01
-2.225549396547714942e-01
-2.225549396547714942e-01
-4.172725442718593358e-01
-5.511150305403349492e-01
-5.511150305403349492e-01
-5.511150305403349492e-01
-5.511150305403349492e-01
-5.511150305403349492e-01
-5.728511235909981014e-01
-5.728511235909981014e-01
-5.728511235909981014e-01
-4.714817150601009477e-01
-4.714817150601009477e-01
-4.714817150601009477e-01
-4.714817150601009477e-01
-6.232438876113745030e-01
-6.232438876113745030e-01
-7.486243662825049494e-01
-8.172315347718918099e-01
-8.172315347718918099e-01
-8.172315347718918099e-01
-8.172315347718918099e-01
-8.172315347718918099e-01
-8.172315347718918099e-01
-8.172315347718918099e-01
-1.417514983828163377e-01
-3.144754164533450913e-01
-1.076384310398685318e-01
-1.076384310398685318e-01
-1.076384310398685318e-01
-1.076384310398685318e-01
-1.076384310398685318e-01
-1.076384310398685318e-01
-1.076384310398685318e-01
-2.834330211405999833e-01
-2.834330211405999833e-01
-2.834330211405999833e-01
-2.834330211405999833e-01
-2.834330211405999833e-01
-4.602896323851372040e-01
-4.602896323851372040e-01
-4.602896323851372040e-01
-1.151513657310040822e-01
-2.118995552081222866e-01
-2.449099864832073870e-01
-2.449099864832073870e-01
-5.661182490179232918e-01
-5.661182490179232918e-01
-5.661182490179232918e-01
-1.999600354161818472e-01
-2.447375261988740114e-01
-2.447375261988740114e-01
-2.447375261988740114e-01
-2.447375261988740114e-01
-7.027671966224509070e-01
-7.027671966224509070e-01
-7.027671966224509070e-01
-7.027671966224509070e-01
-7.027671966224509070e-01
-7.027671966224509070e-01
-7.027671966224509070e-01
-7.027671966224509070e-01
-7.027671966224509070e-01
-6.404274052461291777e-01
-6.404274052461291777e-01
-6.404274052461291777e-01
-6.404274052461291777e-01
-8.411018274026436092e-01
-6.410739389933773902e-01
-6.488746256490965925e-01
-6.488746256490965925e-01
-6.488746256490965925e-01
-8.637368337146181796e-01
-5.914495962299762821e-01
-5.914495962299762821e-01
-5.914495962299762821e-01
-5.914495962299762821e-01
-1.342712151844688284e-01
-1.342712151844688284e-01
-1.342712151844688284e-01
-7.881808805192177525e-01
-5.028458102027498766e-01
-5.788021858062160074e-01
-1.027928326941356940e-01
-1.031720715202747302e-01
-1.031720715202747302e-01
-1.031720715202747302e-01
-3.608319602094690048e-01
-3.608319602094690048e-01
-3.608319602094690048e-01
-3.608319602094690048e-01
-3.564072270694244038e-01
-3.564072270694244038e-01
-3.564072270694244038e-01
-3.564072270694244038e-01
-3.564072270694244038e-01
-3.564072270694244038e-01
-1.162112428740835063e-01
-1.162112428740835063e-01
-1.162112428740835063e-01
-1.162112428740835063e-01
-1.162112428740835063e-01
-7.061934949790997784e-01
-3.530100472342671547e-01
-3.530100472342671547e-01
-3.530100472342671547e-01
-5.000748210381823489e-01
-5.000748210381823489e-01
-5.000748210381823489e-01
-5.000748210381823489e-01
-8.509165356309645878e-01
-6.550524248447746611e-01
-6.550524248447746611e-01
-6.550524248447746611e-01
-6.550524248447746611e-01
-6.550524248447746611e-01
-6.550524248447746611e-01
-6.550524248447746611e-01
-7.890780842782889604e-01
-7.890780842782889604e-01
-7.890780842782889604e-01
-7.890780842782889604e-01
-7.890780842782889604e-01
-1.550615688582906992e-01
-1.550615688582906992e-01
-1.550615688582906992e-01
-1.550615688582906992e-01
-8.116921206961169588e-01
-8.116921206961169588e-01
-8.116921206961169588e-01
-6.293213960089600878e-01
-6.293213960089600878e-01
-6.293213960089600878e-01
-6.293213960089600878e-01
-6.293213960089600878e-01
-6.293213960089600878e-01
-6.293213960089600878e-01
-6.290973942320843282e-01
-6.290973942320843282e-01
-6.290973942320843282e-01
-6.290973942320843282e-01
-6.290973942320843282e-01
-6.290973942320843282e-01
-6.290973942320843282e-01
-6.290973942320843282e-01
-6.559860979849704288e-01
-6.287883162270540005e-01
-6.287883162270540005e-01
-6.049254314393431864e-01
-6.049254314393431864e-01
-3.784900071744025096e-01
-3.784900071744025096e-01
-3.784900071744025096e-01
-3.784900071744025096e-01
-3.784900071744025096e-01
-3.784900071744025096e-01
-3.784900071744025096e-01
-3.784900071744025096e-01
-2.938179623328476819e-01
-7.442713467614372469e-01
-6.703415290803343973e-01
-6.703415290803343973e-01
-6.703415290803343973e-01
-6.703415290803343973e-01
-6.703415290803343973e-01
-6.703415290803343973e-01
-6.703415290803343973e-01
-6.948387531659798722e-01
-6.021800278249707095e-01
-6.021800278249707095e-01
-6.021800278249707095e-01
-6.021800278249707095e-01
-6.021800278249707095e-01
-5.576843057490215028e-01
-5.576843057490215028e-01
-5.576843057490215028e-01
-5.576843057490215028e-01
-5.576843057490215028e-01
-5.576843057490215028e-01
-3.716980692989283463e-01
-3.716980692989283463e-01
-2.146011813192932605e-01
-2.146011813192932605e-01
-1.064341565163140046e+00
-1.064341565163140046e+00
-6.981494891711903517e-01
-6.981494891711903517e-01
-1.026089401135708984e-01
-1.026089401135708984e-01
-6.772911115540600768e-01
-6.772911115540600768e-01
-1.025766989013205066e+00
-1.354207984576033807e-01
-6.513212652552879955e-01
-4.508504448155827848e-01
-7.360183827963658887e-01
-7.434691913269217967e-01
-7.434691913269217967e-01
-2.970146745386360587e-01
-2.970146745386360587e-01
-1.434213971544633925e-01
-4.099804630243071291e-01
-4.099804630243071291e-01
-4.099804630243071291e-01
-4.099804630243071291e-01
-1.288159798481724183e-01
-8.817972690151936188e-01
-8.817972690151936188e-01
-8.817972690151936188e-01
-8.470292984869466357e-01
-1.045522595226878598e-01
-1.045522595226878598e-01
-1.045522595226878598e-01
-1.045522595226878598e-01
-1.045522595226878598e-01
-1.045522595226878598e-01
-1.131134396187433999e-01
-1.131134396187433999e-01
-1.131134396187433999e-01
-1.131134396187433999e-01
-1.131134396187433999e-01
-1.131134396187433999e-01
-1.131134396187433999e-01
-1.131134396187433999e-01
-1.131134396187433999e-01
-1.131134396187433999e-01
-5.596289785140786677e-01
-4.816614305084111480e-01
-4.816614305084111480e-01
-4.816614305084111480e-01
-7.302033399760609056e-01
-3.518269577172244422e-01
-7.758490442090006933e-01
-1.144756707247083088e-01
-1.144756707247083088e-01
-1.144756707247083088e-01
-1.095839728018977582e-01
-1.095839728018977582e-01
-1.095839728018977582e-01
-4.224269214597304312e-01
-4.224269214597304312e-01
-4.224269214597304312e-01
-4.224269214597304312e-01
-4.224269214597304312e-01
-1.049476104074408833e-01
-1.049476104074408833e-01
-1.049476104074408833e-01
-4.438816019499506882e-01
-4.619516104630712605e-01
-7.725122098029229001e-01
-8.108272835127937617e-01
-4.352580748826094248e-01
-8.908433280529072240e-01
-8.908433280529072240e-01
-3.175863116466748348e-01
-3.238555407205001568e-01
-3.238555407205001568e-01
-3.685842964434942748e-01
-3.685842964434942748e-01
-3.685842964434942748e-01
-2.585502473163787118e-01
-2.585502473163787118e-01
-2.585502473163787118e-01
-2.585502473163787118e-01
-2.585502473163787118e-01
-4.887871486962866996e-01
-1.158491061932725996e-01
-5.437114042716090223e-01
-6.713843824302716534e-01
-6.713843824302716534e-01
-4.533477996549004074e-01
-6.587652357768829514e-01
-6.587652357768829514e-01
-6.587652357768829514e-01
-6.587652357768829514e-01
-2.761638757147706902e-01
-2.761638757147706902e-01
-2.761638757147706902e-01
-2.761638757147706902e-01
-4.802308050669857886e-01
-9.074439624071576338e-01
-6.402992495615212887e-01
-6.402992495615212887e-01
-5.816538634765215932e-01
-5.816538634765215932e-01
-5.816538634765215932e-01
-4.372124063353237666e-01
-4.372124063353237666e-01
-4.372124063353237666e-01
-4.372124063353237666e-01
-8.680777727531885368e-01
-8.680777727531885368e-01
-1.212009166440361912e-01
-1.965072967582177366e-01
-8.640292155811024610e-01
-8.067089786493071291e-01
-7.550285605581950055e-01
-7.550285605581950055e-01
-8.768717941772868896e-01
-8.768717941772868896e-01
-8.768717941772868896e-01
-9.043571711954149217e-01
-9.043571711954149217e-01
-9.043571711954149217e-01
-9.043571711954149217e-01
-9.054397419807331815e-01
-9.054397419807331815e-01
-9.054397419807331815e-01
-9.054397419807331815e-01
-9.054397419807331815e-01
-5.142288157862413556e-01
-8.305893573432761023e-01
-8.305893573432761023e-01
-8.305893573432761023e-01
-8.305893573432761023e-01
-8.305893573432761023e-01
-8.305893573432761023e-01
-8.305893573432761023e-01
-8.301851170468740326e-01
-8.301851170468740326e-01
-8.301851170468740326e-01
-8.301851170468740326e-01
-6.147477184609290157e-01
-4.990216536913957279e-01
-4.990216536913957279e-01
-4.990216536913957279e-01
-4.990216536913957279e-01
-2.899784203013315853e-01
-2.899784203013315853e-01
-2.899784203013315853e-01
-2.899784203013315853e-01
-2.899784203013315853e-01
-4.969960075035605440e-01
-4.969960075035605440e-01
-5.010887838002600070e-01
-8.790013781013269467e-01
-8.790013781013269467e-01
-8.790013781013269467e-01
-9.158177311972039991e-01
-7.351147968955978884e-01
-7.351147968955978884e-01
-7.686994499731701902e-01
-7.686994499731701902e-01
-6.650001893307920797e-01
-6.650001893307920797e-01
-6.650001893307920797e-01
-6.650001893307920797e-01
-8.159581835365660174e-01
-8.159581835365660174e-01
-8.159581835365660174e-01
-8.159581835365660174e-01
-8.159581835365660174e-01
-8.159581835365660174e-01
-8.159581835365660174e-01
-8.159581835365660174e-01
-8.159581835365660174e-01
-8.159581835365660174e-01
-8.159581835365660174e-01
-8.159547645320854858e-01
-5.016503552861696358e-01
-5.016503552861696358e-01
-6.181543005584074768e-01
-8.531729076378203880e-01
-8.531729076378203880e-01
-7.781266710270431375e-01
-1.441007675905756347e-01
-1.441007675905756347e-01
-6.872587062660640012e-01
-6.872587062660640012e-01
-7.099120042520088436e-01
-7.099120042520088436e-01
-3.673676152074313861e-01
-3.673676152074313861e-01
-3.673676152074313861e-01
-4.153000066202867102e-01
-9.390006899605745083e-01
-9.390006899605745083e-01
-9.390006899605745083e-01
-6.265855656071328550e-01
-6.265855656071328550e-01
-7.651516060072423020e-01
-7.602163300231583598e-01
-9.148716926574707031e-01
-9.494511620720302858e-01
-9.494511620720302858e-01
-9.494932158271395251e-01
-9.724862488916224956e-01
-9.600654614815063992e-01
-3.003405966220804579e-01
-3.003405966220804579e-01
-3.003405966220804579e-01
-3.003405966220804579e-01
-1.658663638007344399e-01
-1.658663638007344399e-01
-1.658663638007344399e-01
-1.603644732991322541e-01
-1.603644732991322541e-01
-1.034173979130119436e+00
-1.440612211054187464e-01
-6.687584160390820376e-01
-6.687584160390820376e-01
-6.102666002386614164e-01
-7.925526475815197758e-01
-8.072594383706553911e-01
-8.072594383706553911e-01
-8.072594383706553911e-01
-8.072594383706553911e-01
-8.072594383706553911e-01
-8.072594383706553911e-01
-5.990511258747107659e-01
-5.990511258747107659e-01
-5.990511258747107659e-01
-5.990511258747107659e-01
-5.990511258747107659e-01
-1.345857635966678234e-01
-1.345857635966678234e-01
-1.345857635966678234e-01
-1.429782371903924598e-01
-1.429782371903924598e-01
-5.959005702294081219e-01
-8.989531496970648572e-01
-9.058695678273304130e-01
-9.058695678273304130e-01
-9.058695678273304130e-01
-9.058695678273304130e-01
-7.015790925655036592e-01
-7.015790925655036592e-01
-6.803206344407557449e-01
-9.304379072061688127e-01
-9.304379072061688127e-01
-9.304379072061688127e-01
-9.304379072061688127e-01
-9.304379072061688127e-01
-9.304379072061688127e-01
-3.247717484461417614e-01
-3.247717484461417614e-01
-3.075269166643714858e-01
-3.075269166643714858e-01
-3.215498495740142793e-01
-3.980299596804733331e-01
-3.980299596804733331e-01
-5.707502593045936656e-01
-4.838069128032851940e-01
-2.536987939254731206e-01
-4.611091962507988251e-01
-5.868914934234910064e-01
-5.868914934234910064e-01
-8.322258638378310369e-01
-5.054015730352747759e-01
-6.813506095404834317e-01
-4.884671298769190373e-01
-4.884671298769190373e-01
-3.140617738946218096e-01
-7.793868021117112965e-01
-7.793868021117112965e-01
-1.702554395732186754e-01
-1.702554395732186754e-01
-1.702554395732186754e-01
-1.702554395732186754e-01
-1.520584720270583556e-01
-1.520584720270583556e-01
-1.520584720270583556e-01
-2.317202792112959264e-01
-2.299098736013554523e-01
-2.299098736013554523e-01
-2.299098736013554523e-01
-1.544933730512002557e-01
-2.283282563745633598e-01
-2.283282563745633598e-01
-2.258111567843712475e-01
-2.258111567843712475e-01
-2.258111567843712475e-01
-1.701597074477667892e-01
-1.701597074477667892e-01
-1.492934661203315083e-01
-1.492934661203315083e-01
-1.492934661203315083e-01
-2.997546077458397851e-01
-2.997546077458397851e-01
-3.053721175822883271e-01
-3.053721175822883271e-01
-3.053721175822883271e-01
-3.053721175822883271e-01
-2.078703439030546996e-01
-2.078703439030546996e-01
-2.078703439030546996e-01
-2.078703439030546996e-01
-2.078703439030546996e-01
-5.082917145059852038e-01
-3.120670127139264505e-01
-2.039092277705555345e-01
-2.039092277705555345e-01
-2.176706780667058694e-01
-2.176706780667058694e-01
-2.274380188371209754e-01
-3.685081666103968145e-01
-4.806883248498745043e-01
-4.806883248498745043e-01
-4.806883248498745043e-01
-4.599942019063245624e-01
-4.599942019063245624e-01
-4.599942019063245624e-01
-4.599942019063245624e-01
-4.599942019063245624e-01
-4.599942019063245624e-01
-4.599942019063245624e-01
-4.599942019063245624e-01
-2.094708653754531469e-01
-2.094708653754531469e-01
-9.231069347826518223e-01
-9.231069347826518223e-01
-4.291117305281513250e-01
-4.291117305281513250e-01
-1.951345237217715078e-01
-2.889087847496309980e-01
-3.794856782625099512e-01
-3.794856782625099512e-01
-3.794856782625099512e-01
-2.727085443117422403e-01
-2.187343730981217704e-01
-2.187343730981217704e-01
-2.187343730981217704e-01
-2.187343730981217704e-01
-1.511617098893991429e-01
-1.491314195538114007e-01
-1.491314195538114007e-01
-1.491314195538114007e-01
-1.491314195538114007e-01
-1.581862112988021429e-01
-3.415009943522641089e-01
-1.471910775277628092e-01
-1.789254793473457061e-01
-1.789254793473457061e-01
-2.169939573590659587e-01
-2.043608070331595361e-01
-2.043608070331595361e-01
-2.043608070331595361e-01
-1.594092746765617963e-01
-1.655578556297842008e-01
-4.836237111465424565e-01
-4.836237111465424565e-01
-3.917823843016907115e-01
-4.940347507396573579e-01
-4.940347507396573579e-01
-1.747527553292123059e-01
-1.747527553292123059e-01
-1.866463749860030330e-01
-2.186080266367181058e-01
-1.875623975155686352e-01
-1.724189428708749194e-01
-1.724189428708749194e-01
-1.724189428708749194e-01
-1.724189428708749194e-01
-1.724189428708749194e-01
-1.724189428708749194e-01
-1.724189428708749194e-01
-3.219724670194986649e-01
-1.772342545352519894e-01
-1.784860802882032027e-01
-1.900359902737473461e-01
-1.900359902737473461e-01
-1.900359902737473461e-01
-1.900359902737473461e-01
-1.441703300859002723e-01
-1.441703300859002723e-01
-4.850066984588739527e-01
-1.724606547255360944e-01
-1.724606547255360944e-01
-1.724606547255360944e-01
-1.724606547255360944e-01
-1.761402870683323463e-01
-1.426743304296387571e-01
-1.426743304296387571e-01
-1.426743304296387571e-01
-1.468223521404010967e-01
-3.368521169768236567e-01
-3.368521169768236567e-01
-3.306605847798159692e-01
-3.306605847798159692e-01
-3.686147255833700509e-01
-3.686147255833700509e-01
-3.686147255833700509e-01
-1.869953413766383132e-01
-3.714899089094785278e-01
-2.218463794679076395e-01
-1.600701112592197439e-01
-1.568773166627318583e-01
-1.568773166627318583e-01
-3.560413081149070291e-01
-3.560413081149070291e-01
-3.560413081149070291e-01
-3.560413081149070291e-01
-3.794837693183417127e-01
-3.758389111002817806e-01
-3.758389111002817806e-01
-3.758389111002817806e-01
-2.237995285149058100e-01
-2.237995285149058100e-01
-2.237995285149058100e-01
-1.770374908274036097e-01
-3.375928442975075217e-01
-3.375928442975075217e-01
-2.688761252062270568e-01
-2.688761252062270568e-01
-2.688761252062270568e-01
-2.688761252062270568e-01
-2.688761252062270568e-01
-1.953816465164461558e-01
-1.953816465164461558e-01
-1.953816465164461558e-01
-2.020122073804443141e-01
-1.485010121110292292e-01
-1.485010121110292292e-01
-3.815324937864197352e-01
-3.815324937864197352e-01
-3.815324937864197352e-01
-4.086813552885620315e-01
-4.086813552885620315e-01
-4.086813552885620315e-01
-4.086813552885620315e-01
-1.980362755618633175e-01
-1.980362755618633175e-01
-1.980362755618633175e-01
-1.980362755618633175e-01
-1.980362755618633175e-01
-1.980362755618633175e-01
-1.980362755618633175e-01
-1.980362755618633175e-01
-4.228998552544850908e-01
-4.228998552544850908e-01
-1.280168302884293341e-01
-1.279646334866948454e-01
-1.643435961885616192e-01
-1.643435961885616192e-01
-1.643435961885616192e-01
-1.643435961885616192e-01
-1.890076249552958276e-01
-1.890076249552958276e-01
-3.911752260893753830e-01
-3.911752260893753830e-01
-4.142017653977665415e-01
-4.362787047034239474e-01
-4.362515521095086113e-01
-4.362515521095086113e-01
-4.362515521095086113e-01
-4.362515521095086113e-01
-4.362515521095086113e-01
-1.397652562216180616e-01
-2.990008597164263149e-01
-2.990008597164263149e-01
-2.990008597164263149e-01
-1.749993367815108891e-01
-3.162325568226509453e-01
-1.587303316160096067e-01
-2.332007508888755132e-01
-2.332007508888755132e-01
-2.011492364037333058e-01
-2.011492364037333058e-01
-2.011492364037333058e-01
-2.011492364037333058e-01
-2.011492364037333058e-01
-2.011492364037333058e-01
-2.011492364037333058e-01
-2.011492364037333058e-01
-2.011492364037333058e-01
-3.690444089714473019e-01
-2.703595742668749580e-01
-1.525746562284903407e-01
-1.305240432573322173e-01
-1.305240432573322173e-01
-1.239708373697036431e-01
-1.239708373697036431e-01
-1.306942954346053121e-01
-1.380973233775472375e-01
-1.425675007854775300e-01
-1.425675007854775300e-01
-1.425675007854775300e-01
-1.425675007854775300e-01
-1.425675007854775300e-01
-2.134614846674479649e-01
-1.999849371654809360e-01
-1.999849371654809360e-01
-1.999849371654809360e-01
-1.999849371654809360e-01
-1.999849371654809360e-01
-1.999849371654809360e-01
-1.853530083286146768e-01
-1.853530083286146768e-01
-2.790804005033883373e-01
-2.790804005033883373e-01
-2.790804005033883373e-01
-2.790804005033883373e-01
-3.718487904131070332e-01
-2.743502078047218018e-01
-3.983103750312761426e-01
-3.686573206808553271e-01
-3.686573206808553271e-01
-2.061501715196933926e-01
-2.061501715196933926e-01
-2.173838948200583210e-01
-1.718824440844884116e-01
-1.718824440844884116e-01
-1.718824440844884116e-01
-1.316696376919062605e-01
-1.316696376919062605e-01
-1.316696376919062605e-01
-1.316696376919062605e-01
-4.108155263769466825e-01
-2.910384256570790473e-01
-2.910384256570790473e-01
-2.910384256570790473e-01
-2.910384256570790473e-01
-2.910384256570790473e-01
-2.910384256570790473e-01
-1.474895708647558368e-01
-1.474895708647558368e-01
-1.283121752921299596e-01
-1.248299619663741783e-01
-1.248299619663741783e-01
-1.281839911158180467e-01
-1.288771515366680109e-01
-1.306234508126005445e-01
-1.306234508126005445e-01
-1.306234508126005445e-01
-3.512007955383388280e-01
-1.632670798903441411e-01
-1.632670798903441411e-01
-1.632670798903441411e-01
-2.136467092351749253e-01
-2.862944429736747898e-01
-2.862944429736747898e-01
-2.862944429736747898e-01
-2.305451531255222342e-01
-4.180962394346014466e-01
-4.180962394346014466e-01
-4.182371878943069166e-01
-4.182371878943069166e-01
-4.182371878943069166e-01
-4.182371878943069166e-01
-4.182371878943069166e-01
-2.200462878548164192e-01
-2.959635585945377123e-01
-2.959635585945377123e-01
-2.959635585945377123e-01
-2.335993070903289170e-01
-2.335993070903289170e-01
-2.335993070903289170e-01
-2.335993070903289170e-01
-2.335993070903289170e-01
-2.329697116611108565e-01
-2.329697116611108565e-01
-2.329697116611108565e-01
-2.693923663910670618e-01
-2.701325523693748343e-01
-1.381333796289637150e-01
-2.428550508236565764e-01
-2.428550508236565764e-01
-2.428550508236565764e-01
-2.428550508236565764e-01
-3.707109742137259523e-01
-3.886559326379750434e-01
-3.886559326379750434e-01
-3.886559326379750434e-01
-3.147326965404969590e-01
-1.911853741049538424e-01
-1.911853741049538424e-01
-3.851370077516106938e-01
-1.897956912421815412e-01
-1.897956912421815412e-01
-1.906367378526618306e-01
-1.906367378526618306e-01
-2.123802672380698808e-01
-1.819173077096446767e-01
-1.819173077096446767e-01
-1.803820892228223116e-01
-1.405496185869833103e-01
-4.480113604784467518e-01
-2.185548183794915056e-01
-2.185548183794915056e-01
-2.185548183794915056e-01
-4.583818278850605998e-01
-4.583818278850605998e-01
-4.583818278850605998e-01
-2.309389939499630617e-01
-2.582421095375804776e-01
-2.582421095375804776e-01
-2.582421095375804776e-01
-2.582421095375804776e-01
-2.582421095375804776e-01
-2.582421095375804776e-01
-2.582421095375804776e-01
-1.549743130147799020e-01
-1.549743130147799020e-01
-1.549743130147799020e-01
-1.549743130147799020e-01
-1.444667292826490035e-01
-1.356762978132550479e-01
-1.356762978132550479e-01
-2.350486658271366269e-01
-2.348372573834304200e-01
-4.081822091261241847e-01
-4.081822091261241847e-01
-4.081822091261241847e-01
-4.081822091261241847e-01
-1.578899688064254181e-01
-1.578899688064254181e-01
-2.874131127479654935e-01
-2.874131127479654935e-01
-2.821467346716565183e-01
-2.823101915775247939e-01
-2.823101915775247939e-01
-2.823101915775247939e-01
-2.823101915775247939e-01
-1.481155051100094544e-01
-1.481155051100094544e-01
-1.885731122233899326e-01
-1.779488692092165980e-01
-2.510911192082538324e-01
-2.510911192082538324e-01
-2.510911192082538324e-01
-2.535454230828221300e-01
-1.753818094160543017e-01
-1.828907980061853789e-01
-3.882152514521524100e-01
-3.882152514521524100e-01
-1.645823281764072221e-01
-1.645823281764072221e-01
-1.645823281764072221e-01
-1.645823281764072221e-01
-1.985343247936970645e-01
-1.985343247936970645e-01
-1.985343247936970645e-01
-1.981004388792792781e-01
-1.981004388792792781e-01
-5.040144829175667862e-01
-5.040144829175667862e-01
-5.040144829175667862e-01
-5.040144829175667862e-01
-3.795527192420302676e-01
-2.582172077882813888e-01
-2.547415902920024400e-01
-2.547415902920024400e-01
-1.351437166361690312e-01
-1.351437166361690312e-01
-1.351437166361690312e-01
-1.351437166361690312e-01
-1.358844297110008703e-01
-2.579093549265232266e-01
-2.557957548484291466e-01
-1.855359535600213661e-01
-1.855359535600213661e-01
-1.866604926253367935e-01
-1.866604926253367935e-01
-1.866604926253367935e-01
-1.866604926253367935e-01
-2.691673104211431689e-01
-2.669938777646416739e-01
-2.669938777646416739e-01
-2.669938777646416739e-01
-2.669938777646416739e-01
-2.669938777646416739e-01
-2.669938777646416739e-01
-2.669938777646416739e-01
-2.669938777646416739e-01
-3.434074597422525077e-01
-3.434074597422525077e-01
-3.434074597422525077e-01
-3.434074597422525077e-01
-2.447607754293408822e-01
-2.447607754293408822e-01
-2.605972907739205202e-01
-2.605972907739205202e-01
-2.605972907739205202e-01
-2.605972907739205202e-01
-2.605972907739205202e-01
-2.605972907739205202e-01
-3.085456375410178254e-01
-2.503965199563517041e-01
-2.503965199563517041e-01
-2.503965199563517041e-01
-2.503965199563517041e-01
-2.492592450993466602e-01
-2.905205889368148164e-01
-1.308552165788172683e-01
-5.531415884626982304e-01
-5.531415884626982304e-01
-5.531415884626982304e-01
-1.746319932417933207e-01
-1.746319932417933207e-01
-2.015551149731156233e-01
-2.015551149731156233e-01
-2.015551149731156233e-01
-2.015551149731156233e-01
-2.015551149731156233e-01
-2.015551149731156233e-01
-1.312138274112577274e-01
-8.251245345485825888e-01
-1.367544808761567421e-01
-1.367544808761567421e-01
-1.367544808761567421e-01
-1.367544808761567421e-01
-1.367544808761567421e-01
-1.474275159334361429e-01
-4.004616126503588447e-01
-1.333366018180409396e-01
-1.333366018180409396e-01
-1.333366018180409396e-01
-1.333366018180409396e-01
-1.333366018180409396e-01
-2.597275530175086611e-01
-2.597275530175086611e-01
-2.494094533628532784e-01
-2.264225745064350481e-01
-3.960719243062385542e-01
-3.960719243062385542e-01
-3.960719243062385542e-01
-3.960719243062385542e-01
-1.407475647005478614e-01
-1.407475647005478614e-01
-2.143509956664382543e-01
-2.143509956664382543e-01
-2.081966308973031421e-01
-2.081966308973031421e-01
-2.081966308973031421e-01
-2.081966308973031421e-01
-1.440804245139171158e-01
-1.440804245139171158e-01
-1.440804245139171158e-01
-1.440804245139171158e-01
-1.382388274254807981e-01
-2.214038035837687657e-01
-2.214038035837687657e-01
-2.470566369379455507e-01
-2.476059854828376594e-01
-1.932727190778086579e-01
-1.932727190778086579e-01
-1.932727190778086579e-01
-1.932727190778086579e-01
-1.932727190778086579e-01
-1.932727190778086579e-01
-1.934129837366180549e-01
-1.934129837366180549e-01
-1.934129837366180549e-01
-1.934129837366180549e-01
-1.934129837366180549e-01
-1.964756852126258169e-01
-1.927865081489883725e-01
-1.555450018459706429e-01
-1.555450018459706429e-01
-1.555450018459706429e-01
-1.555450018459706429e-01
-3.129902863821609205e-01
-3.057404583316459812e-01
-3.418779680879348581e-01
-3.418779680879348581e-01
-1.357058294644547247e-01
-1.357058294644547247e-01
-1.382128002538735689e+00
-1.337605013902055107e-01
-1.305951158129690093e-01
-3.586892416098833580e-01
-1.348356358407788169e-01
-3.750915167208611067e-01
-3.750915167208611067e-01
-3.750915167208611067e-01
-3.750915167208611067e-01
-3.750915167208611067e-01
-3.750915167208611067e-01
-3.750915167208611067e-01
-3.750915167208611067e-01
-3.391202275657289045e-01
-3.767067399125254012e-01
-3.767067399125254012e-01
-3.767067399125254012e-01
-3.767067399125254012e-01
-3.454271796556548924e-01
-3.216514794821948575e-01
-3.216514794821948575e-01
-3.216514794821948575e-01
-3.216514794821948575e-01
-3.248893337085643207e-01
-3.248893337085643207e-01
-3.248893337085643207e-01
-3.248893337085643207e-01
-3.248893337085643207e-01
-3.248893337085643207e-01
-2.551326674211549239e-01
-2.551326674211549239e-01
-2.551326674211549239e-01
-1.519811028048367596e-01
-1.519811028048367596e-01
-1.519811028048367596e-01
-1.529680839232231415e-01
-1.740228548560497912e-01
-1.740228548560497912e-01
-1.740228548560497912e-01
-1.740228548560497912e-01
-1.740228548560497912e-01
-1.707488304114478384e-01
-1.707488304114478384e-01
-1.707488304114478384e-01
-1.707488304114478384e-01
-2.868608865409690289e-01
-2.868608865409690289e-01
-2.868608865409690289e-01
-2.868608865409690289e-01
-2.868608865409690289e-01
-1.743271605006595226e-01
-1.743271605006595226e-01
-1.743271605006595226e-01
-3.043206312460379759e-01
-2.478535498989243580e-01
-2.478535498989243580e-01
-1.888354210962984725e-01
-1.888354210962984725e-01
-1.888354210962984725e-01
-1.922169589859577532e-01
-1.922169589859577532e-01
-3.387727142519977863e-01
-3.387727142519977863e-01
-3.387727142519977863e-01
-1.458956594676862062e-01
-1.458956594676862062e-01
-1.458956594676862062e-01
-1.458956594676862062e-01
-1.453489464054144031e-01
-3.340067929565108673e-01
-1.955192585976128328e+00
-3.298058621514139421e-01
-3.298058621514139421e-01
-3.298058621514139421e-01
-3.298058621514139421e-01
-3.298058621514139421e-01
-1.351846307231180933e-01
-1.351846307231180933e-01
-1.351846307231180933e-01
-2.533937617424112942e-01
-2.533937617424112942e-01
-2.533937617424112942e-01
-1.519659879558628857e-01
-1.519659879558628857e-01
-1.897232368389005497e-01
-1.897232368389005497e-01
-1.820838559653973066e-01
-1.820838559653973066e-01
-1.820838559653973066e-01
-1.820838559653973066e-01
-1.820838559653973066e-01
-1.820838559653973066e-01
-2.734683325824044386e-01
-2.734683325824044386e-01
-2.818663478125577604e-01
-2.952923795233264870e-01
-2.348824167342760116e-01
-2.348824167342760116e-01
-4.114984725219113515e-01
-1.433899423132435069e-01
-1.670204915006575364e-01
-1.663402093300171969e-01
-3.264417042011968362e-01
-3.978623999692285640e-01
-3.978623999692285640e-01
-2.076679530836655907e-01
-2.076679530836655907e-01
-2.076679530836655907e-01
-2.692285106013427298e-01
-2.692285106013427298e-01
-2.692285106013427298e-01
-3.313124179840087891e-01
-2.578150188945675381e-01
-2.578150188945675381e-01
-2.578150188945675381e-01
-2.578150188945675381e-01
-1.471719453485244578e-01
-1.732741498582449635e-01
-1.732741498582449635e-01
-1.583556229708071583e-01
-1.583556229708071583e-01
-1.583556229708071583e-01
-1.583556229708071583e-01
-1.583556229708071583e-01
-1.583556229708071583e-01
-1.583556229708071583e-01
-2.644366618552125847e-01
-2.644366618552125847e-01
-2.644366618552125847e-01
-2.644366618552125847e-01
-1.180676497647228818e+00
-2.850163906071883635e-01
-2.936398321994175831e-01
-2.936398321994175831e-01
-2.395054521341852538e-01
-1.134701144398968298e+00
-2.150515496844771224e-01
-2.076626251350169317e-01
-2.076626251350169317e-01
-2.076626251350169317e-01
-2.076626251350169317e-01
-2.076626251350169317e-01
-2.076626251350169317e-01
-2.076626251350169317e-01
-1.997065874632184268e-01
-1.569540590674653735e-01
-1.569540590674653735e-01
-2.697173142752273267e-01
-3.007888850928720492e-01
-3.007888850928720492e-01
-1.480230210388139844e-01
-3.014452484780014152e-01
-2.353965067954637558e-01
-2.693324198458436070e-01
-2.698481196883075750e-01
-2.698481196883075750e-01
-2.698481196883075750e-01
-2.731566618323097995e-01
-2.436566649157959896e-01
-2.436566649157959896e-01
-2.436566649157959896e-01
-2.436566649157959896e-01
-2.436566649157959896e-01
-1.851048598325958916e-01
-1.851048598325958916e-01
-2.734513515268183204e-01
-2.503370292783922979e-01
-2.503370292783922979e-01
-2.503370292783922979e-01
-2.503370292783922979e-01
-2.503370292783922979e-01
-2.503370292783922979e-01
-2.503370292783922979e-01
-2.503370292783922979e-01
-2.503370292783922979e-01
-2.555971391798205206e-01
-2.555971391798205206e-01
-2.441892033553260122e-01
-2.441892033553260122e-01
-2.410488477400566376e-01
-2.410488477400566376e-01
-2.094917925320437246e-01
-1.454054454544534136e-01
-2.773644306463675657e-01
-2.773644306463675657e-01
-1.544244231275117007e-01
-1.593729762456612964e-01
-1.593729762456612964e-01
-1.593729762456612964e-01
-1.966401678198382019e-01
-1.547834898272162363e-01
-1.547834898272162363e-01
-1.545020202833653211e-01
-3.291011483445905883e-01
-2.435217851890432439e-01
-2.764847207935544615e-01
-2.764847207935544615e-01
-2.619819306050841790e-01
-2.619819306050841790e-01
-2.619819306050841790e-01
-1.326544534407883558e-01
-1.326544534407883558e-01
-1.326544534407883558e-01
-1.326544534407883558e-01
-1.326544534407883558e-01
-1.408480549405683180e-01
-1.319849981176693665e-01
-2.388385468185745542e-01
-1.476199489022760047e-01
-2.746838171668991579e-01
-3.056437859799620016e-01
-1.376985819800178035e-01
-1.376985819800178035e-01
-8.549479977806484499e-01
-8.906549978894439112e-01
-2.025616698921524350e-01
-2.025616698921524350e-01
-2.025616698921524350e-01
-2.663813346202696941e-01
-2.062192354101979597e-01
-3.077331966013570619e-01
-3.077331966013570619e-01
-5.627802179602774402e-01
-1.784901546018757279e-01
-1.784901546018757279e-01
-1.784901546018757279e-01
-2.391773986542885810e-01
-1.365679456900456001e-01
-1.911236753199342109e-01
-1.591778223190891128e-01
-1.591778223190891128e-01
-1.418131971678359970e-01
-1.418131971678359970e-01
-1.588434436809036399e-01
-2.720918128868817787e-01
-2.579887613055810713e-01
-1.406029835485819446e-01
-1.406029835485819446e-01
-1.406029835485819446e-01
-1.406029835485819446e-01
-1.406029835485819446e-01
-2.957922664700685100e-01
-2.957922664700685100e-01
-2.957922664700685100e-01
-2.957922664700685100e-01
-1.353425602384096815e-01
-1.353425602384096815e-01
-1.825860222484595730e-01
-1.361365100621721169e-01
-3.285585523335473046e-01
-3.285585523335473046e-01
-3.285585523335473046e-01
-1.476281402671770215e-01
-1.476281402671770215e-01
-2.607504621746434825e-01
-2.607504621746434825e-01
-2.607504621746434825e-01
-1.251531006273302327e-01
-1.251531006273302327e-01
-1.251531006273302327e-01
-3.207813998253349896e-01
-3.207813998253349896e-01
-2.468856867139243572e-01
-2.468856867139243572e-01
-1.745433697964903497e-01
-1.745433697964903497e-01
-1.394614919193843949e-01
-1.394614919193843949e-01
-1.394614919193843949e-01
-1.306518000580840499e-01
-1.306518000580840499e-01
-2.015061234880815566e-01
-4.027698680502050932e-01
-4.027698680502050932e-01
-3.226337594694206889e-01
-3.220509331723244162e-01
-3.220509331723244162e-01
-3.220509331723244162e-01
-3.220509331723244162e-01
-2.679346168474303069e-01
-2.679346168474303069e-01
-2.679346168474303069e-01
-2.807242863492801499e-01
-2.807242863492801499e-01
-2.807242863492801499e-01
-2.807242863492801499e-01
-1.504835503507070682e-01
-1.495974298644932032e-01
-1.444545918167434995e-01
-1.444545918167434995e-01
-1.444545918167434995e-01
-1.444545918167434995e-01
-1.440796409920570287e-01
-2.476235933559118585e-01
-2.476235933559118585e-01
-1.370273174336945621e-01
-1.370273174336945621e-01
-1.377209479676605730e-01
-2.742897199171223099e-01
-2.745440368670578057e-01
-2.745440368670578057e-01
-1.585877306374719464e-01
-1.585877306374719464e-01
-2.590172263449965762e-01
-2.590172263449965762e-01
-2.590172263449965762e-01
-9.805905004076473364e-02
-9.805905004076473364e-02
-2.420150868979284442e-01
-1.379418868863559744e-01
-1.379418868863559744e-01
-1.374317429261727175e-01
-1.374317429261727175e-01
-1.563359885325167342e-01
-1.481955525524073780e-01
-1.582697632207925031e-01
-1.582697632207925031e-01
-2.067504917230478245e-01
-2.067504917230478245e-01
-2.021789550781250000e-01
-2.760513619756607140e-01
-1.920810250661569019e-01
-1.534528702668432332e-01
-1.371289188501711720e-01
-1.375262071707964440e-01
-2.134722545315612952e-01
-1.773131623094897913e-01
-1.773131623094897913e-01
-2.201224461796178755e-01
-1.530704261240038166e-01
-1.530704261240038166e-01
-1.530704261240038166e-01
-2.165618949137043947e-01
-2.478992790838500382e-01
-4.551775938694153090e-01
-2.749232614473448577e-01
-2.749232614473448577e-01
-3.051223023215853258e-01
-2.493529828055182918e-01
-2.493529828055182918e-01
-4.418331339072086861e-01
-4.418331339072086861e-01
-4.418331339072086861e-01
-2.431991166412032501e-01
-1.461922581063629656e-01
-3.616897884336073843e-01
-3.318321921401451990e-01
-3.340677367113744078e-01
-3.340677367113744078e-01
-3.340677367113744078e-01
-3.340677367113744078e-01
-2.154556190306552155e-01
-2.593280138522671141e-01
-2.421698538340756324e-01
-3.428843520567476100e-01
-1.542051082359445213e-01
-1.542051082359445213e-01
-1.542051082359445213e-01
-1.542051082359445213e-01
-3.498567848770841593e-01
-3.498567848770841593e-01
-3.498567848770841593e-01
-3.498567848770841593e-01
-2.702064598495599879e-01
-2.686059098854575167e-01
-2.686059098854575167e-01
-2.686059098854575167e-01
-2.700202665638968824e-01
-2.700478180416683305e-01
-2.700478180416683305e-01
-2.700478180416683305e-01
-2.713982678280277838e-01
-2.906486306546067211e-01
-2.906486306546067211e-01
-2.788674250159619006e-01
-2.142921318059669566e-01
-2.142921318059669566e-01
-1.363645006776083857e-01
-1.341908685791788625e-01
-1.341908685791788625e-01
-1.593764237418457408e-01
-1.601836791913778257e-01
-1.601836791913778257e-01
-1.601836791913778257e-01
-1.601836791913778257e-01
-1.585311888508769140e-01
-1.585311888508769140e-01
-1.585311888508769140e-01
-1.450554818541780200e-01
-1.450554818541780200e-01
-1.450554818541780200e-01
-1.450554818541780200e-01
-1.403660465380885680e-01
-1.403660465380885680e-01
-2.550441152051119431e-01
-2.550441152051119431e-01
-2.460654675390706592e-01
-2.460654675390706592e-01
-1.236116139656271012e-01
-2.785939616409359720e-01
-2.785939616409359720e-01
-2.785939616409359720e-01
-1.185712748230301344e-01
-1.185712748230301344e-01
-1.239621331541305715e-01
-1.239621331541305715e-01
-1.239621331541305715e-01
-1.231534816111023029e-01
-2.030539495539254724e-01
-2.030539495539254724e-01
-2.030539495539254724e-01
-2.030539495539254724e-01
-2.030539495539254724e-01
-2.030539495539254724e-01
-3.699636083260092745e-01
-3.699636083260092745e-01
-1.232667788720723523e-01
-1.232667788720723523e-01
-1.241489675031337281e-01
-1.241489675031337281e-01
-1.241489675031337281e-01
-1.195901524040484665e-01
-2.785672649142846846e-01
-2.785672649142846846e-01
-1.359275803967142093e-01
-1.545462394079788193e-01
-1.640758311543364378e-01
-1.640758311543364378e-01
-1.223975254746285657e-01
-1.223975254746285657e-01
-2.275627555172484162e-01
-1.226552756748965217e-01
-2.095266948694480547e-01
-2.095266948694480547e-01
-2.095266948694480547e-01
-2.175633213260205479e-01
-2.350153162876005009e-01
-2.350153162876005009e-01
-2.914306994377997007e-01
-1.648260319666014495e-01
-1.957879951989445477e-01
-1.957879951989445477e-01
-1.957879951989445477e-01
-1.957879951989445477e-01
-1.957879951989445477e-01
-1.957879951989445477e-01
-1.957879951989445477e-01
-1.957879951989445477e-01
-2.061717967230320692e-01
-2.061717967230320692e-01
-1.572821980224740623e-01
-2.599134898778357461e-01
-2.599134898778357461e-01
-2.172648707265835422e-01
-2.172648707265835422e-01
-2.344937471541118368e-01
-1.316930436267451654e-01
-1.316930436267451654e-01
-1.316930436267451654e-01
-2.409393256298670571e-01
-2.409393256298670571e-01
-1.110933023018773058e+00
-1.110933023018773058e+00
-1.110933023018773058e+00
-1.173138162601974122e+00
-1.279570974309859333e-01
-1.253287947200680263e-01
-1.253287947200680263e-01
-1.253287947200680263e-01
-6.621558625201193760e-01
-6.621558625201193760e-01
-1.274884658835358231e-01
-1.274884658835358231e-01
-1.274884658835358231e-01
-1.234534137791474945e-01
-1.234534137791474945e-01
-2.581015029783230719e-01
-2.268088365376109417e-01
-2.268088365376109417e-01
-2.268088365376109417e-01
-1.993972102952960568e-01
-2.628687064004901486e-01
-1.778536356885847824e-01
-1.817756612031911079e-01
-1.861052890352719591e-01
-2.457761627766187895e-01
-1.442162872044579491e-01
-1.442162872044579491e-01
-1.502176942606500976e-01
-1.502176942606500976e-01
-1.502176942606500976e-01
-1.239113039541882705e-01
-1.239113039541882705e-01
-1.251057046777203641e-01
-1.251057046777203641e-01
-1.251057046777203641e-01
-2.800341033114985834e-01
-2.800341033114985834e-01
-2.153983507056081159e-01
-2.394261882136474173e-01
-2.403466127114815554e-01
-2.403466127114815554e-01
-2.403466127114815554e-01
-2.403466127114815554e-01
-1.289033496584992555e-01
-1.338786422408561605e-01
-1.931741235361044418e-01
-1.931741235361044418e-01
-1.598523776572247368e-01
-2.401219271337096950e-01
-1.494601853263081703e-01
-2.640000549830624488e-01
-2.640000549830624488e-01
-2.640000549830624488e-01
-2.640000549830624488e-01
-1.770554833384818394e-01
-1.770554833384818394e-01
-1.770554833384818394e-01
-1.770554833384818394e-01
-1.775491875854550428e-01
-1.835963808099808636e-01
-1.835963808099808636e-01
-1.835963808099808636e-01
-1.190989696728795622e+00
-1.190989696728795622e+00
-1.190989696728795622e+00
-1.190989696728795622e+00
-1.681743057918366202e-01
-1.681743057918366202e-01
-1.681743057918366202e-01
-1.681743057918366202e-01
-1.231944811731633810e-01
-1.231944811731633810e-01
-1.231944811731633810e-01
-1.231944811731633810e-01
-1.231944811731633810e-01
-2.148148975910237624e-01
-2.148148975910237624e-01
-2.285634411452605042e-01
-2.285634411452605042e-01
-2.285634411452605042e-01
-2.326408746593540966e-01
-2.326408746593540966e-01
-2.326408746593540966e-01
-2.326408746593540966e-01
-1.247264943432853379e-01
-2.767966194772811250e-01
-2.767966194772811250e-01
-2.767966194772811250e-01
-2.767966194772811250e-01
-2.767966194772811250e-01
-1.684967036684885955e-01
-1.684967036684885955e-01
-1.307561224322929816e-01
-1.307561224322929816e-01
-1.469989722135189858e-01
-1.283023883918047447e-01
-1.236136796141673599e-01
-1.236136796141673599e-01
-2.003864565041507395e-01
-1.155351276151536655e-01
-1.155351276151536655e-01
-1.155351276151536655e-01
-2.787343117748574128e-01
-2.787343117748574128e-01
-2.546142038834026677e-01
-2.768555118294564465e-01
-1.159068161397317498e-01
-1.159068161397317498e-01
-1.159068161397317498e-01
-1.159068161397317498e-01
-1.159068161397317498e-01
-2.061350424248675206e-01
-2.061350424248675206e-01
-2.061350424248675206e-01
-2.061350424248675206e-01
-2.061350424248675206e-01
-2.061350424248675206e-01
-2.061350424248675206e-01
-2.061350424248675206e-01
-2.061350424248675206e-01
-2.061350424248675206e-01
-2.061350424248675206e-01
-1.216712007103185056e-01
-1.216712007103185056e-01
-1.216712007103185056e-01
-1.216712007103185056e-01
-1.216712007103185056e-01
-1.216712007103185056e-01
-1.676155663813049257e+00
-2.103602453126049987e+00
-2.103602453126049987e+00
-2.103602453126049987e+00
-2.103602453126049987e+00
-2.087107807910693058e+00
-2.825192921932067058e-01
-2.825192921932067058e-01
-1.286591102242697682e+00
-1.286591102242697682e+00
-1.286591102242697682e+00
-1.286591102242697682e+00
-1.329371196362074126e-01
-1.329371196362074126e-01
-1.327329338394661051e-01
-1.327329338394661051e-01
-2.621590635288741922e-01
-2.649724198572950273e-01
-2.649724198572950273e-01
-2.436832191839272688e-01
-2.436832191839272688e-01
-2.436832191839272688e-01
-2.436832191839272688e-01
-2.462712916087921866e-01
-2.462712916087921866e-01
-2.462712916087921866e-01
-2.164253199305634645e-01
-2.769020387820941842e-01
-2.769020387820941842e-01
-2.769020387820941842e-01
-2.625727060875974739e-01
-1.550567252686101127e-01
-2.249480860866962251e-01
-2.249480860866962251e-01
-2.249480860866962251e-01
-1.982204601823941703e-01
-1.982204601823941703e-01
-1.980307054337306361e-01
-1.187462851148718274e-01
-2.454052577739007923e-01
-2.454052577739007923e-01
-1.701417006908365614e-01
-1.701417006908365614e-01
-1.701417006908365614e-01
-1.701417006908365614e-01
-1.701417006908365614e-01
-1.857653117772497808e-01
-1.857653117772497808e-01
-1.857653117772497808e-01
-1.857653117772497808e-01
-2.291163511531530694e-01
-2.291163511531530694e-01
-2.260775114792482610e-01
-2.260775114792482610e-01
-2.260775114792482610e-01
-1.647854312883964278e-01
-1.647854312883964278e-01
-2.159897530056094361e-01
-2.159897530056094361e-01
-2.159897530056094361e-01
-2.167703687118982259e-01
-2.167703687118982259e-01
-2.167703687118982259e-01
-2.452334527987594937e-01
-1.813024424913964316e-01
-1.813024424913964316e-01
-1.724227322675074003e-01
-2.431924780741704095e-01
-1.574530200338272456e-01
-1.574530200338272456e-01
-1.574530200338272456e-01
-1.574530200338272456e-01
-1.574530200338272456e-01
-1.574530200338272456e-01
-1.574530200338272456e-01
-1.821365371260998400e-01
-1.821365371260998400e-01
-2.263726000576128661e-01
-1.202453048917577066e-01
-2.342860853694820888e-01
-2.342860853694820888e-01
-1.176459426291813909e-01
-1.176459426291813909e-01
-2.232400226775364260e-01
-2.177117773497309616e-01
-2.828672328824978766e-01
-1.045358112619666269e+00
-1.045358112619666269e+00
-1.045358112619666269e+00
-1.105489512018674181e-01
-1.105489512018674181e-01
-1.105782976569910508e-01
-1.105782976569910508e-01
-1.105782976569910508e-01
-1.105782976569910508e-01
-1.882813172860081652e+00
-1.890061006491316364e+00
-1.535089419403221911e-01
-1.535089419403221911e-01
-1.535089419403221911e-01
-1.535089419403221911e-01
-1.535089419403221911e-01
-1.535089419403221911e-01
-1.650813461261771142e-01
-1.650813461261771142e-01
-1.658020865165024671e-01
-1.697127438412113776e-01
-1.697127438412113776e-01
-2.145054064562854079e-01
-2.145054064562854079e-01
-2.045223122573035512e-01
-2.795739053084335124e-01
-2.795739053084335124e-01
-2.795739053084335124e-01
-1.518397412154232351e-01
-1.518397412154232351e-01
-1.518397412154232351e-01
-5.346467686428850730e-01
-1.458459841817560387e-01
-1.458459841817560387e-01
-1.458459841817560387e-01
-1.458459841817560387e-01
-1.458459841817560387e-01
-2.263591519733231805e-01
-2.263591519733231805e-01
-1.359468407886205987e-01
-1.359468407886205987e-01
-1.359468407886205987e-01
-1.357868456247887656e-01
-1.357868456247887656e-01
-1.357868456247887656e-01
-1.357868456247887656e-01
-1.357868456247887656e-01
-1.345586110027524596e-01
-1.345586110027524596e-01
-1.976489735834912886e-01
-1.976489735834912886e-01
-1.976489735834912886e-01
-2.801344795847030000e-01
-2.801344795847030000e-01
-2.801344795847030000e-01
-2.545818088159506054e-01
-2.687591382695885267e-01
-2.687591382695885267e-01
-2.687591382695885267e-01
-2.575211554594750707e-01
-2.574849994870946346e-01
-2.574849994870946346e-01
-1.660867328853497804e-01
-1.660867328853497804e-01
-1.660867328853497804e-01
-1.660867328853497804e-01
-1.791949681296631236e-01
-1.452722324923848840e-01
-1.452722324923848840e-01
-1.452722324923848840e-01
-1.452722324923848840e-01
-1.452722324923848840e-01
-1.452722324923848840e-01
-1.452722324923848840e-01
-1.452722324923848840e-01
-1.868829131126403809e-01
-1.978797421400678991e-01
-1.351825223370218265e-01
-1.351825223370218265e-01
-1.351825223370218265e-01
-1.351825223370218265e-01
-1.351825223370218265e-01
-1.351825223370218265e-01
-1.351825223370218265e-01
-2.125643521376367195e-01
-2.125643521376367195e-01
-2.125643521376367195e-01
-2.116139116296348599e-01
-1.663103785159255055e-01
-1.785521525497874018e-01
-1.785521525497874018e-01
-1.785521525497874018e-01
-1.575552482677919086e-01
-2.161878843152500174e-01
-1.582343765244201284e-01
-1.564376469324013363e-01
-1.564376469324013363e-01
-6.164056507168946819e-01
-6.164056507168946819e-01
-1.135039283942082200e+00
-1.135039283942082200e+00
-1.135039283942082200e+00
-1.135039283942082200e+00
-1.135039283942082200e+00
-1.135039283942082200e+00
-1.135039283942082200e+00
-1.135039283942082200e+00
-1.135039283942082200e+00
-1.135039283942082200e+00
-1.857718791150226034e-01
-1.670994705041553285e-01
-1.692691137640243704e-01
-1.692691137640243704e-01
-1.692691137640243704e-01
-1.692691137640243704e-01
-1.692691137640243704e-01
-1.692691137640243704e-01
-1.729779358575722348e-01
-1.729779358575722348e-01
-1.744166814346386207e-01
-1.604080371145536477e-01
-1.604080371145536477e-01
-1.444971584225247796e-01
-1.444971584225247796e-01
-1.444971584225247796e-01
-1.533366953437688418e-01
-1.533366953437688418e-01
-1.504906732767079536e-01
-1.504906732767079536e-01
-1.504906732767079536e-01
-1.573420021091774812e-01
-1.573420021091774812e-01
-1.573420021091774812e-01
-1.573420021091774812e-01
-1.573420021091774812e-01
-1.573420021091774812e-01
-1.573420021091774812e-01
-1.573420021091774812e-01
-1.573420021091774812e-01
-1.902824577592298894e-01
-1.902824577592298894e-01
-1.902824577592298894e-01
-1.902824577592298894e-01
-1.902824577592298894e-01
-1.902824577592298894e-01
-1.902824577592298894e-01
-1.698749043745474696e-01
-1.445951271467409427e-01
-1.445951271467409427e-01
-1.445951271467409427e-01
-2.747906325652084147e-01
-1.466163428746035668e-01
-1.699844692222930720e-01
-1.876874476044401163e-01
-1.876874476044401163e-01
-1.442486537802059876e-01
-1.426710966212343668e-01
-1.426710966212343668e-01
-1.426710966212343668e-01
-1.981667960579034937e-01
-1.578704662350350063e-01
-1.578704662350350063e-01
-1.578704662350350063e-01
-1.578704662350350063e-01
-1.578704662350350063e-01
-1.578704662350350063e-01
-1.578704662350350063e-01
-1.578704662350350063e-01
-2.762691810527677094e-01
-2.762691810527677094e-01
-2.725421812520655851e-01
-1.793809619733981731e-01
-1.372139665866217162e-01
-1.372139665866217162e-01
-1.372139665866217162e-01
-1.372139665866217162e-01
-1.372139665866217162e-01
-1.353248099068154742e-01
-1.353248099068154742e-01
-1.353248099068154742e-01
-1.353248099068154742e-01
-1.353248099068154742e-01
-1.353248099068154742e-01
-2.205291367625643040e-01
-2.205291367625643040e-01
-2.205291367625643040e-01
-2.205291367625643040e-01
-2.205291367625643040e-01
-2.205291367625643040e-01
-2.205291367625643040e-01
-2.205291367625643040e-01
-1.797475219912556266e-01
-2.857781732971307886e-01
-3.055108721807855421e-01
-3.055108721807855421e-01
-3.055108721807855421e-01
-3.055108721807855421e-01
-8.359159668818486044e-02
-6.036003107778428745e-02
-3.337083138653698655e-01
-2.435322131527085376e-01
-2.435322131527085376e-01
-1.911503008173255080e-01
-1.692509787944261046e-01
-2.143880348816428472e-01
-2.143880348816428472e-01
-2.143880348816428472e-01
-2.143880348816428472e-01
-2.143880348816428472e-01
-2.143880348816428472e-01
-2.756568943337318056e-01
-2.756568943337318056e-01
-2.756568943337318056e-01
-3.305608353240995778e-01
-3.305608353240995778e-01
-1.584966996431806385e-01
-1.584966996431806385e-01
-1.584966996431806385e-01
-1.584966996431806385e-01
-1.584966996431806385e-01
-1.581522919251859560e-01
-1.547521916903683570e-01
-1.857795576292515516e-01
-1.947444295564071393e-01
-1.947444295564071393e-01
-1.947444295564071393e-01
-1.947444295564071393e-01
-1.947444295564071393e-01
-1.947444295564071393e-01
-1.468571547568414126e-01
-1.625921399142044588e-01
-1.625921399142044588e-01
-1.625921399142044588e-01
-1.625921399142044588e-01
-1.508102362288115672e-01
-1.508102362288115672e-01
-1.508102362288115672e-01
-1.508102362288115672e-01
-1.508102362288115672e-01
-2.105308279936445592e-01
-1.654889626895036381e-01
-1.654889626895036381e-01
-1.550099561364883249e-01
-1.550099561364883249e-01
-1.550099561364883249e-01
-3.256807762623744607e-01
-3.256807762623744607e-01
-3.256807762623744607e-01
-3.256806907872624723e-01
-2.519281484884696165e-01
-1.625564967924960358e-01
-1.625564967924960358e-01
-1.625564967924960358e-01
-1.625564967924960358e-01
-2.286463947414668074e-01
-2.286463947414668074e-01
-2.350293342059702473e-01
-3.139563830815127465e-01
-3.139563830815127465e-01
-3.139563830815127465e-01
-1.938577819736692076e-01
-1.582945652491275779e-01
-1.582945937408316017e-01
-1.582945937408316017e-01
-1.582945937408316017e-01
-1.582945937408316017e-01
-1.566832026833557823e-01
-1.566832026833557823e-01
-1.566832026833557823e-01
-1.566832026833557823e-01
-1.566832026833557823e-01
-1.558865888852690174e-01
-1.585907507580963105e-01
-1.585907507580963105e-01
-1.396435111704109611e-01
-1.396435111704109611e-01
-1.396435111704109611e-01
-1.396435111704109611e-01
-1.396435111704109611e-01
-1.396435111704109611e-01
-1.396435111704109611e-01
-1.396435111704109611e-01
-1.522497368360340719e-01
-1.374362303695532694e-01
-1.374362303695532694e-01
-1.690316781487109232e-01
-1.690316781487109232e-01
-1.509546464305534796e-01
-1.628092609445633832e-01
-2.335764852354220988e-01
-2.335764852354220988e-01
-2.335764852354220988e-01
-2.335764852354220988e-01
-2.335764852354220988e-01
-2.335764852354220988e-01
-1.940996907865112087e-01
-1.923687342931845734e-01
-1.923687342931845734e-01
-1.923687342931845734e-01
-1.923687342931845734e-01
-1.493894261794153910e-01
-1.493894261794153910e-01
-3.178313403011052141e-01
-3.271495805871645901e-01
