# Variable: dg_gbsa_00000015
# Sample shape: (2000,)
# Date: 2014-03-03 06:24:08.920859
-8.242362202011603856e-01
-8.242362202011603856e-01
-8.242362202011603856e-01
-8.242362202011603856e-01
-8.242362202011603856e-01
-8.242362202011603856e-01
-8.242362202011603856e-01
-8.242362202011603856e-01
-8.242362202011603856e-01
-8.242362202011603856e-01
-8.242362202011603856e-01
-8.242362202011603856e-01
-5.520561115235717020e-01
-5.520561115235717020e-01
-5.520561115235717020e-01
-5.520561115235717020e-01
-5.520561115235717020e-01
-5.520561115235717020e-01
-5.520561115235717020e-01
-5.520561115235717020e-01
-5.520561115235717020e-01
-5.520561115235717020e-01
-5.520561115235717020e-01
-5.428973393048200924e-01
-5.428973393048200924e-01
-5.428973393048200924e-01
-5.428973393048200924e-01
-5.428973393048200924e-01
-5.428973393048200924e-01
-5.428973393048200924e-01
-5.428973393048200924e-01
-5.428973393048200924e-01
-5.428973393048200924e-01
-6.570188082882824077e-01
-6.570188082882824077e-01
-6.570188082882824077e-01
-6.570188082882824077e-01
-6.570188082882824077e-01
-6.570188082882824077e-01
-6.570188082882824077e-01
-6.570188082882824077e-01
-6.570188082882824077e-01
-6.570188082882824077e-01
-6.570188082882824077e-01
-6.570188082882824077e-01
-6.637533923635974276e-01
-6.637533923635974276e-01
-6.637533923635974276e-01
-6.637533923635974276e-01
-6.637533923635974276e-01
-6.637533923635974276e-01
-6.637533923635974276e-01
-6.637533923635974276e-01
-6.637533923635974276e-01
-6.637533923635974276e-01
-6.637533923635974276e-01
-6.591029194527328050e-01
-6.591029194527328050e-01
-2.352424379060646664e-01
-2.352424379060646664e-01
-2.352424379060646664e-01
-2.352424379060646664e-01
-2.352424379060646664e-01
-2.352424379060646664e-01
-2.352424379060646664e-01
-2.352424379060646664e-01
-2.352424379060646664e-01
-2.352424379060646664e-01
-2.352424379060646664e-01
-2.352424379060646664e-01
-2.352424379060646664e-01
-2.352424379060646664e-01
-2.352424379060646664e-01
-2.352424379060646664e-01
-2.352424379060646664e-01
-2.352424379060646664e-01
-2.352424379060646664e-01
-2.352424379060646664e-01
-2.352424379060646664e-01
-3.915424841539809631e-01
-3.915424841539809631e-01
-3.915424841539809631e-01
-3.915424841539809631e-01
-3.915424841539809631e-01
-3.915424841539809631e-01
-3.915424841539809631e-01
-3.915424841539809631e-01
-3.915424841539809631e-01
-3.915424841539809631e-01
-3.547967335006246836e-01
-3.547967335006246836e-01
-3.547967335006246836e-01
-3.547967335006246836e-01
-3.547967335006246836e-01
-3.547967335006246836e-01
-3.547967335006246836e-01
-3.547967335006246836e-01
-3.547967335006246836e-01
-3.547967335006246836e-01
-3.547967335006246836e-01
-3.547967335006246836e-01
-3.547967335006246836e-01
-3.547967335006246836e-01
-3.547967335006246836e-01
-3.547967335006246836e-01
-3.547967335006246836e-01
-3.547967335006246836e-01
-3.547967335006246836e-01
-3.547967335006246836e-01
-3.547967335006246836e-01
-3.547967335006246836e-01
-3.547967335006246836e-01
-3.547967335006246836e-01
-3.547967335006246836e-01
-3.547967335006246836e-01
-3.547967335006246836e-01
-3.547967335006246836e-01
-3.547967335006246836e-01
-3.547967335006246836e-01
-3.547967335006246836e-01
-3.547967335006246836e-01
-3.547967335006246836e-01
-3.547967335006246836e-01
-3.547967335006246836e-01
-3.547967335006246836e-01
-3.547967335006246836e-01
-3.547967335006246836e-01
-3.547967335006246836e-01
-3.547967335006246836e-01
-3.547967335006246836e-01
-3.547967335006246836e-01
-3.547967335006246836e-01
-3.547967335006246836e-01
-3.547967335006246836e-01
-3.547967335006246836e-01
-3.547967335006246836e-01
-3.547967335006246836e-01
-3.547967335006246836e-01
-3.547967335006246836e-01
-3.547967335006246836e-01
-3.547967335006246836e-01
-3.547967335006246836e-01
-3.547967335006246836e-01
-3.547967335006246836e-01
-3.547967335006246836e-01
-3.547967335006246836e-01
-3.547967335006246836e-01
-3.547967335006246836e-01
-3.547967335006246836e-01
-3.547967335006246836e-01
-3.547967335006246836e-01
-3.547967335006246836e-01
-3.547967335006246836e-01
-3.547967335006246836e-01
-3.547967335006246836e-01
-3.547967335006246836e-01
-3.547967335006246836e-01
-3.547967335006246836e-01
-3.547967335006246836e-01
-3.547967335006246836e-01
-3.547967335006246836e-01
-3.547967335006246836e-01
-3.547967335006246836e-01
-3.547967335006246836e-01
-3.547967335006246836e-01
-3.547967335006246836e-01
-3.547967335006246836e-01
-3.547967335006246836e-01
-3.547967335006246836e-01
-3.547967335006246836e-01
-3.547967335006246836e-01
-3.547967335006246836e-01
-3.547967335006246836e-01
-3.547967335006246836e-01
-3.547967335006246836e-01
-3.547967335006246836e-01
-3.547967335006246836e-01
-3.547967335006246836e-01
-3.547967335006246836e-01
-3.547967335006246836e-01
-3.547967335006246836e-01
-3.547967335006246836e-01
-3.547967335006246836e-01
-3.547967335006246836e-01
-3.547967335006246836e-01
-3.547967335006246836e-01
-3.547967335006246836e-01
-3.547967335006246836e-01
-3.547967335006246836e-01
-3.547967335006246836e-01
-3.547967335006246836e-01
-3.547967335006246836e-01
-3.547967335006246836e-01
-3.547967335006246836e-01
-3.547967335006246836e-01
-3.547967335006246836e-01
-3.547967335006246836e-01
-3.547967335006246836e-01
-3.547967335006246836e-01
-3.547967335006246836e-01
-3.547967335006246836e-01
-3.536405686438653384e-01
-3.536405686438653384e-01
-3.536405686438653384e-01
-3.536405686438653384e-01
-3.536405686438653384e-01
-3.536405686438653384e-01
-3.536405686438653384e-01
-3.536405686438653384e-01
-3.810162810932837818e-01
-3.810162810932837818e-01
-3.810162810932837818e-01
-3.810162810932837818e-01
-3.810162810932837818e-01
-3.810162810932837818e-01
-3.810162810932837818e-01
-3.810162810932837818e-01
-3.810162810932837818e-01
-3.810162810932837818e-01
-3.810162810932837818e-01
-3.810162810932837818e-01
-3.810162810932837818e-01
-3.810162810932837818e-01
-3.810162810932837818e-01
-3.810162810932837818e-01
-3.810162810932837818e-01
-3.810162810932837818e-01
-3.810162810932837818e-01
-3.810162810932837818e-01
-3.810162810932837818e-01
-3.810162810932837818e-01
-2.675178117095626251e-01
-2.675178117095626251e-01
-2.675178117095626251e-01
-2.675178117095626251e-01
-2.675178117095626251e-01
-2.675178117095626251e-01
-2.675178117095626251e-01
-2.675178117095626251e-01
-2.675178117095626251e-01
-2.675178117095626251e-01
-2.675178117095626251e-01
-2.675178117095626251e-01
-2.675178117095626251e-01
-2.675178117095626251e-01
-2.675178117095626251e-01
-2.675178117095626251e-01
-2.675178117095626251e-01
-2.675178117095626251e-01
-2.675178117095626251e-01
-2.675178117095626251e-01
-2.675178117095626251e-01
-2.675178117095626251e-01
-2.675178117095626251e-01
-2.675178117095626251e-01
-2.675178117095626251e-01
-2.675178117095626251e-01
-2.675178117095626251e-01
-2.675178117095626251e-01
-2.675178117095626251e-01
-2.993405663032604469e-01
-2.993405663032604469e-01
-2.993405663032604469e-01
-2.993405663032604469e-01
-2.993405663032604469e-01
-2.993405663032604469e-01
-2.993405663032604469e-01
-2.993405663032604469e-01
-2.993405663032604469e-01
-2.993405663032604469e-01
-2.993405663032604469e-01
-2.993405663032604469e-01
-2.993405663032604469e-01
-2.993405663032604469e-01
-2.993405663032604469e-01
-2.993405663032604469e-01
-2.993405663032604469e-01
-2.993405663032604469e-01
-2.993405663032604469e-01
-2.993405663032604469e-01
-2.993405663032604469e-01
-2.993405663032604469e-01
-2.993405663032604469e-01
-2.993405663032604469e-01
-2.993405663032604469e-01
-2.993405663032604469e-01
-2.993405663032604469e-01
-2.993405663032604469e-01
-2.993405663032604469e-01
-2.993405663032604469e-01
-2.993405663032604469e-01
-2.993405663032604469e-01
-2.993405663032604469e-01
-2.993405663032604469e-01
-2.993405663032604469e-01
-2.993405663032604469e-01
-2.993405663032604469e-01
-2.993405663032604469e-01
-2.993405663032604469e-01
-2.993405663032604469e-01
-2.993405663032604469e-01
-2.993405663032604469e-01
-2.993405663032604469e-01
-2.993405663032604469e-01
-2.993405663032604469e-01
-2.993405663032604469e-01
-2.993405663032604469e-01
-2.993405663032604469e-01
-2.993405663032604469e-01
-2.993405663032604469e-01
-2.993405663032604469e-01
-3.359436305029669945e-01
-3.359436305029669945e-01
-3.359436305029669945e-01
-3.359436305029669945e-01
-3.359436305029669945e-01
-3.359436305029669945e-01
-3.359436305029669945e-01
-3.359436305029669945e-01
-3.359436305029669945e-01
-3.359436305029669945e-01
-3.359436305029669945e-01
-3.359436305029669945e-01
-3.359436305029669945e-01
-3.359436305029669945e-01
-3.359436305029669945e-01
-3.359436305029669945e-01
-3.359436305029669945e-01
-3.359436305029669945e-01
-3.359436305029669945e-01
-3.359436305029669945e-01
-3.359436305029669945e-01
-3.359436305029669945e-01
-3.359436305029669945e-01
-3.359436305029669945e-01
-3.359436305029669945e-01
-3.359436305029669945e-01
-3.359436305029669945e-01
-3.359436305029669945e-01
-4.098580911556119477e-01
-4.098580911556119477e-01
-4.098580911556119477e-01
-4.098580911556119477e-01
-4.098580911556119477e-01
-4.098580911556119477e-01
-4.098580911556119477e-01
-4.098580911556119477e-01
-1.435742266547383461e-01
-1.435742266547383461e-01
-1.435742266547383461e-01
-1.435742266547383461e-01
-1.435742266547383461e-01
-1.435742266547383461e-01
-1.435742266547383461e-01
-1.435742266547383461e-01
-1.435742266547383461e-01
-1.435742266547383461e-01
-1.435742266547383461e-01
-1.435742266547383461e-01
-1.509843775236811569e-01
-1.509843775236811569e-01
-1.509843775236811569e-01
-1.509843775236811569e-01
-1.509843775236811569e-01
-1.509843775236811569e-01
-2.324545246693189848e-01
-2.324545246693189848e-01
-2.324545246693189848e-01
-2.324545246693189848e-01
-2.324545246693189848e-01
-2.324545246693189848e-01
-2.324545246693189848e-01
-2.324545246693189848e-01
-2.324545246693189848e-01
-2.324545246693189848e-01
-2.324545246693189848e-01
-2.324545246693189848e-01
-2.324545246693189848e-01
-2.324545246693189848e-01
-2.324545246693189848e-01
-2.324545246693189848e-01
-2.324545246693189848e-01
-2.324545246693189848e-01
-2.324545246693189848e-01
-2.324545246693189848e-01
-2.324545246693189848e-01
-2.324545246693189848e-01
-2.324545246693189848e-01
-2.324545246693189848e-01
-2.324545246693189848e-01
-2.324545246693189848e-01
-2.324545246693189848e-01
-2.324545246693189848e-01
-2.324545246693189848e-01
-2.324545246693189848e-01
-2.324545246693189848e-01
-2.324545246693189848e-01
-2.324545246693189848e-01
-2.522846936723697753e-01
-2.843301394245592584e-01
-2.843301394245592584e-01
-2.843301394245592584e-01
-2.843301394245592584e-01
-2.843301394245592584e-01
-2.843301394245592584e-01
-2.843301394245592584e-01
-2.843301394245592584e-01
-2.843301394245592584e-01
-2.843301394245592584e-01
-2.843301394245592584e-01
-2.843301394245592584e-01
-2.843301394245592584e-01
-2.843301394245592584e-01
-2.843301394245592584e-01
-2.843301394245592584e-01
-2.843301394245592584e-01
-2.843301394245592584e-01
-2.843301394245592584e-01
-2.843301394245592584e-01
-2.843301394245592584e-01
-2.843301394245592584e-01
-2.843301394245592584e-01
-2.843301394245592584e-01
-2.843301394245592584e-01
-2.843301394245592584e-01
-2.843301394245592584e-01
-2.843301394245592584e-01
-2.843301394245592584e-01
-2.843301394245592584e-01
-2.843301394245592584e-01
-2.843301394245592584e-01
-2.843301394245592584e-01
-2.843301394245592584e-01
-2.843301394245592584e-01
-2.843301394245592584e-01
-2.843301394245592584e-01
-2.843301394245592584e-01
-2.843301394245592584e-01
-2.843301394245592584e-01
-2.843301394245592584e-01
-2.843301394245592584e-01
-2.843301394245592584e-01
-2.843301394245592584e-01
-2.843301394245592584e-01
-2.843301394245592584e-01
-2.636073823184857390e-01
-2.636073823184857390e-01
-2.636073823184857390e-01
-2.636073823184857390e-01
-2.636073823184857390e-01
-2.636073823184857390e-01
-2.636073823184857390e-01
-2.636073823184857390e-01
-2.636073823184857390e-01
-2.636073823184857390e-01
-2.636073823184857390e-01
-2.636073823184857390e-01
-2.636073823184857390e-01
-2.636073823184857390e-01
-1.734679219371730030e-01
-1.734679219371730030e-01
-1.734679219371730030e-01
-1.734679219371730030e-01
-1.734679219371730030e-01
-1.734679219371730030e-01
-1.734679219371730030e-01
-1.734679219371730030e-01
-1.734679219371730030e-01
-1.734679219371730030e-01
-1.734679219371730030e-01
-1.734679219371730030e-01
-1.734679219371730030e-01
-1.734679219371730030e-01
-1.734679219371730030e-01
-1.734679219371730030e-01
-1.734679219371730030e-01
-1.734679219371730030e-01
-1.734679219371730030e-01
-1.734679219371730030e-01
-1.734679219371730030e-01
-1.734679219371730030e-01
-1.734679219371730030e-01
-1.734679219371730030e-01
-1.734679219371730030e-01
-1.734679219371730030e-01
-1.734679219371730030e-01
-1.734679219371730030e-01
-1.734679219371730030e-01
-1.734679219371730030e-01
-1.902950510923994420e-01
-1.902950510923994420e-01
-1.902950510923994420e-01
-1.902950510923994420e-01
-1.902950510923994420e-01
-1.902950510923994420e-01
-1.902950510923994420e-01
-1.902950510923994420e-01
-1.902950510923994420e-01
-1.902950510923994420e-01
-1.902950510923994420e-01
-1.902950510923994420e-01
-1.902950510923994420e-01
-2.737737351576183253e-01
-2.737737351576183253e-01
-2.737737351576183253e-01
-2.737737351576183253e-01
-2.737737351576183253e-01
-2.737737351576183253e-01
-2.737737351576183253e-01
-2.737737351576183253e-01
-2.737737351576183253e-01
-2.737737351576183253e-01
-2.737737351576183253e-01
-2.737737351576183253e-01
-2.737737351576183253e-01
-2.737737351576183253e-01
-2.737737351576183253e-01
-2.737737351576183253e-01
-2.737737351576183253e-01
-2.737737351576183253e-01
-2.737737351576183253e-01
-2.737737351576183253e-01
-2.737737351576183253e-01
-2.737737351576183253e-01
-2.737737351576183253e-01
-2.737737351576183253e-01
-2.737737351576183253e-01
-2.737737351576183253e-01
-2.737737351576183253e-01
-2.737737351576183253e-01
-2.737737351576183253e-01
-2.737737351576183253e-01
-2.737737351576183253e-01
-2.737737351576183253e-01
-2.737737351576183253e-01
-2.737737351576183253e-01
-2.737737351576183253e-01
-2.737737351576183253e-01
-2.737737351576183253e-01
-2.737737351576183253e-01
-2.737737351576183253e-01
-2.737737351576183253e-01
-2.737737351576183253e-01
-2.737737351576183253e-01
-2.737737351576183253e-01
-2.737737351576183253e-01
-2.737737351576183253e-01
-2.737737351576183253e-01
-2.737737351576183253e-01
-2.737737351576183253e-01
-2.737737351576183253e-01
-2.737737351576183253e-01
-2.737737351576183253e-01
-2.737737351576183253e-01
-2.737737351576183253e-01
-2.737737351576183253e-01
-2.737737351576183253e-01
-2.737737351576183253e-01
-2.737737351576183253e-01
-2.737737351576183253e-01
-2.737737351576183253e-01
-2.737737351576183253e-01
-2.737737351576183253e-01
-2.737737351576183253e-01
-2.737737351576183253e-01
-2.737737351576183253e-01
-2.737737351576183253e-01
-2.737737351576183253e-01
-2.737737351576183253e-01
-2.737737351576183253e-01
-2.737737351576183253e-01
-2.737737351576183253e-01
-2.737737351576183253e-01
-2.737737351576183253e-01
-2.737737351576183253e-01
-2.737737351576183253e-01
-2.737737351576183253e-01
-2.737737351576183253e-01
-2.737737351576183253e-01
-2.737737351576183253e-01
-2.737737351576183253e-01
-2.737737351576183253e-01
-2.737737351576183253e-01
-2.737737351576183253e-01
-2.737737351576183253e-01
-2.737737351576183253e-01
-2.737737351576183253e-01
-2.737737351576183253e-01
-2.737737351576183253e-01
-2.737737351576183253e-01
-2.737737351576183253e-01
-2.737737351576183253e-01
-2.737737351576183253e-01
-2.737737351576183253e-01
-2.737737351576183253e-01
-2.737737351576183253e-01
-2.737737351576183253e-01
-2.737737351576183253e-01
-1.882203564361221992e-01
-1.882203564361221992e-01
-1.882203564361221992e-01
-1.882203564361221992e-01
-1.882203564361221992e-01
-1.882203564361221992e-01
-1.882203564361221992e-01
-1.882203564361221992e-01
-1.882203564361221992e-01
-1.882203564361221992e-01
-1.882203564361221992e-01
-1.882203564361221992e-01
-1.882203564361221992e-01
-1.882203564361221992e-01
-1.882203564361221992e-01
-1.882203564361221992e-01
-1.882203564361221992e-01
-1.882203564361221992e-01
-1.882203564361221992e-01
-1.882203564361221992e-01
-1.882203564361221992e-01
-1.882203564361221992e-01
-1.882203564361221992e-01
-1.882203564361221992e-01
-2.123089525029490388e-01
-2.123089525029490388e-01
-2.123089525029490388e-01
-2.123089525029490388e-01
-2.123089525029490388e-01
-2.123089525029490388e-01
-2.123089525029490388e-01
-2.123089525029490388e-01
-2.123089525029490388e-01
-2.123089525029490388e-01
-2.123089525029490388e-01
-2.123089525029490388e-01
-2.123089525029490388e-01
-2.123089525029490388e-01
-2.123089525029490388e-01
-2.123089525029490388e-01
-2.123089525029490388e-01
-2.123089525029490388e-01
-2.123089525029490388e-01
-2.123089525029490388e-01
-2.123089525029490388e-01
-1.851175813784334823e-01
-1.851175813784334823e-01
-1.851175813784334823e-01
-1.851175813784334823e-01
-1.851175813784334823e-01
-1.851175813784334823e-01
-1.851175813784334823e-01
-1.851175813784334823e-01
-1.851175813784334823e-01
-1.851175813784334823e-01
-1.851175813784334823e-01
-1.851175813784334823e-01
-1.851175813784334823e-01
-1.851175813784334823e-01
-1.851175813784334823e-01
-1.851175813784334823e-01
-1.851175813784334823e-01
-1.851175813784334823e-01
-1.851175813784334823e-01
-1.851175813784334823e-01
-1.851175813784334823e-01
-1.851175813784334823e-01
-1.851175813784334823e-01
-1.851175813784334823e-01
-1.851175813784334823e-01
-1.851175813784334823e-01
-1.851175813784334823e-01
-1.851175813784334823e-01
-1.851175813784334823e-01
-1.851175813784334823e-01
-1.851175813784334823e-01
-1.851175813784334823e-01
-1.851175813784334823e-01
-1.851175813784334823e-01
-1.851175813784334823e-01
-1.851175813784334823e-01
-1.851175813784334823e-01
-1.851175813784334823e-01
-1.851175813784334823e-01
-1.851175813784334823e-01
-1.851175813784334823e-01
-1.851175813784334823e-01
-1.851175813784334823e-01
-1.851175813784334823e-01
-1.851175813784334823e-01
-1.851175813784334823e-01
-1.851175813784334823e-01
-1.851175813784334823e-01
-1.851175813784334823e-01
-1.851175813784334823e-01
-1.851175813784334823e-01
-1.851175813784334823e-01
-1.851175813784334823e-01
-1.851175813784334823e-01
-1.851175813784334823e-01
-1.851175813784334823e-01
-1.851175813784334823e-01
-1.851175813784334823e-01
-1.851175813784334823e-01
-1.851175813784334823e-01
-1.851175813784334823e-01
-1.851175813784334823e-01
-1.851175813784334823e-01
-1.851175813784334823e-01
-1.851175813784334823e-01
-1.851175813784334823e-01
-1.851175813784334823e-01
-1.851175813784334823e-01
-1.851175813784334823e-01
-1.851175813784334823e-01
-1.851175813784334823e-01
-1.851175813784334823e-01
-1.851175813784334823e-01
-1.851175813784334823e-01
-1.851175813784334823e-01
-1.851175813784334823e-01
-1.851175813784334823e-01
-1.851175813784334823e-01
-1.851175813784334823e-01
-1.851175813784334823e-01
-1.851175813784334823e-01
-1.851175813784334823e-01
-1.851175813784334823e-01
-1.851175813784334823e-01
-1.851175813784334823e-01
-1.851175813784334823e-01
-1.851175813784334823e-01
-1.851175813784334823e-01
-1.851175813784334823e-01
-1.851175813784334823e-01
-1.851175813784334823e-01
-1.275194506116396620e-01
-1.275194506116396620e-01
-1.275194506116396620e-01
-1.275194506116396620e-01
-1.275194506116396620e-01
-1.275194506116396620e-01
-1.275194506116396620e-01
-1.275194506116396620e-01
-1.275194506116396620e-01
-1.275194506116396620e-01
-1.275194506116396620e-01
-1.275194506116396620e-01
-1.275194506116396620e-01
-1.275194506116396620e-01
-1.275194506116396620e-01
-1.275194506116396620e-01
-1.275194506116396620e-01
-1.275194506116396620e-01
-1.275194506116396620e-01
-1.275194506116396620e-01
-1.275194506116396620e-01
-1.275194506116396620e-01
-1.275194506116396620e-01
-1.275194506116396620e-01
-1.275194506116396620e-01
-1.275194506116396620e-01
-1.275194506116396620e-01
-1.275194506116396620e-01
-1.275194506116396620e-01
-1.275194506116396620e-01
-1.275194506116396620e-01
-1.275194506116396620e-01
-1.275194506116396620e-01
-1.275194506116396620e-01
-1.275194506116396620e-01
-1.275194506116396620e-01
-1.275194506116396620e-01
-1.275194506116396620e-01
-1.275194506116396620e-01
-1.275194506116396620e-01
-1.275194506116396620e-01
-1.275194506116396620e-01
-1.275194506116396620e-01
-1.275194506116396620e-01
-1.275194506116396620e-01
-1.275194506116396620e-01
-1.275194506116396620e-01
-1.275194506116396620e-01
-1.275194506116396620e-01
-1.741835338207777251e-01
-1.741835338207777251e-01
-1.741835338207777251e-01
-1.741835338207777251e-01
-1.741835338207777251e-01
-1.741835338207777251e-01
-1.741835338207777251e-01
-1.741835338207777251e-01
-1.741835338207777251e-01
-1.741835338207777251e-01
-1.741835338207777251e-01
-1.741835338207777251e-01
-1.741835338207777251e-01
-1.741835338207777251e-01
-1.741835338207777251e-01
-1.741835338207777251e-01
-1.741835338207777251e-01
-1.741835338207777251e-01
-1.741835338207777251e-01
-1.741835338207777251e-01
-1.741835338207777251e-01
-1.741835338207777251e-01
-1.741835338207777251e-01
-1.741835338207777251e-01
-1.741835338207777251e-01
-1.741835338207777251e-01
-1.741835338207777251e-01
-1.741835338207777251e-01
-1.741835338207777251e-01
-1.741835338207777251e-01
-1.396567313210685946e-01
-1.396567313210685946e-01
-1.396567313210685946e-01
-1.396567313210685946e-01
-1.396567313210685946e-01
-1.396567313210685946e-01
-1.396567313210685946e-01
-1.396567313210685946e-01
-1.396567313210685946e-01
-1.396567313210685946e-01
-1.396567313210685946e-01
-1.396567313210685946e-01
-1.396567313210685946e-01
-1.396567313210685946e-01
-1.396567313210685946e-01
-1.396567313210685946e-01
-1.396567313210685946e-01
-1.396567313210685946e-01
-1.396567313210685946e-01
-1.396567313210685946e-01
-1.396567313210685946e-01
-1.396567313210685946e-01
-1.720870002733817516e-01
-1.715423243679462251e-01
-1.715423243679462251e-01
-1.446619259467772090e-01
-1.446619259467772090e-01
-1.446619259467772090e-01
-1.446619259467772090e-01
-1.446619259467772090e-01
-1.446619259467772090e-01
-1.446619259467772090e-01
-1.446619259467772090e-01
-1.446619259467772090e-01
-1.446619259467772090e-01
-1.446619259467772090e-01
-1.446619259467772090e-01
-1.446619259467772090e-01
-1.446619259467772090e-01
-1.446619259467772090e-01
-1.446619259467772090e-01
-1.446619259467772090e-01
-1.446619259467772090e-01
-1.446619259467772090e-01
-1.446619259467772090e-01
-1.446619259467772090e-01
-1.446619259467772090e-01
-1.446619259467772090e-01
-1.446619259467772090e-01
-1.446619259467772090e-01
-1.446619259467772090e-01
-1.446619259467772090e-01
-1.446619259467772090e-01
-1.446619259467772090e-01
-1.446619259467772090e-01
-1.446619259467772090e-01
-1.446619259467772090e-01
-1.446619259467772090e-01
-1.446619259467772090e-01
-1.446619259467772090e-01
-1.446619259467772090e-01
-1.446619259467772090e-01
-1.446619259467772090e-01
-1.446619259467772090e-01
-1.446619259467772090e-01
-1.446619259467772090e-01
-1.446619259467772090e-01
-1.446619259467772090e-01
-1.446619259467772090e-01
-1.446619259467772090e-01
-1.446619259467772090e-01
-1.446619259467772090e-01
-1.446619259467772090e-01
-1.446619259467772090e-01
-1.446619259467772090e-01
-1.446619259467772090e-01
-1.446619259467772090e-01
-1.446619259467772090e-01
-1.446619259467772090e-01
-1.446619259467772090e-01
-1.446619259467772090e-01
-1.446619259467772090e-01
-1.446619259467772090e-01
-1.446619259467772090e-01
-1.446619259467772090e-01
-1.446619259467772090e-01
-1.446619259467772090e-01
-1.446619259467772090e-01
-1.446619259467772090e-01
-1.446619259467772090e-01
-1.446619259467772090e-01
-1.446619259467772090e-01
-1.446619259467772090e-01
-1.446619259467772090e-01
-1.446619259467772090e-01
-1.446619259467772090e-01
-1.446619259467772090e-01
-1.446619259467772090e-01
-1.446619259467772090e-01
-1.446619259467772090e-01
-1.446619259467772090e-01
-1.446619259467772090e-01
-1.446619259467772090e-01
-1.446619259467772090e-01
-1.446619259467772090e-01
-1.446619259467772090e-01
-1.446619259467772090e-01
-1.446619259467772090e-01
-1.446619259467772090e-01
-1.446619259467772090e-01
-1.446619259467772090e-01
-1.446619259467772090e-01
-1.446619259467772090e-01
-1.446619259467772090e-01
-1.446619259467772090e-01
-1.446619259467772090e-01
-1.446619259467772090e-01
-1.446619259467772090e-01
-1.446619259467772090e-01
-1.446619259467772090e-01
-1.446619259467772090e-01
-1.446619259467772090e-01
-1.446619259467772090e-01
-1.446619259467772090e-01
-1.446619259467772090e-01
-1.446619259467772090e-01
-1.446619259467772090e-01
-1.446619259467772090e-01
-1.446619259467772090e-01
-1.446619259467772090e-01
-1.446619259467772090e-01
-1.446619259467772090e-01
-1.093059008937492804e-01
-1.093059008937492804e-01
-1.093059008937492804e-01
-1.093059008937492804e-01
-1.093059008937492804e-01
-1.093059008937492804e-01
-1.093059008937492804e-01
-1.093059008937492804e-01
-1.093059008937492804e-01
-1.093059008937492804e-01
-1.093059008937492804e-01
-1.093059008937492804e-01
-1.093059008937492804e-01
-1.093059008937492804e-01
-1.093059008937492804e-01
-1.093059008937492804e-01
-1.093059008937492804e-01
-1.093059008937492804e-01
-1.093059008937492804e-01
-1.093059008937492804e-01
-1.093059008937492804e-01
-1.093059008937492804e-01
-1.093059008937492804e-01
-1.093059008937492804e-01
-1.093059008937492804e-01
-1.093059008937492804e-01
-1.093059008937492804e-01
-1.093059008937492804e-01
-1.093059008937492804e-01
-1.093059008937492804e-01
-1.093059008937492804e-01
-1.093059008937492804e-01
-1.093059008937492804e-01
-1.093059008937492804e-01
-1.093059008937492804e-01
-1.093059008937492804e-01
-1.093059008937492804e-01
-1.093059008937492804e-01
-1.093059008937492804e-01
-1.093059008937492804e-01
-1.093059008937492804e-01
-1.093059008937492804e-01
-1.093059008937492804e-01
-1.093059008937492804e-01
-1.093059008937492804e-01
-1.093059008937492804e-01
-1.093059008937492804e-01
-1.093059008937492804e-01
-1.093059008937492804e-01
-1.093059008937492804e-01
-1.093059008937492804e-01
-1.093059008937492804e-01
-1.093059008937492804e-01
-1.093059008937492804e-01
-1.093059008937492804e-01
-1.093059008937492804e-01
-1.093059008937492804e-01
-1.093059008937492804e-01
-1.093059008937492804e-01
-1.092072412457110453e-01
-1.092072412457110453e-01
-1.092072412457110453e-01
-1.092072412457110453e-01
-1.092072412457110453e-01
-1.092072412457110453e-01
-1.092072412457110453e-01
-1.092072412457110453e-01
-1.092072412457110453e-01
-1.092072412457110453e-01
-1.092072412457110453e-01
-1.092072412457110453e-01
-1.092072412457110453e-01
-1.092072412457110453e-01
-1.092072412457110453e-01
-1.092072412457110453e-01
-1.092072412457110453e-01
-1.092072412457110453e-01
-1.092072412457110453e-01
-1.092072412457110453e-01
-1.308186474767287222e-01
-1.308186474767287222e-01
-1.308186474767287222e-01
-1.308186474767287222e-01
-1.308186474767287222e-01
-1.308186474767287222e-01
-1.308186474767287222e-01
-1.308186474767287222e-01
-1.308186474767287222e-01
-1.308186474767287222e-01
-1.308186474767287222e-01
-1.308186474767287222e-01
-1.308186474767287222e-01
-1.308186474767287222e-01
-1.308186474767287222e-01
-1.308186474767287222e-01
-1.308186474767287222e-01
-1.308186474767287222e-01
-1.308186474767287222e-01
-1.308186474767287222e-01
-1.308186474767287222e-01
-1.308186474767287222e-01
-1.308186474767287222e-01
-1.308186474767287222e-01
-1.308186474767287222e-01
-1.308186474767287222e-01
-1.308186474767287222e-01
-1.308186474767287222e-01
-1.308186474767287222e-01
-1.308186474767287222e-01
-1.308186474767287222e-01
-1.308186474767287222e-01
-1.308186474767287222e-01
-1.308186474767287222e-01
-1.308186474767287222e-01
-1.308186474767287222e-01
-1.308186474767287222e-01
-1.308186474767287222e-01
-1.308186474767287222e-01
-1.308186474767287222e-01
-1.308186474767287222e-01
-1.308186474767287222e-01
-1.308186474767287222e-01
-1.308186474767287222e-01
-1.308186474767287222e-01
-1.308186474767287222e-01
-1.308186474767287222e-01
-1.308186474767287222e-01
-1.308186474767287222e-01
-1.308186474767287222e-01
-1.308186474767287222e-01
-1.308186474767287222e-01
-1.308186474767287222e-01
-1.308186474767287222e-01
-1.308186474767287222e-01
-1.308186474767287222e-01
-1.308186474767287222e-01
-1.308186474767287222e-01
-1.308186474767287222e-01
-1.308186474767287222e-01
-1.308186474767287222e-01
-1.308186474767287222e-01
-1.308186474767287222e-01
-1.308186474767287222e-01
-1.308186474767287222e-01
-1.246202915166121777e-01
-1.246202915166121777e-01
-1.246202915166121777e-01
-1.246202915166121777e-01
-1.246202915166121777e-01
-1.246202915166121777e-01
-1.246202915166121777e-01
-1.246202915166121777e-01
-1.246202915166121777e-01
-1.246202915166121777e-01
-1.246202915166121777e-01
-1.246202915166121777e-01
-1.246202915166121777e-01
-1.246202915166121777e-01
-1.246202915166121777e-01
-1.246202915166121777e-01
-1.246202915166121777e-01
-1.246202915166121777e-01
-1.246202915166121777e-01
-1.246202915166121777e-01
-1.246202915166121777e-01
-1.246202915166121777e-01
-1.246202915166121777e-01
-1.246202915166121777e-01
-1.246202915166121777e-01
-1.246202915166121777e-01
-1.246202915166121777e-01
-1.246202915166121777e-01
-1.246202915166121777e-01
-1.246202915166121777e-01
-1.246202915166121777e-01
-1.246202915166121777e-01
-1.246202915166121777e-01
-1.246202915166121777e-01
-1.246202915166121777e-01
-1.246202915166121777e-01
-1.246202915166121777e-01
-1.246202915166121777e-01
-1.246202915166121777e-01
-1.246202915166121777e-01
-1.246202915166121777e-01
-1.246202915166121777e-01
-1.246202915166121777e-01
-1.246202915166121777e-01
-1.246202915166121777e-01
-1.246202915166121777e-01
-1.246202915166121777e-01
-1.246202915166121777e-01
-1.246202915166121777e-01
-1.246202915166121777e-01
-1.246202915166121777e-01
-1.246202915166121777e-01
-1.246202915166121777e-01
-1.246202915166121777e-01
-1.246202915166121777e-01
-1.246202915166121777e-01
-1.246202915166121777e-01
-1.246202915166121777e-01
-1.246202915166121777e-01
-1.246202915166121777e-01
-1.246202915166121777e-01
-1.246202915166121777e-01
-1.246202915166121777e-01
-1.246202915166121777e-01
-1.246202915166121777e-01
-1.246202915166121777e-01
-1.246202915166121777e-01
-1.246202915166121777e-01
-1.246202915166121777e-01
-1.246202915166121777e-01
-1.246202915166121777e-01
-1.246202915166121777e-01
-1.246202915166121777e-01
-1.246202915166121777e-01
-1.246202915166121777e-01
-1.246202915166121777e-01
-1.246202915166121777e-01
-1.246202915166121777e-01
-1.246202915166121777e-01
-1.246202915166121777e-01
-1.246202915166121777e-01
-1.246202915166121777e-01
-1.246202915166121777e-01
-1.246202915166121777e-01
-1.246202915166121777e-01
-1.246202915166121777e-01
-1.246202915166121777e-01
-1.246202915166121777e-01
-1.246202915166121777e-01
-1.246202915166121777e-01
-1.246202915166121777e-01
-1.246202915166121777e-01
-1.246202915166121777e-01
-1.246202915166121777e-01
-1.246202915166121777e-01
-1.246202915166121777e-01
-1.246202915166121777e-01
-1.246202915166121777e-01
-1.246202915166121777e-01
-1.246202915166121777e-01
-1.246202915166121777e-01
-1.246202915166121777e-01
-1.246202915166121777e-01
-1.246202915166121777e-01
-1.246202915166121777e-01
-1.246202915166121777e-01
-1.246202915166121777e-01
-1.246202915166121777e-01
-1.246202915166121777e-01
-1.246202915166121777e-01
-1.246202915166121777e-01
-1.246202915166121777e-01
-1.246202915166121777e-01
-1.246202915166121777e-01
-1.246202915166121777e-01
-1.246202915166121777e-01
-1.246202915166121777e-01
-1.246202915166121777e-01
-1.277478116192279634e-01
-1.277478116192279634e-01
-1.277478116192279634e-01
-1.277478116192279634e-01
-1.277478116192279634e-01
-1.277478116192279634e-01
-1.219094625850480479e-01
-1.219094625850480479e-01
-1.219094625850480479e-01
-1.219094625850480479e-01
-1.219094625850480479e-01
-8.145003200261131948e-02
-8.145003200261131948e-02
-8.145003200261131948e-02
-8.050395784824801448e-02
-8.050395784824801448e-02
-8.050395784824801448e-02
-8.050395784824801448e-02
-8.050395784824801448e-02
-8.050395784824801448e-02
-8.050395784824801448e-02
-8.050395784824801448e-02
-8.050395784824801448e-02
-8.050395784824801448e-02
-8.050395784824801448e-02
-8.050395784824801448e-02
-8.050395784824801448e-02
-8.050395784824801448e-02
-8.050395784824801448e-02
-7.512025805777847176e-02
-7.512025805777847176e-02
-7.512025805777847176e-02
-1.322982074197801838e-01
-1.322982074197801838e-01
-1.322982074197801838e-01
-1.322982074197801838e-01
-1.322982074197801838e-01
-1.322982074197801838e-01
-1.322982074197801838e-01
-1.322982074197801838e-01
-1.322982074197801838e-01
-1.322982074197801838e-01
-1.495507319616314057e-01
-1.221886527925786642e-01
-1.221886527925786642e-01
-1.221886527925786642e-01
-1.221886527925786642e-01
-1.221886527925786642e-01
-1.221886527925786642e-01
-1.221886527925786642e-01
-1.221886527925786642e-01
-1.221886527925786642e-01
-1.221886527925786642e-01
-1.221886527925786642e-01
-1.221886527925786642e-01
-1.221886527925786642e-01
-1.221886527925786642e-01
-1.221886527925786642e-01
-1.221886527925786642e-01
-9.342614938834428728e-02
-9.342614938834428728e-02
-9.342614938834428728e-02
-9.342614938834428728e-02
-9.342614938834428728e-02
-9.342614938834428728e-02
-9.342614938834428728e-02
-9.342614938834428728e-02
-9.342614938834428728e-02
-9.342614938834428728e-02
-9.342614938834428728e-02
-9.342614938834428728e-02
-9.342614938834428728e-02
-9.342614938834428728e-02
-9.342614938834428728e-02
-9.342614938834428728e-02
-9.342614938834428728e-02
-9.342614938834428728e-02
-9.342614938834428728e-02
-9.342614938834428728e-02
-9.342614938834428728e-02
-9.342614938834428728e-02
-9.342614938834428728e-02
-9.342614938834428728e-02
-9.342614938834428728e-02
-9.342614938834428728e-02
-9.342614938834428728e-02
-9.342614938834428728e-02
-9.342614938834428728e-02
-9.342614938834428728e-02
-8.013632226856443053e-02
-8.013632226856443053e-02
-8.013632226856443053e-02
-8.013632226856443053e-02
-8.013632226856443053e-02
-8.013632226856443053e-02
-8.013632226856443053e-02
-8.013632226856443053e-02
-8.013632226856443053e-02
-8.013632226856443053e-02
-8.013632226856443053e-02
-8.013632226856443053e-02
-8.013632226856443053e-02
-9.215372413339852076e-02
-9.215372413339852076e-02
-9.215372413339852076e-02
-9.215372413339852076e-02
-9.215372413339852076e-02
-9.215372413339852076e-02
-9.215372413339852076e-02
-9.215372413339852076e-02
-9.215372413339852076e-02
-9.215372413339852076e-02
-9.215372413339852076e-02
-9.215372413339852076e-02
-9.215372413339852076e-02
-9.215372413339852076e-02
-9.215372413339852076e-02
-9.215372413339852076e-02
-9.215372413339852076e-02
-9.215372413339852076e-02
-9.215372413339852076e-02
-9.215372413339852076e-02
-9.215372413339852076e-02
-9.215372413339852076e-02
-9.215372413339852076e-02
-9.215372413339852076e-02
-9.215372413339852076e-02
-9.215372413339852076e-02
-9.215372413339852076e-02
-9.215372413339852076e-02
-9.215372413339852076e-02
-9.215372413339852076e-02
-9.215372413339852076e-02
-9.215372413339852076e-02
-9.215372413339852076e-02
-9.215372413339852076e-02
-9.215372413339852076e-02
-9.215372413339852076e-02
-9.215372413339852076e-02
-9.215372413339852076e-02
-9.215372413339852076e-02
-9.215372413339852076e-02
-9.215372413339852076e-02
-9.215372413339852076e-02
-9.215372413339852076e-02
-9.215372413339852076e-02
-9.215372413339852076e-02
-9.215372413339852076e-02
-1.495110715096584775e-01
-1.495110715096584775e-01
-1.495110715096584775e-01
-1.349653300774029119e-01
-1.349653300774029119e-01
-1.349653300774029119e-01
-1.349653300774029119e-01
-1.349653300774029119e-01
-1.349653300774029119e-01
-1.349653300774029119e-01
-1.349653300774029119e-01
-1.349653300774029119e-01
-1.349653300774029119e-01
-1.349653300774029119e-01
-1.349653300774029119e-01
-1.349653300774029119e-01
-1.349653300774029119e-01
-1.349653300774029119e-01
-1.349653300774029119e-01
-1.349653300774029119e-01
-1.349653300774029119e-01
-1.349653300774029119e-01
-1.349653300774029119e-01
-1.349653300774029119e-01
-1.349653300774029119e-01
-1.349653300774029119e-01
-1.349653300774029119e-01
-1.349653300774029119e-01
-1.349653300774029119e-01
-1.349653300774029119e-01
-1.349653300774029119e-01
-1.349653300774029119e-01
-1.349653300774029119e-01
-1.815041922474454339e-01
-1.815041922474454339e-01
-1.815041922474454339e-01
-1.815041922474454339e-01
-1.815041922474454339e-01
-1.815041922474454339e-01
-1.815041922474454339e-01
-1.583634012060001206e-01
-1.583634012060001206e-01
-1.583634012060001206e-01
-1.583634012060001206e-01
-1.403239357995713366e-01
-1.403239357995713366e-01
-1.403239357995713366e-01
-1.403239357995713366e-01
-1.403239357995713366e-01
-1.403239357995713366e-01
-1.403239357995713366e-01
-6.665196803970044326e-02
-6.665196803970044326e-02
-6.665196803970044326e-02
-6.665196803970044326e-02
-6.665196803970044326e-02
-6.665196803970044326e-02
-6.665196803970044326e-02
-6.665196803970044326e-02
-6.665196803970044326e-02
-6.665196803970044326e-02
-6.665196803970044326e-02
-6.665196803970044326e-02
-6.665196803970044326e-02
-6.665196803970044326e-02
-6.665196803970044326e-02
-6.665196803970044326e-02
-6.665196803970044326e-02
-6.665196803970044326e-02
-6.665196803970044326e-02
-6.665196803970044326e-02
-6.665196803970044326e-02
-6.665196803970044326e-02
-6.245298179340180028e-02
-6.245298179340180028e-02
-6.245298179340180028e-02
-6.245298179340180028e-02
-6.245298179340180028e-02
-6.245298179340180028e-02
-6.245298179340180028e-02
-6.245298179340180028e-02
-6.245298179340180028e-02
-6.245298179340180028e-02
-6.245298179340180028e-02
-6.455279188675816515e-02
-6.455279188675816515e-02
-6.455279188675816515e-02
-6.455279188675816515e-02
-6.455279188675816515e-02
-6.455279188675816515e-02
-6.455279188675816515e-02
-9.293037236990481231e-02
-9.293037236990481231e-02
-9.293037236990481231e-02
-9.293037236990481231e-02
-9.293037236990481231e-02
-9.293037236990481231e-02
-9.293037236990481231e-02
-9.293037236990481231e-02
-9.293037236990481231e-02
-9.293037236990481231e-02
-1.266875213464405125e-01
-1.266875213464405125e-01
-1.266875213464405125e-01
-1.266875213464405125e-01
-4.900434903843224610e-02
-1.180999721783296957e-01
-1.180999721783296957e-01
-1.180999721783296957e-01
-1.180999721783296957e-01
-1.180999721783296957e-01
-1.180999721783296957e-01
-1.180999721783296957e-01
-1.180999721783296957e-01
-1.180999721783296957e-01
-1.180999721783296957e-01
-1.180999721783296957e-01
-1.180999721783296957e-01
-1.180999721783296957e-01
-1.180999721783296957e-01
-1.180999721783296957e-01
-1.180999721783296957e-01
-1.180999721783296957e-01
-1.180999721783296957e-01
-1.180999721783296957e-01
-1.180999721783296957e-01
-1.180999721783296957e-01
-1.180999721783296957e-01
-1.180999721783296957e-01
-1.180999721783296957e-01
-1.180999721783296957e-01
-1.180999721783296957e-01
-9.788854856108160363e-02
-9.788854856108160363e-02
-9.788854856108160363e-02
-9.788854856108160363e-02
-9.788854856108160363e-02
-9.788854856108160363e-02
-9.788854856108160363e-02
-9.788854856108160363e-02
-9.788854856108160363e-02
-9.788854856108160363e-02
-9.788854856108160363e-02
-9.788854856108160363e-02
-9.788854856108160363e-02
-9.788854856108160363e-02
-9.788854856108160363e-02
-9.788854856108160363e-02
-9.788854856108160363e-02
-9.788854856108160363e-02
-9.788854856108160363e-02
-9.788854856108160363e-02
-9.788854856108160363e-02
-9.788854856108160363e-02
-9.788854856108160363e-02
-9.788854856108160363e-02
-9.788854856108160363e-02
-9.788854856108160363e-02
-9.788854856108160363e-02
-9.788854856108160363e-02
-9.788854856108160363e-02
-9.788854856108160363e-02
-9.788854856108160363e-02
-9.788854856108160363e-02
-9.788854856108160363e-02
-9.788854856108160363e-02
-9.788854856108160363e-02
-9.788854856108160363e-02
-9.788854856108160363e-02
-9.788854856108160363e-02
-9.788854856108160363e-02
-9.788854856108160363e-02
-9.788854856108160363e-02
-9.788854856108160363e-02
-9.788854856108160363e-02
-9.788854856108160363e-02
-9.788854856108160363e-02
-9.788854856108160363e-02
-9.788854856108160363e-02
-9.788854856108160363e-02
-9.788854856108160363e-02
-9.788854856108160363e-02
-9.788854856108160363e-02
-9.788854856108160363e-02
-9.788854856108160363e-02
-9.788854856108160363e-02
-9.788854856108160363e-02
-9.788854856108160363e-02
-9.788854856108160363e-02
-9.788854856108160363e-02
-9.788854856108160363e-02
-9.788854856108160363e-02
-9.788854856108160363e-02
-9.788854856108160363e-02
-9.788854856108160363e-02
-9.788854856108160363e-02
-9.788854856108160363e-02
-9.788854856108160363e-02
-9.788854856108160363e-02
-9.788854856108160363e-02
-9.788854856108160363e-02
-9.788854856108160363e-02
-9.788854856108160363e-02
-9.788854856108160363e-02
-9.788854856108160363e-02
-9.788854856108160363e-02
-9.788854856108160363e-02
-9.788854856108160363e-02
-9.788854856108160363e-02
-9.788854856108160363e-02
-9.788854856108160363e-02
-9.788854856108160363e-02
-9.788854856108160363e-02
-9.788854856108160363e-02
-9.788854856108160363e-02
-9.788854856108160363e-02
-9.788854856108160363e-02
-9.788854856108160363e-02
-9.788854856108160363e-02
-9.788854856108160363e-02
-9.788854856108160363e-02
-9.788854856108160363e-02
-8.627346380262940206e-02
-8.627346380262940206e-02
-8.627346380262940206e-02
-8.627346380262940206e-02
-8.627346380262940206e-02
-8.627346380262940206e-02
-8.627346380262940206e-02
-8.627346380262940206e-02
-8.627346380262940206e-02
-8.627346380262940206e-02
-8.627346380262940206e-02
-8.627346380262940206e-02
-8.627346380262940206e-02
-8.627346380262940206e-02
-8.627346380262940206e-02
-8.627346380262940206e-02
-8.627346380262940206e-02
-8.627346380262940206e-02
-8.627346380262940206e-02
-8.627346380262940206e-02
-8.627346380262940206e-02
-8.627346380262940206e-02
-8.627346380262940206e-02
-8.627346380262940206e-02
-8.627346380262940206e-02
-8.627346380262940206e-02
-8.627346380262940206e-02
-8.627346380262940206e-02
-8.627346380262940206e-02
-8.627346380262940206e-02
-8.627346380262940206e-02
-8.627346380262940206e-02
-8.627346380262940206e-02
-8.627346380262940206e-02
-8.627346380262940206e-02
-8.627346380262940206e-02
-8.627346380262940206e-02
-8.627346380262940206e-02
-8.627346380262940206e-02
-8.627346380262940206e-02
-8.627346380262940206e-02
-9.055132220853583103e-02
-9.055132220853583103e-02
-9.055132220853583103e-02
-9.055132220853583103e-02
-9.055132220853583103e-02
-9.055132220853583103e-02
-9.055132220853583103e-02
-9.055132220853583103e-02
-9.055132220853583103e-02
-9.055132220853583103e-02
-9.055132220853583103e-02
-8.790668662829791147e-02
-8.790668662829791147e-02
-8.790668662829791147e-02
-8.790668662829791147e-02
-8.790668662829791147e-02
-8.790668662829791147e-02
-8.790668662829791147e-02
-8.790668662829791147e-02
-8.790668662829791147e-02
-8.790668662829791147e-02
-8.790668662829791147e-02
-8.790668662829791147e-02
-8.790668662829791147e-02
-8.790668662829791147e-02
-8.790668662829791147e-02
-8.790668662829791147e-02
-8.790668662829791147e-02
-8.790668662829791147e-02
-8.790668662829791147e-02
-8.790668662829791147e-02
-8.790668662829791147e-02
-8.790668662829791147e-02
-8.790668662829791147e-02
-8.790668662829791147e-02
-8.790668662829791147e-02
-8.790668662829791147e-02
-8.790668662829791147e-02
-8.115420263994263528e-02
-8.115420263994263528e-02
-8.115420263994263528e-02
-8.115420263994263528e-02
-8.115420263994263528e-02
-8.115420263994263528e-02
-8.115420263994263528e-02
-8.115420263994263528e-02
-8.115420263994263528e-02
-8.115420263994263528e-02
-8.115420263994263528e-02
-8.115420263994263528e-02
-8.115420263994263528e-02
-8.115420263994263528e-02
-8.115420263994263528e-02
-8.115420263994263528e-02
-8.115420263994263528e-02
-8.115420263994263528e-02
-8.115420263994263528e-02
-8.115420263994263528e-02
-8.115420263994263528e-02
-8.115420263994263528e-02
-8.115420263994263528e-02
-8.115420263994263528e-02
-8.115420263994263528e-02
-8.115420263994263528e-02
-8.115420263994263528e-02
-8.115420263994263528e-02
-8.115420263994263528e-02
-8.115420263994263528e-02
-8.115420263994263528e-02
-8.115420263994263528e-02
-8.115420263994263528e-02
-8.115420263994263528e-02
-8.115420263994263528e-02
-8.115420263994263528e-02
-8.115420263994263528e-02
-8.115420263994263528e-02
-9.916548262818593307e-02
-9.916548262818593307e-02
-9.916548262818593307e-02
-9.916548262818593307e-02
-9.916548262818593307e-02
-9.916548262818593307e-02
-9.916548262818593307e-02
-9.916548262818593307e-02
-9.916548262818593307e-02
-9.916548262818593307e-02
-9.916548262818593307e-02
-9.916548262818593307e-02
-9.916548262818593307e-02
-9.916548262818593307e-02
-9.916548262818593307e-02
-9.916548262818593307e-02
-9.916548262818593307e-02
-9.916548262818593307e-02
-9.916548262818593307e-02
-9.916548262818593307e-02
-9.916548262818593307e-02
-9.916548262818593307e-02
-1.009969863449410310e-01
-1.009969863449410310e-01
-1.009969863449410310e-01
-1.009969863449410310e-01
-1.106075728828546795e-01
-1.110638603995452584e-01
-1.110638603995452584e-01
-1.110638603995452584e-01
-1.110638603995452584e-01
-1.110638603995452584e-01
-1.110638603995452584e-01
-7.249813092370334389e-02
-7.249813092370334389e-02
-7.249813092370334389e-02
-7.249813092370334389e-02
-7.249813092370334389e-02
-7.249813092370334389e-02
-7.249813092370334389e-02
-7.249813092370334389e-02
-7.249813092370334389e-02
-7.249813092370334389e-02
-7.249813092370334389e-02
-7.249813092370334389e-02
-7.249813092370334389e-02
-7.249813092370334389e-02
-7.249813092370334389e-02
-7.249813092370334389e-02
-7.249813092370334389e-02
-7.249813092370334389e-02
-7.249813092370334389e-02
-7.249813092370334389e-02
-7.249813092370334389e-02
-7.249813092370334389e-02
-7.249813092370334389e-02
-7.249813092370334389e-02
-7.249813092370334389e-02
-7.249813092370334389e-02
-7.249813092370334389e-02
-7.249813092370334389e-02
-7.249813092370334389e-02
-7.249813092370334389e-02
-7.249813092370334389e-02
-7.249813092370334389e-02
-7.249813092370334389e-02
-7.249813092370334389e-02
-7.249813092370334389e-02
-7.249813092370334389e-02
-7.249813092370334389e-02
-7.249813092370334389e-02
-7.249813092370334389e-02
-7.249813092370334389e-02
-7.249813092370334389e-02
-7.249813092370334389e-02
-7.249813092370334389e-02
-7.249813092370334389e-02
-7.249813092370334389e-02
-7.249813092370334389e-02
-7.249813092370334389e-02
-7.249813092370334389e-02
-7.249813092370334389e-02
-7.249813092370334389e-02
-7.249813092370334389e-02
-7.249813092370334389e-02
-7.249813092370334389e-02
-7.249813092370334389e-02
-7.249813092370334389e-02
-7.249813092370334389e-02
-7.249813092370334389e-02
-7.249813092370334389e-02
-7.249813092370334389e-02
-7.249813092370334389e-02
-7.249813092370334389e-02
-7.249813092370334389e-02
-7.249813092370334389e-02
-7.249813092370334389e-02
-7.249813092370334389e-02
-7.249813092370334389e-02
-7.249813092370334389e-02
-7.249813092370334389e-02
-8.836761829274106250e-02
-8.836761829274106250e-02
-8.836761829274106250e-02
-8.836761829274106250e-02
-8.836761829274106250e-02
-8.836761829274106250e-02
-8.836761829274106250e-02
-8.836761829274106250e-02
-8.836761829274106250e-02
-8.836761829274106250e-02
-8.836761829274106250e-02
-7.294683964712897484e-02
-7.294683964712897484e-02
-7.294683964712897484e-02
-7.294683964712897484e-02
-7.294683964712897484e-02
-7.294683964712897484e-02
-7.294683964712897484e-02
-7.294683964712897484e-02
-7.294683964712897484e-02
-8.746634734292330071e-02
-8.746634734292330071e-02
-8.746634734292330071e-02
-8.746634734292330071e-02
-8.746634734292330071e-02
-8.746634734292330071e-02
-8.746634734292330071e-02
-8.746634734292330071e-02
-8.746634734292330071e-02
-8.746634734292330071e-02
-8.746634734292330071e-02
-8.746634734292330071e-02
-8.746634734292330071e-02
-8.746634734292330071e-02
-8.746634734292330071e-02
-8.746634734292330071e-02
-8.746634734292330071e-02
-8.746634734292330071e-02
-8.746634734292330071e-02
-8.746634734292330071e-02
-8.746634734292330071e-02
-8.746634734292330071e-02
-8.746634734292330071e-02
-8.746634734292330071e-02
-8.746634734292330071e-02
-8.746634734292330071e-02
-8.746634734292330071e-02
-8.746634734292330071e-02
-8.746634734292330071e-02
-8.746634734292330071e-02
-8.746634734292330071e-02
-8.746634734292330071e-02
-8.746634734292330071e-02
-8.746634734292330071e-02
-8.746634734292330071e-02
-8.746634734292330071e-02
-8.746634734292330071e-02
-7.781642088470677732e-02
-7.781642088470677732e-02
-7.781642088470677732e-02
-7.781642088470677732e-02
-7.781642088470677732e-02
-7.781642088470677732e-02
-7.781642088470677732e-02
-7.781642088470677732e-02
-7.781642088470677732e-02
-7.781642088470677732e-02
-7.781642088470677732e-02
-7.781642088470677732e-02
-7.781642088470677732e-02
-7.781642088470677732e-02
-7.781642088470677732e-02
-7.781642088470677732e-02
-7.781642088470677732e-02
-7.781642088470677732e-02
-7.781642088470677732e-02
-7.781642088470677732e-02
-7.781642088470677732e-02
-7.781642088470677732e-02
-7.781642088470677732e-02
-7.781642088470677732e-02
-7.781642088470677732e-02
-7.781642088470677732e-02
-7.781642088470677732e-02
-7.781642088470677732e-02
-7.781642088470677732e-02
-7.781642088470677732e-02
-7.781642088470677732e-02
-7.781642088470677732e-02
-7.781642088470677732e-02
-7.781642088470677732e-02
-7.781642088470677732e-02
-7.781642088470677732e-02
-7.781642088470677732e-02
-7.781642088470677732e-02
-7.781642088470677732e-02
-7.781642088470677732e-02
-7.781642088470677732e-02
-7.781642088470677732e-02
-7.781642088470677732e-02
-7.781642088470677732e-02
-7.781642088470677732e-02
-7.781642088470677732e-02
-7.781642088470677732e-02
-7.781642088470677732e-02
-7.781642088470677732e-02
-7.781642088470677732e-02
-7.781642088470677732e-02
-7.781642088470677732e-02
-7.781642088470677732e-02
-7.781642088470677732e-02
-7.781642088470677732e-02
-7.781642088470677732e-02
-7.781642088470677732e-02
-7.781642088470677732e-02
-7.781642088470677732e-02
-7.781642088470677732e-02
-7.781642088470677732e-02
-7.781642088470677732e-02
-7.781642088470677732e-02
-7.781642088470677732e-02
-7.781642088470677732e-02
-7.781642088470677732e-02
-7.781642088470677732e-02
-7.781642088470677732e-02
-7.781642088470677732e-02
-7.781642088470677732e-02
-7.781642088470677732e-02
-7.781642088470677732e-02
-7.781642088470677732e-02
-7.781642088470677732e-02
-1.767832735984320724e-01
-1.767832735984320724e-01
-1.767832735984320724e-01
-1.767832735984320724e-01
-1.767832735984320724e-01
-1.767832735984320724e-01
-1.767832735984320724e-01
-1.767832735984320724e-01
-1.767832735984320724e-01
-1.767832735984320724e-01
-1.767832735984320724e-01
-1.767832735984320724e-01
-1.767832735984320724e-01
-1.767832735984320724e-01
-1.767832735984320724e-01
-1.767832735984320724e-01
-1.767832735984320724e-01
-1.767832735984320724e-01
-1.767832735984320724e-01
-1.767832735984320724e-01
-1.767832735984320724e-01
-1.767832735984320724e-01
-1.767832735984320724e-01
-1.767832735984320724e-01
-1.767832735984320724e-01
-1.767832735984320724e-01
-1.767832735984320724e-01
-1.767832735984320724e-01
-1.767832735984320724e-01
-1.767832735984320724e-01
-1.767832735984320724e-01
-1.767832735984320724e-01
-1.767832735984320724e-01
-1.767832735984320724e-01
-1.767832735984320724e-01
-1.767832735984320724e-01
-1.410503887765494069e-01
-1.410503887765494069e-01
-1.410503887765494069e-01
-1.410503887765494069e-01
-1.410503887765494069e-01
-1.428384996281071295e-01
-1.428384996281071295e-01
-1.428384996281071295e-01
-1.281599013800830689e-01
-1.281599013800830689e-01
-1.281599013800830689e-01
-1.281599013800830689e-01
-1.281599013800830689e-01
-1.281599013800830689e-01
-1.281599013800830689e-01
-1.281599013800830689e-01
-1.281599013800830689e-01
-1.281599013800830689e-01
-1.281599013800830689e-01
-1.281599013800830689e-01
-1.281599013800830689e-01
-1.281599013800830689e-01
-1.281599013800830689e-01
-1.281599013800830689e-01
-1.281599013800830689e-01
-1.281599013800830689e-01
-1.281599013800830689e-01
-1.281599013800830689e-01
-1.281599013800830689e-01
-1.281599013800830689e-01
-1.281599013800830689e-01
-1.281599013800830689e-01
-1.281599013800830689e-01
-1.281599013800830689e-01
-1.281599013800830689e-01
-1.281599013800830689e-01
-1.281599013800830689e-01
-1.281599013800830689e-01
