# Variable: dg_gbsa_00000121
# Sample shape: (2000,)
# Date: 2014-03-03 06:24:08.223947
-3.492035840710991934e-01
-3.492035840710991934e-01
-6.448217947214101020e-01
-1.430444234187926655e+00
-1.430444234187926655e+00
-1.430444234187926655e+00
-1.430444234187926655e+00
-1.430444234187926655e+00
-1.068195239079841929e+00
-1.068195239079841929e+00
-1.068195239079841929e+00
-1.068195239079841929e+00
-9.869727988088107251e-01
-9.869727988088107251e-01
-9.869727988088107251e-01
-9.869727988088107251e-01
-9.869727988088107251e-01
-9.869727988088107251e-01
-9.869727988088107251e-01
-9.869727988088107251e-01
-9.869727988088107251e-01
-9.869727988088107251e-01
-9.869727988088107251e-01
-9.840095476256273122e-01
-9.840095476256273122e-01
-9.840095476256273122e-01
-9.840095476256273122e-01
-9.840095476256273122e-01
-9.840095476256273122e-01
-9.840095476256273122e-01
-1.181313002314667848e+00
-1.181313002314667848e+00
-1.181313002314667848e+00
-1.354349730803451335e+00
-1.354349730803451335e+00
-1.354349730803451335e+00
-1.354349730803451335e+00
-1.227673563401056267e+00
-1.227673563401056267e+00
-1.227673563401056267e+00
-1.227673563401056267e+00
-1.227673563401056267e+00
-1.227673563401056267e+00
-1.227673563401056267e+00
-1.227673563401056267e+00
-1.229878365423665576e+00
-1.229878365423665576e+00
-1.229878365423665576e+00
-1.229878365423665576e+00
-1.229878365423665576e+00
-1.251107078209433787e+00
-1.251107078209433787e+00
-1.251107078209433787e+00
-1.251107078209433787e+00
-1.251107078209433787e+00
-1.251107078209433787e+00
-1.249573084865883699e+00
-1.249573084865883699e+00
-1.083071099640534385e+00
-1.083071099640534385e+00
-1.083071099640534385e+00
-1.083071099640534385e+00
-1.083071099640534385e+00
-1.083071099640534385e+00
-1.083071099640534385e+00
-1.083071099640534385e+00
-1.083071099640534385e+00
-1.083071099640534385e+00
-1.083071099640534385e+00
-1.083071099640534385e+00
-1.083071099640534385e+00
-1.083071099640534385e+00
-1.083071099640534385e+00
-1.083071099640534385e+00
-1.083071099640534385e+00
-1.083071099640534385e+00
-1.083071099640534385e+00
-1.083071099640534385e+00
-1.083071099640534385e+00
-1.419862985155094570e+00
-1.419862985155094570e+00
-1.419862985155094570e+00
-1.419862985155094570e+00
-1.419862985155094570e+00
-1.343140866514829446e+00
-1.343140866514829446e+00
-1.343140866514829446e+00
-1.343140866514829446e+00
-1.343140866514829446e+00
-1.269219254444479583e+00
-1.269219254444479583e+00
-1.269219254444479583e+00
-1.269219254444479583e+00
-1.269219254444479583e+00
-1.269219254444479583e+00
-1.269219254444479583e+00
-1.269219254444479583e+00
-1.269219254444479583e+00
-1.269219254444479583e+00
-1.269219254444479583e+00
-1.269219254444479583e+00
-1.269219254444479583e+00
-1.269219254444479583e+00
-1.269219254444479583e+00
-1.269219254444479583e+00
-1.269219254444479583e+00
-1.269219254444479583e+00
-1.269219254444479583e+00
-1.269219254444479583e+00
-1.269219254444479583e+00
-1.269219254444479583e+00
-1.269219254444479583e+00
-1.269219254444479583e+00
-1.269219254444479583e+00
-1.269219254444479583e+00
-1.269219254444479583e+00
-1.269219254444479583e+00
-1.269219254444479583e+00
-1.269219254444479583e+00
-1.269219254444479583e+00
-1.269219254444479583e+00
-1.269219254444479583e+00
-1.269219254444479583e+00
-1.269219254444479583e+00
-1.269219254444479583e+00
-1.269219254444479583e+00
-1.327684345026544976e+00
-1.327684345026544976e+00
-1.327684345026544976e+00
-1.327684345026544976e+00
-1.327684345026544976e+00
-1.327684345026544976e+00
-1.327684345026544976e+00
-1.327684345026544976e+00
-1.327684345026544976e+00
-1.327684345026544976e+00
-1.327684345026544976e+00
-1.327684345026544976e+00
-1.327684345026544976e+00
-1.327684345026544976e+00
-1.327684345026544976e+00
-1.327684345026544976e+00
-1.327684345026544976e+00
-1.327684345026544976e+00
-1.327684345026544976e+00
-1.327684345026544976e+00
-1.327684345026544976e+00
-1.327684345026544976e+00
-1.327684345026544976e+00
-1.327684345026544976e+00
-1.327684345026544976e+00
-1.327684345026544976e+00
-1.327684345026544976e+00
-1.327684345026544976e+00
-1.327684345026544976e+00
-1.327684345026544976e+00
-1.215493701839994056e+00
-1.215493701839994056e+00
-1.215493701839994056e+00
-1.215493701839994056e+00
-1.215493701839994056e+00
-1.215493701839994056e+00
-1.215493701839994056e+00
-1.215493701839994056e+00
-1.215493701839994056e+00
-1.215493701839994056e+00
-1.215493701839994056e+00
-1.215493701839994056e+00
-1.215493701839994056e+00
-1.215493701839994056e+00
-1.215493701839994056e+00
-1.215493701839994056e+00
-1.215493701839994056e+00
-1.215493701839994056e+00
-1.215493701839994056e+00
-1.215493701839994056e+00
-1.215493701839994056e+00
-1.215493701839994056e+00
-1.215493701839994056e+00
-1.215493701839994056e+00
-1.215493701839994056e+00
-1.215493701839994056e+00
-1.215493701839994056e+00
-1.215493701839994056e+00
-1.215493701839994056e+00
-1.215493701839994056e+00
-1.251134772145725327e+00
-1.251134772145725327e+00
-1.272295218808701112e+00
-1.272295218808701112e+00
-1.272295218808701112e+00
-1.272295218808701112e+00
-1.272295218808701112e+00
-1.272295218808701112e+00
-1.272295218808701112e+00
-1.272295218808701112e+00
-1.272295218808701112e+00
-1.272295218808701112e+00
-1.272295218808701112e+00
-1.272295218808701112e+00
-1.272295218808701112e+00
-1.271791713415550529e+00
-1.271791713415550529e+00
-1.271791713415550529e+00
-1.271791713415550529e+00
-1.271791713415550529e+00
-1.271791713415550529e+00
-1.271791713415550529e+00
-1.271791713415550529e+00
-1.327140495380525476e+00
-1.327140495380525476e+00
-1.121052820413563911e+00
-1.121052820413563911e+00
-1.121052820413563911e+00
-1.294106529957933516e+00
-1.294106529957933516e+00
-1.294106529957933516e+00
-1.294106529957933516e+00
-1.294106529957933516e+00
-1.294106529957933516e+00
-1.294106529957933516e+00
-1.294106529957933516e+00
-1.294106529957933516e+00
-1.294106529957933516e+00
-1.294106529957933516e+00
-1.304375168014438868e+00
-1.304375168014438868e+00
-1.304375168014438868e+00
-1.304375168014438868e+00
-1.304375168014438868e+00
-1.304375168014438868e+00
-1.252843704551857229e+00
-1.252843704551857229e+00
-1.252843704551857229e+00
-1.252843704551857229e+00
-1.252843704551857229e+00
-1.252843704551857229e+00
-1.252843704551857229e+00
-1.252843704551857229e+00
-1.252843704551857229e+00
-1.252843704551857229e+00
-1.252843704551857229e+00
-1.252843704551857229e+00
-1.252843704551857229e+00
-1.252843704551857229e+00
-1.252843704551857229e+00
-1.252843704551857229e+00
-1.252843704551857229e+00
-1.252843704551857229e+00
-1.252843704551857229e+00
-1.252843704551857229e+00
-1.252843704551857229e+00
-1.101502724860867755e+00
-1.133552928727625808e+00
-1.133552928727625808e+00
-1.133552928727625808e+00
-1.201149154575559264e+00
-1.201149154575559264e+00
-1.201149154575559264e+00
-1.201149154575559264e+00
-1.216052481138911290e+00
-1.216052481138911290e+00
-1.216052481138911290e+00
-1.216052481138911290e+00
-1.216052481138911290e+00
-1.216052481138911290e+00
-1.216052481138911290e+00
-1.214930363868436114e+00
-1.214930363868436114e+00
-1.214930363868436114e+00
-1.214930363868436114e+00
-1.214930363868436114e+00
-1.214930363868436114e+00
-1.214930363868436114e+00
-1.214930363868436114e+00
-1.214930363868436114e+00
-1.214930363868436114e+00
-1.214930363868436114e+00
-1.214930363868436114e+00
-1.214930363868436114e+00
-1.214930363868436114e+00
-1.214930363868436114e+00
-1.214930363868436114e+00
-1.214930363868436114e+00
-1.214930363868436114e+00
-1.214930363868436114e+00
-1.214930363868436114e+00
-1.214930363868436114e+00
-1.214930363868436114e+00
-1.214930363868436114e+00
-1.214930363868436114e+00
-1.214930363868436114e+00
-1.214930363868436114e+00
-1.214930363868436114e+00
-1.214930363868436114e+00
-1.214930363868436114e+00
-1.214930363868436114e+00
-1.214930363868436114e+00
-1.214930363868436114e+00
-1.214930363868436114e+00
-1.214930363868436114e+00
-1.214930363868436114e+00
-1.214930363868436114e+00
-1.214930363868436114e+00
-1.214930363868436114e+00
-1.214930363868436114e+00
-1.214930363868436114e+00
-1.214930363868436114e+00
-1.214930363868436114e+00
-1.214930363868436114e+00
-1.214930363868436114e+00
-1.293634935273267006e+00
-1.240170594611085697e+00
-1.240170594611085697e+00
-1.240170594611085697e+00
-1.240170594611085697e+00
-1.240170594611085697e+00
-1.240170594611085697e+00
-1.240170594611085697e+00
-1.240170594611085697e+00
-1.240170594611085697e+00
-1.240170594611085697e+00
-1.240170594611085697e+00
-1.240170594611085697e+00
-1.240170594611085697e+00
-1.240170594611085697e+00
-1.240170594611085697e+00
-1.240170594611085697e+00
-1.240170594611085697e+00
-1.236526847569481946e+00
-1.236526847569481946e+00
-1.236526847569481946e+00
-1.236526847569481946e+00
-1.236526847569481946e+00
-1.236526847569481946e+00
-1.236526847569481946e+00
-1.236526847569481946e+00
-1.236526847569481946e+00
-1.236526847569481946e+00
-1.387112341237113577e+00
-1.387112341237113577e+00
-1.387112341237113577e+00
-1.387112341237113577e+00
-1.387112341237113577e+00
-1.387112341237113577e+00
-1.387112341237113577e+00
-1.387112341237113577e+00
-1.254990155564667420e+00
-1.254990155564667420e+00
-1.254990155564667420e+00
-1.254990155564667420e+00
-1.254990155564667420e+00
-1.254990155564667420e+00
-1.254990155564667420e+00
-1.254990155564667420e+00
-1.254990155564667420e+00
-1.254990155564667420e+00
-1.254990155564667420e+00
-1.254990155564667420e+00
-1.279426122486705175e+00
-1.279426122486705175e+00
-1.279426122486705175e+00
-1.279426122486705175e+00
-1.279426122486705175e+00
-1.279426122486705175e+00
-1.325617670784944746e+00
-1.325617670784944746e+00
-1.241680426989641095e+00
-1.241680426989641095e+00
-1.241680426989641095e+00
-1.241680426989641095e+00
-1.241680426989641095e+00
-1.241680426989641095e+00
-1.241680426989641095e+00
-1.241680426989641095e+00
-1.241680426989641095e+00
-1.241680426989641095e+00
-1.241680426989641095e+00
-1.241680426989641095e+00
-1.241680426989641095e+00
-1.241680426989641095e+00
-1.241680426989641095e+00
-1.241680426989641095e+00
-1.241680426989641095e+00
-1.241680426989641095e+00
-1.241680426989641095e+00
-1.241680426989641095e+00
-1.241680426989641095e+00
-1.241680426989641095e+00
-1.241680426989641095e+00
-1.241680426989641095e+00
-1.241680426989641095e+00
-1.241680426989641095e+00
-1.241680426989641095e+00
-1.241680426989641095e+00
-1.241680426989641095e+00
-1.241680426989641095e+00
-1.241680426989641095e+00
-1.251523171054701455e+00
-1.329475789407471131e+00
-1.329475789407471131e+00
-1.329475789407471131e+00
-1.329475789407471131e+00
-1.329475789407471131e+00
-1.329475789407471131e+00
-1.329475789407471131e+00
-1.329475789407471131e+00
-1.329475789407471131e+00
-1.329475789407471131e+00
-1.329475789407471131e+00
-1.329475789407471131e+00
-1.329475789407471131e+00
-1.329475789407471131e+00
-1.329475789407471131e+00
-1.293803264260519947e+00
-1.293803264260519947e+00
-1.293803264260519947e+00
-1.293803264260519947e+00
-1.293803264260519947e+00
-1.293803264260519947e+00
-1.293803264260519947e+00
-1.293803264260519947e+00
-1.293803264260519947e+00
-1.293803264260519947e+00
-1.293803264260519947e+00
-1.293803264260519947e+00
-1.293803264260519947e+00
-1.293803264260519947e+00
-1.293803264260519947e+00
-1.293803264260519947e+00
-1.354463127785385357e+00
-1.354463127785385357e+00
-1.354463127785385357e+00
-1.354463127785385357e+00
-1.354463127785385357e+00
-1.354463127785385357e+00
-1.354463127785385357e+00
-1.354463127785385357e+00
-1.354463127785385357e+00
-1.354463127785385357e+00
-1.354463127785385357e+00
-1.354463127785385357e+00
-1.354463127785385357e+00
-1.354463127785385357e+00
-1.354463127785385357e+00
-1.344439518383310439e+00
-1.344439518383310439e+00
-1.344439518383310439e+00
-1.260187498242175685e+00
-1.260187498242175685e+00
-1.260187498242175685e+00
-1.260187498242175685e+00
-1.260187498242175685e+00
-1.260187498242175685e+00
-1.260187498242175685e+00
-1.260187498242175685e+00
-1.260187498242175685e+00
-1.260187498242175685e+00
-1.260187498242175685e+00
-1.213785681168390251e+00
-1.213785681168390251e+00
-1.213785681168390251e+00
-1.213785681168390251e+00
-1.213785681168390251e+00
-1.213785681168390251e+00
-1.213785681168390251e+00
-1.213785681168390251e+00
-1.213785681168390251e+00
-1.213785681168390251e+00
-1.213785681168390251e+00
-1.213785681168390251e+00
-1.213785681168390251e+00
-1.213785681168390251e+00
-1.213785681168390251e+00
-1.213785681168390251e+00
-1.213785681168390251e+00
-1.213785681168390251e+00
-1.213785681168390251e+00
-1.213785681168390251e+00
-1.213785681168390251e+00
-1.213785681168390251e+00
-1.213785681168390251e+00
-1.213785681168390251e+00
-1.213785681168390251e+00
-1.213785681168390251e+00
-1.213785681168390251e+00
-1.213785681168390251e+00
-1.213785681168390251e+00
-1.213785681168390251e+00
-1.223076939810758379e+00
-1.223076939810758379e+00
-1.223076939810758379e+00
-1.223076939810758379e+00
-1.223076939810758379e+00
-1.223076939810758379e+00
-1.223076939810758379e+00
-1.223076939810758379e+00
-1.223076939810758379e+00
-1.223076939810758379e+00
-1.223076939810758379e+00
-1.223076939810758379e+00
-1.223076939810758379e+00
-1.264986412930898751e+00
-1.264986412930898751e+00
-1.264986412930898751e+00
-1.264986412930898751e+00
-1.264986412930898751e+00
-1.264986412930898751e+00
-1.264986412930898751e+00
-1.264986412930898751e+00
-1.264986412930898751e+00
-1.264986412930898751e+00
-1.264986412930898751e+00
-1.264986412930898751e+00
-1.264986412930898751e+00
-1.264986412930898751e+00
-1.316128793683608134e+00
-1.204150812575739637e+00
-1.204150812575739637e+00
-1.161816585132314339e+00
-1.161816585132314339e+00
-1.161816585132314339e+00
-1.254168112920757361e+00
-1.254168112920757361e+00
-1.254168112920757361e+00
-1.254168112920757361e+00
-1.254168112920757361e+00
-1.236457327811713469e+00
-1.236457327811713469e+00
-1.236457327811713469e+00
-1.236457327811713469e+00
-1.387062993605779671e+00
-1.387062993605779671e+00
-1.387062993605779671e+00
-1.321747357713104920e+00
-1.321747357713104920e+00
-1.321747357713104920e+00
-1.321747357713104920e+00
-1.321747357713104920e+00
-1.321747357713104920e+00
-1.321747357713104920e+00
-1.321747357713104920e+00
-1.321747357713104920e+00
-1.389966640144187693e+00
-1.389966640144187693e+00
-1.389966640144187693e+00
-1.389966640144187693e+00
-1.389966640144187693e+00
-1.389966640144187693e+00
-1.389966640144187693e+00
-1.389966640144187693e+00
-1.389966640144187693e+00
-1.389966640144187693e+00
-1.389966640144187693e+00
-1.389966640144187693e+00
-1.389966640144187693e+00
-1.389966640144187693e+00
-1.389966640144187693e+00
-1.389966640144187693e+00
-1.389966640144187693e+00
-1.389966640144187693e+00
-1.389966640144187693e+00
-1.389966640144187693e+00
-1.389966640144187693e+00
-1.389966640144187693e+00
-1.389966640144187693e+00
-1.389966640144187693e+00
-1.389966640144187693e+00
-1.389966640144187693e+00
-1.389966640144187693e+00
-1.389966640144187693e+00
-1.389966640144187693e+00
-1.389966640144187693e+00
-1.389966640144187693e+00
-1.389966640144187693e+00
-1.389966640144187693e+00
-1.389966640144187693e+00
-1.389966640144187693e+00
-1.331889036736570331e+00
-1.331889036736570331e+00
-1.331889036736570331e+00
-1.331889036736570331e+00
-1.331889036736570331e+00
-1.331889036736570331e+00
-1.331889036736570331e+00
-1.331889036736570331e+00
-1.331889036736570331e+00
-1.331889036736570331e+00
-1.331889036736570331e+00
-1.331889036736570331e+00
-1.331889036736570331e+00
-1.331889036736570331e+00
-1.331889036736570331e+00
-1.331889036736570331e+00
-1.331889036736570331e+00
-1.331889036736570331e+00
-1.331889036736570331e+00
-1.331889036736570331e+00
-1.287720171488949683e+00
-1.287720171488949683e+00
-1.287720171488949683e+00
-1.287720171488949683e+00
-1.287720171488949683e+00
-1.287720171488949683e+00
-1.287720171488949683e+00
-1.287720171488949683e+00
-1.287720171488949683e+00
-1.287720171488949683e+00
-1.287720171488949683e+00
-1.287720171488949683e+00
-1.210484404408908921e+00
-1.210484404408908921e+00
-1.210484404408908921e+00
-1.210484404408908921e+00
-1.210484404408908921e+00
-1.210484404408908921e+00
-1.210484404408908921e+00
-1.210484404408908921e+00
-1.210484404408908921e+00
-1.210484404408908921e+00
-1.210484404408908921e+00
-1.210484404408908921e+00
-1.223219170397144007e+00
-1.223219170397144007e+00
-1.223219170397144007e+00
-1.223219170397144007e+00
-1.223219170397144007e+00
-1.223219170397144007e+00
-1.402056923787862619e+00
-1.402056923787862619e+00
-1.402056923787862619e+00
-1.402056923787862619e+00
-1.402056923787862619e+00
-1.402056923787862619e+00
-1.402056923787862619e+00
-1.402056923787862619e+00
-1.402056923787862619e+00
-1.402056923787862619e+00
-1.402056923787862619e+00
-1.402056923787862619e+00
-1.402056923787862619e+00
-1.402056923787862619e+00
-1.402056923787862619e+00
-1.321899161512035681e+00
-1.321899161512035681e+00
-1.321899161512035681e+00
-1.321899161512035681e+00
-1.321899161512035681e+00
-1.321899161512035681e+00
-1.321899161512035681e+00
-1.321899161512035681e+00
-1.321899161512035681e+00
-1.321899161512035681e+00
-1.321899161512035681e+00
-1.321899161512035681e+00
-1.318834365895783511e+00
-1.318834365895783511e+00
-1.318834365895783511e+00
-1.318834365895783511e+00
-1.318834365895783511e+00
-1.318834365895783511e+00
-1.318834365895783511e+00
-1.318834365895783511e+00
-1.318834365895783511e+00
-1.318834365895783511e+00
-1.318834365895783511e+00
-1.318834365895783511e+00
-1.318834365895783511e+00
-1.318834365895783511e+00
-1.318834365895783511e+00
-1.318834365895783511e+00
-1.318834365895783511e+00
-1.318834365895783511e+00
-1.318834365895783511e+00
-1.318834365895783511e+00
-1.318834365895783511e+00
-1.318834365895783511e+00
-1.318834365895783511e+00
-1.318834365895783511e+00
-1.318834365895783511e+00
-1.318834365895783511e+00
-1.318834365895783511e+00
-1.318834365895783511e+00
-1.318834365895783511e+00
-1.318834365895783511e+00
-1.318834365895783511e+00
-1.318834365895783511e+00
-1.318834365895783511e+00
-1.318834365895783511e+00
-1.318834365895783511e+00
-1.318834365895783511e+00
-1.318834365895783511e+00
-1.318834365895783511e+00
-1.318834365895783511e+00
-1.318834365895783511e+00
-1.318834365895783511e+00
-1.318834365895783511e+00
-1.318834365895783511e+00
-1.318834365895783511e+00
-1.318834365895783511e+00
-1.318834365895783511e+00
-1.318834365895783511e+00
-1.318834365895783511e+00
-1.318834365895783511e+00
-1.318834365895783511e+00
-1.318834365895783511e+00
-1.318834365895783511e+00
-1.318834365895783511e+00
-1.318834365895783511e+00
-1.318834365895783511e+00
-1.318834365895783511e+00
-1.318834365895783511e+00
-1.318834365895783511e+00
-1.318834365895783511e+00
-1.318834365895783511e+00
-1.318834365895783511e+00
-1.318834365895783511e+00
-1.318834365895783511e+00
-1.318834365895783511e+00
-1.318834365895783511e+00
-1.318834365895783511e+00
-1.318834365895783511e+00
-1.318834365895783511e+00
-1.318834365895783511e+00
-1.318834365895783511e+00
-1.318834365895783511e+00
-1.318834365895783511e+00
-1.318834365895783511e+00
-1.318834365895783511e+00
-1.318834365895783511e+00
-1.318834365895783511e+00
-1.318834365895783511e+00
-1.318834365895783511e+00
-1.318834365895783511e+00
-1.283078075139062024e+00
-1.283078075139062024e+00
-1.283078075139062024e+00
-1.283078075139062024e+00
-1.283078075139062024e+00
-1.283078075139062024e+00
-1.283078075139062024e+00
-1.283078075139062024e+00
-1.283078075139062024e+00
-1.283078075139062024e+00
-1.283078075139062024e+00
-1.283078075139062024e+00
-1.283078075139062024e+00
-1.283078075139062024e+00
-1.283078075139062024e+00
-1.283078075139062024e+00
-1.283078075139062024e+00
-1.283078075139062024e+00
-1.283078075139062024e+00
-1.283078075139062024e+00
-1.283078075139062024e+00
-1.283078075139062024e+00
-1.283078075139062024e+00
-1.283078075139062024e+00
-1.283078075139062024e+00
-1.283078075139062024e+00
-1.283078075139062024e+00
-1.283078075139062024e+00
-1.283078075139062024e+00
-1.283078075139062024e+00
-1.283078075139062024e+00
-1.283078075139062024e+00
-1.283078075139062024e+00
-1.283078075139062024e+00
-1.283078075139062024e+00
-1.283078075139062024e+00
-1.283078075139062024e+00
-1.283078075139062024e+00
-1.283078075139062024e+00
-1.283078075139062024e+00
-1.283078075139062024e+00
-1.283078075139062024e+00
-1.283078075139062024e+00
-1.283078075139062024e+00
-1.283078075139062024e+00
-1.283078075139062024e+00
-1.283078075139062024e+00
-1.283078075139062024e+00
-1.283078075139062024e+00
-1.312448349327247854e+00
-1.312448349327247854e+00
-1.312448349327247854e+00
-1.312448349327247854e+00
-1.312448349327247854e+00
-1.312448349327247854e+00
-1.312448349327247854e+00
-1.312448349327247854e+00
-1.312448349327247854e+00
-1.312448349327247854e+00
-1.312448349327247854e+00
-1.312448349327247854e+00
-1.312448349327247854e+00
-1.312448349327247854e+00
-1.312448349327247854e+00
-1.312448349327247854e+00
-1.312448349327247854e+00
-1.312448349327247854e+00
-1.312448349327247854e+00
-1.312448349327247854e+00
-1.312448349327247854e+00
-1.312448349327247854e+00
-1.312448349327247854e+00
-1.312448349327247854e+00
-1.312448349327247854e+00
-1.312448349327247854e+00
-1.312448349327247854e+00
-1.258225217604044488e+00
-1.258225217604044488e+00
-1.258225217604044488e+00
-1.237330085688749470e+00
-1.237330085688749470e+00
-1.237330085688749470e+00
-1.237330085688749470e+00
-1.237330085688749470e+00
-1.237330085688749470e+00
-1.237330085688749470e+00
-1.237330085688749470e+00
-1.237330085688749470e+00
-1.237330085688749470e+00
-1.237330085688749470e+00
-1.237330085688749470e+00
-1.237330085688749470e+00
-1.237330085688749470e+00
-1.237330085688749470e+00
-1.237330085688749470e+00
-1.237330085688749470e+00
-1.237330085688749470e+00
-1.237330085688749470e+00
-1.237330085688749470e+00
-1.237330085688749470e+00
-1.237330085688749470e+00
-1.342958519609206869e+00
-1.341227591607584202e+00
-1.341227591607584202e+00
-1.324749015713285072e+00
-1.324749015713285072e+00
-1.324749015713285072e+00
-1.324749015713285072e+00
-1.324749015713285072e+00
-1.324749015713285072e+00
-1.324749015713285072e+00
-1.324749015713285072e+00
-1.324749015713285072e+00
-1.324749015713285072e+00
-1.324749015713285072e+00
-1.324749015713285072e+00
-1.324749015713285072e+00
-1.324749015713285072e+00
-1.324749015713285072e+00
-1.324749015713285072e+00
-1.324749015713285072e+00
-1.324749015713285072e+00
-1.324749015713285072e+00
-1.324749015713285072e+00
-1.324749015713285072e+00
-1.324749015713285072e+00
-1.324749015713285072e+00
-1.324749015713285072e+00
-1.133795792012551873e+00
-1.133795792012551873e+00
-1.133795792012551873e+00
-1.169834948406620612e+00
-1.169834948406620612e+00
-1.169834948406620612e+00
-1.169834948406620612e+00
-1.169834948406620612e+00
-1.169834948406620612e+00
-1.298450033249864077e+00
-1.298450033249864077e+00
-1.298450033249864077e+00
-1.298450033249864077e+00
-1.298450033249864077e+00
-1.298450033249864077e+00
-1.298450033249864077e+00
-1.298450033249864077e+00
-1.298450033249864077e+00
-1.298450033249864077e+00
-1.298450033249864077e+00
-1.298450033249864077e+00
-1.095470461289239861e+00
-1.095470461289239861e+00
-1.095470461289239861e+00
-1.095470461289239861e+00
-1.095470461289239861e+00
-1.095470461289239861e+00
-1.095470461289239861e+00
-1.095470461289239861e+00
-1.095470461289239861e+00
-1.095470461289239861e+00
-1.095470461289239861e+00
-1.095470461289239861e+00
-1.095470461289239861e+00
-1.095470461289239861e+00
-1.095470461289239861e+00
-1.095470461289239861e+00
-1.095470461289239861e+00
-1.095470461289239861e+00
-1.095470461289239861e+00
-1.095470461289239861e+00
-1.196346592948723808e+00
-1.196346592948723808e+00
-1.196346592948723808e+00
-1.196346592948723808e+00
-1.196346592948723808e+00
-1.196346592948723808e+00
-1.196346592948723808e+00
-1.196346592948723808e+00
-1.196346592948723808e+00
-1.196346592948723808e+00
-1.196346592948723808e+00
-1.196346592948723808e+00
-1.196346592948723808e+00
-1.196346592948723808e+00
-1.196346592948723808e+00
-1.196346592948723808e+00
-1.196346592948723808e+00
-1.196346592948723808e+00
-1.196346592948723808e+00
-1.196346592948723808e+00
-1.196346592948723808e+00
-1.196346592948723808e+00
-1.196346592948723808e+00
-1.196346592948723808e+00
-1.196346592948723808e+00
-1.196346592948723808e+00
-1.196346592948723808e+00
-1.196346592948723808e+00
-1.196346592948723808e+00
-1.196346592948723808e+00
-1.196346592948723808e+00
-1.196346592948723808e+00
-1.196346592948723808e+00
-1.196346592948723808e+00
-1.196346592948723808e+00
-1.196346592948723808e+00
-1.196346592948723808e+00
-1.196346592948723808e+00
-1.196346592948723808e+00
-1.196346592948723808e+00
-1.196346592948723808e+00
-1.196346592948723808e+00
-1.173822989199402977e+00
-1.173822989199402977e+00
-1.173822989199402977e+00
-1.173822989199402977e+00
-1.173822989199402977e+00
-1.173822989199402977e+00
-1.173822989199402977e+00
-1.173822989199402977e+00
-1.173822989199402977e+00
-1.173822989199402977e+00
-1.173822989199402977e+00
-1.173822989199402977e+00
-1.173822989199402977e+00
-1.173822989199402977e+00
-1.231666390800111310e+00
-1.231666390800111310e+00
-1.231666390800111310e+00
-1.231666390800111310e+00
-1.231666390800111310e+00
-1.231666390800111310e+00
-1.231666390800111310e+00
-1.231666390800111310e+00
-1.231666390800111310e+00
-1.231666390800111310e+00
-1.231666390800111310e+00
-1.231666390800111310e+00
-1.231666390800111310e+00
-1.231666390800111310e+00
-1.231666390800111310e+00
-1.231666390800111310e+00
-1.231666390800111310e+00
-1.231666390800111310e+00
-1.231666390800111310e+00
-1.231666390800111310e+00
-1.231666390800111310e+00
-1.231666390800111310e+00
-1.231666390800111310e+00
-1.231666390800111310e+00
-1.231666390800111310e+00
-1.231666390800111310e+00
-1.231666390800111310e+00
-1.231666390800111310e+00
-1.231666390800111310e+00
-1.231666390800111310e+00
-1.231666390800111310e+00
-1.231666390800111310e+00
-1.231666390800111310e+00
-1.231666390800111310e+00
-1.231666390800111310e+00
-1.231666390800111310e+00
-1.231666390800111310e+00
-1.231666390800111310e+00
-1.231666390800111310e+00
-1.231666390800111310e+00
-1.231666390800111310e+00
-1.231666390800111310e+00
-1.231666390800111310e+00
-1.231666390800111310e+00
-1.231666390800111310e+00
-1.168062650450784723e+00
-1.168062650450784723e+00
-1.168062650450784723e+00
-1.168062650450784723e+00
-1.168062650450784723e+00
-1.168062650450784723e+00
-1.168062650450784723e+00
-1.168062650450784723e+00
-1.168062650450784723e+00
-1.168062650450784723e+00
-1.168062650450784723e+00
-1.168062650450784723e+00
-1.168062650450784723e+00
-1.168062650450784723e+00
-1.168062650450784723e+00
-1.173919405125751103e+00
-1.173919405125751103e+00
-1.173919405125751103e+00
-1.134280834781508096e+00
-1.134280834781508096e+00
-1.148111049805270900e+00
-1.276759754859238649e+00
-1.276759754859238649e+00
-1.276759754859238649e+00
-1.265345180467711383e+00
-1.265345180467711383e+00
-1.265345180467711383e+00
-1.265345180467711383e+00
-1.265345180467711383e+00
-1.269406160022742869e+00
-1.269406160022742869e+00
-1.269406160022742869e+00
-1.269406160022742869e+00
-1.269406160022742869e+00
-1.250561974928438236e+00
-1.276989967827587114e+00
-1.276989967827587114e+00
-1.276989967827587114e+00
-1.276989967827587114e+00
-1.276989967827587114e+00
-1.276989967827587114e+00
-1.276989967827587114e+00
-1.276989967827587114e+00
-1.091708074792165251e+00
-1.176702132872368134e+00
-1.176702132872368134e+00
-1.176702132872368134e+00
-1.176702132872368134e+00
-1.176702132872368134e+00
-1.176702132872368134e+00
-1.176702132872368134e+00
-1.213508058004579837e+00
-1.213508058004579837e+00
-1.213508058004579837e+00
-1.213508058004579837e+00
-1.213508058004579837e+00
-1.213508058004579837e+00
-1.213508058004579837e+00
-1.213508058004579837e+00
-1.213508058004579837e+00
-1.310245028873246564e+00
-1.310245028873246564e+00
-1.310245028873246564e+00
-1.310245028873246564e+00
-1.310245028873246564e+00
-1.310245028873246564e+00
-1.310245028873246564e+00
-1.163483463783337113e+00
-1.163483463783337113e+00
-1.163483463783337113e+00
-1.163483463783337113e+00
-1.163483463783337113e+00
-1.163483463783337113e+00
-1.163530760011982856e+00
-1.163530760011982856e+00
-1.163530760011982856e+00
-1.163530760011982856e+00
-1.163530760011982856e+00
-1.163530760011982856e+00
-1.163530760011982856e+00
-1.163530760011982856e+00
-1.163530760011982856e+00
-1.163530760011982856e+00
-1.163530760011982856e+00
-1.163530760011982856e+00
-1.159639591012812332e+00
-1.039913803851855167e+00
-1.020221819613221337e+00
-1.020221819613221337e+00
-1.020221819613221337e+00
-1.020221819613221337e+00
-1.020221819613221337e+00
-1.173181697925691491e+00
-1.173181697925691491e+00
-1.173181697925691491e+00
-1.173181697925691491e+00
-1.173181697925691491e+00
-1.173181697925691491e+00
-1.173181697925691491e+00
-1.173181697925691491e+00
-1.173181697925691491e+00
-1.173181697925691491e+00
-1.173181697925691491e+00
-1.217670468025863872e+00
-1.217670468025863872e+00
-1.217670468025863872e+00
-1.217670468025863872e+00
-1.217670468025863872e+00
-1.217670468025863872e+00
-1.217670468025863872e+00
-1.217670468025863872e+00
-1.217670468025863872e+00
-1.217670468025863872e+00
-1.217670468025863872e+00
-1.217670468025863872e+00
-1.217670468025863872e+00
-1.217670468025863872e+00
-1.217670468025863872e+00
-1.217670468025863872e+00
-1.217670468025863872e+00
-1.181554953865065816e+00
-1.181554953865065816e+00
-1.181554953865065816e+00
-1.181554953865065816e+00
-1.181554953865065816e+00
-1.181554953865065816e+00
-1.181554953865065816e+00
-1.181554953865065816e+00
-1.181554953865065816e+00
-1.181554953865065816e+00
-1.181554953865065816e+00
-1.181554953865065816e+00
-1.181554953865065816e+00
-1.181554953865065816e+00
-1.181554953865065816e+00
-1.181554953865065816e+00
-1.174300282224870262e+00
-1.174300282224870262e+00
-1.174300282224870262e+00
-1.174300282224870262e+00
-1.174300282224870262e+00
-1.174300282224870262e+00
-1.115268776567214681e+00
-1.115268776567214681e+00
-1.115268776567214681e+00
-1.115268776567214681e+00
-1.115268776567214681e+00
-1.115268776567214681e+00
-1.115268776567214681e+00
-1.115268776567214681e+00
-1.115268776567214681e+00
-1.115268776567214681e+00
-1.115268776567214681e+00
-1.115268776567214681e+00
-1.115268776567214681e+00
-1.115268776567214681e+00
-1.042020024578612203e+00
-1.042020024578612203e+00
-1.042020024578612203e+00
-1.042020024578612203e+00
-1.042020024578612203e+00
-1.042020024578612203e+00
-1.042020024578612203e+00
-1.042020024578612203e+00
-1.042020024578612203e+00
-1.042020024578612203e+00
-1.042020024578612203e+00
-1.042020024578612203e+00
-1.042020024578612203e+00
-1.042020024578612203e+00
-1.042020024578612203e+00
-1.042020024578612203e+00
-1.042020024578612203e+00
-1.042020024578612203e+00
-1.042020024578612203e+00
-1.042020024578612203e+00
-1.042020024578612203e+00
-1.042020024578612203e+00
-1.042020024578612203e+00
-1.042020024578612203e+00
-1.042020024578612203e+00
-1.042020024578612203e+00
-1.042020024578612203e+00
-1.042020024578612203e+00
-1.042020024578612203e+00
-1.113005053700726110e+00
-1.113005053700726110e+00
-1.113005053700726110e+00
-1.113005053700726110e+00
-1.113005053700726110e+00
-1.113005053700726110e+00
-1.113005053700726110e+00
-1.113005053700726110e+00
-1.113005053700726110e+00
-1.113005053700726110e+00
-1.113005053700726110e+00
-1.113005053700726110e+00
-1.113005053700726110e+00
-1.113005053700726110e+00
-1.113005053700726110e+00
-1.113005053700726110e+00
-1.113005053700726110e+00
-1.113005053700726110e+00
-1.123534105931823568e+00
-1.123534105931823568e+00
-1.123534105931823568e+00
-1.123534105931823568e+00
-1.123534105931823568e+00
-1.123534105931823568e+00
-1.119904832675853612e+00
-1.119904832675853612e+00
-1.119904832675853612e+00
-1.119904832675853612e+00
-1.119904832675853612e+00
-1.044505526869064393e+00
-1.044505526869064393e+00
-1.044505526869064393e+00
-1.059996124435337306e+00
-1.059996124435337306e+00
-1.059996124435337306e+00
-1.059996124435337306e+00
-1.033680502816778146e+00
-1.033680502816778146e+00
-1.033680502816778146e+00
-1.033680502816778146e+00
-1.033680502816778146e+00
-1.033680502816778146e+00
-1.033680502816778146e+00
-1.033680502816778146e+00
-1.033680502816778146e+00
-1.033680502816778146e+00
-1.033680502816778146e+00
-1.011555441023058943e+00
-1.011555441023058943e+00
-1.011555441023058943e+00
-1.048772330493817462e+00
-1.048772330493817462e+00
-1.048772330493817462e+00
-1.048772330493817462e+00
-1.048772330493817462e+00
-1.048772330493817462e+00
-1.048772330493817462e+00
-1.048772330493817462e+00
-1.048772330493817462e+00
-1.048772330493817462e+00
-1.058634107017152326e+00
-1.042753401039663297e+00
-1.042753401039663297e+00
-1.042753401039663297e+00
-1.042753401039663297e+00
-1.042753401039663297e+00
-1.042753401039663297e+00
-1.067879323065850761e+00
-1.067879323065850761e+00
-1.067879323065850761e+00
-1.067879323065850761e+00
-1.067879323065850761e+00
-1.112674094067021002e+00
-1.112674094067021002e+00
-1.112674094067021002e+00
-1.112674094067021002e+00
-1.112674094067021002e+00
-1.093725857269695512e+00
-1.093725857269695512e+00
-1.093725857269695512e+00
-1.093725857269695512e+00
-1.093725857269695512e+00
-1.093725857269695512e+00
-1.093725857269695512e+00
-1.093725857269695512e+00
-1.093725857269695512e+00
-1.093725857269695512e+00
-1.093725857269695512e+00
-1.093725857269695512e+00
-1.093725857269695512e+00
-1.093725857269695512e+00
-1.093725857269695512e+00
-1.093725857269695512e+00
-1.093725857269695512e+00
-1.093725857269695512e+00
-1.093725857269695512e+00
-1.078093484984301131e+00
-1.078093484984301131e+00
-1.078093484984301131e+00
-1.078093484984301131e+00
-1.078093484984301131e+00
-1.078093484984301131e+00
-1.078093484984301131e+00
-1.078093484984301131e+00
-1.078093484984301131e+00
-1.078093484984301131e+00
-1.078093484984301131e+00
-1.068620677204022540e+00
-1.068620677204022540e+00
-1.068620677204022540e+00
-1.068620677204022540e+00
-1.068620677204022540e+00
-1.068620677204022540e+00
-1.068620677204022540e+00
-1.068620677204022540e+00
-1.068620677204022540e+00
-1.068620677204022540e+00
-1.068620677204022540e+00
-1.068620677204022540e+00
-1.133293654221193769e+00
-1.183787791724414618e+00
-1.183787791724414618e+00
-1.183787791724414618e+00
-1.183787791724414618e+00
-1.183787791724414618e+00
-1.183787791724414618e+00
-1.066306467038039774e+00
-1.066306467038039774e+00
-1.066306467038039774e+00
-1.066306467038039774e+00
-1.066306467038039774e+00
-1.152987120028435619e+00
-1.152987120028435619e+00
-1.152987120028435619e+00
-1.152987120028435619e+00
-1.152987120028435619e+00
-1.152987120028435619e+00
-1.152987120028435619e+00
-1.152987120028435619e+00
-1.152987120028435619e+00
-1.152987120028435619e+00
-1.152987120028435619e+00
-1.152987120028435619e+00
-1.152987120028435619e+00
-1.127752245726138636e+00
-1.127752245726138636e+00
-1.127752245726138636e+00
-1.127752245726138636e+00
-1.127752245726138636e+00
-1.127752245726138636e+00
-1.127752245726138636e+00
-1.127752245726138636e+00
-1.127752245726138636e+00
-1.127752245726138636e+00
-1.127752245726138636e+00
-1.127752245726138636e+00
-1.127752245726138636e+00
-1.127752245726138636e+00
-1.127752245726138636e+00
-1.127752245726138636e+00
-1.127752245726138636e+00
-1.127752245726138636e+00
-1.127752245726138636e+00
-1.127752245726138636e+00
-1.127752245726138636e+00
-1.127752245726138636e+00
-1.164159400969116742e+00
-1.164159400969116742e+00
-1.164159400969116742e+00
-1.117477225527936602e+00
-1.117477225527936602e+00
-1.117477225527936602e+00
-1.117477225527936602e+00
-1.117477225527936602e+00
-1.117477225527936602e+00
-1.117477225527936602e+00
-1.117477225527936602e+00
-1.117477225527936602e+00
-1.117477225527936602e+00
-1.117477225527936602e+00
-1.117477225527936602e+00
-1.117477225527936602e+00
-1.117477225527936602e+00
-1.117477225527936602e+00
-1.117477225527936602e+00
-1.117477225527936602e+00
-1.117477225527936602e+00
-1.117477225527936602e+00
-1.117477225527936602e+00
-1.117477225527936602e+00
-1.117477225527936602e+00
-1.117477225527936602e+00
-1.117477225527936602e+00
-1.117477225527936602e+00
-1.117477225527936602e+00
-1.117477225527936602e+00
-1.117477225527936602e+00
-1.117477225527936602e+00
-1.117477225527936602e+00
-1.143699622290995865e+00
-1.143699622290995865e+00
-1.143699622290995865e+00
-1.143699622290995865e+00
-1.143699622290995865e+00
-1.143699622290995865e+00
-1.143699622290995865e+00
-1.077514875459397503e+00
-1.077514875459397503e+00
-1.077514875459397503e+00
-1.077514875459397503e+00
-1.067256608383149397e+00
-1.067256608383149397e+00
-1.067256608383149397e+00
-1.067256608383149397e+00
-1.067256608383149397e+00
-1.067256608383149397e+00
-1.067256608383149397e+00
-1.018020550561908433e+00
-1.018020550561908433e+00
-1.018020550561908433e+00
-1.018020550561908433e+00
-1.018020550561908433e+00
-1.018020550561908433e+00
-1.018020550561908433e+00
-1.018020550561908433e+00
-1.018020550561908433e+00
-1.018020550561908433e+00
-1.018020550561908433e+00
-1.046855978482539973e+00
-1.046855978482539973e+00
-1.046855978482539973e+00
-1.046855978482539973e+00
-1.046855978482539973e+00
-1.046855978482539973e+00
-1.046855978482539973e+00
-1.046855978482539973e+00
-1.046855978482539973e+00
-1.046855978482539973e+00
-1.046855978482539973e+00
-1.043451675721381866e+00
-1.043451675721381866e+00
-1.043451675721381866e+00
-1.043451675721381866e+00
-1.043451675721381866e+00
-1.043451675721381866e+00
-1.043451675721381866e+00
-1.043451675721381866e+00
-8.959513207466606177e-01
-8.959513207466606177e-01
-8.959513207466606177e-01
-9.047795891989712791e-01
-9.047795891989712791e-01
-1.066602438859228341e+00
-1.066602438859228341e+00
-1.066602438859228341e+00
-1.066602438859228341e+00
-1.066602438859228341e+00
-1.088068772456386002e+00
-1.088068772456386002e+00
-1.088068772456386002e+00
-1.088068772456386002e+00
-1.088068772456386002e+00
-1.088068772456386002e+00
-1.088068772456386002e+00
-1.088068772456386002e+00
-1.088068772456386002e+00
-1.088068772456386002e+00
-1.110353729692973301e+00
-1.110353729692973301e+00
-1.110353729692973301e+00
-1.110353729692973301e+00
-1.053208602773983538e+00
-1.104941787500910211e+00
-1.104941787500910211e+00
-1.104941787500910211e+00
-1.104941787500910211e+00
-1.104941787500910211e+00
-1.104941787500910211e+00
-1.104941787500910211e+00
-1.104941787500910211e+00
-1.104941787500910211e+00
-1.104941787500910211e+00
-1.104941787500910211e+00
-1.104941787500910211e+00
-1.104941787500910211e+00
-1.104941787500910211e+00
-1.104941787500910211e+00
-1.104941787500910211e+00
-1.104941787500910211e+00
-1.104941787500910211e+00
-1.104941787500910211e+00
-1.104941787500910211e+00
-1.104941787500910211e+00
-1.104941787500910211e+00
-9.740502155077844781e-01
-9.740502155077844781e-01
-9.740502155077844781e-01
-9.740502155077844781e-01
-9.614702164556966357e-01
-9.614702164556966357e-01
-9.614702164556966357e-01
-9.614702164556966357e-01
-9.614702164556966357e-01
-9.614702164556966357e-01
-9.614702164556966357e-01
-9.614702164556966357e-01
-9.614702164556966357e-01
-1.047302044600419313e+00
-1.047302044600419313e+00
-1.047302044600419313e+00
-1.047302044600419313e+00
-1.047302044600419313e+00
-1.047302044600419313e+00
-1.047302044600419313e+00
-1.047302044600419313e+00
-1.047302044600419313e+00
-1.009545636222649589e+00
-1.009545636222649589e+00
-1.009545636222649589e+00
-1.009545636222649589e+00
-1.009545636222649589e+00
-1.009545636222649589e+00
-1.009545636222649589e+00
-1.009545636222649589e+00
-1.009545636222649589e+00
-1.009545636222649589e+00
-1.009545636222649589e+00
-1.009545636222649589e+00
-1.009545636222649589e+00
-1.009545636222649589e+00
-1.009545636222649589e+00
-1.009545636222649589e+00
-1.009545636222649589e+00
-1.009545636222649589e+00
-1.009545636222649589e+00
-1.009545636222649589e+00
-1.009545636222649589e+00
-1.009545636222649589e+00
-1.009545636222649589e+00
-1.009545636222649589e+00
-1.009545636222649589e+00
-1.122407202055075714e+00
-1.122407202055075714e+00
-1.122407202055075714e+00
-1.122407202055075714e+00
-1.122407202055075714e+00
-1.122407202055075714e+00
-1.122407202055075714e+00
-1.122407202055075714e+00
-1.122407202055075714e+00
-1.122407202055075714e+00
-1.122407202055075714e+00
-1.122407202055075714e+00
-1.122407202055075714e+00
-1.122407202055075714e+00
-1.122407202055075714e+00
-1.122407202055075714e+00
-1.122407202055075714e+00
-1.102611394047053217e+00
-1.102611394047053217e+00
-1.102611394047053217e+00
-1.102611394047053217e+00
-1.102611394047053217e+00
-1.102611394047053217e+00
-1.102611394047053217e+00
-1.102611394047053217e+00
-1.102611394047053217e+00
-1.102611394047053217e+00
-1.102611394047053217e+00
-1.102611394047053217e+00
-1.102611394047053217e+00
-1.102611394047053217e+00
-1.102611394047053217e+00
-1.102611394047053217e+00
-1.102611394047053217e+00
-1.102611394047053217e+00
-1.102611394047053217e+00
-1.102611394047053217e+00
-1.102611394047053217e+00
-1.102611394047053217e+00
-1.102611394047053217e+00
-1.102611394047053217e+00
-1.102611394047053217e+00
-1.102611394047053217e+00
-1.102611394047053217e+00
-1.102611394047053217e+00
-1.102611394047053217e+00
-1.102611394047053217e+00
-1.057796450919448406e+00
-1.057796450919448406e+00
-1.057796450919448406e+00
-1.057796450919448406e+00
-1.057796450919448406e+00
-1.057796450919448406e+00
-1.057796450919448406e+00
-1.057796450919448406e+00
-1.057796450919448406e+00
-1.057796450919448406e+00
-1.053068309623470311e+00
-1.053068309623470311e+00
-1.053068309623470311e+00
-1.053068309623470311e+00
-1.053068309623470311e+00
-1.053068309623470311e+00
-1.053068309623470311e+00
-1.053068309623470311e+00
-1.053068309623470311e+00
-1.053068309623470311e+00
-1.053068309623470311e+00
-1.053068309623470311e+00
-1.005603068189456772e+00
-1.005603068189456772e+00
-1.005603068189456772e+00
-9.894042808284722046e-01
-9.894042808284722046e-01
-9.894042808284722046e-01
-9.894042808284722046e-01
-9.894042808284722046e-01
-9.894042808284722046e-01
-9.894042808284722046e-01
-9.894042808284722046e-01
-9.894042808284722046e-01
-9.175943029086401914e-01
-9.175943029086401914e-01
-9.175943029086401914e-01
-9.175943029086401914e-01
-9.175943029086401914e-01
-9.175943029086401914e-01
-9.175943029086401914e-01
-9.330031292844228608e-01
-9.330031292844228608e-01
-9.330031292844228608e-01
-9.330031292844228608e-01
-9.330031292844228608e-01
-9.330031292844228608e-01
-9.330031292844228608e-01
-9.330031292844228608e-01
-9.330031292844228608e-01
-9.330031292844228608e-01
-9.330031292844228608e-01
-9.312385240886680293e-01
-9.312385240886680293e-01
-9.312385240886680293e-01
-9.312385240886680293e-01
-9.312385240886680293e-01
-9.312385240886680293e-01
-9.312385240886680293e-01
-9.312385240886680293e-01
-9.312385240886680293e-01
-9.312385240886680293e-01
-9.312385240886680293e-01
-9.312385240886680293e-01
-9.312385240886680293e-01
-9.312385240886680293e-01
-9.312385240886680293e-01
-9.312385240886680293e-01
-9.312385240886680293e-01
-9.312385240886680293e-01
-9.312385240886680293e-01
-9.312385240886680293e-01
-9.312385240886680293e-01
-9.312385240886680293e-01
-9.312385240886680293e-01
-9.312385240886680293e-01
-9.312385240886680293e-01
-9.312385240886680293e-01
-9.312385240886680293e-01
-9.266313585678888076e-01
-9.266313585678888076e-01
-9.266313585678888076e-01
-9.266313585678888076e-01
-9.266313585678888076e-01
-9.266313585678888076e-01
-9.266313585678888076e-01
-9.266313585678888076e-01
-9.266313585678888076e-01
-9.266313585678888076e-01
-9.266313585678888076e-01
-9.266313585678888076e-01
-9.266313585678888076e-01
-9.266313585678888076e-01
-9.266313585678888076e-01
-9.266313585678888076e-01
-9.266313585678888076e-01
-9.266313585678888076e-01
-9.266313585678888076e-01
-9.266313585678888076e-01
-9.266313585678888076e-01
-9.266313585678888076e-01
-9.266313585678888076e-01
-9.266313585678888076e-01
-9.266313585678888076e-01
-9.266313585678888076e-01
-9.266313585678888076e-01
-9.266313585678888076e-01
-9.266313585678888076e-01
-9.266313585678888076e-01
-9.266313585678888076e-01
-9.266313585678888076e-01
-9.266313585678888076e-01
-9.266313585678888076e-01
-9.266313585678888076e-01
-9.266313585678888076e-01
-9.266313585678888076e-01
-9.266313585678888076e-01
-9.925352911648285259e-01
-9.925352911648285259e-01
-9.925352911648285259e-01
-9.925352911648285259e-01
-9.925352911648285259e-01
-9.369863264875247788e-01
-9.369863264875247788e-01
-9.369863264875247788e-01
-9.369863264875247788e-01
-9.369863264875247788e-01
-9.369863264875247788e-01
-9.369863264875247788e-01
-9.369863264875247788e-01
-9.369863264875247788e-01
-9.369863264875247788e-01
-9.369863264875247788e-01
-9.369863264875247788e-01
-9.369863264875247788e-01
-9.199954697552419347e-01
-9.199954697552419347e-01
-9.199954697552419347e-01
-9.199954697552419347e-01
-9.262241551342702550e-01
-9.262241551342702550e-01
-9.262241551342702550e-01
-9.262241551342702550e-01
-9.320715645303233599e-01
-9.323445720380851842e-01
-9.323445720380851842e-01
-9.454113803447773412e-01
-9.454113803447773412e-01
-9.454113803447773412e-01
-9.454113803447773412e-01
-9.203110438687851502e-01
-9.203110438687851502e-01
-9.203110438687851502e-01
-9.203110438687851502e-01
-9.203110438687851502e-01
-9.203110438687851502e-01
-9.203110438687851502e-01
-9.203110438687851502e-01
-9.203110438687851502e-01
-9.203110438687851502e-01
-9.203110438687851502e-01
-9.203110438687851502e-01
-9.203110438687851502e-01
-9.203110438687851502e-01
-9.203110438687851502e-01
-9.203110438687851502e-01
-9.203110438687851502e-01
-9.203110438687851502e-01
-9.203110438687851502e-01
-9.203110438687851502e-01
-9.203110438687851502e-01
-9.203110438687851502e-01
-9.203110438687851502e-01
-9.203110438687851502e-01
-9.203110438687851502e-01
-9.203110438687851502e-01
-9.203110438687851502e-01
-9.103832805589781030e-01
-9.103832805589781030e-01
-9.103832805589781030e-01
-9.103832805589781030e-01
-9.103832805589781030e-01
-9.103832805589781030e-01
-9.103832805589781030e-01
-9.103832805589781030e-01
-9.103832805589781030e-01
-9.103832805589781030e-01
-9.103832805589781030e-01
-9.103832805589781030e-01
-9.103832805589781030e-01
-9.103832805589781030e-01
-9.103832805589781030e-01
-9.103832805589781030e-01
-9.103832805589781030e-01
-9.103832805589781030e-01
-9.103832805589781030e-01
-9.103832805589781030e-01
-9.103832805589781030e-01
-9.103832805589781030e-01
-9.103832805589781030e-01
-9.103832805589781030e-01
-9.103832805589781030e-01
-9.103832805589781030e-01
-9.103832805589781030e-01
-9.103832805589781030e-01
-8.106530282511081875e-01
-8.106530282511081875e-01
-8.106530282511081875e-01
-8.106530282511081875e-01
-8.552861943071704554e-01
-8.552861943071704554e-01
-8.552861943071704554e-01
-8.552861943071704554e-01
-8.552861943071704554e-01
-8.804185554584627038e-01
-8.804185554584627038e-01
-8.804185554584627038e-01
-8.804185554584627038e-01
-9.406029494269171343e-01
-9.406029494269171343e-01
-9.406029494269171343e-01
-9.406029494269171343e-01
-9.406029494269171343e-01
-9.406029494269171343e-01
-9.406029494269171343e-01
-9.406029494269171343e-01
-9.406029494269171343e-01
-9.406029494269171343e-01
-9.406029494269171343e-01
-9.302005143284113320e-01
-9.302005143284113320e-01
-9.130698203128791990e-01
-9.130698203128791990e-01
-9.130698203128791990e-01
-9.130698203128791990e-01
-9.130698203128791990e-01
-9.130698203128791990e-01
-9.130698203128791990e-01
-9.227935260386128657e-01
-9.227935260386128657e-01
-9.227935260386128657e-01
-9.227935260386128657e-01
-9.227935260386128657e-01
-9.227935260386128657e-01
-9.227935260386128657e-01
-9.227935260386128657e-01
-9.227935260386128657e-01
-9.227935260386128657e-01
-9.227935260386128657e-01
-9.227935260386128657e-01
-9.227935260386128657e-01
-9.227935260386128657e-01
-9.227935260386128657e-01
-9.227935260386128657e-01
-9.227935260386128657e-01
-9.227935260386128657e-01
-9.227935260386128657e-01
-9.227935260386128657e-01
-9.227935260386128657e-01
-9.227935260386128657e-01
-9.227935260386128657e-01
-9.227935260386128657e-01
-9.227935260386128657e-01
-9.227935260386128657e-01
-9.227935260386128657e-01
-9.227935260386128657e-01
-9.227935260386128657e-01
-9.227935260386128657e-01
-9.182865373491100325e-01
-9.182865373491100325e-01
-9.182865373491100325e-01
-9.182865373491100325e-01
-9.182865373491100325e-01
-9.182865373491100325e-01
-9.182865373491100325e-01
-9.119171029523043259e-01
-9.119171029523043259e-01
-9.119171029523043259e-01
-9.119171029523043259e-01
-9.119171029523043259e-01
-9.119171029523043259e-01
-9.119171029523043259e-01
-9.119171029523043259e-01
-9.119171029523043259e-01
-9.119171029523043259e-01
-8.875240445364956932e-01
-8.875240445364956932e-01
-8.875240445364956932e-01
-8.875240445364956932e-01
-8.875240445364956932e-01
-8.875240445364956932e-01
-8.875240445364956932e-01
-8.875240445364956932e-01
-8.875240445364956932e-01
-8.875240445364956932e-01
-8.765656793094729338e-01
-8.765656793094729338e-01
-8.765656793094729338e-01
-8.765656793094729338e-01
-8.765656793094729338e-01
-8.765656793094729338e-01
-8.765656793094729338e-01
-8.765656793094729338e-01
-8.765656793094729338e-01
-8.765656793094729338e-01
-8.765656793094729338e-01
-8.765656793094729338e-01
-8.765656793094729338e-01
-8.765656793094729338e-01
-8.765656793094729338e-01
-8.765656793094729338e-01
-8.765656793094729338e-01
-8.765656793094729338e-01
-8.765656793094729338e-01
-9.816262735691397845e-01
-9.816262735691397845e-01
-9.816262735691397845e-01
-9.816262735691397845e-01
-9.816262735691397845e-01
-8.591370760368799431e-01
-8.591370760368799431e-01
-8.591370760368799431e-01
-8.591370760368799431e-01
-8.591370760368799431e-01
-8.591370760368799431e-01
-8.591370760368799431e-01
-8.591370760368799431e-01
-8.591370760368799431e-01
-8.591370760368799431e-01
-8.591370760368799431e-01
-8.591370760368799431e-01
-8.591370760368799431e-01
-9.073162056064058012e-01
-9.073162056064058012e-01
-9.073162056064058012e-01
-9.073162056064058012e-01
-8.342694597991884287e-01
-8.342694597991884287e-01
-8.342694597991884287e-01
-8.342694597991884287e-01
-8.342694597991884287e-01
-8.342694597991884287e-01
-8.342694597991884287e-01
-8.342694597991884287e-01
-8.342694597991884287e-01
-8.342694597991884287e-01
-8.342694597991884287e-01
-8.342694597991884287e-01
-8.342694597991884287e-01
-8.878815014549240603e-01
-8.878815014549240603e-01
-8.878815014549240603e-01
-8.878815014549240603e-01
-8.878815014549240603e-01
-8.878815014549240603e-01
-8.878815014549240603e-01
-8.878815014549240603e-01
-8.878815014549240603e-01
-8.878815014549240603e-01
-8.878815014549240603e-01
-8.878815014549240603e-01
-8.878815014549240603e-01
-8.878815014549240603e-01
-8.638591201082014281e-01
-8.638591201082014281e-01
-8.638591201082014281e-01
-8.638591201082014281e-01
-8.638591201082014281e-01
-8.638591201082014281e-01
-8.638591201082014281e-01
-8.638591201082014281e-01
-8.638591201082014281e-01
-8.638591201082014281e-01
-8.638591201082014281e-01
-8.638591201082014281e-01
-8.638591201082014281e-01
-8.638591201082014281e-01
-8.638591201082014281e-01
-8.638591201082014281e-01
-8.638591201082014281e-01
-8.638591201082014281e-01
-8.638591201082014281e-01
-8.638591201082014281e-01
-8.638591201082014281e-01
-8.638591201082014281e-01
-8.465614647072086107e-01
-8.465614647072086107e-01
-8.465614647072086107e-01
-8.465614647072086107e-01
-8.465614647072086107e-01
-8.514283606016840311e-01
-8.514283606016840311e-01
-8.404678869885650050e-01
-8.003860427134351641e-01
-8.003860427134351641e-01
-8.003860427134351641e-01
-8.003860427134351641e-01
-8.003860427134351641e-01
-8.003860427134351641e-01
-8.732318080406115124e-01
-8.732318080406115124e-01
-8.732318080406115124e-01
-8.772625294059913648e-01
-8.772625294059913648e-01
-9.339948685173777854e-01
-9.339948685173777854e-01
-9.339948685173777854e-01
-9.339948685173777854e-01
-8.847613749494971369e-01
-8.847613749494971369e-01
-8.847613749494971369e-01
-8.847613749494971369e-01
-8.847613749494971369e-01
-8.847613749494971369e-01
-8.847613749494971369e-01
-8.847613749494971369e-01
-8.847613749494971369e-01
-8.847613749494971369e-01
-8.847613749494971369e-01
-8.847613749494971369e-01
-8.847613749494971369e-01
-8.847613749494971369e-01
-8.847613749494971369e-01
