# Variable: dg_gbsa_00000035
# Sample shape: (2000,)
# Date: 2014-03-03 06:24:06.897941
-9.217153999591192193e-01
-9.217153999591192193e-01
-9.217153999591192193e-01
-9.217153999591192193e-01
-9.217153999591192193e-01
-9.217153999591192193e-01
-9.217153999591192193e-01
-9.217153999591192193e-01
-9.217153999591192193e-01
-9.217153999591192193e-01
-9.217153999591192193e-01
-9.217153999591192193e-01
-6.154884457816128807e-01
-6.154884457816128807e-01
-6.154884457816128807e-01
-6.154884457816128807e-01
-6.154884457816128807e-01
-6.154884457816128807e-01
-6.154884457816128807e-01
-6.154884457816128807e-01
-6.154884457816128807e-01
-6.154884457816128807e-01
-6.154884457816128807e-01
-6.051899484193119516e-01
-6.051899484193119516e-01
-6.051899484193119516e-01
-6.051899484193119516e-01
-6.051899484193119516e-01
-6.051899484193119516e-01
-6.051899484193119516e-01
-6.051899484193119516e-01
-6.051899484193119516e-01
-6.051899484193119516e-01
-7.320586057739548735e-01
-7.320586057739548735e-01
-7.320586057739548735e-01
-7.320586057739548735e-01
-7.320586057739548735e-01
-7.320586057739548735e-01
-7.320586057739548735e-01
-7.320586057739548735e-01
-7.320586057739548735e-01
-7.320586057739548735e-01
-7.320586057739548735e-01
-7.320586057739548735e-01
-7.396315867312779346e-01
-7.396315867312779346e-01
-7.396315867312779346e-01
-7.396315867312779346e-01
-7.396315867312779346e-01
-7.396315867312779346e-01
-7.396315867312779346e-01
-7.396315867312779346e-01
-7.396315867312779346e-01
-7.396315867312779346e-01
-7.396315867312779346e-01
-7.344021623950615085e-01
-7.344021623950615085e-01
-2.585537802876751168e-01
-2.585537802876751168e-01
-2.585537802876751168e-01
-2.585537802876751168e-01
-2.585537802876751168e-01
-2.585537802876751168e-01
-2.585537802876751168e-01
-2.585537802876751168e-01
-2.585537802876751168e-01
-2.585537802876751168e-01
-2.585537802876751168e-01
-2.585537802876751168e-01
-2.585537802876751168e-01
-2.585537802876751168e-01
-2.585537802876751168e-01
-2.585537802876751168e-01
-2.585537802876751168e-01
-2.585537802876751168e-01
-2.585537802876751168e-01
-2.585537802876751168e-01
-2.585537802876751168e-01
-4.305106162113167545e-01
-4.305106162113167545e-01
-4.305106162113167545e-01
-4.305106162113167545e-01
-4.305106162113167545e-01
-4.305106162113167545e-01
-4.305106162113167545e-01
-4.305106162113167545e-01
-4.305106162113167545e-01
-4.305106162113167545e-01
-3.901235118194930074e-01
-3.901235118194930074e-01
-3.901235118194930074e-01
-3.901235118194930074e-01
-3.901235118194930074e-01
-3.901235118194930074e-01
-3.901235118194930074e-01
-3.901235118194930074e-01
-3.901235118194930074e-01
-3.901235118194930074e-01
-3.901235118194930074e-01
-3.901235118194930074e-01
-3.901235118194930074e-01
-3.901235118194930074e-01
-3.901235118194930074e-01
-3.901235118194930074e-01
-3.901235118194930074e-01
-3.901235118194930074e-01
-3.901235118194930074e-01
-3.901235118194930074e-01
-3.901235118194930074e-01
-3.901235118194930074e-01
-3.901235118194930074e-01
-3.901235118194930074e-01
-3.901235118194930074e-01
-3.901235118194930074e-01
-3.901235118194930074e-01
-3.901235118194930074e-01
-3.901235118194930074e-01
-3.901235118194930074e-01
-3.901235118194930074e-01
-3.901235118194930074e-01
-3.901235118194930074e-01
-3.901235118194930074e-01
-3.901235118194930074e-01
-3.901235118194930074e-01
-3.901235118194930074e-01
-3.901235118194930074e-01
-3.901235118194930074e-01
-3.901235118194930074e-01
-3.901235118194930074e-01
-3.901235118194930074e-01
-3.901235118194930074e-01
-3.901235118194930074e-01
-3.901235118194930074e-01
-3.901235118194930074e-01
-3.901235118194930074e-01
-3.901235118194930074e-01
-3.901235118194930074e-01
-3.901235118194930074e-01
-3.901235118194930074e-01
-3.901235118194930074e-01
-3.901235118194930074e-01
-3.901235118194930074e-01
-3.901235118194930074e-01
-3.901235118194930074e-01
-3.901235118194930074e-01
-3.901235118194930074e-01
-3.901235118194930074e-01
-3.901235118194930074e-01
-3.901235118194930074e-01
-3.901235118194930074e-01
-3.901235118194930074e-01
-3.901235118194930074e-01
-3.901235118194930074e-01
-3.901235118194930074e-01
-3.901235118194930074e-01
-3.901235118194930074e-01
-3.901235118194930074e-01
-3.901235118194930074e-01
-3.901235118194930074e-01
-3.901235118194930074e-01
-3.901235118194930074e-01
-3.901235118194930074e-01
-3.901235118194930074e-01
-3.901235118194930074e-01
-3.901235118194930074e-01
-3.901235118194930074e-01
-3.901235118194930074e-01
-3.901235118194930074e-01
-3.901235118194930074e-01
-3.901235118194930074e-01
-3.901235118194930074e-01
-3.901235118194930074e-01
-3.901235118194930074e-01
-3.901235118194930074e-01
-3.901235118194930074e-01
-3.901235118194930074e-01
-3.901235118194930074e-01
-3.901235118194930074e-01
-3.901235118194930074e-01
-3.901235118194930074e-01
-3.901235118194930074e-01
-3.901235118194930074e-01
-3.901235118194930074e-01
-3.901235118194930074e-01
-3.901235118194930074e-01
-3.901235118194930074e-01
-3.901235118194930074e-01
-3.901235118194930074e-01
-3.901235118194930074e-01
-3.901235118194930074e-01
-3.901235118194930074e-01
-3.901235118194930074e-01
-3.901235118194930074e-01
-3.901235118194930074e-01
-3.901235118194930074e-01
-3.901235118194930074e-01
-3.901235118194930074e-01
-3.901235118194930074e-01
-3.901235118194930074e-01
-3.901235118194930074e-01
-3.888285068891244034e-01
-3.888285068891244034e-01
-3.888285068891244034e-01
-3.888285068891244034e-01
-3.888285068891244034e-01
-3.888285068891244034e-01
-3.888285068891244034e-01
-3.888285068891244034e-01
-4.189183105702153909e-01
-4.189183105702153909e-01
-4.189183105702153909e-01
-4.189183105702153909e-01
-4.189183105702153909e-01
-4.189183105702153909e-01
-4.189183105702153909e-01
-4.189183105702153909e-01
-4.189183105702153909e-01
-4.189183105702153909e-01
-4.189183105702153909e-01
-4.189183105702153909e-01
-4.189183105702153909e-01
-4.189183105702153909e-01
-4.189183105702153909e-01
-4.189183105702153909e-01
-4.189183105702153909e-01
-4.189183105702153909e-01
-4.189183105702153909e-01
-4.189183105702153909e-01
-4.189183105702153909e-01
-4.189183105702153909e-01
-2.919007840621539729e-01
-2.919007840621539729e-01
-2.919007840621539729e-01
-2.919007840621539729e-01
-2.919007840621539729e-01
-2.919007840621539729e-01
-2.919007840621539729e-01
-2.919007840621539729e-01
-2.919007840621539729e-01
-2.919007840621539729e-01
-2.919007840621539729e-01
-2.919007840621539729e-01
-2.919007840621539729e-01
-2.919007840621539729e-01
-2.919007840621539729e-01
-2.919007840621539729e-01
-2.919007840621539729e-01
-2.919007840621539729e-01
-2.919007840621539729e-01
-2.919007840621539729e-01
-2.919007840621539729e-01
-2.919007840621539729e-01
-2.919007840621539729e-01
-2.919007840621539729e-01
-2.919007840621539729e-01
-2.919007840621539729e-01
-2.919007840621539729e-01
-2.919007840621539729e-01
-2.919007840621539729e-01
-3.274818508392537963e-01
-3.274818508392537963e-01
-3.274818508392537963e-01
-3.274818508392537963e-01
-3.274818508392537963e-01
-3.274818508392537963e-01
-3.274818508392537963e-01
-3.274818508392537963e-01
-3.274818508392537963e-01
-3.274818508392537963e-01
-3.274818508392537963e-01
-3.274818508392537963e-01
-3.274818508392537963e-01
-3.274818508392537963e-01
-3.274818508392537963e-01
-3.274818508392537963e-01
-3.274818508392537963e-01
-3.274818508392537963e-01
-3.274818508392537963e-01
-3.274818508392537963e-01
-3.274818508392537963e-01
-3.274818508392537963e-01
-3.274818508392537963e-01
-3.274818508392537963e-01
-3.274818508392537963e-01
-3.274818508392537963e-01
-3.274818508392537963e-01
-3.274818508392537963e-01
-3.274818508392537963e-01
-3.274818508392537963e-01
-3.274818508392537963e-01
-3.274818508392537963e-01
-3.274818508392537963e-01
-3.274818508392537963e-01
-3.274818508392537963e-01
-3.274818508392537963e-01
-3.274818508392537963e-01
-3.274818508392537963e-01
-3.274818508392537963e-01
-3.274818508392537963e-01
-3.274818508392537963e-01
-3.274818508392537963e-01
-3.274818508392537963e-01
-3.274818508392537963e-01
-3.274818508392537963e-01
-3.274818508392537963e-01
-3.274818508392537963e-01
-3.274818508392537963e-01
-3.274818508392537963e-01
-3.274818508392537963e-01
-3.274818508392537963e-01
-3.675663733345600481e-01
-3.675663733345600481e-01
-3.675663733345600481e-01
-3.675663733345600481e-01
-3.675663733345600481e-01
-3.675663733345600481e-01
-3.675663733345600481e-01
-3.675663733345600481e-01
-3.675663733345600481e-01
-3.675663733345600481e-01
-3.675663733345600481e-01
-3.675663733345600481e-01
-3.675663733345600481e-01
-3.675663733345600481e-01
-3.675663733345600481e-01
-3.675663733345600481e-01
-3.675663733345600481e-01
-3.675663733345600481e-01
-3.675663733345600481e-01
-3.675663733345600481e-01
-3.675663733345600481e-01
-3.675663733345600481e-01
-3.675663733345600481e-01
-3.675663733345600481e-01
-3.675663733345600481e-01
-3.675663733345600481e-01
-3.675663733345600481e-01
-3.675663733345600481e-01
-4.484188488291052654e-01
-4.484188488291052654e-01
-4.484188488291052654e-01
-4.484188488291052654e-01
-4.484188488291052654e-01
-4.484188488291052654e-01
-4.484188488291052654e-01
-4.484188488291052654e-01
-1.514855181053993138e-01
-1.514855181053993138e-01
-1.514855181053993138e-01
-1.514855181053993138e-01
-1.514855181053993138e-01
-1.514855181053993138e-01
-1.514855181053993138e-01
-1.514855181053993138e-01
-1.514855181053993138e-01
-1.514855181053993138e-01
-1.514855181053993138e-01
-1.514855181053993138e-01
-1.594188336432549868e-01
-1.594188336432549868e-01
-1.594188336432549868e-01
-1.594188336432549868e-01
-1.594188336432549868e-01
-1.594188336432549868e-01
-2.499428465535034338e-01
-2.499428465535034338e-01
-2.499428465535034338e-01
-2.499428465535034338e-01
-2.499428465535034338e-01
-2.499428465535034338e-01
-2.499428465535034338e-01
-2.499428465535034338e-01
-2.499428465535034338e-01
-2.499428465535034338e-01
-2.499428465535034338e-01
-2.499428465535034338e-01
-2.499428465535034338e-01
-2.499428465535034338e-01
-2.499428465535034338e-01
-2.499428465535034338e-01
-2.499428465535034338e-01
-2.499428465535034338e-01
-2.499428465535034338e-01
-2.499428465535034338e-01
-2.499428465535034338e-01
-2.499428465535034338e-01
-2.499428465535034338e-01
-2.499428465535034338e-01
-2.499428465535034338e-01
-2.499428465535034338e-01
-2.499428465535034338e-01
-2.499428465535034338e-01
-2.499428465535034338e-01
-2.499428465535034338e-01
-2.499428465535034338e-01
-2.499428465535034338e-01
-2.499428465535034338e-01
-2.720371942903069828e-01
-3.067260718482401893e-01
-3.067260718482401893e-01
-3.067260718482401893e-01
-3.067260718482401893e-01
-3.067260718482401893e-01
-3.067260718482401893e-01
-3.067260718482401893e-01
-3.067260718482401893e-01
-3.067260718482401893e-01
-3.067260718482401893e-01
-3.067260718482401893e-01
-3.067260718482401893e-01
-3.067260718482401893e-01
-3.067260718482401893e-01
-3.067260718482401893e-01
-3.067260718482401893e-01
-3.067260718482401893e-01
-3.067260718482401893e-01
-3.067260718482401893e-01
-3.067260718482401893e-01
-3.067260718482401893e-01
-3.067260718482401893e-01
-3.067260718482401893e-01
-3.067260718482401893e-01
-3.067260718482401893e-01
-3.067260718482401893e-01
-3.067260718482401893e-01
-3.067260718482401893e-01
-3.067260718482401893e-01
-3.067260718482401893e-01
-3.067260718482401893e-01
-3.067260718482401893e-01
-3.067260718482401893e-01
-3.067260718482401893e-01
-3.067260718482401893e-01
-3.067260718482401893e-01
-3.067260718482401893e-01
-3.067260718482401893e-01
-3.067260718482401893e-01
-3.067260718482401893e-01
-3.067260718482401893e-01
-3.067260718482401893e-01
-3.067260718482401893e-01
-3.067260718482401893e-01
-3.067260718482401893e-01
-3.067260718482401893e-01
-2.836251976841038247e-01
-2.836251976841038247e-01
-2.836251976841038247e-01
-2.836251976841038247e-01
-2.836251976841038247e-01
-2.836251976841038247e-01
-2.836251976841038247e-01
-2.836251976841038247e-01
-2.836251976841038247e-01
-2.836251976841038247e-01
-2.836251976841038247e-01
-2.836251976841038247e-01
-2.836251976841038247e-01
-2.836251976841038247e-01
-1.833996455938364523e-01
-1.833996455938364523e-01
-1.833996455938364523e-01
-1.833996455938364523e-01
-1.833996455938364523e-01
-1.833996455938364523e-01
-1.833996455938364523e-01
-1.833996455938364523e-01
-1.833996455938364523e-01
-1.833996455938364523e-01
-1.833996455938364523e-01
-1.833996455938364523e-01
-1.833996455938364523e-01
-1.833996455938364523e-01
-1.833996455938364523e-01
-1.833996455938364523e-01
-1.833996455938364523e-01
-1.833996455938364523e-01
-1.833996455938364523e-01
-1.833996455938364523e-01
-1.833996455938364523e-01
-1.833996455938364523e-01
-1.833996455938364523e-01
-1.833996455938364523e-01
-1.833996455938364523e-01
-1.833996455938364523e-01
-1.833996455938364523e-01
-1.833996455938364523e-01
-1.833996455938364523e-01
-1.833996455938364523e-01
-2.020701452605354886e-01
-2.020701452605354886e-01
-2.020701452605354886e-01
-2.020701452605354886e-01
-2.020701452605354886e-01
-2.020701452605354886e-01
-2.020701452605354886e-01
-2.020701452605354886e-01
-2.020701452605354886e-01
-2.020701452605354886e-01
-2.020701452605354886e-01
-2.020701452605354886e-01
-2.020701452605354886e-01
-2.949561204326768271e-01
-2.949561204326768271e-01
-2.949561204326768271e-01
-2.949561204326768271e-01
-2.949561204326768271e-01
-2.949561204326768271e-01
-2.949561204326768271e-01
-2.949561204326768271e-01
-2.949561204326768271e-01
-2.949561204326768271e-01
-2.949561204326768271e-01
-2.949561204326768271e-01
-2.949561204326768271e-01
-2.949561204326768271e-01
-2.949561204326768271e-01
-2.949561204326768271e-01
-2.949561204326768271e-01
-2.949561204326768271e-01
-2.949561204326768271e-01
-2.949561204326768271e-01
-2.949561204326768271e-01
-2.949561204326768271e-01
-2.949561204326768271e-01
-2.949561204326768271e-01
-2.949561204326768271e-01
-2.949561204326768271e-01
-2.949561204326768271e-01
-2.949561204326768271e-01
-2.949561204326768271e-01
-2.949561204326768271e-01
-2.949561204326768271e-01
-2.949561204326768271e-01
-2.949561204326768271e-01
-2.949561204326768271e-01
-2.949561204326768271e-01
-2.949561204326768271e-01
-2.949561204326768271e-01
-2.949561204326768271e-01
-2.949561204326768271e-01
-2.949561204326768271e-01
-2.949561204326768271e-01
-2.949561204326768271e-01
-2.949561204326768271e-01
-2.949561204326768271e-01
-2.949561204326768271e-01
-2.949561204326768271e-01
-2.949561204326768271e-01
-2.949561204326768271e-01
-2.949561204326768271e-01
-2.949561204326768271e-01
-2.949561204326768271e-01
-2.949561204326768271e-01
-2.949561204326768271e-01
-2.949561204326768271e-01
-2.949561204326768271e-01
-2.949561204326768271e-01
-2.949561204326768271e-01
-2.949561204326768271e-01
-2.949561204326768271e-01
-2.949561204326768271e-01
-2.949561204326768271e-01
-2.949561204326768271e-01
-2.949561204326768271e-01
-2.949561204326768271e-01
-2.949561204326768271e-01
-2.949561204326768271e-01
-2.949561204326768271e-01
-2.949561204326768271e-01
-2.949561204326768271e-01
-2.949561204326768271e-01
-2.949561204326768271e-01
-2.949561204326768271e-01
-2.949561204326768271e-01
-2.949561204326768271e-01
-2.949561204326768271e-01
-2.949561204326768271e-01
-2.949561204326768271e-01
-2.949561204326768271e-01
-2.949561204326768271e-01
-2.949561204326768271e-01
-2.949561204326768271e-01
-2.949561204326768271e-01
-2.949561204326768271e-01
-2.949561204326768271e-01
-2.949561204326768271e-01
-2.949561204326768271e-01
-2.949561204326768271e-01
-2.949561204326768271e-01
-2.949561204326768271e-01
-2.949561204326768271e-01
-2.949561204326768271e-01
-2.949561204326768271e-01
-2.949561204326768271e-01
-2.949561204326768271e-01
-2.949561204326768271e-01
-2.949561204326768271e-01
-1.997669044005939143e-01
-1.997669044005939143e-01
-1.997669044005939143e-01
-1.997669044005939143e-01
-1.997669044005939143e-01
-1.997669044005939143e-01
-1.997669044005939143e-01
-1.997669044005939143e-01
-1.997669044005939143e-01
-1.997669044005939143e-01
-1.997669044005939143e-01
-1.997669044005939143e-01
-1.997669044005939143e-01
-1.997669044005939143e-01
-1.997669044005939143e-01
-1.997669044005939143e-01
-1.997669044005939143e-01
-1.997669044005939143e-01
-1.997669044005939143e-01
-1.997669044005939143e-01
-1.997669044005939143e-01
-1.997669044005939143e-01
-1.997669044005939143e-01
-1.997669044005939143e-01
-2.265265549801959433e-01
-2.265265549801959433e-01
-2.265265549801959433e-01
-2.265265549801959433e-01
-2.265265549801959433e-01
-2.265265549801959433e-01
-2.265265549801959433e-01
-2.265265549801959433e-01
-2.265265549801959433e-01
-2.265265549801959433e-01
-2.265265549801959433e-01
-2.265265549801959433e-01
-2.265265549801959433e-01
-2.265265549801959433e-01
-2.265265549801959433e-01
-2.265265549801959433e-01
-2.265265549801959433e-01
-2.265265549801959433e-01
-2.265265549801959433e-01
-2.265265549801959433e-01
-2.265265549801959433e-01
-1.972828266953418896e-01
-1.972828266953418896e-01
-1.972828266953418896e-01
-1.972828266953418896e-01
-1.972828266953418896e-01
-1.972828266953418896e-01
-1.972828266953418896e-01
-1.972828266953418896e-01
-1.972828266953418896e-01
-1.972828266953418896e-01
-1.972828266953418896e-01
-1.972828266953418896e-01
-1.972828266953418896e-01
-1.972828266953418896e-01
-1.972828266953418896e-01
-1.972828266953418896e-01
-1.972828266953418896e-01
-1.972828266953418896e-01
-1.972828266953418896e-01
-1.972828266953418896e-01
-1.972828266953418896e-01
-1.972828266953418896e-01
-1.972828266953418896e-01
-1.972828266953418896e-01
-1.972828266953418896e-01
-1.972828266953418896e-01
-1.972828266953418896e-01
-1.972828266953418896e-01
-1.972828266953418896e-01
-1.972828266953418896e-01
-1.972828266953418896e-01
-1.972828266953418896e-01
-1.972828266953418896e-01
-1.972828266953418896e-01
-1.972828266953418896e-01
-1.972828266953418896e-01
-1.972828266953418896e-01
-1.972828266953418896e-01
-1.972828266953418896e-01
-1.972828266953418896e-01
-1.972828266953418896e-01
-1.972828266953418896e-01
-1.972828266953418896e-01
-1.972828266953418896e-01
-1.972828266953418896e-01
-1.972828266953418896e-01
-1.972828266953418896e-01
-1.972828266953418896e-01
-1.972828266953418896e-01
-1.972828266953418896e-01
-1.972828266953418896e-01
-1.972828266953418896e-01
-1.972828266953418896e-01
-1.972828266953418896e-01
-1.972828266953418896e-01
-1.972828266953418896e-01
-1.972828266953418896e-01
-1.972828266953418896e-01
-1.972828266953418896e-01
-1.972828266953418896e-01
-1.972828266953418896e-01
-1.972828266953418896e-01
-1.972828266953418896e-01
-1.972828266953418896e-01
-1.972828266953418896e-01
-1.972828266953418896e-01
-1.972828266953418896e-01
-1.972828266953418896e-01
-1.972828266953418896e-01
-1.972828266953418896e-01
-1.972828266953418896e-01
-1.972828266953418896e-01
-1.972828266953418896e-01
-1.972828266953418896e-01
-1.972828266953418896e-01
-1.972828266953418896e-01
-1.972828266953418896e-01
-1.972828266953418896e-01
-1.972828266953418896e-01
-1.972828266953418896e-01
-1.972828266953418896e-01
-1.972828266953418896e-01
-1.972828266953418896e-01
-1.972828266953418896e-01
-1.972828266953418896e-01
-1.972828266953418896e-01
-1.972828266953418896e-01
-1.972828266953418896e-01
-1.972828266953418896e-01
-1.972828266953418896e-01
-1.972828266953418896e-01
-1.334480613641027547e-01
-1.334480613641027547e-01
-1.334480613641027547e-01
-1.334480613641027547e-01
-1.334480613641027547e-01
-1.334480613641027547e-01
-1.334480613641027547e-01
-1.334480613641027547e-01
-1.334480613641027547e-01
-1.334480613641027547e-01
-1.334480613641027547e-01
-1.334480613641027547e-01
-1.334480613641027547e-01
-1.334480613641027547e-01
-1.334480613641027547e-01
-1.334480613641027547e-01
-1.334480613641027547e-01
-1.334480613641027547e-01
-1.334480613641027547e-01
-1.334480613641027547e-01
-1.334480613641027547e-01
-1.334480613641027547e-01
-1.334480613641027547e-01
-1.334480613641027547e-01
-1.334480613641027547e-01
-1.334480613641027547e-01
-1.334480613641027547e-01
-1.334480613641027547e-01
-1.334480613641027547e-01
-1.334480613641027547e-01
-1.334480613641027547e-01
-1.334480613641027547e-01
-1.334480613641027547e-01
-1.334480613641027547e-01
-1.334480613641027547e-01
-1.334480613641027547e-01
-1.334480613641027547e-01
-1.334480613641027547e-01
-1.334480613641027547e-01
-1.334480613641027547e-01
-1.334480613641027547e-01
-1.334480613641027547e-01
-1.334480613641027547e-01
-1.334480613641027547e-01
-1.334480613641027547e-01
-1.334480613641027547e-01
-1.334480613641027547e-01
-1.334480613641027547e-01
-1.334480613641027547e-01
-1.851416426224644640e-01
-1.851416426224644640e-01
-1.851416426224644640e-01
-1.851416426224644640e-01
-1.851416426224644640e-01
-1.851416426224644640e-01
-1.851416426224644640e-01
-1.851416426224644640e-01
-1.851416426224644640e-01
-1.851416426224644640e-01
-1.851416426224644640e-01
-1.851416426224644640e-01
-1.851416426224644640e-01
-1.851416426224644640e-01
-1.851416426224644640e-01
-1.851416426224644640e-01
-1.851416426224644640e-01
-1.851416426224644640e-01
-1.851416426224644640e-01
-1.851416426224644640e-01
-1.851416426224644640e-01
-1.851416426224644640e-01
-1.851416426224644640e-01
-1.851416426224644640e-01
-1.851416426224644640e-01
-1.851416426224644640e-01
-1.851416426224644640e-01
-1.851416426224644640e-01
-1.851416426224644640e-01
-1.851416426224644640e-01
-1.468708592664671186e-01
-1.468708592664671186e-01
-1.468708592664671186e-01
-1.468708592664671186e-01
-1.468708592664671186e-01
-1.468708592664671186e-01
-1.468708592664671186e-01
-1.468708592664671186e-01
-1.468708592664671186e-01
-1.468708592664671186e-01
-1.468708592664671186e-01
-1.468708592664671186e-01
-1.468708592664671186e-01
-1.468708592664671186e-01
-1.468708592664671186e-01
-1.468708592664671186e-01
-1.468708592664671186e-01
-1.468708592664671186e-01
-1.468708592664671186e-01
-1.468708592664671186e-01
-1.468708592664671186e-01
-1.468708592664671186e-01
-1.815110160105542769e-01
-1.809293721191741755e-01
-1.809293721191741755e-01
-1.511725652286244892e-01
-1.511725652286244892e-01
-1.511725652286244892e-01
-1.511725652286244892e-01
-1.511725652286244892e-01
-1.511725652286244892e-01
-1.511725652286244892e-01
-1.511725652286244892e-01
-1.511725652286244892e-01
-1.511725652286244892e-01
-1.511725652286244892e-01
-1.511725652286244892e-01
-1.511725652286244892e-01
-1.511725652286244892e-01
-1.511725652286244892e-01
-1.511725652286244892e-01
-1.511725652286244892e-01
-1.511725652286244892e-01
-1.511725652286244892e-01
-1.511725652286244892e-01
-1.511725652286244892e-01
-1.511725652286244892e-01
-1.511725652286244892e-01
-1.511725652286244892e-01
-1.511725652286244892e-01
-1.511725652286244892e-01
-1.511725652286244892e-01
-1.511725652286244892e-01
-1.511725652286244892e-01
-1.511725652286244892e-01
-1.511725652286244892e-01
-1.511725652286244892e-01
-1.511725652286244892e-01
-1.511725652286244892e-01
-1.511725652286244892e-01
-1.511725652286244892e-01
-1.511725652286244892e-01
-1.511725652286244892e-01
-1.511725652286244892e-01
-1.511725652286244892e-01
-1.511725652286244892e-01
-1.511725652286244892e-01
-1.511725652286244892e-01
-1.511725652286244892e-01
-1.511725652286244892e-01
-1.511725652286244892e-01
-1.511725652286244892e-01
-1.511725652286244892e-01
-1.511725652286244892e-01
-1.511725652286244892e-01
-1.511725652286244892e-01
-1.511725652286244892e-01
-1.511725652286244892e-01
-1.511725652286244892e-01
-1.511725652286244892e-01
-1.511725652286244892e-01
-1.511725652286244892e-01
-1.511725652286244892e-01
-1.511725652286244892e-01
-1.511725652286244892e-01
-1.511725652286244892e-01
-1.511725652286244892e-01
-1.511725652286244892e-01
-1.511725652286244892e-01
-1.511725652286244892e-01
-1.511725652286244892e-01
-1.511725652286244892e-01
-1.511725652286244892e-01
-1.511725652286244892e-01
-1.511725652286244892e-01
-1.511725652286244892e-01
-1.511725652286244892e-01
-1.511725652286244892e-01
-1.511725652286244892e-01
-1.511725652286244892e-01
-1.511725652286244892e-01
-1.511725652286244892e-01
-1.511725652286244892e-01
-1.511725652286244892e-01
-1.511725652286244892e-01
-1.511725652286244892e-01
-1.511725652286244892e-01
-1.511725652286244892e-01
-1.511725652286244892e-01
-1.511725652286244892e-01
-1.511725652286244892e-01
-1.511725652286244892e-01
-1.511725652286244892e-01
-1.511725652286244892e-01
-1.511725652286244892e-01
-1.511725652286244892e-01
-1.511725652286244892e-01
-1.511725652286244892e-01
-1.511725652286244892e-01
-1.511725652286244892e-01
-1.511725652286244892e-01
-1.511725652286244892e-01
-1.511725652286244892e-01
-1.511725652286244892e-01
-1.511725652286244892e-01
-1.511725652286244892e-01
-1.511725652286244892e-01
-1.511725652286244892e-01
-1.511725652286244892e-01
-1.511725652286244892e-01
-1.511725652286244892e-01
-1.511725652286244892e-01
-1.121667315239660012e-01
-1.121667315239660012e-01
-1.121667315239660012e-01
-1.121667315239660012e-01
-1.121667315239660012e-01
-1.121667315239660012e-01
-1.121667315239660012e-01
-1.121667315239660012e-01
-1.121667315239660012e-01
-1.121667315239660012e-01
-1.121667315239660012e-01
-1.121667315239660012e-01
-1.121667315239660012e-01
-1.121667315239660012e-01
-1.121667315239660012e-01
-1.121667315239660012e-01
-1.121667315239660012e-01
-1.121667315239660012e-01
-1.121667315239660012e-01
-1.121667315239660012e-01
-1.121667315239660012e-01
-1.121667315239660012e-01
-1.121667315239660012e-01
-1.121667315239660012e-01
-1.121667315239660012e-01
-1.121667315239660012e-01
-1.121667315239660012e-01
-1.121667315239660012e-01
-1.121667315239660012e-01
-1.121667315239660012e-01
-1.121667315239660012e-01
-1.121667315239660012e-01
-1.121667315239660012e-01
-1.121667315239660012e-01
-1.121667315239660012e-01
-1.121667315239660012e-01
-1.121667315239660012e-01
-1.121667315239660012e-01
-1.121667315239660012e-01
-1.121667315239660012e-01
-1.121667315239660012e-01
-1.121667315239660012e-01
-1.121667315239660012e-01
-1.121667315239660012e-01
-1.121667315239660012e-01
-1.121667315239660012e-01
-1.121667315239660012e-01
-1.121667315239660012e-01
-1.121667315239660012e-01
-1.121667315239660012e-01
-1.121667315239660012e-01
-1.121667315239660012e-01
-1.121667315239660012e-01
-1.121667315239660012e-01
-1.121667315239660012e-01
-1.121667315239660012e-01
-1.121667315239660012e-01
-1.121667315239660012e-01
-1.121667315239660012e-01
-1.120625729770550888e-01
-1.120625729770550888e-01
-1.120625729770550888e-01
-1.120625729770550888e-01
-1.120625729770550888e-01
-1.120625729770550888e-01
-1.120625729770550888e-01
-1.120625729770550888e-01
-1.120625729770550888e-01
-1.120625729770550888e-01
-1.120625729770550888e-01
-1.120625729770550888e-01
-1.120625729770550888e-01
-1.120625729770550888e-01
-1.120625729770550888e-01
-1.120625729770550888e-01
-1.120625729770550888e-01
-1.120625729770550888e-01
-1.120625729770550888e-01
-1.120625729770550888e-01
-1.358840165812928158e-01
-1.358840165812928158e-01
-1.358840165812928158e-01
-1.358840165812928158e-01
-1.358840165812928158e-01
-1.358840165812928158e-01
-1.358840165812928158e-01
-1.358840165812928158e-01
-1.358840165812928158e-01
-1.358840165812928158e-01
-1.358840165812928158e-01
-1.358840165812928158e-01
-1.358840165812928158e-01
-1.358840165812928158e-01
-1.358840165812928158e-01
-1.358840165812928158e-01
-1.358840165812928158e-01
-1.358840165812928158e-01
-1.358840165812928158e-01
-1.358840165812928158e-01
-1.358840165812928158e-01
-1.358840165812928158e-01
-1.358840165812928158e-01
-1.358840165812928158e-01
-1.358840165812928158e-01
-1.358840165812928158e-01
-1.358840165812928158e-01
-1.358840165812928158e-01
-1.358840165812928158e-01
-1.358840165812928158e-01
-1.358840165812928158e-01
-1.358840165812928158e-01
-1.358840165812928158e-01
-1.358840165812928158e-01
-1.358840165812928158e-01
-1.358840165812928158e-01
-1.358840165812928158e-01
-1.358840165812928158e-01
-1.358840165812928158e-01
-1.358840165812928158e-01
-1.358840165812928158e-01
-1.358840165812928158e-01
-1.358840165812928158e-01
-1.358840165812928158e-01
-1.358840165812928158e-01
-1.358840165812928158e-01
-1.358840165812928158e-01
-1.358840165812928158e-01
-1.358840165812928158e-01
-1.358840165812928158e-01
-1.358840165812928158e-01
-1.358840165812928158e-01
-1.358840165812928158e-01
-1.358840165812928158e-01
-1.358840165812928158e-01
-1.358840165812928158e-01
-1.358840165812928158e-01
-1.358840165812928158e-01
-1.358840165812928158e-01
-1.358840165812928158e-01
-1.358840165812928158e-01
-1.358840165812928158e-01
-1.358840165812928158e-01
-1.358840165812928158e-01
-1.358840165812928158e-01
-1.290446685103567581e-01
-1.290446685103567581e-01
-1.290446685103567581e-01
-1.290446685103567581e-01
-1.290446685103567581e-01
-1.290446685103567581e-01
-1.290446685103567581e-01
-1.290446685103567581e-01
-1.290446685103567581e-01
-1.290446685103567581e-01
-1.290446685103567581e-01
-1.290446685103567581e-01
-1.290446685103567581e-01
-1.290446685103567581e-01
-1.290446685103567581e-01
-1.290446685103567581e-01
-1.290446685103567581e-01
-1.290446685103567581e-01
-1.290446685103567581e-01
-1.290446685103567581e-01
-1.290446685103567581e-01
-1.290446685103567581e-01
-1.290446685103567581e-01
-1.290446685103567581e-01
-1.290446685103567581e-01
-1.290446685103567581e-01
-1.290446685103567581e-01
-1.290446685103567581e-01
-1.290446685103567581e-01
-1.290446685103567581e-01
-1.290446685103567581e-01
-1.290446685103567581e-01
-1.290446685103567581e-01
-1.290446685103567581e-01
-1.290446685103567581e-01
-1.290446685103567581e-01
-1.290446685103567581e-01
-1.290446685103567581e-01
-1.290446685103567581e-01
-1.290446685103567581e-01
-1.290446685103567581e-01
-1.290446685103567581e-01
-1.290446685103567581e-01
-1.290446685103567581e-01
-1.290446685103567581e-01
-1.290446685103567581e-01
-1.290446685103567581e-01
-1.290446685103567581e-01
-1.290446685103567581e-01
-1.290446685103567581e-01
-1.290446685103567581e-01
-1.290446685103567581e-01
-1.290446685103567581e-01
-1.290446685103567581e-01
-1.290446685103567581e-01
-1.290446685103567581e-01
-1.290446685103567581e-01
-1.290446685103567581e-01
-1.290446685103567581e-01
-1.290446685103567581e-01
-1.290446685103567581e-01
-1.290446685103567581e-01
-1.290446685103567581e-01
-1.290446685103567581e-01
-1.290446685103567581e-01
-1.290446685103567581e-01
-1.290446685103567581e-01
-1.290446685103567581e-01
-1.290446685103567581e-01
-1.290446685103567581e-01
-1.290446685103567581e-01
-1.290446685103567581e-01
-1.290446685103567581e-01
-1.290446685103567581e-01
-1.290446685103567581e-01
-1.290446685103567581e-01
-1.290446685103567581e-01
-1.290446685103567581e-01
-1.290446685103567581e-01
-1.290446685103567581e-01
-1.290446685103567581e-01
-1.290446685103567581e-01
-1.290446685103567581e-01
-1.290446685103567581e-01
-1.290446685103567581e-01
-1.290446685103567581e-01
-1.290446685103567581e-01
-1.290446685103567581e-01
-1.290446685103567581e-01
-1.290446685103567581e-01
-1.290446685103567581e-01
-1.290446685103567581e-01
-1.290446685103567581e-01
-1.290446685103567581e-01
-1.290446685103567581e-01
-1.290446685103567581e-01
-1.290446685103567581e-01
-1.290446685103567581e-01
-1.290446685103567581e-01
-1.290446685103567581e-01
-1.290446685103567581e-01
-1.290446685103567581e-01
-1.290446685103567581e-01
-1.290446685103567581e-01
-1.290446685103567581e-01
-1.290446685103567581e-01
-1.290446685103567581e-01
-1.290446685103567581e-01
-1.290446685103567581e-01
-1.290446685103567581e-01
-1.290446685103567581e-01
-1.290446685103567581e-01
-1.290446685103567581e-01
-1.290446685103567581e-01
-1.290446685103567581e-01
-1.290446685103567581e-01
-1.290446685103567581e-01
-1.290446685103567581e-01
-1.323531536709510181e-01
-1.323531536709510181e-01
-1.323531536709510181e-01
-1.323531536709510181e-01
-1.323531536709510181e-01
-1.323531536709510181e-01
-1.259144274500086369e-01
-1.259144274500086369e-01
-1.259144274500086369e-01
-1.259144274500086369e-01
-1.259144274500086369e-01
-8.146418525657507514e-02
-8.146418525657507514e-02
-8.146418525657507514e-02
-8.017125309767275665e-02
-8.017125309767275665e-02
-8.017125309767275665e-02
-8.017125309767275665e-02
-8.017125309767275665e-02
-8.017125309767275665e-02
-8.017125309767275665e-02
-8.017125309767275665e-02
-8.017125309767275665e-02
-8.017125309767275665e-02
-8.017125309767275665e-02
-8.017125309767275665e-02
-8.017125309767275665e-02
-8.017125309767275665e-02
-8.017125309767275665e-02
-7.458087448636158134e-02
-7.458087448636158134e-02
-7.458087448636158134e-02
-1.374143914784345666e-01
-1.374143914784345666e-01
-1.374143914784345666e-01
-1.374143914784345666e-01
-1.374143914784345666e-01
-1.374143914784345666e-01
-1.374143914784345666e-01
-1.374143914784345666e-01
-1.374143914784345666e-01
-1.374143914784345666e-01
-1.564787034778704344e-01
-1.262615988632916908e-01
-1.262615988632916908e-01
-1.262615988632916908e-01
-1.262615988632916908e-01
-1.262615988632916908e-01
-1.262615988632916908e-01
-1.262615988632916908e-01
-1.262615988632916908e-01
-1.262615988632916908e-01
-1.262615988632916908e-01
-1.262615988632916908e-01
-1.262615988632916908e-01
-1.262615988632916908e-01
-1.262615988632916908e-01
-1.262615988632916908e-01
-1.262615988632916908e-01
-9.462260863749064055e-02
-9.462260863749064055e-02
-9.462260863749064055e-02
-9.462260863749064055e-02
-9.462260863749064055e-02
-9.462260863749064055e-02
-9.462260863749064055e-02
-9.462260863749064055e-02
-9.462260863749064055e-02
-9.462260863749064055e-02
-9.462260863749064055e-02
-9.462260863749064055e-02
-9.462260863749064055e-02
-9.462260863749064055e-02
-9.462260863749064055e-02
-9.462260863749064055e-02
-9.462260863749064055e-02
-9.462260863749064055e-02
-9.462260863749064055e-02
-9.462260863749064055e-02
-9.462260863749064055e-02
-9.462260863749064055e-02
-9.462260863749064055e-02
-9.462260863749064055e-02
-9.462260863749064055e-02
-9.462260863749064055e-02
-9.462260863749064055e-02
-9.462260863749064055e-02
-9.462260863749064055e-02
-9.462260863749064055e-02
-8.006374677554142782e-02
-8.006374677554142782e-02
-8.006374677554142782e-02
-8.006374677554142782e-02
-8.006374677554142782e-02
-8.006374677554142782e-02
-8.006374677554142782e-02
-8.006374677554142782e-02
-8.006374677554142782e-02
-8.006374677554142782e-02
-8.006374677554142782e-02
-8.006374677554142782e-02
-8.006374677554142782e-02
-9.257701825685299424e-02
-9.257701825685299424e-02
-9.257701825685299424e-02
-9.257701825685299424e-02
-9.257701825685299424e-02
-9.257701825685299424e-02
-9.257701825685299424e-02
-9.257701825685299424e-02
-9.257701825685299424e-02
-9.257701825685299424e-02
-9.257701825685299424e-02
-9.257701825685299424e-02
-9.257701825685299424e-02
-9.257701825685299424e-02
-9.257701825685299424e-02
-9.257701825685299424e-02
-9.257701825685299424e-02
-9.257701825685299424e-02
-9.257701825685299424e-02
-9.257701825685299424e-02
-9.257701825685299424e-02
-9.257701825685299424e-02
-9.257701825685299424e-02
-9.257701825685299424e-02
-9.257701825685299424e-02
-9.257701825685299424e-02
-9.257701825685299424e-02
-9.257701825685299424e-02
-9.257701825685299424e-02
-9.257701825685299424e-02
-9.257701825685299424e-02
-9.257701825685299424e-02
-9.257701825685299424e-02
-9.257701825685299424e-02
-9.257701825685299424e-02
-9.257701825685299424e-02
-9.257701825685299424e-02
-9.257701825685299424e-02
-9.257701825685299424e-02
-9.257701825685299424e-02
-9.257701825685299424e-02
-9.257701825685299424e-02
-9.257701825685299424e-02
-9.257701825685299424e-02
-9.257701825685299424e-02
-9.257701825685299424e-02
-1.557285454031614169e-01
-1.557285454031614169e-01
-1.557285454031614169e-01
-1.403157159429663237e-01
-1.403157159429663237e-01
-1.403157159429663237e-01
-1.403157159429663237e-01
-1.403157159429663237e-01
-1.403157159429663237e-01
-1.403157159429663237e-01
-1.403157159429663237e-01
-1.403157159429663237e-01
-1.403157159429663237e-01
-1.403157159429663237e-01
-1.403157159429663237e-01
-1.403157159429663237e-01
-1.403157159429663237e-01
-1.403157159429663237e-01
-1.403157159429663237e-01
-1.403157159429663237e-01
-1.403157159429663237e-01
-1.403157159429663237e-01
-1.403157159429663237e-01
-1.403157159429663237e-01
-1.403157159429663237e-01
-1.403157159429663237e-01
-1.403157159429663237e-01
-1.403157159429663237e-01
-1.403157159429663237e-01
-1.403157159429663237e-01
-1.403157159429663237e-01
-1.403157159429663237e-01
-1.403157159429663237e-01
-1.918253690061332006e-01
-1.918253690061332006e-01
-1.918253690061332006e-01
-1.918253690061332006e-01
-1.918253690061332006e-01
-1.918253690061332006e-01
-1.918253690061332006e-01
-1.670865637622417355e-01
-1.670865637622417355e-01
-1.670865637622417355e-01
-1.670865637622417355e-01
-1.471161443462335183e-01
-1.471161443462335183e-01
-1.471161443462335183e-01
-1.471161443462335183e-01
-1.471161443462335183e-01
-1.471161443462335183e-01
-1.471161443462335183e-01
-6.608008967986753190e-02
-6.608008967986753190e-02
-6.608008967986753190e-02
-6.608008967986753190e-02
-6.608008967986753190e-02
-6.608008967986753190e-02
-6.608008967986753190e-02
-6.608008967986753190e-02
-6.608008967986753190e-02
-6.608008967986753190e-02
-6.608008967986753190e-02
-6.608008967986753190e-02
-6.608008967986753190e-02
-6.608008967986753190e-02
-6.608008967986753190e-02
-6.608008967986753190e-02
-6.608008967986753190e-02
-6.608008967986753190e-02
-6.608008967986753190e-02
-6.608008967986753190e-02
-6.608008967986753190e-02
-6.608008967986753190e-02
-6.150148709235182115e-02
-6.150148709235182115e-02
-6.150148709235182115e-02
-6.150148709235182115e-02
-6.150148709235182115e-02
-6.150148709235182115e-02
-6.150148709235182115e-02
-6.150148709235182115e-02
-6.150148709235182115e-02
-6.150148709235182115e-02
-6.150148709235182115e-02
-6.367916501274983876e-02
-6.367916501274983876e-02
-6.367916501274983876e-02
-6.367916501274983876e-02
-6.367916501274983876e-02
-6.367916501274983876e-02
-6.367916501274983876e-02
-9.473910409223508522e-02
-9.473910409223508522e-02
-9.473910409223508522e-02
-9.473910409223508522e-02
-9.473910409223508522e-02
-9.473910409223508522e-02
-9.473910409223508522e-02
-9.473910409223508522e-02
-9.473910409223508522e-02
-9.473910409223508522e-02
-1.319198090989092687e-01
-1.319198090989092687e-01
-1.319198090989092687e-01
-1.319198090989092687e-01
-4.678247336219874819e-02
-1.224430124800702097e-01
-1.224430124800702097e-01
-1.224430124800702097e-01
-1.224430124800702097e-01
-1.224430124800702097e-01
-1.224430124800702097e-01
-1.224430124800702097e-01
-1.224430124800702097e-01
-1.224430124800702097e-01
-1.224430124800702097e-01
-1.224430124800702097e-01
-1.224430124800702097e-01
-1.224430124800702097e-01
-1.224430124800702097e-01
-1.224430124800702097e-01
-1.224430124800702097e-01
-1.224430124800702097e-01
-1.224430124800702097e-01
-1.224430124800702097e-01
-1.224430124800702097e-01
-1.224430124800702097e-01
-1.224430124800702097e-01
-1.224430124800702097e-01
-1.224430124800702097e-01
-1.224430124800702097e-01
-1.224430124800702097e-01
-1.001871595191226177e-01
-1.001871595191226177e-01
-1.001871595191226177e-01
-1.001871595191226177e-01
-1.001871595191226177e-01
-1.001871595191226177e-01
-1.001871595191226177e-01
-1.001871595191226177e-01
-1.001871595191226177e-01
-1.001871595191226177e-01
-1.001871595191226177e-01
-1.001871595191226177e-01
-1.001871595191226177e-01
-1.001871595191226177e-01
-1.001871595191226177e-01
-1.001871595191226177e-01
-1.001871595191226177e-01
-1.001871595191226177e-01
-1.001871595191226177e-01
-1.001871595191226177e-01
-1.001871595191226177e-01
-1.001871595191226177e-01
-1.001871595191226177e-01
-1.001871595191226177e-01
-1.001871595191226177e-01
-1.001871595191226177e-01
-1.001871595191226177e-01
-1.001871595191226177e-01
-1.001871595191226177e-01
-1.001871595191226177e-01
-1.001871595191226177e-01
-1.001871595191226177e-01
-1.001871595191226177e-01
-1.001871595191226177e-01
-1.001871595191226177e-01
-1.001871595191226177e-01
-1.001871595191226177e-01
-1.001871595191226177e-01
-1.001871595191226177e-01
-1.001871595191226177e-01
-1.001871595191226177e-01
-1.001871595191226177e-01
-1.001871595191226177e-01
-1.001871595191226177e-01
-1.001871595191226177e-01
-1.001871595191226177e-01
-1.001871595191226177e-01
-1.001871595191226177e-01
-1.001871595191226177e-01
-1.001871595191226177e-01
-1.001871595191226177e-01
-1.001871595191226177e-01
-1.001871595191226177e-01
-1.001871595191226177e-01
-1.001871595191226177e-01
-1.001871595191226177e-01
-1.001871595191226177e-01
-1.001871595191226177e-01
-1.001871595191226177e-01
-1.001871595191226177e-01
-1.001871595191226177e-01
-1.001871595191226177e-01
-1.001871595191226177e-01
-1.001871595191226177e-01
-1.001871595191226177e-01
-1.001871595191226177e-01
-1.001871595191226177e-01
-1.001871595191226177e-01
-1.001871595191226177e-01
-1.001871595191226177e-01
-1.001871595191226177e-01
-1.001871595191226177e-01
-1.001871595191226177e-01
-1.001871595191226177e-01
-1.001871595191226177e-01
-1.001871595191226177e-01
-1.001871595191226177e-01
-1.001871595191226177e-01
-1.001871595191226177e-01
-1.001871595191226177e-01
-1.001871595191226177e-01
-1.001871595191226177e-01
-1.001871595191226177e-01
-1.001871595191226177e-01
-1.001871595191226177e-01
-1.001871595191226177e-01
-1.001871595191226177e-01
-1.001871595191226177e-01
-1.001871595191226177e-01
-1.001871595191226177e-01
-8.795494445195388422e-02
-8.795494445195388422e-02
-8.795494445195388422e-02
-8.795494445195388422e-02
-8.795494445195388422e-02
-8.795494445195388422e-02
-8.795494445195388422e-02
-8.795494445195388422e-02
-8.795494445195388422e-02
-8.795494445195388422e-02
-8.795494445195388422e-02
-8.795494445195388422e-02
-8.795494445195388422e-02
-8.795494445195388422e-02
-8.795494445195388422e-02
-8.795494445195388422e-02
-8.795494445195388422e-02
-8.795494445195388422e-02
-8.795494445195388422e-02
-8.795494445195388422e-02
-8.795494445195388422e-02
-8.795494445195388422e-02
-8.795494445195388422e-02
-8.795494445195388422e-02
-8.795494445195388422e-02
-8.795494445195388422e-02
-8.795494445195388422e-02
-8.795494445195388422e-02
-8.795494445195388422e-02
-8.795494445195388422e-02
-8.795494445195388422e-02
-8.795494445195388422e-02
-8.795494445195388422e-02
-8.795494445195388422e-02
-8.795494445195388422e-02
-8.795494445195388422e-02
-8.795494445195388422e-02
-8.795494445195388422e-02
-8.795494445195388422e-02
-8.795494445195388422e-02
-8.795494445195388422e-02
-9.245936176517041694e-02
-9.245936176517041694e-02
-9.245936176517041694e-02
-9.245936176517041694e-02
-9.245936176517041694e-02
-9.245936176517041694e-02
-9.245936176517041694e-02
-9.245936176517041694e-02
-9.245936176517041694e-02
-9.245936176517041694e-02
-9.245936176517041694e-02
-8.955532346583232328e-02
-8.955532346583232328e-02
-8.955532346583232328e-02
-8.955532346583232328e-02
-8.955532346583232328e-02
-8.955532346583232328e-02
-8.955532346583232328e-02
-8.955532346583232328e-02
-8.955532346583232328e-02
-8.955532346583232328e-02
-8.955532346583232328e-02
-8.955532346583232328e-02
-8.955532346583232328e-02
-8.955532346583232328e-02
-8.955532346583232328e-02
-8.955532346583232328e-02
-8.955532346583232328e-02
-8.955532346583232328e-02
-8.955532346583232328e-02
-8.955532346583232328e-02
-8.955532346583232328e-02
-8.955532346583232328e-02
-8.955532346583232328e-02
-8.955532346583232328e-02
-8.955532346583232328e-02
-8.955532346583232328e-02
-8.955532346583232328e-02
-8.214826394677389454e-02
-8.214826394677389454e-02
-8.214826394677389454e-02
-8.214826394677389454e-02
-8.214826394677389454e-02
-8.214826394677389454e-02
-8.214826394677389454e-02
-8.214826394677389454e-02
-8.214826394677389454e-02
-8.214826394677389454e-02
-8.214826394677389454e-02
-8.214826394677389454e-02
-8.214826394677389454e-02
-8.214826394677389454e-02
-8.214826394677389454e-02
-8.214826394677389454e-02
-8.214826394677389454e-02
-8.214826394677389454e-02
-8.214826394677389454e-02
-8.214826394677389454e-02
-8.214826394677389454e-02
-8.214826394677389454e-02
-8.214826394677389454e-02
-8.214826394677389454e-02
-8.214826394677389454e-02
-8.214826394677389454e-02
-8.214826394677389454e-02
-8.214826394677389454e-02
-8.214826394677389454e-02
-8.214826394677389454e-02
-8.214826394677389454e-02
-8.214826394677389454e-02
-8.214826394677389454e-02
-8.214826394677389454e-02
-8.214826394677389454e-02
-8.214826394677389454e-02
-8.214826394677389454e-02
-8.214826394677389454e-02
-1.010540979656161104e-01
-1.010540979656161104e-01
-1.010540979656161104e-01
-1.010540979656161104e-01
-1.010540979656161104e-01
-1.010540979656161104e-01
-1.010540979656161104e-01
-1.010540979656161104e-01
-1.010540979656161104e-01
-1.010540979656161104e-01
-1.010540979656161104e-01
-1.010540979656161104e-01
-1.010540979656161104e-01
-1.010540979656161104e-01
-1.010540979656161104e-01
-1.010540979656161104e-01
-1.010540979656161104e-01
-1.010540979656161104e-01
-1.010540979656161104e-01
-1.010540979656161104e-01
-1.010540979656161104e-01
-1.010540979656161104e-01
-1.029774304443745875e-01
-1.029774304443745875e-01
-1.029774304443745875e-01
-1.029774304443745875e-01
-1.135465633800790963e-01
-1.140493992181854516e-01
-1.140493992181854516e-01
-1.140493992181854516e-01
-1.140493992181854516e-01
-1.140493992181854516e-01
-1.140493992181854516e-01
-7.175768852005952325e-02
-7.175768852005952325e-02
-7.175768852005952325e-02
-7.175768852005952325e-02
-7.175768852005952325e-02
-7.175768852005952325e-02
-7.175768852005952325e-02
-7.175768852005952325e-02
-7.175768852005952325e-02
-7.175768852005952325e-02
-7.175768852005952325e-02
-7.175768852005952325e-02
-7.175768852005952325e-02
-7.175768852005952325e-02
-7.175768852005952325e-02
-7.175768852005952325e-02
-7.175768852005952325e-02
-7.175768852005952325e-02
-7.175768852005952325e-02
-7.175768852005952325e-02
-7.175768852005952325e-02
-7.175768852005952325e-02
-7.175768852005952325e-02
-7.175768852005952325e-02
-7.175768852005952325e-02
-7.175768852005952325e-02
-7.175768852005952325e-02
-7.175768852005952325e-02
-7.175768852005952325e-02
-7.175768852005952325e-02
-7.175768852005952325e-02
-7.175768852005952325e-02
-7.175768852005952325e-02
-7.175768852005952325e-02
-7.175768852005952325e-02
-7.175768852005952325e-02
-7.175768852005952325e-02
-7.175768852005952325e-02
-7.175768852005952325e-02
-7.175768852005952325e-02
-7.175768852005952325e-02
-7.175768852005952325e-02
-7.175768852005952325e-02
-7.175768852005952325e-02
-7.175768852005952325e-02
-7.175768852005952325e-02
-7.175768852005952325e-02
-7.175768852005952325e-02
-7.175768852005952325e-02
-7.175768852005952325e-02
-7.175768852005952325e-02
-7.175768852005952325e-02
-7.175768852005952325e-02
-7.175768852005952325e-02
-7.175768852005952325e-02
-7.175768852005952325e-02
-7.175768852005952325e-02
-7.175768852005952325e-02
-7.175768852005952325e-02
-7.175768852005952325e-02
-7.175768852005952325e-02
-7.175768852005952325e-02
-7.175768852005952325e-02
-7.175768852005952325e-02
-7.175768852005952325e-02
-7.175768852005952325e-02
-7.175768852005952325e-02
-7.175768852005952325e-02
-8.822532360002141583e-02
-8.822532360002141583e-02
-8.822532360002141583e-02
-8.822532360002141583e-02
-8.822532360002141583e-02
-8.822532360002141583e-02
-8.822532360002141583e-02
-8.822532360002141583e-02
-8.822532360002141583e-02
-8.822532360002141583e-02
-8.822532360002141583e-02
-7.138109229946683343e-02
-7.138109229946683343e-02
-7.138109229946683343e-02
-7.138109229946683343e-02
-7.138109229946683343e-02
-7.138109229946683343e-02
-7.138109229946683343e-02
-7.138109229946683343e-02
-7.138109229946683343e-02
-8.723894080741910473e-02
-8.723894080741910473e-02
-8.723894080741910473e-02
-8.723894080741910473e-02
-8.723894080741910473e-02
-8.723894080741910473e-02
-8.723894080741910473e-02
-8.723894080741910473e-02
-8.723894080741910473e-02
-8.723894080741910473e-02
-8.723894080741910473e-02
-8.723894080741910473e-02
-8.723894080741910473e-02
-8.723894080741910473e-02
-8.723894080741910473e-02
-8.723894080741910473e-02
-8.723894080741910473e-02
-8.723894080741910473e-02
-8.723894080741910473e-02
-8.723894080741910473e-02
-8.723894080741910473e-02
-8.723894080741910473e-02
-8.723894080741910473e-02
-8.723894080741910473e-02
-8.723894080741910473e-02
-8.723894080741910473e-02
-8.723894080741910473e-02
-8.723894080741910473e-02
-8.723894080741910473e-02
-8.723894080741910473e-02
-8.723894080741910473e-02
-8.723894080741910473e-02
-8.723894080741910473e-02
-8.723894080741910473e-02
-8.723894080741910473e-02
-8.723894080741910473e-02
-8.723894080741910473e-02
-7.669215961350536737e-02
-7.669215961350536737e-02
-7.669215961350536737e-02
-7.669215961350536737e-02
-7.669215961350536737e-02
-7.669215961350536737e-02
-7.669215961350536737e-02
-7.669215961350536737e-02
-7.669215961350536737e-02
-7.669215961350536737e-02
-7.669215961350536737e-02
-7.669215961350536737e-02
-7.669215961350536737e-02
-7.669215961350536737e-02
-7.669215961350536737e-02
-7.669215961350536737e-02
-7.669215961350536737e-02
-7.669215961350536737e-02
-7.669215961350536737e-02
-7.669215961350536737e-02
-7.669215961350536737e-02
-7.669215961350536737e-02
-7.669215961350536737e-02
-7.669215961350536737e-02
-7.669215961350536737e-02
-7.669215961350536737e-02
-7.669215961350536737e-02
-7.669215961350536737e-02
-7.669215961350536737e-02
-7.669215961350536737e-02
-7.669215961350536737e-02
-7.669215961350536737e-02
-7.669215961350536737e-02
-7.669215961350536737e-02
-7.669215961350536737e-02
-7.669215961350536737e-02
-7.669215961350536737e-02
-7.669215961350536737e-02
-7.669215961350536737e-02
-7.669215961350536737e-02
-7.669215961350536737e-02
-7.669215961350536737e-02
-7.669215961350536737e-02
-7.669215961350536737e-02
-7.669215961350536737e-02
-7.669215961350536737e-02
-7.669215961350536737e-02
-7.669215961350536737e-02
-7.669215961350536737e-02
-7.669215961350536737e-02
-7.669215961350536737e-02
-7.669215961350536737e-02
-7.669215961350536737e-02
-7.669215961350536737e-02
-7.669215961350536737e-02
-7.669215961350536737e-02
-7.669215961350536737e-02
-7.669215961350536737e-02
-7.669215961350536737e-02
-7.669215961350536737e-02
-7.669215961350536737e-02
-7.669215961350536737e-02
-7.669215961350536737e-02
-7.669215961350536737e-02
-7.669215961350536737e-02
-7.669215961350536737e-02
-7.669215961350536737e-02
-7.669215961350536737e-02
-7.669215961350536737e-02
-7.669215961350536737e-02
-7.669215961350536737e-02
-7.669215961350536737e-02
-7.669215961350536737e-02
-7.669215961350536737e-02
-1.856789106848590887e-01
-1.856789106848590887e-01
-1.856789106848590887e-01
-1.856789106848590887e-01
-1.856789106848590887e-01
-1.856789106848590887e-01
-1.856789106848590887e-01
-1.856789106848590887e-01
-1.856789106848590887e-01
-1.856789106848590887e-01
-1.856789106848590887e-01
-1.856789106848590887e-01
-1.856789106848590887e-01
-1.856789106848590887e-01
-1.856789106848590887e-01
-1.856789106848590887e-01
-1.856789106848590887e-01
-1.856789106848590887e-01
-1.856789106848590887e-01
-1.856789106848590887e-01
-1.856789106848590887e-01
-1.856789106848590887e-01
-1.856789106848590887e-01
-1.856789106848590887e-01
-1.856789106848590887e-01
-1.856789106848590887e-01
-1.856789106848590887e-01
-1.856789106848590887e-01
-1.856789106848590887e-01
-1.856789106848590887e-01
-1.856789106848590887e-01
-1.856789106848590887e-01
-1.856789106848590887e-01
-1.856789106848590887e-01
-1.856789106848590887e-01
-1.856789106848590887e-01
-1.461616865079671812e-01
-1.461616865079671812e-01
-1.461616865079671812e-01
-1.461616865079671812e-01
-1.461616865079671812e-01
-1.480505155331773848e-01
-1.480505155331773848e-01
-1.480505155331773848e-01
-1.325444327257787325e-01
-1.325444327257787325e-01
-1.325444327257787325e-01
-1.325444327257787325e-01
-1.325444327257787325e-01
-1.325444327257787325e-01
-1.325444327257787325e-01
-1.325444327257787325e-01
-1.325444327257787325e-01
-1.325444327257787325e-01
-1.325444327257787325e-01
-1.325444327257787325e-01
-1.325444327257787325e-01
-1.325444327257787325e-01
-1.325444327257787325e-01
-1.325444327257787325e-01
-1.325444327257787325e-01
-1.325444327257787325e-01
-1.325444327257787325e-01
-1.325444327257787325e-01
-1.325444327257787325e-01
-1.325444327257787325e-01
-1.325444327257787325e-01
-1.325444327257787325e-01
-1.325444327257787325e-01
-1.325444327257787325e-01
-1.325444327257787325e-01
-1.325444327257787325e-01
-1.325444327257787325e-01
-1.325444327257787325e-01
