# Variable: dg_gbsa_00000238
# Sample shape: (2000,)
# Date: 2014-03-03 06:24:07.409578
-9.925187659765064563e-01
-9.925187659765064563e-01
-1.667909480873530859e+00
-5.444220785429099152e+00
-5.444220785429099152e+00
-5.444220785429099152e+00
-5.444220785429099152e+00
-5.444220785429099152e+00
-4.423353913637237511e+00
-4.423353913637237511e+00
-4.423353913637237511e+00
-4.423353913637237511e+00
-4.121298999676968222e+00
-4.121298999676968222e+00
-4.121298999676968222e+00
-4.121298999676968222e+00
-4.121298999676968222e+00
-4.121298999676968222e+00
-4.121298999676968222e+00
-4.121298999676968222e+00
-4.121298999676968222e+00
-4.121298999676968222e+00
-4.121298999676968222e+00
-4.110347700392538606e+00
-4.110347700392538606e+00
-4.110347700392538606e+00
-4.110347700392538606e+00
-4.110347700392538606e+00
-4.110347700392538606e+00
-4.110347700392538606e+00
-4.673134072560880981e+00
-4.673134072560880981e+00
-4.673134072560880981e+00
-4.922745104729559174e+00
-4.922745104729559174e+00
-4.922745104729559174e+00
-4.922745104729559174e+00
-4.579303369467390361e+00
-4.579303369467390361e+00
-4.579303369467390361e+00
-4.579303369467390361e+00
-4.579303369467390361e+00
-4.579303369467390361e+00
-4.579303369467390361e+00
-4.579303369467390361e+00
-4.587067700708801432e+00
-4.587067700708801432e+00
-4.587067700708801432e+00
-4.587067700708801432e+00
-4.587067700708801432e+00
-4.644949167226058329e+00
-4.644949167226058329e+00
-4.644949167226058329e+00
-4.644949167226058329e+00
-4.644949167226058329e+00
-4.419167684551406516e+00
-4.413876889084766830e+00
-4.413876889084766830e+00
-3.848220832489188670e+00
-3.848220832489188670e+00
-3.848220832489188670e+00
-3.848220832489188670e+00
-3.848220832489188670e+00
-3.848220832489188670e+00
-3.848220832489188670e+00
-3.848220832489188670e+00
-3.848220832489188670e+00
-3.848220832489188670e+00
-3.848220832489188670e+00
-3.848220832489188670e+00
-3.848220832489188670e+00
-3.848220832489188670e+00
-3.848220832489188670e+00
-3.848220832489188670e+00
-3.848220832489188670e+00
-3.848220832489188670e+00
-3.848220832489188670e+00
-3.848220832489188670e+00
-3.848220832489188670e+00
-4.296965170544829959e+00
-4.296965170544829959e+00
-4.296965170544829959e+00
-4.296965170544829959e+00
-4.296965170544829959e+00
-4.109251795489746506e+00
-4.109251795489746506e+00
-4.109251795489746506e+00
-4.109251795489746506e+00
-4.109251795489746506e+00
-4.012813075778589145e+00
-4.012813075778589145e+00
-4.012813075778589145e+00
-4.012813075778589145e+00
-4.012813075778589145e+00
-4.012813075778589145e+00
-4.012813075778589145e+00
-4.012813075778589145e+00
-4.012813075778589145e+00
-4.012813075778589145e+00
-4.012813075778589145e+00
-4.012813075778589145e+00
-4.012813075778589145e+00
-4.012813075778589145e+00
-4.012813075778589145e+00
-4.012813075778589145e+00
-4.012813075778589145e+00
-4.012813075778589145e+00
-4.012813075778589145e+00
-4.012813075778589145e+00
-4.012813075778589145e+00
-4.012813075778589145e+00
-4.012813075778589145e+00
-4.012813075778589145e+00
-4.012813075778589145e+00
-4.012813075778589145e+00
-4.012813075778589145e+00
-4.012813075778589145e+00
-4.012813075778589145e+00
-4.012813075778589145e+00
-4.012813075778589145e+00
-4.012813075778589145e+00
-4.012813075778589145e+00
-4.012813075778589145e+00
-4.012813075778589145e+00
-4.012813075778589145e+00
-4.012813075778589145e+00
-4.158422094458147811e+00
-4.158422094458147811e+00
-4.158422094458147811e+00
-4.158422094458147811e+00
-4.158422094458147811e+00
-4.333202971099211709e+00
-4.333202971099211709e+00
-4.333202971099211709e+00
-4.333202971099211709e+00
-4.333202971099211709e+00
-4.333202971099211709e+00
-4.333202971099211709e+00
-4.333202971099211709e+00
-4.333202971099211709e+00
-4.333202971099211709e+00
-4.333202971099211709e+00
-4.333202971099211709e+00
-4.333202971099211709e+00
-4.333202971099211709e+00
-4.333202971099211709e+00
-4.333202971099211709e+00
-4.333202971099211709e+00
-4.333202971099211709e+00
-4.333202971099211709e+00
-4.333202971099211709e+00
-4.333202971099211709e+00
-4.333202971099211709e+00
-4.333202971099211709e+00
-4.333202971099211709e+00
-4.333202971099211709e+00
-4.046878212952476517e+00
-4.046878212952476517e+00
-4.046878212952476517e+00
-4.046878212952476517e+00
-4.046878212952476517e+00
-4.046878212952476517e+00
-4.046878212952476517e+00
-4.046878212952476517e+00
-4.046878212952476517e+00
-4.046878212952476517e+00
-4.046878212952476517e+00
-4.046878212952476517e+00
-4.046878212952476517e+00
-4.046878212952476517e+00
-4.046878212952476517e+00
-4.046878212952476517e+00
-4.046878212952476517e+00
-4.046878212952476517e+00
-4.046878212952476517e+00
-4.046878212952476517e+00
-4.046878212952476517e+00
-4.046878212952476517e+00
-4.046878212952476517e+00
-4.046878212952476517e+00
-4.046878212952476517e+00
-4.046878212952476517e+00
-4.046878212952476517e+00
-4.046878212952476517e+00
-4.046878212952476517e+00
-4.046878212952476517e+00
-4.138158794570834687e+00
-4.138158794570834687e+00
-4.192209608468225213e+00
-4.192209608468225213e+00
-4.192209608468225213e+00
-4.192209608468225213e+00
-4.192209608468225213e+00
-4.192209608468225213e+00
-4.192209608468225213e+00
-4.192209608468225213e+00
-4.192209608468225213e+00
-4.192209608468225213e+00
-4.192209608468225213e+00
-4.192209608468225213e+00
-4.192209608468225213e+00
-4.190577147795639057e+00
-4.190577147795639057e+00
-4.190577147795639057e+00
-4.190577147795639057e+00
-4.190577147795639057e+00
-4.190577147795639057e+00
-4.190577147795639057e+00
-4.190577147795639057e+00
-4.263607995232021608e+00
-4.263607995232021608e+00
-3.739806251817633598e+00
-3.739806251817633598e+00
-3.739806251817633598e+00
-4.180311928743614125e+00
-4.180311928743614125e+00
-4.180311928743614125e+00
-4.180311928743614125e+00
-4.180311928743614125e+00
-4.180311928743614125e+00
-4.180311928743614125e+00
-4.180311928743614125e+00
-4.180311928743614125e+00
-4.180311928743614125e+00
-4.180311928743614125e+00
-4.206229350307019388e+00
-4.206229350307019388e+00
-4.206229350307019388e+00
-4.206229350307019388e+00
-4.206229350307019388e+00
-4.206229350307019388e+00
-4.041470715466238595e+00
-4.041470715466238595e+00
-4.041470715466238595e+00
-4.041470715466238595e+00
-4.041470715466238595e+00
-4.041470715466238595e+00
-4.041470715466238595e+00
-4.041470715466238595e+00
-4.041470715466238595e+00
-4.041470715466238595e+00
-4.041470715466238595e+00
-4.041470715466238595e+00
-4.041470715466238595e+00
-4.041470715466238595e+00
-4.041470715466238595e+00
-4.041470715466238595e+00
-4.041470715466238595e+00
-4.041470715466238595e+00
-4.041470715466238595e+00
-4.041470715466238595e+00
-4.041470715466238595e+00
-3.657222477929313875e+00
-3.739081422867783999e+00
-3.739081422867783999e+00
-3.739081422867783999e+00
-3.910853803499706682e+00
-3.910853803499706682e+00
-3.910853803499706682e+00
-3.910853803499706682e+00
-3.958444522398151477e+00
-3.958444522398151477e+00
-3.958444522398151477e+00
-3.958444522398151477e+00
-3.958444522398151477e+00
-3.958444522398151477e+00
-3.958444522398151477e+00
-3.955601278272231180e+00
-3.955601278272231180e+00
-3.955601278272231180e+00
-3.955601278272231180e+00
-3.955601278272231180e+00
-3.955601278272231180e+00
-3.955601278272231180e+00
-3.955601278272231180e+00
-3.955601278272231180e+00
-3.955601278272231180e+00
-3.955601278272231180e+00
-3.955601278272231180e+00
-3.955601278272231180e+00
-3.955601278272231180e+00
-3.955601278272231180e+00
-3.955601278272231180e+00
-3.955601278272231180e+00
-3.955601278272231180e+00
-3.955601278272231180e+00
-3.955601278272231180e+00
-3.955601278272231180e+00
-3.955601278272231180e+00
-3.858038389887910036e+00
-3.858038389887910036e+00
-3.858038389887910036e+00
-3.858038389887910036e+00
-3.858038389887910036e+00
-3.858038389887910036e+00
-3.858038389887910036e+00
-3.858038389887910036e+00
-3.858038389887910036e+00
-3.858038389887910036e+00
-3.858038389887910036e+00
-3.858038389887910036e+00
-3.858038389887910036e+00
-3.858038389887910036e+00
-3.858038389887910036e+00
-3.858038389887910036e+00
-3.858038389887910036e+00
-3.858038389887910036e+00
-3.858038389887910036e+00
-3.858038389887910036e+00
-3.858038389887910036e+00
-3.858038389887910036e+00
-3.990239440597037834e+00
-3.858314189582663811e+00
-3.858314189582663811e+00
-3.858314189582663811e+00
-3.858314189582663811e+00
-3.858314189582663811e+00
-3.858314189582663811e+00
-3.858314189582663811e+00
-3.858314189582663811e+00
-3.858314189582663811e+00
-3.858314189582663811e+00
-3.858314189582663811e+00
-3.858314189582663811e+00
-3.858314189582663811e+00
-3.858314189582663811e+00
-3.858314189582663811e+00
-3.858314189582663811e+00
-3.858314189582663811e+00
-3.849302149639530768e+00
-3.849302149639530768e+00
-3.849302149639530768e+00
-3.849302149639530768e+00
-3.849302149639530768e+00
-3.849302149639530768e+00
-3.849302149639530768e+00
-3.849302149639530768e+00
-3.849302149639530768e+00
-3.849302149639530768e+00
-4.041006642591428388e+00
-4.041006642591428388e+00
-4.041006642591428388e+00
-4.041006642591428388e+00
-4.041006642591428388e+00
-4.041006642591428388e+00
-4.041006642591428388e+00
-4.041006642591428388e+00
-3.640498987347400295e+00
-3.640498987347400295e+00
-3.640498987347400295e+00
-3.640498987347400295e+00
-3.640498987347400295e+00
-3.640498987347400295e+00
-3.640498987347400295e+00
-3.640498987347400295e+00
-3.640498987347400295e+00
-3.640498987347400295e+00
-3.640498987347400295e+00
-3.640498987347400295e+00
-3.670212187684972704e+00
-3.670212187684972704e+00
-3.670212187684972704e+00
-3.670212187684972704e+00
-3.670212187684972704e+00
-3.670212187684972704e+00
-3.807864499137688430e+00
-3.807864499137688430e+00
-3.608694723869600551e+00
-3.608694723869600551e+00
-3.608694723869600551e+00
-3.608694723869600551e+00
-3.608694723869600551e+00
-3.608694723869600551e+00
-3.608694723869600551e+00
-3.608694723869600551e+00
-3.608694723869600551e+00
-3.608694723869600551e+00
-3.608694723869600551e+00
-3.608694723869600551e+00
-3.608694723869600551e+00
-3.592824388872368768e+00
-3.592824388872368768e+00
-3.592824388872368768e+00
-3.592824388872368768e+00
-3.592824388872368768e+00
-3.592824388872368768e+00
-3.592824388872368768e+00
-3.592824388872368768e+00
-3.592824388872368768e+00
-3.592824388872368768e+00
-3.592824388872368768e+00
-3.592824388872368768e+00
-3.592824388872368768e+00
-3.592824388872368768e+00
-3.592824388872368768e+00
-3.592824388872368768e+00
-3.592824388872368768e+00
-3.592824388872368768e+00
-3.622548302090646377e+00
-3.718144123230563647e+00
-3.721678462128794163e+00
-3.721678462128794163e+00
-3.721678462128794163e+00
-3.721678462128794163e+00
-3.721678462128794163e+00
-3.721678462128794163e+00
-3.721678462128794163e+00
-3.721678462128794163e+00
-3.721678462128794163e+00
-3.721678462128794163e+00
-3.721678462128794163e+00
-3.721678462128794163e+00
-3.721678462128794163e+00
-3.721678462128794163e+00
-3.638370998958784241e+00
-3.638370998958784241e+00
-3.638370998958784241e+00
-3.638370998958784241e+00
-3.638370998958784241e+00
-3.638370998958784241e+00
-3.638370998958784241e+00
-3.638370998958784241e+00
-3.638370998958784241e+00
-3.638370998958784241e+00
-3.638370998958784241e+00
-3.638370998958784241e+00
-3.638370998958784241e+00
-3.638370998958784241e+00
-3.638370998958784241e+00
-3.638370998958784241e+00
-3.779920291718287473e+00
-3.779920291718287473e+00
-3.779920291718287473e+00
-3.779920291718287473e+00
-3.779920291718287473e+00
-3.779920291718287473e+00
-3.779920291718287473e+00
-3.779920291718287473e+00
-3.779920291718287473e+00
-3.779920291718287473e+00
-3.958783231775345524e+00
-3.958783231775345524e+00
-3.958783231775345524e+00
-3.958783231775345524e+00
-3.958783231775345524e+00
-3.928470338051906818e+00
-4.230885387150780552e+00
-4.230885387150780552e+00
-4.021036009487640506e+00
-4.021036009487640506e+00
-4.021036009487640506e+00
-4.021036009487640506e+00
-4.021036009487640506e+00
-4.021036009487640506e+00
-4.021036009487640506e+00
-4.021036009487640506e+00
-4.021036009487640506e+00
-4.021036009487640506e+00
-4.021036009487640506e+00
-3.879109486567130727e+00
-3.879109486567130727e+00
-3.879109486567130727e+00
-3.879109486567130727e+00
-3.879109486567130727e+00
-3.879109486567130727e+00
-3.879109486567130727e+00
-3.879109486567130727e+00
-3.879109486567130727e+00
-3.879109486567130727e+00
-3.879109486567130727e+00
-3.879109486567130727e+00
-3.879109486567130727e+00
-3.846588371816602070e+00
-3.846588371816602070e+00
-3.846588371816602070e+00
-3.846588371816602070e+00
-3.846588371816602070e+00
-3.846588371816602070e+00
-3.664411504683485088e+00
-3.664411504683485088e+00
-3.664411504683485088e+00
-3.664411504683485088e+00
-3.664411504683485088e+00
-3.664411504683485088e+00
-3.786124645182097126e+00
-3.786124645182097126e+00
-3.786124645182097126e+00
-3.786124645182097126e+00
-3.786124645182097126e+00
-3.814172106536806606e+00
-3.814172106536806606e+00
-3.814172106536806606e+00
-3.814172106536806606e+00
-3.814172106536806606e+00
-3.814172106536806606e+00
-3.814172106536806606e+00
-3.814172106536806606e+00
-3.814172106536806606e+00
-3.814172106536806606e+00
-3.814172106536806606e+00
-3.814172106536806606e+00
-3.814172106536806606e+00
-3.942065211600600527e+00
-3.942065211600600527e+00
-3.942065211600600527e+00
-3.942065211600600527e+00
-3.942065211600600527e+00
-3.942065211600600527e+00
-3.942065211600600527e+00
-3.942065211600600527e+00
-3.942065211600600527e+00
-3.942065211600600527e+00
-3.942065211600600527e+00
-3.942065211600600527e+00
-3.942065211600600527e+00
-3.942065211600600527e+00
-4.068064188182240137e+00
-3.791475843061224538e+00
-3.791475843061224538e+00
-3.686196717431850622e+00
-3.686196717431850622e+00
-3.686196717431850622e+00
-3.915344551917927518e+00
-3.915344551917927518e+00
-3.915344551917927518e+00
-3.915344551917927518e+00
-3.914820304564262443e+00
-3.871404418070047093e+00
-3.871404418070047093e+00
-3.871404418070047093e+00
-3.871404418070047093e+00
-4.241032992448678485e+00
-4.241032992448678485e+00
-4.241622428821104407e+00
-4.081739750236671682e+00
-4.081739750236671682e+00
-4.081739750236671682e+00
-4.081739750236671682e+00
-4.081739750236671682e+00
-4.081739750236671682e+00
-4.081739750236671682e+00
-4.081739750236671682e+00
-4.081739750236671682e+00
-4.248756295636324509e+00
-4.248756295636324509e+00
-4.248756295636324509e+00
-4.248756295636324509e+00
-4.248756295636324509e+00
-4.248756295636324509e+00
-4.248756295636324509e+00
-4.248756295636324509e+00
-4.248756295636324509e+00
-4.248756295636324509e+00
-4.248756295636324509e+00
-4.248756295636324509e+00
-4.248756295636324509e+00
-4.247682728229471572e+00
-4.247682728229471572e+00
-4.247682728229471572e+00
-4.247997732508934199e+00
-4.247997732508934199e+00
-4.247997732508934199e+00
-4.247997732508934199e+00
-4.247997732508934199e+00
-4.247997732508934199e+00
-4.247997732508934199e+00
-4.247997732508934199e+00
-4.247997732508934199e+00
-4.247997732508934199e+00
-4.247997732508934199e+00
-4.247997732508934199e+00
-4.247997732508934199e+00
-4.247997732508934199e+00
-4.247997732508934199e+00
-4.247997732508934199e+00
-4.247997732508934199e+00
-4.247997732508934199e+00
-4.248374278869045284e+00
-4.106511121498239270e+00
-4.106511121498239270e+00
-4.106511121498239270e+00
-4.106511121498239270e+00
-4.106534826595970245e+00
-4.105778542804900511e+00
-4.105778542804900511e+00
-4.105778542804900511e+00
-4.105778542804900511e+00
-4.105778542804900511e+00
-4.105778542804900511e+00
-4.105778542804900511e+00
-4.105778542804900511e+00
-4.105778542804900511e+00
-4.106310084034790364e+00
-4.106310084034790364e+00
-4.106310084034790364e+00
-4.106310084034790364e+00
-4.106310084034790364e+00
-4.106310084034790364e+00
-3.972354856093572195e+00
-3.972354856093572195e+00
-3.972354856093572195e+00
-3.972354856093572195e+00
-3.972354856093572195e+00
-3.972354856093572195e+00
-3.972354856093572195e+00
-3.972354856093572195e+00
-3.972354856093572195e+00
-3.972354856093572195e+00
-3.972182082400494973e+00
-3.972182082400494973e+00
-3.782362144718206309e+00
-3.782362144718206309e+00
-3.782362144718206309e+00
-3.782362144718206309e+00
-3.782362144718206309e+00
-3.782362144718206309e+00
-3.782334564748730976e+00
-3.782321572531705201e+00
-3.782321572531705201e+00
-3.782321572531705201e+00
-3.782321572531705201e+00
-3.782321572531705201e+00
-3.820958374563184101e+00
-3.820958374563184101e+00
-3.820958374563184101e+00
-3.820958374563184101e+00
-3.820962705302192841e+00
-3.820962705302192841e+00
-4.257991254671581238e+00
-4.258765317285949870e+00
-4.258765317285949870e+00
-4.259358400596487293e+00
-4.259358400596487293e+00
-4.259358400596487293e+00
-4.259358400596487293e+00
-4.247761137398889275e+00
-4.247761137398889275e+00
-4.247761137398889275e+00
-4.247761137398889275e+00
-4.247761137398889275e+00
-4.247761137398889275e+00
-4.249435081992504415e+00
-4.249435081992504415e+00
-4.157840863696475431e+00
-4.157840863696475431e+00
-4.157840863696475431e+00
-4.157681766021319447e+00
-4.157681766021319447e+00
-4.157681766021319447e+00
-4.157681766021319447e+00
-4.158213763118474127e+00
-4.158213763118474127e+00
-4.158213763118474127e+00
-4.158213763118474127e+00
-4.158213763118474127e+00
-4.150731157846250241e+00
-4.150731157846250241e+00
-4.150731157846250241e+00
-4.150731157846250241e+00
-4.279435706640065007e+00
-4.279435706640065007e+00
-4.279435706640065007e+00
-4.279435706640065007e+00
-4.279435706640065007e+00
-4.279435706640065007e+00
-4.279435706640065007e+00
-4.279435706640065007e+00
-4.279435706640065007e+00
-4.279435706640065007e+00
-4.279435706640065007e+00
-4.279435706640065007e+00
-4.279435706640065007e+00
-4.279435706640065007e+00
-4.279435706640065007e+00
-4.281531328452932605e+00
-4.281531328452932605e+00
-4.281531328452932605e+00
-4.281531328452932605e+00
-4.281531328452932605e+00
-4.281531328452932605e+00
-4.280913172442871506e+00
-4.280913172442871506e+00
-4.280913172442871506e+00
-4.280872144389106460e+00
-4.280872144389106460e+00
-4.280872144389106460e+00
-4.280872144389106460e+00
-4.280872144389106460e+00
-4.280872144389106460e+00
-4.280872144389106460e+00
-4.280872144389106460e+00
-4.280872144389106460e+00
-4.280872144389106460e+00
-4.280872144389106460e+00
-4.280872144389106460e+00
-4.280550757967946929e+00
-4.280550757967946929e+00
-4.280550757967946929e+00
-4.280550757967946929e+00
-4.280550757967946929e+00
-4.280550757967946929e+00
-4.280550757967946929e+00
-4.280550757967946929e+00
-4.280550757967946929e+00
-4.280550757967946929e+00
-4.281339864202029055e+00
-4.281339864202029055e+00
-4.281339864202029055e+00
-4.281339864202029055e+00
-4.281339864202029055e+00
-4.281339864202029055e+00
-4.281339864202029055e+00
-4.281339864202029055e+00
-4.281339864202029055e+00
-4.281339864202029055e+00
-4.281339864202029055e+00
-4.281339864202029055e+00
-4.281339864202029055e+00
-4.281339864202029055e+00
-4.281339864202029055e+00
-4.281339864202029055e+00
-4.281339864202029055e+00
-4.281339864202029055e+00
-4.281339864202029055e+00
-4.281339864202029055e+00
-4.281339864202029055e+00
-4.281339864202029055e+00
-4.281313879767977504e+00
-4.281313879767977504e+00
-4.281313879767977504e+00
-4.281313879767977504e+00
-4.281313879767977504e+00
-4.278641129998813852e+00
-4.278641129998813852e+00
-4.170058106373190299e+00
-4.170058106373190299e+00
-4.171049617672513143e+00
-4.169597680436493370e+00
-4.172281371019994189e+00
-4.172281371019994189e+00
-4.172281371019994189e+00
-4.172281371019994189e+00
-4.172281371019994189e+00
-4.172281371019994189e+00
-4.172281371019994189e+00
-4.172281371019994189e+00
-4.172281371019994189e+00
-4.172281371019994189e+00
-4.172220284806610557e+00
-4.172220284806610557e+00
-4.172220284806610557e+00
-4.172220284806610557e+00
-4.172220284806610557e+00
-4.172220284806610557e+00
-4.172220284806610557e+00
-4.172220284806610557e+00
-4.172220284806610557e+00
-4.172220284806610557e+00
-4.172220284806610557e+00
-4.170389977741423948e+00
-4.170389977741423948e+00
-4.172869895657891348e+00
-4.172869895657891348e+00
-4.172869895657891348e+00
-4.172869895657891348e+00
-4.172869895657891348e+00
-4.172869895657891348e+00
-4.172869895657891348e+00
-4.172869895657891348e+00
-4.172869895657891348e+00
-4.172869895657891348e+00
-4.172869895657891348e+00
-4.172869895657891348e+00
-4.172869895657891348e+00
-4.171212362285781516e+00
-4.171100674806087483e+00
-4.171100674806087483e+00
-4.171100674806087483e+00
-4.171100674806087483e+00
-4.171100674806087483e+00
-4.166742583761707586e+00
-4.167120041856346546e+00
-4.167120041856346546e+00
-4.256112169809140866e+00
-4.256572595745837795e+00
-4.257141062224116368e+00
-4.257141062224116368e+00
-4.257141062224116368e+00
-4.257141062224116368e+00
-4.257141062224116368e+00
-4.257141062224116368e+00
-4.257141062224116368e+00
-4.259390767172234860e+00
-4.259452765120147255e+00
-4.259452765120147255e+00
-4.258185454126069303e+00
-4.258185454126069303e+00
-4.258185454126069303e+00
-4.258185454126069303e+00
-4.258185454126069303e+00
-4.258185454126069303e+00
-4.258185454126069303e+00
-4.258185454126069303e+00
-4.566438795275715279e+00
-4.566438795275715279e+00
-4.566438795275715279e+00
-4.566498513887307098e+00
-4.566498513887307098e+00
-4.655993919299619144e+00
-4.655950156042270471e+00
-4.514564747564195457e+00
-4.514564747564195457e+00
-4.514564747564195457e+00
-4.449717173384890145e+00
-4.449717173384890145e+00
-4.449717173384890145e+00
-4.449717173384890145e+00
-4.448221017024256874e+00
-4.448221017024256874e+00
-4.447859514283860172e+00
-4.447859514283860172e+00
-4.447859514283860172e+00
-4.447926526771676770e+00
-4.447926526771676770e+00
-4.447926526771676770e+00
-4.447926526771676770e+00
-4.447664403094844232e+00
-4.447664403094844232e+00
-4.447664403094844232e+00
-4.447664403094844232e+00
-4.447664403094844232e+00
-4.449185176287736354e+00
-4.449185176287736354e+00
-4.450816269358530697e+00
-4.450816269358530697e+00
-4.575259826835209154e+00
-4.573350654733340015e+00
-4.575258003366152515e+00
-4.524987696689583672e+00
-4.530929470609295961e+00
-4.530929470609295961e+00
-4.530929470609295961e+00
-4.530929470609295961e+00
-4.530929470609295961e+00
-4.530929470609295961e+00
-4.530929470609295961e+00
-4.530929470609295961e+00
-4.530929470609295961e+00
-4.512287690580232713e+00
-4.512287690580232713e+00
-4.512287690580232713e+00
-4.512287690580232713e+00
-4.512287690580232713e+00
-4.512287690580232713e+00
-4.512287690580232713e+00
-4.512287690580232713e+00
-4.512287690580232713e+00
-4.512287690580232713e+00
-4.512287690580232713e+00
-4.522509146374908084e+00
-4.528482375135840954e+00
-4.528482375135840954e+00
-4.032918645592538098e+00
-4.032888102485846282e+00
-4.032888102485846282e+00
-4.127580850575667704e+00
-4.127580850575667704e+00
-4.127580850575667704e+00
-4.127580850575667704e+00
-4.127580850575667704e+00
-4.127580850575667704e+00
-4.461101090702910277e+00
-4.456859701678127728e+00
-4.457007858538946543e+00
-4.457007858538946543e+00
-4.457007858538946543e+00
-4.457007858538946543e+00
-4.435376500992200377e+00
-4.435314503044288870e+00
-4.443016836337787545e+00
-4.452453744571021943e+00
-4.452453744571021943e+00
-4.452453744571021943e+00
-3.930524020076481495e+00
-3.931029121005056304e+00
-3.931029121005056304e+00
-3.931029121005056304e+00
-3.931029121005056304e+00
-3.931029121005056304e+00
-3.931029121005056304e+00
-3.931029121005056304e+00
-3.931029121005056304e+00
-3.931029121005056304e+00
-3.931029121005056304e+00
-3.931029121005056304e+00
-3.931029121005056304e+00
-3.930699528973143231e+00
-3.930699528973143231e+00
-3.930699528973143231e+00
-3.930699528973143231e+00
-3.930699528973143231e+00
-3.930699528973143231e+00
-3.930699528973143231e+00
-4.194165734898291475e+00
-4.192950848639580563e+00
-4.192950848639580563e+00
-4.192950848639580563e+00
-4.192950848639580563e+00
-4.192950848639580563e+00
-4.192950848639580563e+00
-4.192950848639580563e+00
-4.192950848639580563e+00
-4.194758818208828899e+00
-4.194758818208828899e+00
-4.194758818208828899e+00
-4.193254000370178147e+00
-4.193254000370178147e+00
-4.193254000370178147e+00
-4.193254000370178147e+00
-4.193254000370178147e+00
-4.191978939632612366e+00
-4.191978939632612366e+00
-4.191978939632612366e+00
-4.191978939632612366e+00
-4.191978939632612366e+00
-4.191978939632612366e+00
-4.191978939632612366e+00
-4.191978939632612366e+00
-4.191978939632612366e+00
-4.191978939632612366e+00
-4.191978939632612366e+00
-4.192149433989369456e+00
-4.192149433989369456e+00
-4.192149433989369456e+00
-4.192149433989369456e+00
-4.192149433989369456e+00
-4.192149433989369456e+00
-4.192149433989369456e+00
-4.192149433989369456e+00
-4.192149433989369456e+00
-4.192149433989369456e+00
-4.192149433989369456e+00
-4.191978939632612366e+00
-4.191978939632612366e+00
-4.191978939632612366e+00
-4.123972205313395811e+00
-4.123972205313395811e+00
-4.125869980733662956e+00
-4.125869980733662956e+00
-4.125869980733662956e+00
-4.125433259894697002e+00
-4.125433259894697002e+00
-4.125433259894697002e+00
-4.125433259894697002e+00
-4.125433259894697002e+00
-4.125433259894697002e+00
-4.125433259894697002e+00
-4.125433259894697002e+00
-4.125433259894697002e+00
-4.272603623953649787e+00
-4.277237970560047842e+00
-4.277237970560047842e+00
-4.277237970560047842e+00
-4.277237970560047842e+00
-4.277237970560047842e+00
-4.277237970560047842e+00
-4.272088038078001304e+00
-4.272088038078001304e+00
-4.272088038078001304e+00
-4.272088038078001304e+00
-4.272088038078001304e+00
-4.272088038078001304e+00
-4.272088038078001304e+00
-4.272088038078001304e+00
-4.269999710141358484e+00
-4.277794128622197434e+00
-4.277794128622197434e+00
-4.277794128622197434e+00
-4.277794128622197434e+00
-4.277794128622197434e+00
-4.277794128622197434e+00
-4.277794128622197434e+00
-4.277794128622197434e+00
-4.277794128622197434e+00
-4.277794128622197434e+00
-4.277794128622197434e+00
-4.277794128622197434e+00
-4.277794128622197434e+00
-4.277794128622197434e+00
-4.275410854565709684e+00
-4.275410854565709684e+00
-4.275410854565709684e+00
-4.275410854565709684e+00
-4.277764041382769555e+00
-4.277764041382769555e+00
-4.277764041382769555e+00
-4.270073560638135923e+00
-4.279543747181645763e+00
-4.277533828414420647e+00
-4.277533828414420647e+00
-4.277533828414420647e+00
-4.296447305332861788e+00
-4.296447305332861788e+00
-4.296447305332861788e+00
-4.132098495162467522e+00
-4.132098495162467522e+00
-4.132098495162467522e+00
-4.132098495162467522e+00
-4.132098495162467522e+00
-4.132098495162467522e+00
-4.132098495162467522e+00
-4.127919104085597368e+00
-4.127919104085597368e+00
-4.127919104085597368e+00
-4.127919104085597368e+00
-4.127910442607580777e+00
-4.127910442607580777e+00
-4.127910442607580777e+00
-4.127910442607580777e+00
-4.142953606454181426e+00
-4.142953606454181426e+00
-4.142953606454181426e+00
-4.042497328544893520e+00
-4.042497328544893520e+00
-4.084349590323395063e+00
-4.415210300832131729e+00
-4.415210300832131729e+00
-4.415210300832131729e+00
-4.386442341266580947e+00
-4.386442341266580947e+00
-4.386372137707915897e+00
-4.386372137707915897e+00
-4.386372137707915897e+00
-4.396630974618243926e+00
-4.396630974618243926e+00
-4.396630974618243926e+00
-4.396630974618243926e+00
-4.396630974618243926e+00
-4.348892554726244697e+00
-4.409009138439170528e+00
-4.409009138439170528e+00
-4.409009138439170528e+00
-4.409009138439170528e+00
-4.409009138439170528e+00
-4.409908108683890049e+00
-4.409908108683890049e+00
-4.409908108683890049e+00
-3.935015224361966713e+00
-4.156591787392960313e+00
-4.156591787392960313e+00
-4.156591787392960313e+00
-4.156591787392960313e+00
-4.156591787392960313e+00
-4.156591787392960313e+00
-4.156591787392960313e+00
-4.250835962094950737e+00
-4.250835962094950737e+00
-4.250835962094950737e+00
-4.250835962094950737e+00
-4.250835962094950737e+00
-4.250835962094950737e+00
-4.250835962094950737e+00
-4.254923723851745443e+00
-4.254923723851745443e+00
-4.500374511368643304e+00
-4.251044749301888359e+00
-4.251044749301888359e+00
-4.251044749301888359e+00
-4.251044749301888359e+00
-4.251044749301888359e+00
-4.251044749301888359e+00
-3.886951315243430738e+00
-3.886951315243430738e+00
-3.886951315243430738e+00
-3.886951315243430738e+00
-3.882468772435963000e+00
-3.882468772435963000e+00
-3.882586386190089556e+00
-3.882586386190089556e+00
-3.882586386190089556e+00
-3.882586386190089556e+00
-3.882352526283628702e+00
-3.882352526283628702e+00
-4.481296922235141977e+00
-4.481296922235141977e+00
-4.481296922235141977e+00
-4.481296922235141977e+00
-4.481296922235141977e+00
-4.481296922235141977e+00
-4.469366420067518497e+00
-4.142291687186771654e+00
-4.087526529286605204e+00
-4.087526529286605204e+00
-4.087526529286605204e+00
-4.087526529286605204e+00
-4.087526529286605204e+00
-4.505583706595017723e+00
-4.505583706595017723e+00
-4.505583706595017723e+00
-4.505583706595017723e+00
-4.505583706595017723e+00
-4.412100374356738186e+00
-4.412100374356738186e+00
-4.409558914359623216e+00
-4.409558914359623216e+00
-4.409558914359623216e+00
-4.409558914359623216e+00
-4.514024088989024186e+00
-4.514024088989024186e+00
-4.514024088989024186e+00
-4.514024088989024186e+00
-4.514417958305169343e+00
-4.514417958305169343e+00
-4.514417958305169343e+00
-4.514417958305169343e+00
-4.514417958305169343e+00
-4.514024088989024186e+00
-4.539614653724100890e+00
-4.539614653724100890e+00
-4.539614653724100890e+00
-4.539614653724100890e+00
-4.539614653724100890e+00
-4.538886633703403284e+00
-4.538886633703403284e+00
-4.441683880457686584e+00
-4.441683880457686584e+00
-4.441683880457686584e+00
-4.441683880457686584e+00
-4.441683880457686584e+00
-4.422164100078050275e+00
-4.422164100078050275e+00
-4.422164100078050275e+00
-4.422164100078050275e+00
-4.422164100078050275e+00
-4.422164100078050275e+00
-4.422164100078050275e+00
-4.422164100078050275e+00
-4.422164100078050275e+00
-4.435160419909037088e+00
-4.435160419909037088e+00
-4.410265052751646486e+00
-4.410265052751646486e+00
-4.410265052751646486e+00
-4.410265052751646486e+00
-4.410265052751646486e+00
-4.410265052751646486e+00
-4.254785140203471983e+00
-4.533829698143224007e+00
-4.533829698143224007e+00
-4.533829698143224007e+00
-4.533829698143224007e+00
-4.533259408195888795e+00
-4.533259408195888795e+00
-4.533259408195888795e+00
-4.533594014767706959e+00
-4.533594014767706959e+00
-4.533594014767706959e+00
-4.533723936937962939e+00
-4.533393433171521991e+00
-4.533393433171521991e+00
-4.329039079509318988e+00
-4.329039079509318988e+00
-4.329039079509318988e+00
-4.329039079509318988e+00
-4.329039079509318988e+00
-4.330062957384390288e+00
-4.330031502543170596e+00
-4.330031502543170596e+00
-4.330031502543170596e+00
-4.330031502543170596e+00
-4.330031502543170596e+00
-4.330031502543170596e+00
-4.329937138019510634e+00
-4.329937138019510634e+00
-4.329937138019510634e+00
-4.329937138019510634e+00
-4.329937138019510634e+00
-4.329937138019510634e+00
-4.328523493633671393e+00
-4.328523493633671393e+00
-4.328523493633671393e+00
-4.328523493633671393e+00
-4.328523493633671393e+00
-4.328523493633671393e+00
-4.329108371333455274e+00
-4.328641107387797504e+00
-4.328641107387797504e+00
-4.328641107387797504e+00
-4.328641107387797504e+00
-4.526490691059177784e+00
-4.526490691059177784e+00
-4.526490691059177784e+00
-4.526490691059177784e+00
-4.526490691059177784e+00
-4.529340317326795429e+00
-4.529340317326795429e+00
-4.526418664031456984e+00
-4.526418664031456984e+00
-4.526418664031456984e+00
-4.526767402488459879e+00
-4.526767402488459879e+00
-4.526767402488459879e+00
-4.526767402488459879e+00
-4.526767402488459879e+00
-4.526418664031456984e+00
-4.526418664031456984e+00
-4.526514852024172697e+00
-4.537978546113402345e+00
-4.537978546113402345e+00
-4.537978546113402345e+00
-4.545008019325154081e+00
-4.545008019325154081e+00
-4.545008019325154081e+00
-4.533815110390774450e+00
-4.533815110390774450e+00
-4.493047812700726951e+00
-4.493047812700726951e+00
-4.493047812700726951e+00
-4.275552173417566770e+00
-4.275552173417566770e+00
-4.275552173417566770e+00
-4.286513045914541742e+00
-4.286513045914541742e+00
-4.286513045914541742e+00
-4.286513045914541742e+00
-4.213062344727962483e+00
-4.213062344727962483e+00
-4.208694224603773293e+00
-4.208694224603773293e+00
-4.208694224603773293e+00
-4.211591261066851999e+00
-4.211591261066851999e+00
-4.211591261066851999e+00
-4.211591261066851999e+00
-4.211591261066851999e+00
-4.208520083308903814e+00
-4.183366695280057002e+00
-4.183366695280057002e+00
-4.183366695280057002e+00
-4.296989787377088810e+00
-4.296989787377088810e+00
-4.299414545354605544e+00
-4.299414545354605544e+00
-4.299414545354605544e+00
-4.296989787377088810e+00
-4.296989787377088810e+00
-4.296989787377088810e+00
-4.297544121970181763e+00
-4.297544121970181763e+00
-4.327673757053469572e+00
-4.278375815251132863e+00
-4.278551324147795043e+00
-4.278551324147795043e+00
-4.278551324147795043e+00
-4.278551324147795043e+00
-4.278551324147795043e+00
-4.351466381299108122e+00
-4.351466381299108122e+00
-4.351466381299108122e+00
-4.351466381299108122e+00
-4.351466381299108122e+00
-4.476389511137573329e+00
-4.476389511137573329e+00
-4.476389511137573329e+00
-4.476389511137573329e+00
-4.476389511137573329e+00
-4.418658024950190999e+00
-4.418658024950190999e+00
-4.418658024950190999e+00
-4.418658024950190999e+00
-4.418658024950190999e+00
-4.418658024950190999e+00
-4.418658024950190999e+00
-4.418658024950190999e+00
-4.418658024950190999e+00
-4.418658024950190999e+00
-4.418658024950190999e+00
-4.418658024950190999e+00
-4.418658024950190999e+00
-4.418658024950190999e+00
-4.418658024950190999e+00
-4.418658024950190999e+00
-4.418658024950190999e+00
-4.418658024950190999e+00
-4.418658024950190999e+00
-4.375196551729570338e+00
-4.375196551729570338e+00
-4.375196551729570338e+00
-4.375196551729570338e+00
-4.375196551729570338e+00
-4.375196551729570338e+00
-4.375489218513094691e+00
-4.375489218513094691e+00
-4.375489218513094691e+00
-4.375489218513094691e+00
-4.375489218513094691e+00
-4.346929134419953655e+00
-4.346929134419953655e+00
-4.346929134419953655e+00
-4.346929134419953655e+00
-4.346929134419953655e+00
-4.346929134419953655e+00
-4.346929134419953655e+00
-4.257449684361882092e+00
-4.257449684361882092e+00
-4.257449684361882092e+00
-4.257449684361882092e+00
-4.257449684361882092e+00
-4.434543631500768690e+00
-4.489723172743962820e+00
-4.489082679237963447e+00
-4.489082679237963447e+00
-4.489082679237963447e+00
-4.488733940780960552e+00
-4.488733940780960552e+00
-4.174698379254022207e+00
-4.174698379254022207e+00
-4.174698379254022207e+00
-4.173595636342269266e+00
-4.173595636342269266e+00
-4.405567796462808161e+00
-4.405567796462808161e+00
-4.405473431939148199e+00
-4.412632827321155915e+00
-4.413008006079475187e+00
-4.413008006079475187e+00
-4.413008006079475187e+00
-4.406080191267608193e+00
-4.406080191267608193e+00
-4.406080191267608193e+00
-4.408467112262207444e+00
-4.408467112262207444e+00
-4.407480159635525752e+00
-4.340576624095326075e+00
-4.341229881884718367e+00
-4.344236782358435356e+00
-4.340442599119692879e+00
-4.340442599119692879e+00
-4.340442599119692879e+00
-4.340442599119692879e+00
-4.341704895573865741e+00
-4.341704895573865741e+00
-4.341704895573865741e+00
-4.341704895573865741e+00
-4.339678109717870491e+00
-4.347880073532775391e+00
-4.347174846875279997e+00
-4.347174846875279997e+00
-4.347174846875279997e+00
-4.338058413328677254e+00
-4.338058413328677254e+00
-4.338058413328677254e+00
-4.338058413328677254e+00
-4.338058413328677254e+00
-4.338058413328677254e+00
-4.447864984691029200e+00
-4.447864984691029200e+00
-4.447864984691029200e+00
-4.395577009503745636e+00
-4.395577009503745636e+00
-4.395577009503745636e+00
-4.395577009503745636e+00
-4.395577009503745636e+00
-4.395577009503745636e+00
-4.398125307509821447e+00
-4.398134880722366802e+00
-4.398369196496092037e+00
-4.396726250876431763e+00
-4.396829732745373143e+00
-4.396829732745373143e+00
-4.396829732745373143e+00
-4.396829732745373143e+00
-4.396829732745373143e+00
-4.396829732745373143e+00
-4.396829732745373143e+00
-4.396829732745373143e+00
-4.396829732745373143e+00
-4.396829732745373143e+00
-4.396829732745373143e+00
-4.396829732745373143e+00
-4.396754514646803003e+00
-4.396754514646803003e+00
-4.396754514646803003e+00
-4.396754514646803003e+00
-4.394493868884347343e+00
-4.395287077923805796e+00
-4.395287077923805796e+00
-4.395287077923805796e+00
-4.476551344016313827e+00
-4.476551344016313827e+00
-4.476551344016313827e+00
-4.476551344016313827e+00
-4.475460909520690755e+00
-4.440650429370069929e+00
-4.440650429370069929e+00
-4.382719729188295332e+00
-4.384694546176188368e+00
-4.580339555758590642e+00
-4.580339555758590642e+00
-4.545883284472142627e+00
-4.545883284472142627e+00
-4.545883284472142627e+00
-4.550069969425237559e+00
-4.550069969425237559e+00
-4.550069969425237559e+00
-4.550069969425237559e+00
-4.397234998743119405e+00
-4.397234998743119405e+00
-4.397234998743119405e+00
-4.397234998743119405e+00
-4.397234998743119405e+00
-4.397234998743119405e+00
-4.397234998743119405e+00
-4.397234998743119405e+00
-4.397234998743119405e+00
-4.397234998743119405e+00
-4.397234998743119405e+00
-4.473717673102938441e+00
-4.473717673102938441e+00
-4.473717673102938441e+00
-4.473717673102938441e+00
-4.473717673102938441e+00
-4.473717673102938441e+00
-4.473171088253334204e+00
-4.473171088253334204e+00
-4.481543090557733144e+00
-4.481543090557733144e+00
-4.481543090557733144e+00
-4.471202653407138961e+00
-4.471202653407138961e+00
-4.471202653407138961e+00
-4.471202653407138961e+00
-4.472502786844227529e+00
-4.472502786844227529e+00
-4.472502786844227529e+00
-4.472502786844227529e+00
-4.047159027187135827e+00
-4.047159027187135827e+00
-4.047159027187135827e+00
-4.058056078267142652e+00
-4.058056078267142652e+00
-4.520301381215082515e+00
-4.520715764558110195e+00
-4.520715764558110195e+00
-4.520715764558110195e+00
-4.520715764558110195e+00
-4.573481944505388697e+00
-4.573481944505388697e+00
-4.573481944505388697e+00
-4.584167017307609449e+00
-4.584167017307609449e+00
-4.584167017307609449e+00
-4.584167017307609449e+00
-4.584167017307609449e+00
-4.584167017307609449e+00
-4.584167017307609449e+00
-4.653678569465476755e+00
-4.653678569465476755e+00
-4.653678569465476755e+00
-4.652662441333894172e+00
-4.476960256952172479e+00
-4.635661327588170622e+00
-4.635661327588170622e+00
-4.635661327588170622e+00
-4.635661327588170622e+00
-4.633762640433374713e+00
-4.633762640433374713e+00
-4.633762640433374713e+00
-4.633762640433374713e+00
-4.633762640433374713e+00
-4.633762640433374713e+00
-4.633762640433374713e+00
-4.633762640433374713e+00
-4.633762640433374713e+00
-4.633762640433374713e+00
-4.633762640433374713e+00
-4.633762640433374713e+00
-4.633762640433374713e+00
-4.633762640433374713e+00
-4.633762640433374713e+00
-4.633762640433374713e+00
-4.633762640433374713e+00
-4.633762640433374713e+00
-4.265943859093047408e+00
-4.265943859093047408e+00
-4.262240849307116441e+00
-4.262240849307116441e+00
-4.222965605172326775e+00
-4.222965605172326775e+00
-4.222965605172326775e+00
-4.222965605172326775e+00
-4.222965605172326775e+00
-4.228209446310768449e+00
-4.228209446310768449e+00
-4.228209446310768449e+00
-4.225867656175310572e+00
-4.468885935971202983e+00
-4.474263346218013915e+00
-4.475629580408391206e+00
-4.269248896757457779e+00
-4.269248896757457779e+00
-4.269248896757457779e+00
-4.269248896757457779e+00
-4.269248896757457779e+00
-4.264454540741374977e+00
-4.160574243811758777e+00
-4.160574243811758777e+00
-4.160574243811758777e+00
-4.160574243811758777e+00
-4.158299922031380547e+00
-4.158299922031380547e+00
-4.158299922031380547e+00
-4.158299922031380547e+00
-4.158696526551109329e+00
-4.158696526551109329e+00
-4.158696526551109329e+00
-4.158696526551109329e+00
-4.158696526551109329e+00
-4.158696526551109329e+00
-4.158696526551109329e+00
-4.158696526551109329e+00
-4.158825992854101372e+00
-4.158825992854101372e+00
-4.158825992854101372e+00
-4.158825992854101372e+00
-4.158825992854101372e+00
-4.161172341662200402e+00
-4.161172341662200402e+00
-4.161172341662200402e+00
-4.160426998685467836e+00
-4.463777487410186318e+00
-4.463777487410186318e+00
-4.463777487410186318e+00
-4.463777487410186318e+00
-4.463777487410186318e+00
-4.463777487410186318e+00
-4.463777487410186318e+00
-4.463777487410186318e+00
-4.463777487410186318e+00
-4.463777487410186318e+00
-4.466815386857858172e+00
-4.466815386857858172e+00
-4.466815386857858172e+00
-4.466815386857858172e+00
-4.466815386857858172e+00
-4.466815386857858172e+00
-4.459526069305594476e+00
-4.407543981052493010e+00
-4.407543981052493010e+00
-4.407543981052493010e+00
-4.407543981052493010e+00
-4.407543981052493010e+00
-4.417522915462690491e+00
-4.417522915462690491e+00
-4.415011998572267338e+00
-4.415011998572267338e+00
-4.415011998572267338e+00
-4.415011998572267338e+00
-4.415011998572267338e+00
-4.417018726268644002e+00
-4.417018726268644002e+00
-4.417018726268644002e+00
-4.413942078103526789e+00
-4.413942078103526789e+00
-4.413942078103526789e+00
-4.413942078103526789e+00
-4.413942078103526789e+00
-4.413942078103526789e+00
-4.413942078103526789e+00
-4.413942078103526789e+00
-4.413942078103526789e+00
-4.413942078103526789e+00
-4.413942078103526789e+00
-4.413942078103526789e+00
-4.413942078103526789e+00
-4.413942078103526789e+00
-4.413942078103526789e+00
-4.361885227619120009e+00
-4.361885227619120009e+00
-4.361885227619120009e+00
-4.361885227619120009e+00
-4.361885227619120009e+00
-4.361885227619120009e+00
-4.361885227619120009e+00
-4.361885227619120009e+00
-4.361885227619120009e+00
-4.354234407326459610e+00
-4.348250237751189573e+00
-4.342706891820261816e+00
-4.342706891820261816e+00
-4.881177759991093268e+00
-4.881177759991093268e+00
-4.881177759991093268e+00
-4.881177759991093268e+00
-4.881177759991093268e+00
-4.881177759991093268e+00
-4.881177759991093268e+00
-4.881177759991093268e+00
-4.881177759991093268e+00
-4.740929284469575400e+00
-4.740929284469575400e+00
-4.740929284469575400e+00
-4.692433669051977674e+00
-4.692433669051977674e+00
-4.692433669051977674e+00
-4.692433669051977674e+00
-4.692433669051977674e+00
-4.692433669051977674e+00
-4.692433669051977674e+00
-4.693122028620702935e+00
-4.693122028620702935e+00
-4.474665877012175663e+00
-4.474665877012175663e+00
-4.474665877012175663e+00
-4.474665877012175663e+00
-4.474973131548150462e+00
-4.108781796340504222e+00
-4.108781796340504222e+00
-4.128097804053108000e+00
-4.127402606475421010e+00
-4.127529793442093364e+00
-4.127529793442093364e+00
-4.127529793442093364e+00
-4.127529793442093364e+00
-4.127489677122856193e+00
-4.127489677122856193e+00
-4.127365225359768353e+00
-4.127693905657153550e+00
-4.127689802851777223e+00
-4.118996869993482690e+00
-4.118996869993482690e+00
-4.118996869993482690e+00
-4.118996869993482690e+00
-4.119523852550732279e+00
-4.119523852550732279e+00
-4.119523852550732279e+00
-4.119523852550732279e+00
-4.119523852550732279e+00
-4.119523852550732279e+00
-4.119523852550732279e+00
-4.119523852550732279e+00
-4.119523852550732279e+00
-4.119523852550732279e+00
-4.119523852550732279e+00
-4.120823985987821736e+00
-4.120823985987821736e+00
-4.122400374986929350e+00
-4.118849624867192638e+00
-4.118849624867192638e+00
-4.118849624867192638e+00
-4.118849624867192638e+00
-4.118849624867192638e+00
-4.118849624867192638e+00
-4.118849624867192638e+00
-4.692487461389136527e+00
-4.692487461389136527e+00
-4.678094364261079718e+00
-4.678284005042927518e+00
-4.678284005042927518e+00
-4.678284005042927518e+00
-4.678094364261079718e+00
-4.678094364261079718e+00
-4.678094364261079718e+00
-4.678094364261079718e+00
-4.678094364261079718e+00
-4.678094364261079718e+00
-4.678094364261079718e+00
-4.678094364261079718e+00
-4.678094364261079718e+00
-4.678094364261079718e+00
-4.678366972884985486e+00
-4.679101830914644822e+00
-4.518513925672716702e+00
-4.518513925672716702e+00
-4.517710687553448956e+00
-4.517710687553448956e+00
-4.517710687553448956e+00
-4.517043753746134982e+00
-4.517043753746134982e+00
-4.517043753746134982e+00
-4.517043753746134982e+00
-4.517043753746134982e+00
-4.517043753746134982e+00
-4.517043753746134982e+00
-4.517043753746134982e+00
-4.517043753746134982e+00
-4.517043753746134982e+00
-4.517043753746134982e+00
-4.517043753746134982e+00
-4.517043753746134982e+00
-4.517043753746134982e+00
-4.517043753746134982e+00
-4.517043753746134982e+00
-4.517043753746134982e+00
-4.586026499877696061e+00
-4.586026499877696061e+00
-4.584538549127815443e+00
-4.584538549127815443e+00
-4.584538549127815443e+00
-4.424507713682564791e+00
-4.424507713682564791e+00
-4.425749040242590304e+00
-4.426483898272249640e+00
-4.426483898272249640e+00
-4.425749040242590304e+00
-4.425749040242590304e+00
-4.580668236055975839e+00
-4.586088497825607568e+00
-4.586088497825607568e+00
-4.586088497825607568e+00
-4.586088497825607568e+00
-4.581025180123732277e+00
-4.442900590185453247e+00
-4.442486206842425567e+00
-4.442486206842425567e+00
-4.442058603348741030e+00
-4.449524797399458720e+00
-4.449524797399458720e+00
-4.449524797399458720e+00
-4.449524797399458720e+00
-4.467683358128621940e+00
-4.479638021261240333e+00
-4.479392308805913991e+00
-4.519180859480031565e+00
-4.519180859480031565e+00
-4.519180859480031565e+00
-4.519180859480031565e+00
-4.442561424940994819e+00
-4.442561424940994819e+00
-4.442186702049940372e+00
-4.442186702049940372e+00
-4.442186702049940372e+00
-4.441972444435834610e+00
-4.441972444435834610e+00
-4.441972444435834610e+00
-4.441972444435834610e+00
-4.441972444435834610e+00
-4.441972444435834610e+00
-4.442169834961170238e+00
-4.442169834961170238e+00
-4.442169834961170238e+00
-4.442169834961170238e+00
-4.442169834961170238e+00
-4.442586497640518495e+00
-4.442586497640518495e+00
-4.442586497640518495e+00
-4.442586497640518495e+00
-4.442586497640518495e+00
-4.442586497640518495e+00
-4.442586497640518495e+00
-4.411370530866983941e+00
-4.411370530866983941e+00
-4.411370530866983941e+00
-4.411370530866983941e+00
-4.381147898861827983e+00
-4.381147898861827983e+00
-4.381203058800779537e+00
-4.381203058800779537e+00
-4.381203058800779537e+00
-4.381598295718716507e+00
-4.381598295718716507e+00
-4.381598295718716507e+00
-4.381598295718716507e+00
-4.389557738149142629e+00
-4.389557738149142629e+00
-4.389557738149142629e+00
-4.389557738149142629e+00
-4.389557738149142629e+00
-4.389557738149142629e+00
-4.389557738149142629e+00
-4.389557738149142629e+00
-4.391736327804069084e+00
-4.394801123420321254e+00
-4.394801123420321254e+00
-4.394801123420321254e+00
-4.394801123420321254e+00
-4.394801123420321254e+00
-4.394801123420321254e+00
-4.394801123420321254e+00
-4.394801123420321254e+00
-4.394801123420321254e+00
-4.394801123420321254e+00
-4.089903421201396050e+00
-4.089819085757545380e+00
-4.089819085757545380e+00
-4.087239332910248990e+00
-4.224035069773803386e+00
-4.224035069773803386e+00
-4.228144713159272428e+00
-4.228094567760226852e+00
-4.228094567760226852e+00
-4.304814748964619575e+00
-4.304814748964619575e+00
-4.304814748964619575e+00
-4.304814748964619575e+00
-4.364604931716480785e+00
-4.364604931716480785e+00
-4.364604931716480785e+00
-4.586270844731230589e+00
-4.586270844731230589e+00
-4.586270844731230589e+00
-4.586270844731230589e+00
-4.586270844731230589e+00
-4.586270844731230589e+00
-4.586270844731230589e+00
-4.586270844731230589e+00
-4.555067642241088954e+00
-4.553059091075656539e+00
-4.503416513621693262e+00
-4.503416513621693262e+00
-4.503416513621693262e+00
-4.503416513621693262e+00
-4.503416513621693262e+00
-4.503416513621693262e+00
-4.503416513621693262e+00
-4.532545975927640747e+00
-4.532545975927640747e+00
-4.532545975927640747e+00
-4.532545975927640747e+00
-4.532545975927640747e+00
-4.532545975927640747e+00
-4.532545975927640747e+00
-4.532545975927640747e+00
-4.532545975927640747e+00
-4.530356445458377124e+00
-4.530356445458377124e+00
-4.530356445458377124e+00
-4.530356445458377124e+00
-4.530356445458377124e+00
-4.530356445458377124e+00
-4.530356445458377124e+00
-4.530356445458377124e+00
-4.530356445458377124e+00
-4.530356445458377124e+00
-4.536804232041192542e+00
-4.551500025032582997e+00
-4.551500025032582997e+00
-4.551500025032582997e+00
-4.547916452469834780e+00
-4.646782665362093390e+00
-4.646782665362093390e+00
-4.646782665362093390e+00
-4.646782665362093390e+00
-4.646782665362093390e+00
-4.646782665362093390e+00
-4.633085677546251446e+00
-4.633085677546251446e+00
-4.633085677546251446e+00
-4.633085677546251446e+00
-4.633085677546251446e+00
-4.633085677546251446e+00
-4.633085677546251446e+00
-4.613945634597573786e+00
-4.613945634597573786e+00
-4.613945634597573786e+00
-4.613945634597573786e+00
-4.613945634597573786e+00
-4.613945634597573786e+00
-4.613945634597573786e+00
-4.613945634597573786e+00
-4.614045469528401888e+00
-4.614045469528401888e+00
-4.540416524241576823e+00
-4.539252239249176313e+00
-4.539252239249176313e+00
-4.540531402792119309e+00
-4.541799169653460311e+00
-4.541799169653460311e+00
-4.541799169653460311e+00
-4.541799169653460311e+00
-4.541799169653460311e+00
-4.540674089245768208e+00
-4.507184712426384188e+00
-4.507184712426384188e+00
-4.507150066514316045e+00
-4.506742977047513143e+00
-4.506742977047513143e+00
-4.506742977047513143e+00
-4.506742977047513143e+00
-4.506742977047513143e+00
-4.506742977047513143e+00
-4.506742977047513143e+00
-4.506742977047513143e+00
-4.506742977047513143e+00
-4.506742977047513143e+00
-4.507778707471449486e+00
-4.506742977047513143e+00
-4.510047102977394751e+00
-4.510047102977394751e+00
-4.510047102977394751e+00
-4.510047102977394751e+00
-4.832202572211708791e+00
-4.832202572211708791e+00
-4.832202572211708791e+00
-4.805700272948517870e+00
-4.779318322643039352e+00
-4.454785961493935353e+00
-4.454785961493935353e+00
-4.454785961493935353e+00
-4.454785961493935353e+00
-4.432038185017514564e+00
-4.432038185017514564e+00
-4.432038185017514564e+00
-4.432038185017514564e+00
-4.432038185017514564e+00
-4.432038185017514564e+00
-4.432038185017514564e+00
-4.432038185017514564e+00
-4.432038185017514564e+00
-4.573124544570368322e+00
-4.573124544570368322e+00
-4.600921050996214845e+00
-4.600921050996214845e+00
-4.373916932319363404e+00
-4.373916932319363404e+00
-4.373916932319363404e+00
-4.373830773406456984e+00
-4.373830773406456984e+00
-4.373830773406456984e+00
-4.376385909421493636e+00
-4.376385909421493636e+00
-4.376385909421493636e+00
-4.376385909421493636e+00
-4.376385909421493636e+00
-4.376385909421493636e+00
-4.361759408254240356e+00
-4.530424825547985535e+00
-4.530424825547985535e+00
-4.530428016618833986e+00
-4.530428016618833986e+00
-4.530428016618833986e+00
-4.532495830528594283e+00
-4.532495830528594283e+00
-4.532495830528594283e+00
-4.532495830528594283e+00
-4.532495830528594283e+00
-4.532495830528594283e+00
-4.532495830528594283e+00
-4.521428740959094306e+00
-4.521428740959094306e+00
-4.449115428596336130e+00
-4.449115428596336130e+00
-4.449115428596336130e+00
-4.450007560832094811e+00
-4.449915931512019363e+00
-4.455611537109141373e+00
-4.455611537109141373e+00
-4.455611537109141373e+00
-4.455611537109141373e+00
-4.455611537109141373e+00
-4.452662075910695627e+00
-4.452662075910695627e+00
-4.452662075910695627e+00
-4.452662075910695627e+00
-4.452662075910695627e+00
-4.452662075910695627e+00
-4.452662075910695627e+00
-4.462475986371304160e+00
-4.462475986371304160e+00
-4.462475986371304160e+00
-4.462475986371304160e+00
-4.462475986371304160e+00
-4.407321517827633706e+00
-4.400680899392122036e+00
-4.392886936778547913e+00
-4.392886936778547913e+00
-4.392886936778547913e+00
-4.401453138537434029e+00
-4.394807049694754220e+00
-4.361675984544917561e+00
-4.323193037715058473e+00
-4.323193037715058473e+00
-4.323193037715058473e+00
-4.323193037715058473e+00
-4.323193037715058473e+00
-4.323193037715058473e+00
-4.550591481575318120e+00
-4.550591481575318120e+00
-4.552828878107307631e+00
-4.565163734538149498e+00
-4.565163734538149498e+00
-4.735111506445686125e+00
-4.735111506445686125e+00
-4.735111506445686125e+00
-4.751874657479572051e+00
-4.601303979498021945e+00
-4.479415558036381029e+00
-4.479415558036381029e+00
-4.479415558036381029e+00
-4.479415558036381029e+00
-4.479415558036381029e+00
-4.479415558036381029e+00
-4.479415558036381029e+00
-4.479415558036381029e+00
-4.479415558036381029e+00
-4.479415558036381029e+00
-4.479415558036381029e+00
-4.479415558036381029e+00
-4.479415558036381029e+00
-4.470266757914030720e+00
