# Variable: dg_gbsa_00000319
# Sample shape: (2000,)
# Date: 2014-03-03 06:24:06.429569
-3.651105878913835312e+00
-6.264911782901100068e+00
-7.015384633955945581e+00
-7.946310718018510855e+00
-7.946310718018510855e+00
-7.608273745038996339e+00
-7.608273745038996339e+00
-7.241030724053172385e+00
-6.611417857912256224e+00
-6.611417857912256224e+00
-6.611417857912256224e+00
-6.611417857912256224e+00
-6.771075338068245131e+00
-6.771075338068245131e+00
-6.771075338068245131e+00
-6.874718584020552470e+00
-6.874718584020552470e+00
-6.874718584020552470e+00
-6.874718584020552470e+00
-6.874718584020552470e+00
-6.874718584020552470e+00
-6.874718584020552470e+00
-6.874718584020552470e+00
-6.880718253082799940e+00
-6.880718253082799940e+00
-6.880718253082799940e+00
-6.880718253082799940e+00
-6.880718253082799940e+00
-6.880718253082799940e+00
-6.880718253082799940e+00
-7.101337950726539283e+00
-7.045357906567662809e+00
-7.045357906567662809e+00
-7.518155624943982929e+00
-7.518155624943982929e+00
-7.518155624943982929e+00
-7.518155624943982929e+00
-7.295352778972675978e+00
-7.295352778972675978e+00
-6.998830270128997277e+00
-6.998830270128997277e+00
-6.903587746118724056e+00
-6.903587746118724056e+00
-6.563548604115473140e+00
-6.563548604115473140e+00
-6.559605808148647910e+00
-7.031968629155058714e+00
-7.031968629155058714e+00
-7.031968629155058714e+00
-7.031968629155058714e+00
-7.069009211961443384e+00
-6.837749116507359837e+00
-6.837749116507359837e+00
-7.269288568150244600e+00
-7.269288568150244600e+00
-7.269288568150244600e+00
-7.272136370948805606e+00
-7.272136370948805606e+00
-7.594011481815724274e+00
-7.594011481815724274e+00
-7.045285879539942009e+00
-7.045285879539942009e+00
-7.045285879539942009e+00
-7.045285879539942009e+00
-7.045285879539942009e+00
-7.045285879539942009e+00
-7.045285879539942009e+00
-7.045285879539942009e+00
-7.029587178567626715e+00
-7.029587178567626715e+00
-7.029587178567626715e+00
-6.376672201357197700e+00
-6.376672201357197700e+00
-6.039391968036016856e+00
-6.039391968036016856e+00
-6.039391968036016856e+00
-6.039391968036016856e+00
-6.039391968036016856e+00
-6.039391968036016856e+00
-7.017606986868221597e+00
-7.017606986868221597e+00
-7.017606986868221597e+00
-7.493915339045041257e+00
-7.493915339045041257e+00
-7.363875099167541016e+00
-7.371908392094744578e+00
-7.371908392094744578e+00
-7.371908392094744578e+00
-7.371908392094744578e+00
-7.171241548731495108e+00
-7.171241548731495108e+00
-7.171241548731495108e+00
-7.081812244072470897e+00
-7.081812244072470897e+00
-7.081812244072470897e+00
-7.081812244072470897e+00
-7.062411445048753400e+00
-7.062411445048753400e+00
-7.062411445048753400e+00
-7.062411445048753400e+00
-7.062411445048753400e+00
-7.062411445048753400e+00
-7.029720291808731147e+00
-7.029720291808731147e+00
-7.029720291808731147e+00
-7.029720291808731147e+00
-7.029720291808731147e+00
-7.029720291808731147e+00
-7.029720291808731147e+00
-7.029720291808731147e+00
-7.029720291808731147e+00
-7.029720291808731147e+00
-7.029720291808731147e+00
-7.029720291808731147e+00
-7.029720291808731147e+00
-7.029720291808731147e+00
-7.029720291808731147e+00
-7.029720291808731147e+00
-7.029720291808731147e+00
-7.029720291808731147e+00
-7.029720291808731147e+00
-7.029720291808731147e+00
-7.029720291808731147e+00
-7.029720291808731147e+00
-7.029720291808731147e+00
-7.029720291808731147e+00
-7.129612661912381633e+00
-7.129612661912381633e+00
-6.648820399326302422e+00
-6.648820399326302422e+00
-6.648820399326302422e+00
-6.648820399326302422e+00
-6.648820399326302422e+00
-6.648820399326302422e+00
-6.648820399326302422e+00
-6.648820399326302422e+00
-6.648820399326302422e+00
-6.648820399326302422e+00
-7.712474516655245083e+00
-7.697648801493598647e+00
-7.046490736718842740e+00
-7.046490736718842740e+00
-7.046490736718842740e+00
-7.046490736718842740e+00
-7.046490736718842740e+00
-7.046490736718842740e+00
-7.046490736718842740e+00
-7.046490736718842740e+00
-7.046490736718842740e+00
-7.046490736718842740e+00
-7.046490736718842740e+00
-7.046490736718842740e+00
-7.046490736718842740e+00
-7.046490736718842740e+00
-7.046490736718842740e+00
-7.046490736718842740e+00
-6.854696437915925422e+00
-6.854696437915925422e+00
-6.854696437915925422e+00
-6.854696437915925422e+00
-6.854696437915925422e+00
-6.661332588122861331e+00
-6.661332588122861331e+00
-6.661332588122861331e+00
-6.661332588122861331e+00
-6.661332588122861331e+00
-6.961879493173631417e+00
-6.961879493173631417e+00
-6.961879493173631417e+00
-6.961879493173631417e+00
-7.184050962984219524e+00
-7.184050962984219524e+00
-7.184050962984219524e+00
-7.200273455442935067e+00
-7.200273455442935067e+00
-7.200273455442935067e+00
-7.200273455442935067e+00
-7.200273455442935067e+00
-7.200273455442935067e+00
-7.200273455442935067e+00
-7.200273455442935067e+00
-7.200273455442935067e+00
-7.200273455442935067e+00
-7.200273455442935067e+00
-7.200273455442935067e+00
-7.200273455442935067e+00
-7.263065068261345125e+00
-7.263065068261345125e+00
-7.300128900298196832e+00
-7.300128900298196832e+00
-7.300128900298196832e+00
-7.300128900298196832e+00
-7.300128900298196832e+00
-7.300128900298196832e+00
-7.300128900298196832e+00
-7.300128900298196832e+00
-7.300128900298196832e+00
-7.300128900298196832e+00
-7.300128900298196832e+00
-7.300128900298196832e+00
-7.300128900298196832e+00
-7.301043370029893786e+00
-7.301043370029893786e+00
-7.301043370029893786e+00
-7.301043370029893786e+00
-7.301043370029893786e+00
-7.301043370029893786e+00
-7.301043370029893786e+00
-7.301043370029893786e+00
-7.450488055869223913e+00
-7.450488055869223913e+00
-7.086895619933964774e+00
-7.086895619933964774e+00
-7.086895619933964774e+00
-6.928166741394859329e+00
-6.928166741394859329e+00
-7.238399002337774668e+00
-7.238399002337774668e+00
-7.238399002337774668e+00
-7.238399002337774668e+00
-7.238399002337774668e+00
-7.238399002337774668e+00
-7.238399002337774668e+00
-7.238399002337774668e+00
-7.238399002337774668e+00
-7.256065682289021268e+00
-7.256065682289021268e+00
-7.256065682289021268e+00
-7.256065682289021268e+00
-7.256065682289021268e+00
-7.256065682289021268e+00
-7.348663720300502966e+00
-7.348663720300502966e+00
-7.348663720300502966e+00
-7.348663720300502966e+00
-7.348663720300502966e+00
-7.348663720300502966e+00
-7.348663720300502966e+00
-7.348663720300502966e+00
-7.348663720300502966e+00
-7.348663720300502966e+00
-7.348663720300502966e+00
-7.348663720300502966e+00
-7.348663720300502966e+00
-7.348663720300502966e+00
-7.348663720300502966e+00
-7.348663720300502966e+00
-7.348663720300502966e+00
-7.348663720300502966e+00
-7.348663720300502966e+00
-7.348663720300502966e+00
-7.348663720300502966e+00
-7.077002844436674600e+00
-7.135287753482621120e+00
-7.135287753482621120e+00
-7.135287753482621120e+00
-7.256858435461214896e+00
-7.256858435461214896e+00
-7.256858435461214896e+00
-7.256858435461214896e+00
-7.229500929210654903e+00
-7.229500929210654903e+00
-7.229500929210654903e+00
-7.229500929210654903e+00
-7.229500929210654903e+00
-7.229500929210654903e+00
-7.229500929210654903e+00
-7.227513347939368948e+00
-7.227513347939368948e+00
-7.579951623657692927e+00
-7.579951623657692927e+00
-6.985915550538275731e+00
-6.985915550538275731e+00
-6.985915550538275731e+00
-6.985915550538275731e+00
-6.985915550538275731e+00
-6.800036585353756102e+00
-6.800036585353756102e+00
-6.800036585353756102e+00
-6.800036585353756102e+00
-6.800036585353756102e+00
-6.800036585353756102e+00
-6.800036585353756102e+00
-6.800036585353756102e+00
-6.800036585353756102e+00
-7.620255760207458096e+00
-7.337890209249054330e+00
-7.337890209249054330e+00
-7.337890209249054330e+00
-7.188082197200271750e+00
-7.188082197200271750e+00
-7.188082197200271750e+00
-7.188082197200271750e+00
-7.188082197200271750e+00
-7.188082197200271750e+00
-7.188082197200271750e+00
-7.188082197200271750e+00
-7.188082197200271750e+00
-7.188082197200271750e+00
-7.225253158044176338e+00
-7.225253158044176338e+00
-7.225253158044176338e+00
-7.225253158044176338e+00
-7.225253158044176338e+00
-7.225253158044176338e+00
-6.892485554769891110e+00
-6.892485554769891110e+00
-6.892485554769891110e+00
-6.892485554769891110e+00
-6.892485554769891110e+00
-6.892485554769891110e+00
-7.408824067270778357e+00
-7.315521258469065202e+00
-7.315521258469065202e+00
-7.315521258469065202e+00
-7.315521258469065202e+00
-7.315521258469065202e+00
-7.315521258469065202e+00
-7.315521258469065202e+00
-7.530078377368116804e+00
-7.530078377368116804e+00
-7.530078377368116804e+00
-7.530078377368116804e+00
-7.530078377368116804e+00
-7.530078377368116804e+00
-7.348088415813263552e+00
-7.348088415813263552e+00
-7.348088415813263552e+00
-7.348088415813263552e+00
-7.341682113151477118e+00
-7.341682113151477118e+00
-7.341682113151477118e+00
-7.341682113151477118e+00
-7.341682113151477118e+00
-7.341682113151477118e+00
-6.950925914552881224e+00
-6.950925914552881224e+00
-6.950925914552881224e+00
-6.950925914552881224e+00
-7.341158321665075981e+00
-7.572935370596598936e+00
-7.572935370596598936e+00
-7.629984879356952909e+00
-7.629984879356952909e+00
-7.629984879356952909e+00
-7.629984879356952909e+00
-7.629984879356952909e+00
-7.864568247166007886e+00
-7.864568247166007886e+00
-7.864568247166007886e+00
-7.160719676409806667e+00
-7.160719676409806667e+00
-7.160719676409806667e+00
-7.160719676409806667e+00
-7.160719676409806667e+00
-7.160719676409806667e+00
-7.160719676409806667e+00
-7.160719676409806667e+00
-7.139686872580766952e+00
-7.203699753799583938e+00
-7.203699753799583938e+00
-7.203699753799583938e+00
-7.203699753799583938e+00
-7.203699753799583938e+00
-7.203699753799583938e+00
-7.124613165627473599e+00
-7.124613165627473599e+00
-6.982425430764659602e+00
-6.982425430764659602e+00
-6.982425430764659602e+00
-6.982425430764659602e+00
-6.982425430764659602e+00
-6.982425430764659602e+00
-6.982425430764659602e+00
-6.982425430764659602e+00
-6.982425430764659602e+00
-6.982425430764659602e+00
-6.982425430764659602e+00
-6.982425430764659602e+00
-6.982425430764659602e+00
-6.982425430764659602e+00
-6.982425430764659602e+00
-6.982425430764659602e+00
-6.982425430764659602e+00
-6.982425430764659602e+00
-6.982425430764659602e+00
-6.982425430764659602e+00
-6.982425430764659602e+00
-6.908903614284887418e+00
-6.908903614284887418e+00
-7.909810337920033518e+00
-7.909810337920033518e+00
-7.909810337920033518e+00
-7.909810337920033518e+00
-7.236111460406738694e+00
-7.456476328249871166e+00
-7.456476328249871166e+00
-7.456476328249871166e+00
-7.438904012822283640e+00
-7.648009415110483822e+00
-7.648009415110483822e+00
-7.648009415110483822e+00
-7.648009415110483822e+00
-7.648009415110483822e+00
-7.679621986403747158e+00
-7.679621986403747158e+00
-7.679621986403747158e+00
-7.527651340054280382e+00
-7.527651340054280382e+00
-7.527651340054280382e+00
-7.527651340054280382e+00
-7.527651340054280382e+00
-7.527651340054280382e+00
-7.527651340054280382e+00
-7.466642624105594983e+00
-7.466642624105594983e+00
-7.466642624105594983e+00
-7.466642624105594983e+00
-7.466642624105594983e+00
-7.466642624105594983e+00
-7.466642624105594983e+00
-7.466642624105594983e+00
-7.466642624105594983e+00
-7.466642624105594983e+00
-7.466642624105594983e+00
-7.466642624105594983e+00
-7.466642624105594983e+00
-7.466642624105594983e+00
-7.466642624105594983e+00
-7.466642624105594983e+00
-7.570168256303776211e+00
-7.570168256303776211e+00
-7.570168256303776211e+00
-7.570168256303776211e+00
-7.570168256303776211e+00
-7.570168256303776211e+00
-7.570168256303776211e+00
-7.570168256303776211e+00
-7.570168256303776211e+00
-7.570168256303776211e+00
-7.570168256303776211e+00
-7.570168256303776211e+00
-7.570168256303776211e+00
-7.429895619817262542e+00
-7.429895619817262542e+00
-7.447133328673031905e+00
-7.447133328673031905e+00
-7.447133328673031905e+00
-7.424148957086566192e+00
-7.424148957086566192e+00
-7.424148957086566192e+00
-7.424148957086566192e+00
-7.424148957086566192e+00
-7.424148957086566192e+00
-7.424148957086566192e+00
-7.424148957086566192e+00
-7.424148957086566192e+00
-7.424148957086566192e+00
-7.424148957086566192e+00
-7.507276352687273224e+00
-7.507276352687273224e+00
-7.507276352687273224e+00
-7.507276352687273224e+00
-7.507276352687273224e+00
-7.507276352687273224e+00
-7.507276352687273224e+00
-7.507276352687273224e+00
-7.507276352687273224e+00
-7.334914307749293982e+00
-7.334914307749293982e+00
-7.334914307749293982e+00
-7.334914307749293982e+00
-7.334914307749293982e+00
-7.334914307749293982e+00
-7.334914307749293982e+00
-7.334914307749293982e+00
-7.334914307749293982e+00
-7.334914307749293982e+00
-7.334914307749293982e+00
-7.334914307749293982e+00
-7.334914307749293982e+00
-7.334914307749293982e+00
-7.334914307749293982e+00
-7.334914307749293982e+00
-7.235541626326668307e+00
-7.235541626326668307e+00
-7.235541626326668307e+00
-7.235541626326668307e+00
-7.235541626326668307e+00
-7.218977233419910711e+00
-6.931657772903004222e+00
-6.700703564383103661e+00
-6.700703564383103661e+00
-6.700703564383103661e+00
-6.700703564383103661e+00
-6.700703564383103661e+00
-7.079180978224336229e+00
-7.079180978224336229e+00
-7.079180978224336229e+00
-7.079180978224336229e+00
-7.079180978224336229e+00
-7.461566997987589822e+00
-7.386429132056737679e+00
-7.386429132056737679e+00
-7.386429132056737679e+00
-7.386429132056737679e+00
-7.386429132056737679e+00
-7.386429132056737679e+00
-7.386429132056737679e+00
-7.386429132056737679e+00
-7.386429132056737679e+00
-7.386429132056737679e+00
-7.386429132056737679e+00
-7.386429132056737679e+00
-7.386429132056737679e+00
-7.121835110520312817e+00
-7.717580230012678122e+00
-7.521650759257504149e+00
-7.521650759257504149e+00
-7.446524745875517048e+00
-7.446524745875517048e+00
-7.446524745875517048e+00
-7.609648640707391110e+00
-7.609648640707391110e+00
-7.609648640707391110e+00
-7.609648640707391110e+00
-7.609648640707391110e+00
-7.578581286661939309e+00
-7.578581286661939309e+00
-7.578581286661939309e+00
-7.578581286661939309e+00
-7.839769979735860872e+00
-7.839769979735860872e+00
-7.839769979735860872e+00
-7.727310260896700811e+00
-7.727310260896700811e+00
-7.727310260896700811e+00
-7.727310260896700811e+00
-7.727310260896700811e+00
-7.727310260896700811e+00
-7.727310260896700811e+00
-7.727310260896700811e+00
-7.727310260896700811e+00
-7.844741668117661604e+00
-7.844741668117661604e+00
-7.844741668117661604e+00
-7.844741668117661604e+00
-7.844741668117661604e+00
-7.844741668117661604e+00
-7.844741668117661604e+00
-7.844741668117661604e+00
-7.844741668117661604e+00
-7.844741668117661604e+00
-7.844741668117661604e+00
-7.844741668117661604e+00
-7.844741668117661604e+00
-7.844741668117661604e+00
-7.844741668117661604e+00
-7.844741668117661604e+00
-7.844741668117661604e+00
-7.844741668117661604e+00
-7.844741668117661604e+00
-7.844741668117661604e+00
-7.844741668117661604e+00
-7.844741668117661604e+00
-7.727003006360726012e+00
-7.727003006360726012e+00
-7.727003006360726012e+00
-7.727003006360726012e+00
-7.727003006360726012e+00
-7.727003006360726012e+00
-7.727003006360726012e+00
-7.727003006360726012e+00
-7.727003006360726012e+00
-7.727003006360726012e+00
-7.727003006360726012e+00
-7.727003006360726012e+00
-7.727003006360726012e+00
-7.627780305267975791e+00
-7.627780305267975791e+00
-7.627780305267975791e+00
-7.627780305267975791e+00
-7.302204463951445845e+00
-7.302204463951445845e+00
-7.302204463951445845e+00
-7.302204463951445845e+00
-7.093239924647839700e+00
-7.093239924647839700e+00
-7.093239924647839700e+00
-7.093239924647839700e+00
-7.093239924647839700e+00
-7.093239924647839700e+00
-7.093239924647839700e+00
-7.093239924647839700e+00
-7.093239924647839700e+00
-7.093239924647839700e+00
-7.093239924647839700e+00
-7.093239924647839700e+00
-7.168490389792914641e+00
-7.168490389792914641e+00
-7.168490389792914641e+00
-7.168490389792914641e+00
-7.168490389792914641e+00
-7.168490389792914641e+00
-7.168490389792914641e+00
-7.168490389792914641e+00
-7.168490389792914641e+00
-7.168490389792914641e+00
-7.168490389792914641e+00
-7.168490389792914641e+00
-7.036229620472195023e+00
-7.036229620472195023e+00
-7.036229620472195023e+00
-7.036229620472195023e+00
-7.036229620472195023e+00
-7.036229620472195023e+00
-7.036229620472195023e+00
-7.036229620472195023e+00
-6.990021546985633272e+00
-7.705893616831325232e+00
-7.705893616831325232e+00
-7.705893616831325232e+00
-7.683163163310938515e+00
-7.683163163310938515e+00
-7.683163163310938515e+00
-7.683163163310938515e+00
-7.683163163310938515e+00
-7.683163163310938515e+00
-7.996806223123524404e+00
-7.996806223123524404e+00
-7.996806223123524404e+00
-7.996806223123524404e+00
-7.996806223123524404e+00
-7.996806223123524404e+00
-7.996806223123524404e+00
-7.996806223123524404e+00
-7.996806223123524404e+00
-7.996806223123524404e+00
-7.996806223123524404e+00
-7.996806223123524404e+00
-7.996806223123524404e+00
-7.996806223123524404e+00
-7.996806223123524404e+00
-7.787484739752161822e+00
-7.787484739752161822e+00
-7.787484739752161822e+00
-7.787484739752161822e+00
-7.787484739752161822e+00
-7.787484739752161822e+00
-7.787484739752161822e+00
-7.787484739752161822e+00
-7.787484739752161822e+00
-7.787484739752161822e+00
-7.787484739752161822e+00
-7.787484739752161822e+00
-7.782094565221957083e+00
-7.782094565221957083e+00
-7.782094565221957083e+00
-7.782094565221957083e+00
-7.782094565221957083e+00
-7.782094565221957083e+00
-7.782094565221957083e+00
-7.782094565221957083e+00
-7.782094565221957083e+00
-7.782094565221957083e+00
-7.782094565221957083e+00
-7.782094565221957083e+00
-7.782094565221957083e+00
-7.782094565221957083e+00
-7.782094565221957083e+00
-7.782094565221957083e+00
-7.782094565221957083e+00
-7.782094565221957083e+00
-7.782094565221957083e+00
-7.870721543496242312e+00
-7.870721543496242312e+00
-7.870721543496242312e+00
-7.870721543496242312e+00
-7.870721543496242312e+00
-7.206319622966116611e+00
-7.206319622966116611e+00
-7.206319622966116611e+00
-7.206319622966116611e+00
-7.206319622966116611e+00
-7.206319622966116611e+00
-7.206319622966116611e+00
-7.206319622966116611e+00
-7.206319622966116611e+00
-7.206319622966116611e+00
-7.928356841690908929e+00
-7.928356841690908929e+00
-7.928356841690908929e+00
-7.928356841690908929e+00
-7.928356841690908929e+00
-7.928356841690908929e+00
-7.928356841690908929e+00
-7.928356841690908929e+00
-7.928356841690908929e+00
-7.928356841690908929e+00
-7.928356841690908929e+00
-7.928356841690908929e+00
-7.928356841690908929e+00
-7.928356841690908929e+00
-7.928356841690908929e+00
-8.228294708076900221e+00
-8.228294708076900221e+00
-8.228294708076900221e+00
-8.228294708076900221e+00
-8.228294708076900221e+00
-8.228294708076900221e+00
-8.228294708076900221e+00
-8.228294708076900221e+00
-8.228294708076900221e+00
-8.228294708076900221e+00
-8.228294708076900221e+00
-8.228294708076900221e+00
-8.228294708076900221e+00
-8.228294708076900221e+00
-8.228294708076900221e+00
-8.228294708076900221e+00
-7.694439495954640940e+00
-7.694439495954640940e+00
-7.694439495954640940e+00
-7.694439495954640940e+00
-7.694439495954640940e+00
-7.694439495954640940e+00
-7.694439495954640940e+00
-7.694439495954640940e+00
-7.694439495954640940e+00
-7.694439495954640940e+00
-7.694439495954640940e+00
-7.694439495954640940e+00
-7.694439495954640940e+00
-7.694439495954640940e+00
-7.753952055542692179e+00
-7.753952055542692179e+00
-7.753952055542692179e+00
-7.753952055542692179e+00
-7.753952055542692179e+00
-7.753952055542692179e+00
-7.753952055542692179e+00
-7.753952055542692179e+00
-7.753952055542692179e+00
-7.753952055542692179e+00
-7.387062331686511385e+00
-7.387062331686511385e+00
-7.387062331686511385e+00
-7.400189029555019893e+00
-7.400189029555019893e+00
-7.400189029555019893e+00
-7.400189029555019893e+00
-7.475151386589210745e+00
-7.475151386589210745e+00
-7.475151386589210745e+00
-7.475151386589210745e+00
-7.475151386589210745e+00
-7.475151386589210745e+00
-7.677285210808193483e+00
-7.600716833402731964e+00
-7.548093339909102362e+00
-7.548093339909102362e+00
-7.548093339909102362e+00
-7.548093339909102362e+00
-7.548093339909102362e+00
-7.548093339909102362e+00
-7.548093339909102362e+00
-7.652016488361540247e+00
-7.652016488361540247e+00
-7.652016488361540247e+00
-7.652016488361540247e+00
-7.652016488361540247e+00
-7.652016488361540247e+00
-7.652016488361540247e+00
-7.652016488361540247e+00
-7.652016488361540247e+00
-7.652016488361540247e+00
-8.172474673327705830e+00
-8.172474673327705830e+00
-8.172474673327705830e+00
-8.172474673327705830e+00
-8.172474673327705830e+00
-8.172474673327705830e+00
-8.172474673327705830e+00
-8.122841669086287908e+00
-8.122841669086287908e+00
-7.666866820355445533e+00
-7.666866820355445533e+00
-7.666866820355445533e+00
-7.666866820355445533e+00
-7.666866820355445533e+00
-7.666866820355445533e+00
-7.666866820355445533e+00
-7.666866820355445533e+00
-7.666866820355445533e+00
-7.666866820355445533e+00
-7.666866820355445533e+00
-7.666866820355445533e+00
-7.666866820355445533e+00
-7.666866820355445533e+00
-7.666866820355445533e+00
-7.666866820355445533e+00
-7.666866820355445533e+00
-7.666866820355445533e+00
-7.666866820355445533e+00
-7.666866820355445533e+00
-7.666866820355445533e+00
-7.666866820355445533e+00
-7.666866820355445533e+00
-7.666866820355445533e+00
-7.666866820355445533e+00
-7.571433743828796636e+00
-7.571433743828796636e+00
-7.571433743828796636e+00
-7.606794455767133201e+00
-7.606794455767133201e+00
-7.606794455767133201e+00
-7.435769469514631247e+00
-7.435769469514631247e+00
-7.435769469514631247e+00
-7.435769469514631247e+00
-7.435769469514631247e+00
-7.435769469514631247e+00
-7.435769469514631247e+00
-7.435769469514631247e+00
-7.435769469514631247e+00
-7.435769469514631247e+00
-7.435769469514631247e+00
-7.435769469514631247e+00
-7.435769469514631247e+00
-7.435769469514631247e+00
-7.435769469514631247e+00
-7.435769469514631247e+00
-7.435769469514631247e+00
-7.435769469514631247e+00
-7.435769469514631247e+00
-7.705689388297027875e+00
-7.701313974296613019e+00
-7.701313974296613019e+00
-7.728480928030797337e+00
-7.728480928030797337e+00
-7.728480928030797337e+00
-7.728480928030797337e+00
-7.728480928030797337e+00
-7.728480928030797337e+00
-7.728480928030797337e+00
-7.728480928030797337e+00
-7.728480928030797337e+00
-7.728480928030797337e+00
-7.728480928030797337e+00
-7.728480928030797337e+00
-7.728480928030797337e+00
-7.728480928030797337e+00
-7.728480928030797337e+00
-7.728480928030797337e+00
-7.728480928030797337e+00
-7.265479341291788629e+00
-7.265479341291788629e+00
-7.265479341291788629e+00
-7.265479341291788629e+00
-7.265479341291788629e+00
-7.265479341291788629e+00
-7.265479341291788629e+00
-6.936329044757791884e+00
-6.936329044757791884e+00
-6.936329044757791884e+00
-6.999276564180508586e+00
-6.999276564180508586e+00
-6.999276564180508586e+00
-6.999276564180508586e+00
-6.999276564180508586e+00
-6.778961841736422578e+00
-6.997456742062395207e+00
-6.997456742062395207e+00
-6.997456742062395207e+00
-6.997456742062395207e+00
-6.997456742062395207e+00
-6.997456742062395207e+00
-6.997456742062395207e+00
-6.997456742062395207e+00
-6.997456742062395207e+00
-6.997456742062395207e+00
-6.997456742062395207e+00
-6.997456742062395207e+00
-6.650359863077021316e+00
-6.650359863077021316e+00
-6.650359863077021316e+00
-6.650359863077021316e+00
-6.650359863077021316e+00
-6.650359863077021316e+00
-6.650359863077021316e+00
-6.650359863077021316e+00
-6.650359863077021316e+00
-6.650359863077021316e+00
-6.650359863077021316e+00
-6.650359863077021316e+00
-6.650359863077021316e+00
-6.650359863077021316e+00
-6.650359863077021316e+00
-6.650359863077021316e+00
-6.650359863077021316e+00
-6.647381682240939504e+00
-6.647381682240939504e+00
-6.647381682240939504e+00
-6.821379834789618180e+00
-6.821379834789618180e+00
-6.821379834789618180e+00
-6.821379834789618180e+00
-6.821379834789618180e+00
-6.821379834789618180e+00
-6.821379834789618180e+00
-6.821379834789618180e+00
-6.821379834789618180e+00
-6.821379834789618180e+00
-6.821379834789618180e+00
-6.821379834789618180e+00
-6.821379834789618180e+00
-6.821379834789618180e+00
-6.821379834789618180e+00
-6.821379834789618180e+00
-6.821379834789618180e+00
-6.821379834789618180e+00
-6.821379834789618180e+00
-6.821379834789618180e+00
-6.821379834789618180e+00
-6.821379834789618180e+00
-6.821379834789618180e+00
-6.821379834789618180e+00
-6.821379834789618180e+00
-6.821379834789618180e+00
-6.821379834789618180e+00
-6.821379834789618180e+00
-6.821379834789618180e+00
-6.821379834789618180e+00
-6.821379834789618180e+00
-6.821379834789618180e+00
-6.821379834789618180e+00
-6.821379834789618180e+00
-6.821379834789618180e+00
-6.821379834789618180e+00
-6.821379834789618180e+00
-6.821379834789618180e+00
-6.821379834789618180e+00
-6.821379834789618180e+00
-6.821379834789618180e+00
-6.821379834789618180e+00
-6.859216817706309754e+00
-6.859216817706309754e+00
-6.859216817706309754e+00
-7.100694722016956284e+00
-7.100694722016956284e+00
-7.100694722016956284e+00
-7.100694722016956284e+00
-7.100694722016956284e+00
-7.100694722016956284e+00
-7.100694722016956284e+00
-7.100694722016956284e+00
-7.100694722016956284e+00
-7.100694722016956284e+00
-7.100694722016956284e+00
-7.201907739584577861e+00
-7.201907739584577861e+00
-7.201907739584577861e+00
-7.276205442147774427e+00
-7.276205442147774427e+00
-7.280885831347842618e+00
-7.280885831347842618e+00
-7.280885831347842618e+00
-7.280885831347842618e+00
-7.280885831347842618e+00
-7.280885831347842618e+00
-7.280885831347842618e+00
-7.280885831347842618e+00
-7.280885831347842618e+00
-7.280885831347842618e+00
-7.280885831347842618e+00
-7.280885831347842618e+00
-7.280885831347842618e+00
-7.280885831347842618e+00
-7.280885831347842618e+00
-7.280885831347842618e+00
-7.280885831347842618e+00
-7.280885831347842618e+00
-7.280885831347842618e+00
-7.280885831347842618e+00
-7.280885831347842618e+00
-7.280885831347842618e+00
-7.280885831347842618e+00
-7.280885831347842618e+00
-7.280885831347842618e+00
-7.280885831347842618e+00
-7.280885831347842618e+00
-7.280885831347842618e+00
-7.280885831347842618e+00
-7.280885831347842618e+00
-7.280885831347842618e+00
-7.280885831347842618e+00
-7.280885831347842618e+00
-7.280885831347842618e+00
-7.280885831347842618e+00
-7.280885831347842618e+00
-7.280885831347842618e+00
-7.280885831347842618e+00
-7.280885831347842618e+00
-7.280885831347842618e+00
-7.168683221645610004e+00
-7.168683221645610004e+00
-7.168683221645610004e+00
-7.234363209449082177e+00
-7.234363209449082177e+00
-7.234363209449082177e+00
-7.234363209449082177e+00
-7.234363209449082177e+00
-7.234363209449082177e+00
-7.234363209449082177e+00
-7.472614941131999977e+00
-7.472614941131999977e+00
-7.472614941131999977e+00
-7.472614941131999977e+00
-7.472614941131999977e+00
-7.483155048144250365e+00
-7.483155048144250365e+00
-7.483155048144250365e+00
-7.240129474472133175e+00
-7.240129474472133175e+00
-7.311829189497471404e+00
-7.539293734111019774e+00
-7.539293734111019774e+00
-7.539293734111019774e+00
-7.519310336723838084e+00
-7.519310336723838084e+00
-7.519310336723838084e+00
-7.519310336723838084e+00
-7.519310336723838084e+00
-7.526425057113968364e+00
-7.471607930345698811e+00
-7.708354388322701922e+00
-7.397403680571634332e+00
-7.397403680571634332e+00
-7.364599016382862295e+00
-7.410576421033811201e+00
-7.410576421033811201e+00
-7.410576421033811201e+00
-7.410576421033811201e+00
-7.410576421033811201e+00
-7.410576421033811201e+00
-7.410576421033811201e+00
-7.888193112258472972e+00
-7.552242643746545525e+00
-7.083148391023420309e+00
-7.083148391023420309e+00
-7.083148391023420309e+00
-7.105790406294580031e+00
-7.105790406294580031e+00
-7.105790406294580031e+00
-7.105790406294580031e+00
-7.170117835925595706e+00
-7.170117835925595706e+00
-7.170117835925595706e+00
-7.170117835925595706e+00
-7.170117835925595706e+00
-7.170117835925595706e+00
-7.170117835925595706e+00
-7.170117835925595706e+00
-7.170117835925595706e+00
-7.337221907839947654e+00
-7.337221907839947654e+00
-7.337221907839947654e+00
-7.337221907839947654e+00
-7.337221907839947654e+00
-7.204260470534373795e+00
-7.204260470534373795e+00
-7.794216987507748939e+00
-7.794216987507748939e+00
-7.794216987507748939e+00
-7.794216987507748939e+00
-7.794216987507748939e+00
-7.794216987507748939e+00
-7.794303602287919297e+00
-7.794303602287919297e+00
-6.701083757681326247e+00
-6.794475916466794274e+00
-6.805445450441786726e+00
-6.805445450441786726e+00
-6.805445450441786726e+00
-7.135642418214056981e+00
-7.823315906707004608e+00
-7.823315906707004608e+00
-7.733376030712237004e+00
-7.733376030712237004e+00
-7.740235921301759525e+00
-7.518810706202431859e+00
-7.481879075672156709e+00
-7.481879075672156709e+00
-7.481879075672156709e+00
-7.481879075672156709e+00
-7.481879075672156709e+00
-6.965105665801360146e+00
-6.965105665801360146e+00
-6.965105665801360146e+00
-6.965105665801360146e+00
-7.093085841512588807e+00
-7.093085841512588807e+00
-7.093085841512588807e+00
-7.093085841512588807e+00
-7.093085841512588807e+00
-7.093085841512588807e+00
-7.093085841512588807e+00
-7.170791607741871410e+00
-7.170791607741871410e+00
-7.001010227385715545e+00
-7.001010227385715545e+00
-7.001010227385715545e+00
-7.001010227385715545e+00
-7.001010227385715545e+00
-8.236144742363952886e+00
-8.236144742363952886e+00
-8.236144742363952886e+00
-8.236144742363952886e+00
-8.236144742363952886e+00
-7.811894608273332707e+00
-7.811894608273332707e+00
-7.811894608273332707e+00
-7.811894608273332707e+00
-7.811894608273332707e+00
-6.944548331528730856e+00
-6.944548331528730856e+00
-6.944548331528730856e+00
-6.944548331528730856e+00
-6.944548331528730856e+00
-7.147570185178095947e+00
-7.147570185178095947e+00
-7.147570185178095947e+00
-7.147570185178095947e+00
-7.147570185178095947e+00
-7.147570185178095947e+00
-7.147570185178095947e+00
-7.147570185178095947e+00
-7.147570185178095947e+00
-7.075381324578425613e+00
-7.075381324578425613e+00
-7.062692715150675760e+00
-7.383295956350877098e+00
-7.383295956350877098e+00
-7.383295956350877098e+00
-7.383295956350877098e+00
-7.383295956350877098e+00
-7.492787067566500703e+00
-7.492787067566500703e+00
-7.492787067566500703e+00
-7.492787067566500703e+00
-7.358534614169118804e+00
-7.358534614169118804e+00
-7.358534614169118804e+00
-7.358534614169118804e+00
-7.358534614169118804e+00
-7.358534614169118804e+00
-7.358534614169118804e+00
-7.358534614169118804e+00
-7.358534614169118804e+00
-7.358534614169118804e+00
-7.224785894098518568e+00
-7.224785894098518568e+00
-7.224785894098518568e+00
-7.224785894098518568e+00
-7.224785894098518568e+00
-7.451761293137733944e+00
-7.451761293137733944e+00
-6.730216866925387009e+00
-6.730216866925387009e+00
-7.246719035774070505e+00
-7.246719035774070505e+00
-7.246719035774070505e+00
-7.370352972989784313e+00
-7.370352972989784313e+00
-7.370352972989784313e+00
-7.370352972989784313e+00
-7.370352972989784313e+00
-7.370352972989784313e+00
-7.370352972989784313e+00
-7.370352972989784313e+00
-7.370352972989784313e+00
-7.370352972989784313e+00
-7.370352972989784313e+00
-7.370352972989784313e+00
-7.370352972989784313e+00
-7.643297115201931113e+00
-7.016253972828502050e+00
-7.016253972828502050e+00
-7.016253972828502050e+00
-7.143844382028961881e+00
-7.143844382028961881e+00
-7.143844382028961881e+00
-7.143844382028961881e+00
-7.143844382028961881e+00
-7.143844382028961881e+00
-7.143844382028961881e+00
-7.143844382028961881e+00
-7.143844382028961881e+00
-7.143844382028961881e+00
-7.143844382028961881e+00
-7.143844382028961881e+00
-7.143844382028961881e+00
-7.143844382028961881e+00
-7.143844382028961881e+00
-7.143844382028961881e+00
-7.143844382028961881e+00
-7.143844382028961881e+00
-7.171638153251224779e+00
-7.171638153251224779e+00
-7.171638153251224779e+00
-7.171638153251224779e+00
-7.171638153251224779e+00
-7.171638153251224779e+00
-7.177732186837132211e+00
-7.177732186837132211e+00
-7.177732186837132211e+00
-7.177732186837132211e+00
-7.177732186837132211e+00
-7.136464802758415438e+00
-7.136464802758415438e+00
-7.136464802758415438e+00
-7.197207748092155022e+00
-7.197207748092155022e+00
-7.197207748092155022e+00
-7.197207748092155022e+00
-7.148988844103840279e+00
-7.148988844103840279e+00
-7.510560420457537134e+00
-7.510560420457537134e+00
-7.510560420457537134e+00
-7.510560420457537134e+00
-7.510560420457537134e+00
-7.510560420457537134e+00
-7.510560420457537134e+00
-7.510560420457537134e+00
-7.510560420457537134e+00
-7.447716382903760923e+00
-7.447716382903760923e+00
-7.447716382903760923e+00
-7.381887782372205997e+00
-7.381887782372205997e+00
-7.381887782372205997e+00
-7.381887782372205997e+00
-7.381887782372205997e+00
-7.381887782372205997e+00
-7.349052575076743032e+00
-7.349052575076743032e+00
-7.349052575076743032e+00
-7.349052575076743032e+00
-7.104232251986034363e+00
-7.131905674250585747e+00
-7.131905674250585747e+00
-7.131905674250585747e+00
-7.131905674250585747e+00
-7.131905674250585747e+00
-7.131905674250585747e+00
-7.177592691454330875e+00
-7.177592691454330875e+00
-7.177592691454330875e+00
-7.177592691454330875e+00
-7.177592691454330875e+00
-7.258501836948139108e+00
-7.297661290797858413e+00
-6.926174145583668285e+00
-6.926174145583668285e+00
-6.926174145583668285e+00
-6.957987298473117477e+00
-6.957987298473117477e+00
-7.051891396196120709e+00
-7.051891396196120709e+00
-7.051891396196120709e+00
-7.051891396196120709e+00
-7.051891396196120709e+00
-7.051891396196120709e+00
-7.051891396196120709e+00
-7.051891396196120709e+00
-7.051891396196120709e+00
-7.051891396196120709e+00
-7.302844501590181281e+00
-7.302844501590181281e+00
-7.302844501590181281e+00
-7.302844501590181281e+00
-7.237505502500223287e+00
-7.237505502500223287e+00
-7.237505502500223287e+00
-7.209087193126204163e+00
-7.209087193126204163e+00
-7.209087193126204163e+00
-7.209087193126204163e+00
-7.209087193126204163e+00
-7.209087193126204163e+00
-7.209087193126204163e+00
-7.572546971687622808e+00
-7.537818547644532963e+00
-7.442271504301869456e+00
-7.442271504301869456e+00
-7.458457527379460217e+00
-7.458457527379460217e+00
-7.458457527379460217e+00
-7.458457527379460217e+00
-7.458457527379460217e+00
-7.458457527379460217e+00
-7.458457527379460217e+00
-7.458457527379460217e+00
-7.458457527379460217e+00
-7.458457527379460217e+00
-7.458457527379460217e+00
-7.458457527379460217e+00
-7.577568349601205178e+00
-7.711745129032754775e+00
-7.711745129032754775e+00
-7.711745129032754775e+00
-7.711745129032754775e+00
-7.711745129032754775e+00
-7.711745129032754775e+00
-7.677741078072250147e+00
-7.677741078072250147e+00
-7.677741078072250147e+00
-7.316040035415561249e+00
-7.316040035415561249e+00
-7.473220788725931207e+00
-7.473220788725931207e+00
-7.473220788725931207e+00
-7.473220788725931207e+00
-7.473220788725931207e+00
-7.473220788725931207e+00
-7.473220788725931207e+00
-7.473220788725931207e+00
-7.473220788725931207e+00
-7.473220788725931207e+00
-7.473220788725931207e+00
-7.473220788725931207e+00
-7.473220788725931207e+00
-7.427713383224224586e+00
-7.427713383224224586e+00
-7.427713383224224586e+00
-7.427713383224224586e+00
-7.427713383224224586e+00
-7.427713383224224586e+00
-7.427713383224224586e+00
-7.427713383224224586e+00
-7.344959798780043236e+00
-7.353302625579542173e+00
-7.353302625579542173e+00
-7.353302625579542173e+00
-7.828572967996104914e+00
-7.828572967996104914e+00
-7.828572967996104914e+00
-7.828572967996104914e+00
-7.113222866167757452e+00
-7.113222866167757452e+00
-7.113222866167757452e+00
-7.113222866167757452e+00
-7.113222866167757452e+00
-7.113222866167757452e+00
-6.984298589352667896e+00
-7.241114603629759117e+00
-7.118138027008814817e+00
-6.994075118697623772e+00
-6.799448972450386819e+00
-6.799448972450386819e+00
-6.799448972450386819e+00
-6.799448972450386819e+00
-6.799448972450386819e+00
-6.799448972450386819e+00
-6.799448972450386819e+00
-6.799448972450386819e+00
-6.799448972450386819e+00
-6.799448972450386819e+00
-6.799448972450386819e+00
-6.799448972450386819e+00
-6.799448972450386819e+00
-6.921207015874508706e+00
-6.921207015874508706e+00
-6.921207015874508706e+00
-6.921207015874508706e+00
-6.921207015874508706e+00
-6.921207015874508706e+00
-6.779271375608717065e+00
-6.779271375608717065e+00
-6.741498214108993636e+00
-6.741498214108993636e+00
-6.741498214108993636e+00
-6.798946150858133031e+00
-7.562411218938589919e+00
-7.562411218938589919e+00
-7.562411218938589919e+00
-7.562411218938589919e+00
-7.516250099780226179e+00
-7.516250099780226179e+00
-7.516250099780226179e+00
-7.516250099780226179e+00
-7.127945099460462508e+00
-7.127945099460462508e+00
-7.127945099460462508e+00
-6.951717755990547865e+00
-6.951717755990547865e+00
-6.951717755990547865e+00
-6.951717755990547865e+00
-6.969410876243109954e+00
-6.969410876243109954e+00
-6.969410876243109954e+00
-6.422272603780771583e+00
-6.706537753628499132e+00
-7.396252159862627629e+00
-7.396252159862627629e+00
-7.483496036857765432e+00
-7.033051313907192181e+00
-7.033051313907192181e+00
-7.445731080968794657e+00
-6.325774165458022402e+00
-8.119020589678966004e+00
-8.119020589678966004e+00
-6.879336975272709154e+00
-6.879336975272709154e+00
-6.879336975272709154e+00
-6.879336975272709154e+00
-6.932220313106849829e+00
-6.932220313106849829e+00
-6.932220313106849829e+00
-6.932220313106849829e+00
-6.932220313106849829e+00
-6.932220313106849829e+00
-6.932220313106849829e+00
-6.932220313106849829e+00
-6.932220313106849829e+00
-6.932220313106849829e+00
-6.932220313106849829e+00
-6.781550256061735560e+00
-6.781550256061735560e+00
-6.781550256061735560e+00
-6.781550256061735560e+00
-6.781550256061735560e+00
-6.781550256061735560e+00
-6.781550256061735560e+00
-6.781550256061735560e+00
-6.509633182795507622e+00
-6.509633182795507622e+00
-6.509633182795507622e+00
-6.534669868804756199e+00
-6.534669868804756199e+00
-6.801576049104474997e+00
-6.801576049104474997e+00
-6.801576049104474997e+00
-6.801576049104474997e+00
-6.801576049104474997e+00
-7.112528580324599226e+00
-7.112528580324599226e+00
-7.112528580324599226e+00
-7.112528580324599226e+00
-7.112528580324599226e+00
-7.112528580324599226e+00
-7.112528580324599226e+00
-7.112528580324599226e+00
-7.132030581880937525e+00
-7.083141553014459468e+00
-7.045227984397406829e+00
-7.310055409973027274e+00
-7.310055409973027274e+00
-7.310055409973027274e+00
-7.408379140821058861e+00
-7.319293104211868517e+00
-7.319293104211868517e+00
-7.509547939264066940e+00
-7.509547939264066940e+00
-7.509547939264066940e+00
-7.509547939264066940e+00
-7.509547939264066940e+00
-7.509547939264066940e+00
-7.509547939264066940e+00
-7.509547939264066940e+00
-7.509547939264066940e+00
-7.509547939264066940e+00
-7.509547939264066940e+00
-7.509547939264066940e+00
-7.509547939264066940e+00
-7.509547939264066940e+00
-7.509547939264066940e+00
-7.509547939264066940e+00
-7.509547939264066940e+00
-7.509547939264066940e+00
-7.509547939264066940e+00
-7.509547939264066940e+00
-7.265809389190964751e+00
-7.265809389190964751e+00
-7.265809389190964751e+00
-7.265809389190964751e+00
-7.288281821839895258e+00
-7.288281821839895258e+00
-7.288281821839895258e+00
-7.288281821839895258e+00
-7.288281821839895258e+00
-7.288281821839895258e+00
-7.288281821839895258e+00
-7.288281821839895258e+00
-7.288281821839895258e+00
-7.450228667395975890e+00
-7.450228667395975890e+00
-7.450228667395975890e+00
-7.450228667395975890e+00
-7.450228667395975890e+00
-7.450228667395975890e+00
-7.450228667395975890e+00
-7.450228667395975890e+00
-7.450228667395975890e+00
-7.441465075111753258e+00
-7.441465075111753258e+00
-7.441465075111753258e+00
-7.441465075111753258e+00
-7.441465075111753258e+00
-7.441465075111753258e+00
-7.441465075111753258e+00
-7.441465075111753258e+00
-7.441465075111753258e+00
-7.441465075111753258e+00
-7.441465075111753258e+00
-7.441465075111753258e+00
-7.441465075111753258e+00
-7.441465075111753258e+00
-7.441465075111753258e+00
-7.441465075111753258e+00
-7.441465075111753258e+00
-7.441465075111753258e+00
-7.441465075111753258e+00
-7.441465075111753258e+00
-7.441465075111753258e+00
-7.441465075111753258e+00
-7.441465075111753258e+00
-7.441465075111753258e+00
-7.441465075111753258e+00
-7.652589969379723911e+00
-7.652589969379723911e+00
-7.652589969379723911e+00
-7.652589969379723911e+00
-7.652589969379723911e+00
-7.229337728730122592e+00
-7.229337728730122592e+00
-7.229337728730122592e+00
-7.229337728730122592e+00
-7.229337728730122592e+00
-7.229337728730122592e+00
-7.229337728730122592e+00
-7.229337728730122592e+00
-7.229337728730122592e+00
-7.229337728730122592e+00
-7.229337728730122592e+00
-7.229337728730122592e+00
-7.193487871217453922e+00
-7.193487871217453922e+00
-7.193487871217453922e+00
-7.193487871217453922e+00
-7.274753960779018591e+00
-7.274753960779018591e+00
-7.274753960779018591e+00
-7.274753960779018591e+00
-7.274753960779018591e+00
-7.274753960779018591e+00
-7.274753960779018591e+00
-7.494394911406828008e+00
-7.494394911406828008e+00
-7.494394911406828008e+00
-7.494394911406828008e+00
-7.494394911406828008e+00
-7.136608400946593100e+00
-7.136608400946593100e+00
-7.136608400946593100e+00
-7.407529404240857929e+00
-7.407529404240857929e+00
-7.407529404240857929e+00
-7.407529404240857929e+00
-7.407529404240857929e+00
-7.407529404240857929e+00
-7.407529404240857929e+00
-7.407529404240857929e+00
-7.407529404240857929e+00
-7.407529404240857929e+00
-7.407529404240857929e+00
-7.285305464472870973e+00
-7.285305464472870973e+00
-7.285305464472870973e+00
-7.285305464472870973e+00
-7.578009629112812284e+00
-7.578009629112812284e+00
-7.578009629112812284e+00
-7.578009629112812284e+00
-7.578009629112812284e+00
-7.578009629112812284e+00
-7.406308135840450113e+00
-7.835690879457082758e+00
-7.613089526816489538e+00
-7.613089526816489538e+00
-7.091064981931025635e+00
-7.091064981931025635e+00
-7.091064981931025635e+00
-7.091064981931025635e+00
-7.091064981931025635e+00
-7.091064981931025635e+00
-7.091064981931025635e+00
-7.339941156070045380e+00
-7.251093993907220536e+00
-7.251093993907220536e+00
-7.251093993907220536e+00
-7.410672153159262976e+00
-7.410672153159262976e+00
-7.253710672002904758e+00
-7.253710672002904758e+00
-7.253710672002904758e+00
-7.253710672002904758e+00
-7.253710672002904758e+00
-7.253710672002904758e+00
-7.253710672002904758e+00
-7.116738970375425133e+00
-7.116738970375425133e+00
-7.116738970375425133e+00
-7.116738970375425133e+00
-7.116738970375425133e+00
-7.116738970375425133e+00
-7.116738970375425133e+00
-7.160914331731558669e+00
-7.160914331731558669e+00
-7.160914331731558669e+00
-7.160914331731558669e+00
-7.160914331731558669e+00
-7.160914331731558669e+00
-7.160914331731558669e+00
-7.160914331731558669e+00
-7.160914331731558669e+00
-6.962276097693361088e+00
-6.962276097693361088e+00
-6.965355025194798877e+00
-6.965355025194798877e+00
-6.965355025194798877e+00
-6.965355025194798877e+00
-6.965355025194798877e+00
-6.965355025194798877e+00
-6.965355025194798877e+00
-6.965355025194798877e+00
-6.965355025194798877e+00
-6.965355025194798877e+00
-7.488659645357733652e+00
-7.488659645357733652e+00
-7.488659645357733652e+00
-7.488659645357733652e+00
-7.488659645357733652e+00
-7.488659645357733652e+00
-7.488659645357733652e+00
-7.488659645357733652e+00
-7.488659645357733652e+00
-7.488659645357733652e+00
-7.488659645357733652e+00
-7.488659645357733652e+00
-7.488659645357733652e+00
-7.488659645357733652e+00
-7.488659645357733652e+00
-7.488659645357733652e+00
-7.488659645357733652e+00
-7.497015236440625507e+00
-7.497015236440625507e+00
-7.497015236440625507e+00
-7.497015236440625507e+00
-7.301801021422756222e+00
-7.483188782321790633e+00
-7.483188782321790633e+00
-7.483188782321790633e+00
-7.483188782321790633e+00
-7.483188782321790633e+00
-7.483188782321790633e+00
-6.886073325833672598e+00
-6.886073325833672598e+00
-6.886073325833672598e+00
-6.886073325833672598e+00
-6.886073325833672598e+00
-6.886073325833672598e+00
-6.886073325833672598e+00
-6.886073325833672598e+00
-6.886073325833672598e+00
-6.886073325833672598e+00
-6.886073325833672598e+00
-6.886073325833672598e+00
-6.886073325833672598e+00
-6.886073325833672598e+00
-6.886073325833672598e+00
-6.886073325833672598e+00
-6.886073325833672598e+00
-6.886073325833672598e+00
-6.886073325833672598e+00
-6.886073325833672598e+00
-6.886073325833672598e+00
-6.886073325833672598e+00
-6.886073325833672598e+00
-6.886073325833672598e+00
-6.886073325833672598e+00
-6.886073325833672598e+00
-6.886073325833672598e+00
-7.071578935728929594e+00
-7.071578935728929594e+00
-7.071578935728929594e+00
-7.071578935728929594e+00
-7.519597988967457347e+00
-7.063390192064682438e+00
-7.063390192064682438e+00
-7.063390192064682438e+00
-7.063390192064682438e+00
-7.063390192064682438e+00
-7.063390192064682438e+00
-7.063390192064682438e+00
-6.515098575424281613e+00
-6.515098575424281613e+00
-7.927920120851942976e+00
-7.927920120851942976e+00
-7.927920120851942976e+00
-7.724241362475072314e+00
-7.691427125073754922e+00
-7.691427125073754922e+00
-7.691427125073754922e+00
-7.691427125073754922e+00
-7.709118421857261261e+00
-7.988754695505758008e+00
-7.988754695505758008e+00
-7.988754695505758008e+00
-7.978633530509175564e+00
-7.978162163758140579e+00
-7.978162163758140579e+00
-8.003634203004562409e+00
-8.003634203004562409e+00
-8.003634203004562409e+00
-6.429663123865656083e+00
-6.472184142920528238e+00
-6.472184142920528238e+00
-6.472184142920528238e+00
-6.472184142920528238e+00
-6.472184142920528238e+00
-6.472184142920528238e+00
-6.472184142920528238e+00
-6.472184142920528238e+00
-6.472184142920528238e+00
-6.472184142920528238e+00
-7.198129055832812817e+00
-7.198129055832812817e+00
-7.198129055832812817e+00
-7.198129055832812817e+00
-7.198129055832812817e+00
-7.198129055832812817e+00
-7.198129055832812817e+00
-7.198129055832812817e+00
-7.198129055832812817e+00
-7.198129055832812817e+00
-6.486999829002365381e+00
-6.486999829002365381e+00
-6.486999829002365381e+00
-6.486999829002365381e+00
-6.486999829002365381e+00
-6.486999829002365381e+00
-6.486999829002365381e+00
-6.468808901697453706e+00
-6.968042362716412086e+00
-6.968042362716412086e+00
-7.117112781531951704e+00
-7.117112781531951704e+00
-7.117112781531951704e+00
-7.117112781531951704e+00
-7.117112781531951704e+00
-7.117112781531951704e+00
-7.323124668566263651e+00
-7.323124668566263651e+00
-7.323124668566263651e+00
-7.323124668566263651e+00
-7.323124668566263651e+00
-7.323124668566263651e+00
-7.323124668566263651e+00
-7.323124668566263651e+00
-7.323124668566263651e+00
-7.053790083350915729e+00
-7.053790083350915729e+00
-7.053790083350915729e+00
-7.053790083350915729e+00
-7.053790083350915729e+00
-7.053790083350915729e+00
-7.053790083350915729e+00
-7.053790083350915729e+00
-7.053790083350915729e+00
-7.053790083350915729e+00
-6.862213689100217451e+00
-6.862213689100217451e+00
-6.862213689100217451e+00
-6.862213689100217451e+00
-6.948504347646212942e+00
-6.948504347646212942e+00
-6.948504347646212942e+00
-6.948504347646212942e+00
-6.948504347646212942e+00
-6.996692252660571931e+00
-6.996692252660571931e+00
-6.996692252660571931e+00
-6.996692252660571931e+00
-7.168466228827918840e+00
-7.168466228827918840e+00
-7.168466228827918840e+00
-7.168466228827918840e+00
-6.942088015904617215e+00
-7.168246044939380113e+00
-7.168246044939380113e+00
-7.168246044939380113e+00
-7.168246044939380113e+00
-7.168246044939380113e+00
-7.168246044939380113e+00
-7.185940532793734015e+00
-7.185940532793734015e+00
-7.153681541720038339e+00
-7.153681541720038339e+00
-7.153681541720038339e+00
-7.153681541720038339e+00
-7.153681541720038339e+00
-7.153681541720038339e+00
-7.153681541720038339e+00
-6.714444315456295165e+00
-6.714444315456295165e+00
-6.714444315456295165e+00
-6.714444315456295165e+00
-6.714444315456295165e+00
-6.714444315456295165e+00
-6.714444315456295165e+00
-6.714444315456295165e+00
-6.714444315456295165e+00
-6.714444315456295165e+00
-6.714444315456295165e+00
-6.714444315456295165e+00
-6.714444315456295165e+00
-6.714444315456295165e+00
-6.714444315456295165e+00
-6.714444315456295165e+00
-6.714444315456295165e+00
-6.674007065665425564e+00
-6.674007065665425564e+00
-6.674007065665425564e+00
-6.674007065665425564e+00
-6.674007065665425564e+00
-6.674007065665425564e+00
-6.674007065665425564e+00
-6.674007065665425564e+00
-6.674007065665425564e+00
-6.674007065665425564e+00
-6.674007065665425564e+00
-6.674007065665425564e+00
-6.674007065665425564e+00
-6.665806469452312477e+00
-6.665806469452312477e+00
-6.665806469452312477e+00
-6.665806469452312477e+00
-6.665806469452312477e+00
-6.665806469452312477e+00
-6.665806469452312477e+00
-6.676329253508528794e+00
-6.676329253508528794e+00
-6.676329253508528794e+00
-6.676329253508528794e+00
-7.062316624657829500e+00
-7.062316624657829500e+00
-7.062316624657829500e+00
-7.626865379669014011e+00
-7.237590293811337894e+00
-7.237590293811337894e+00
-7.191540862132668188e+00
-7.191540862132668188e+00
-7.191540862132668188e+00
-7.191540862132668188e+00
-7.191540862132668188e+00
-7.191540862132668188e+00
-7.191540862132668188e+00
-7.191540862132668188e+00
-7.191540862132668188e+00
-7.191540862132668188e+00
-7.170779755193006366e+00
-7.170779755193006366e+00
-7.170779755193006366e+00
-7.170779755193006366e+00
-7.170779755193006366e+00
-7.170779755193006366e+00
-7.170779755193006366e+00
-7.170779755193006366e+00
-6.867540042213454043e+00
-6.867540042213454043e+00
-6.867540042213454043e+00
-6.867540042213454043e+00
-6.867540042213454043e+00
-6.867540042213454043e+00
-6.867540042213454043e+00
-6.867540042213454043e+00
-6.867540042213454043e+00
-6.937141400222340160e+00
-6.937141400222340160e+00
-7.132071609934702572e+00
-7.132071609934702572e+00
-7.131459380199074438e+00
-7.131459380199074438e+00
-7.131459380199074438e+00
-6.903806562405470970e+00
-6.903806562405470970e+00
-6.903806562405470970e+00
-6.903806562405470970e+00
-6.903806562405470970e+00
-6.903806562405470970e+00
-6.903806562405470970e+00
-6.903806562405470970e+00
-6.903806562405470970e+00
-6.903806562405470970e+00
-7.142949058722355637e+00
-7.142949058722355637e+00
-7.142949058722355637e+00
-7.197944885458134046e+00
-7.197944885458134046e+00
-7.197944885458134046e+00
-7.197944885458134046e+00
-7.059059453056145017e+00
-7.059059453056145017e+00
-7.059059453056145017e+00
-7.059059453056145017e+00
-7.059059453056145017e+00
-7.059059453056145017e+00
-7.059059453056145017e+00
-7.059059453056145017e+00
-7.059059453056145017e+00
-7.059059453056145017e+00
-7.059059453056145017e+00
-7.635670455874265627e+00
-7.635670455874265627e+00
-7.542926540338285690e+00
-7.542926540338285690e+00
-7.542926540338285690e+00
-7.542926540338285690e+00
-7.542926540338285690e+00
-7.542926540338285690e+00
-7.542926540338285690e+00
-7.542926540338285690e+00
-7.542926540338285690e+00
-7.542926540338285690e+00
-7.542926540338285690e+00
-7.542926540338285690e+00
-7.542926540338285690e+00
-7.542926540338285690e+00
-7.497467000899304956e+00
-7.497467000899304956e+00
-7.497467000899304956e+00
-7.497467000899304956e+00
-7.018073339079351491e+00
-7.018073339079351491e+00
-7.018073339079351491e+00
-7.018073339079351491e+00
-7.116485052309346138e+00
-7.116485052309346138e+00
-7.116485052309346138e+00
-7.116485052309346138e+00
-7.116485052309346138e+00
-7.116485052309346138e+00
-7.116485052309346138e+00
-7.116485052309346138e+00
-7.304305100304218534e+00
-7.304305100304218534e+00
-7.304305100304218534e+00
-7.304305100304218534e+00
-7.304305100304218534e+00
-7.304305100304218534e+00
-7.334065482903620925e+00
-7.334065482903620925e+00
-7.334065482903620925e+00
-7.334065482903620925e+00
-7.334065482903620925e+00
-7.348103003565713109e+00
-7.348103003565713109e+00
-7.327247076235127388e+00
-7.210177627621827234e+00
-7.210177627621827234e+00
-7.210177627621827234e+00
-7.239908834716329622e+00
-7.239908834716329622e+00
-7.239908834716329622e+00
-7.380051549032586422e+00
-7.380051549032586422e+00
-7.380051549032586422e+00
-7.387744764980804568e+00
-7.387744764980804568e+00
-7.495375937759077623e+00
-7.495375937759077623e+00
-7.495375937759077623e+00
-7.495375937759077623e+00
-7.402039850647089025e+00
-7.282575731295700017e+00
-7.282575731295700017e+00
-7.260892404880851636e+00
-7.260892404880851636e+00
-7.260892404880851636e+00
-7.260892404880851636e+00
-7.260892404880851636e+00
-7.260892404880851636e+00
-7.260892404880851636e+00
-7.260892404880851636e+00
-7.260892404880851636e+00
-7.260892404880851636e+00
-7.260892404880851636e+00
-7.260892404880851636e+00
