# Variable: dg_gbsa_00000304
# Sample shape: (2000,)
# Date: 2014-03-03 06:24:08.029093
-1.401364803314208984e+00
-1.401364803314208984e+00
-1.789035236402405804e+00
-2.152372500636609232e+00
-2.152372500636609232e+00
-2.152372500636609232e+00
-2.152372500636609232e+00
-2.152372500636609232e+00
-1.801397102968642638e+00
-1.801397102968642638e+00
-1.801397102968642638e+00
-1.801397102968642638e+00
-1.888146477949094848e+00
-1.888146477949094848e+00
-1.888146477949094848e+00
-1.888146477949094848e+00
-1.888146477949094848e+00
-1.888146477949094848e+00
-1.888146477949094848e+00
-1.888146477949094848e+00
-1.888146477949094848e+00
-1.888146477949094848e+00
-1.888146477949094848e+00
-1.891408664090683533e+00
-1.891408664090683533e+00
-1.891408664090683533e+00
-1.891408664090683533e+00
-1.891408664090683533e+00
-1.891408664090683533e+00
-1.891408664090683533e+00
-2.096532407727797587e+00
-2.051919869665433716e+00
-2.051919869665433716e+00
-2.364042840086023389e+00
-2.364042840086023389e+00
-2.364042840086023389e+00
-2.364042840086023389e+00
-2.234251731668329910e+00
-2.234251731668329910e+00
-1.995576727230735647e+00
-1.995576727230735647e+00
-1.995576727230735647e+00
-1.995576727230735647e+00
-1.995576727230735647e+00
-1.995576727230735647e+00
-1.993331580955257198e+00
-1.993331580955257198e+00
-1.993331580955257198e+00
-1.993331580955257198e+00
-1.993331580955257198e+00
-2.014112746054538050e+00
-2.014112746054538050e+00
-2.014112746054538050e+00
-2.014112746054538050e+00
-2.014112746054538050e+00
-2.014112746054538050e+00
-2.015669760694922985e+00
-2.015669760694922985e+00
-2.193854370263065068e+00
-2.193854370263065068e+00
-2.193854370263065068e+00
-2.193854370263065068e+00
-2.193854370263065068e+00
-2.193854370263065068e+00
-2.193854370263065068e+00
-2.193854370263065068e+00
-2.193854370263065068e+00
-2.193854370263065068e+00
-2.193854370263065068e+00
-2.193854370263065068e+00
-2.193854370263065068e+00
-2.016571466143227020e+00
-2.016571466143227020e+00
-2.016571466143227020e+00
-2.016571466143227020e+00
-2.016571466143227020e+00
-2.016571466143227020e+00
-2.016571466143227020e+00
-2.016571466143227020e+00
-2.635969486564796682e+00
-2.635969486564796682e+00
-2.635969486564796682e+00
-2.635969486564796682e+00
-2.635969486564796682e+00
-2.554827620832687440e+00
-2.554827620832687440e+00
-2.554827620832687440e+00
-2.554827620832687440e+00
-2.554827620832687440e+00
-2.417580803311349502e+00
-2.417580803311349502e+00
-2.417580803311349502e+00
-2.417580803311349502e+00
-2.417580803311349502e+00
-2.417580803311349502e+00
-2.417580803311349502e+00
-2.417580803311349502e+00
-2.417580803311349502e+00
-2.417580803311349502e+00
-2.417580803311349502e+00
-2.417580803311349502e+00
-2.417580803311349502e+00
-2.417580803311349502e+00
-2.417580803311349502e+00
-2.417580803311349502e+00
-2.417580803311349502e+00
-2.417580803311349502e+00
-2.417580803311349502e+00
-2.417580803311349502e+00
-2.417580803311349502e+00
-2.417580803311349502e+00
-2.417580803311349502e+00
-2.417580803311349502e+00
-2.417580803311349502e+00
-2.417580803311349502e+00
-2.417580803311349502e+00
-2.417580803311349502e+00
-2.417580803311349502e+00
-2.417580803311349502e+00
-2.417580803311349502e+00
-2.417580803311349502e+00
-2.417580803311349502e+00
-2.417580803311349502e+00
-2.417580803311349502e+00
-2.417580803311349502e+00
-2.417580803311349502e+00
-2.479511510801588603e+00
-2.479511510801588603e+00
-2.479511510801588603e+00
-2.479511510801588603e+00
-2.479511510801588603e+00
-2.479511510801588603e+00
-2.479511510801588603e+00
-2.479511510801588603e+00
-2.479511510801588603e+00
-2.479511510801588603e+00
-2.479511510801588603e+00
-2.479511510801588603e+00
-2.479511510801588603e+00
-2.467069069696429917e+00
-2.467069069696429917e+00
-2.467069069696429917e+00
-2.467069069696429917e+00
-2.467069069696429917e+00
-2.467069069696429917e+00
-2.467069069696429917e+00
-2.467069069696429917e+00
-2.467069069696429917e+00
-2.467069069696429917e+00
-2.467069069696429917e+00
-2.467069069696429917e+00
-2.467069069696429917e+00
-2.467069069696429917e+00
-2.467069069696429917e+00
-2.467069069696429917e+00
-2.467069069696429917e+00
-2.348090448981261069e+00
-2.348090448981261069e+00
-2.348090448981261069e+00
-2.348090448981261069e+00
-2.348090448981261069e+00
-2.348090448981261069e+00
-2.348090448981261069e+00
-2.348090448981261069e+00
-2.348090448981261069e+00
-2.348090448981261069e+00
-2.348090448981261069e+00
-2.348090448981261069e+00
-2.348090448981261069e+00
-2.348090448981261069e+00
-2.348090448981261069e+00
-2.348090448981261069e+00
-2.348090448981261069e+00
-2.361865845966521160e+00
-2.361865845966521160e+00
-2.361865845966521160e+00
-2.361865845966521160e+00
-2.361865845966521160e+00
-2.361865845966521160e+00
-2.361865845966521160e+00
-2.361865845966521160e+00
-2.361865845966521160e+00
-2.361865845966521160e+00
-2.361865845966521160e+00
-2.361865845966521160e+00
-2.361865845966521160e+00
-2.399944438533162749e+00
-2.399944438533162749e+00
-2.422469067983827884e+00
-2.422469067983827884e+00
-2.422469067983827884e+00
-2.422469067983827884e+00
-2.422469067983827884e+00
-2.422469067983827884e+00
-2.422469067983827884e+00
-2.422469067983827884e+00
-2.422469067983827884e+00
-2.422469067983827884e+00
-2.422469067983827884e+00
-2.422469067983827884e+00
-2.422469067983827884e+00
-2.423020439439703910e+00
-2.423020439439703910e+00
-2.423020439439703910e+00
-2.423020439439703910e+00
-2.423020439439703910e+00
-2.423020439439703910e+00
-2.423020439439703910e+00
-2.423020439439703910e+00
-2.525828764497891843e+00
-2.525828764497891843e+00
-2.303902551275366140e+00
-2.303902551275366140e+00
-2.303902551275366140e+00
-2.490652678801497988e+00
-2.490652678801497988e+00
-2.490652678801497988e+00
-2.490652678801497988e+00
-2.490652678801497988e+00
-2.490652678801497988e+00
-2.490652678801497988e+00
-2.490652678801497988e+00
-2.490652678801497988e+00
-2.490652678801497988e+00
-2.490652678801497988e+00
-2.501602382550503823e+00
-2.501602382550503823e+00
-2.501602382550503823e+00
-2.501602382550503823e+00
-2.501602382550503823e+00
-2.501602382550503823e+00
-2.559083597609919103e+00
-2.559083597609919103e+00
-2.559083597609919103e+00
-2.559083597609919103e+00
-2.559083597609919103e+00
-2.559083597609919103e+00
-2.559083597609919103e+00
-2.559083597609919103e+00
-2.559083597609919103e+00
-2.559083597609919103e+00
-2.559083597609919103e+00
-2.559083597609919103e+00
-2.559083597609919103e+00
-2.559083597609919103e+00
-2.559083597609919103e+00
-2.559083597609919103e+00
-2.559083597609919103e+00
-2.559083597609919103e+00
-2.559083597609919103e+00
-2.559083597609919103e+00
-2.559083597609919103e+00
-2.390794042875388214e+00
-2.426747838124262202e+00
-2.426747838124262202e+00
-2.426747838124262202e+00
-2.502011979287258825e+00
-2.502011979287258825e+00
-2.502011979287258825e+00
-2.502011979287258825e+00
-2.485055312599780297e+00
-2.485055312599780297e+00
-2.485055312599780297e+00
-2.485055312599780297e+00
-2.485055312599780297e+00
-2.485055312599780297e+00
-2.485055312599780297e+00
-2.483823787185931220e+00
-2.483823787185931220e+00
-2.483823787185931220e+00
-2.483823787185931220e+00
-2.483823787185931220e+00
-2.483823787185931220e+00
-2.483823787185931220e+00
-2.483823787185931220e+00
-2.483823787185931220e+00
-2.483823787185931220e+00
-2.483823787185931220e+00
-2.483823787185931220e+00
-2.483823787185931220e+00
-2.483823787185931220e+00
-2.483823787185931220e+00
-2.483823787185931220e+00
-2.483823787185931220e+00
-2.483823787185931220e+00
-2.483823787185931220e+00
-2.483823787185931220e+00
-2.483823787185931220e+00
-2.483823787185931220e+00
-2.483823787185931220e+00
-2.483823787185931220e+00
-2.483823787185931220e+00
-2.483823787185931220e+00
-2.483823787185931220e+00
-2.483823787185931220e+00
-2.483823787185931220e+00
-2.483823787185931220e+00
-2.483823787185931220e+00
-2.483823787185931220e+00
-2.483823787185931220e+00
-2.483823787185931220e+00
-2.483823787185931220e+00
-2.483823787185931220e+00
-2.483823787185931220e+00
-2.483823787185931220e+00
-2.483823787185931220e+00
-2.483823787185931220e+00
-2.483823787185931220e+00
-2.483823787185931220e+00
-2.483823787185931220e+00
-2.483823787185931220e+00
-2.635080773333518422e+00
-2.576329967943705501e+00
-2.576329967943705501e+00
-2.576329967943705501e+00
-2.576329967943705501e+00
-2.576329967943705501e+00
-2.576329967943705501e+00
-2.576329967943705501e+00
-2.576329967943705501e+00
-2.576329967943705501e+00
-2.576329967943705501e+00
-2.576329967943705501e+00
-2.576329967943705501e+00
-2.576329967943705501e+00
-2.576329967943705501e+00
-2.576329967943705501e+00
-2.576329967943705501e+00
-2.576329967943705501e+00
-2.572311042143783144e+00
-2.572311042143783144e+00
-2.572311042143783144e+00
-2.572311042143783144e+00
-2.572311042143783144e+00
-2.572311042143783144e+00
-2.236011379307587976e+00
-2.236011379307587976e+00
-2.236011379307587976e+00
-2.236011379307587976e+00
-2.505393146784765879e+00
-2.505393146784765879e+00
-2.505393146784765879e+00
-2.554472728167619611e+00
-2.554472728167619611e+00
-2.554472728167619611e+00
-2.554472728167619611e+00
-2.554472728167619611e+00
-2.702197882686928398e+00
-2.702197882686928398e+00
-2.702197882686928398e+00
-2.702197882686928398e+00
-2.702197882686928398e+00
-2.702197882686928398e+00
-2.702197882686928398e+00
-2.702197882686928398e+00
-2.702197882686928398e+00
-2.702197882686928398e+00
-2.702197882686928398e+00
-2.702197882686928398e+00
-2.749704722008786906e+00
-2.749704722008786906e+00
-2.749704722008786906e+00
-2.749704722008786906e+00
-2.749704722008786906e+00
-2.749704722008786906e+00
-2.696779672319984833e+00
-2.696779672319984833e+00
-2.603988346588542946e+00
-2.603988346588542946e+00
-2.603988346588542946e+00
-2.603988346588542946e+00
-2.603988346588542946e+00
-2.603988346588542946e+00
-2.603988346588542946e+00
-2.603988346588542946e+00
-2.603988346588542946e+00
-2.603988346588542946e+00
-2.603988346588542946e+00
-2.603988346588542946e+00
-2.603988346588542946e+00
-2.603988346588542946e+00
-2.603988346588542946e+00
-2.603988346588542946e+00
-2.603988346588542946e+00
-2.603988346588542946e+00
-2.603988346588542946e+00
-2.603988346588542946e+00
-2.603988346588542946e+00
-2.537538626909711770e+00
-2.537538626909711770e+00
-2.537538626909711770e+00
-2.537538626909711770e+00
-2.537538626909711770e+00
-2.537538626909711770e+00
-2.537538626909711770e+00
-2.537538626909711770e+00
-2.537538626909711770e+00
-2.537538626909711770e+00
-2.526433472423662785e+00
-2.673114007107386225e+00
-2.673114007107386225e+00
-2.673114007107386225e+00
-2.673114007107386225e+00
-2.673114007107386225e+00
-2.673114007107386225e+00
-2.673114007107386225e+00
-2.673114007107386225e+00
-2.673114007107386225e+00
-2.673114007107386225e+00
-2.673114007107386225e+00
-2.673114007107386225e+00
-2.673114007107386225e+00
-2.673114007107386225e+00
-2.673114007107386225e+00
-2.634169950539933414e+00
-2.634169950539933414e+00
-2.634169950539933414e+00
-2.634169950539933414e+00
-2.634169950539933414e+00
-2.634169950539933414e+00
-2.634169950539933414e+00
-2.634169950539933414e+00
-2.634169950539933414e+00
-2.634169950539933414e+00
-2.634169950539933414e+00
-2.634169950539933414e+00
-2.634169950539933414e+00
-2.634169950539933414e+00
-2.634169950539933414e+00
-2.634169950539933414e+00
-2.700300335200293222e+00
-2.700300335200293222e+00
-2.700300335200293222e+00
-2.700300335200293222e+00
-2.700300335200293222e+00
-2.700300335200293222e+00
-2.700300335200293222e+00
-2.700300335200293222e+00
-2.700300335200293222e+00
-2.700300335200293222e+00
-2.700300335200293222e+00
-2.700300335200293222e+00
-2.700300335200293222e+00
-2.700300335200293222e+00
-2.700300335200293222e+00
-2.711529257648533697e+00
-2.711529257648533697e+00
-2.711529257648533697e+00
-2.727524500276116814e+00
-2.727524500276116814e+00
-2.727524500276116814e+00
-2.727524500276116814e+00
-2.727524500276116814e+00
-2.727524500276116814e+00
-2.727524500276116814e+00
-2.727524500276116814e+00
-2.727524500276116814e+00
-2.727524500276116814e+00
-2.727524500276116814e+00
-2.782169081284940226e+00
-2.782169081284940226e+00
-2.782169081284940226e+00
-2.782169081284940226e+00
-2.782169081284940226e+00
-2.782169081284940226e+00
-2.782169081284940226e+00
-2.782169081284940226e+00
-2.782169081284940226e+00
-2.782169081284940226e+00
-2.782169081284940226e+00
-2.782169081284940226e+00
-2.782169081284940226e+00
-2.782169081284940226e+00
-2.782169081284940226e+00
-2.782169081284940226e+00
-2.782169081284940226e+00
-2.782169081284940226e+00
-2.782169081284940226e+00
-2.782169081284940226e+00
-2.782169081284940226e+00
-2.782169081284940226e+00
-2.782169081284940226e+00
-2.782169081284940226e+00
-2.782169081284940226e+00
-2.782169081284940226e+00
-2.782169081284940226e+00
-2.782169081284940226e+00
-2.782169081284940226e+00
-2.782169081284940226e+00
-2.771093786104687151e+00
-2.509447858164916667e+00
-2.509447858164916667e+00
-2.509447858164916667e+00
-2.509447858164916667e+00
-2.509447858164916667e+00
-2.509447858164916667e+00
-2.860911489672687935e+00
-2.860911489672687935e+00
-2.860911489672687935e+00
-2.860911489672687935e+00
-2.860911489672687935e+00
-2.860911489672687935e+00
-2.811041890321224646e+00
-2.811041890321224646e+00
-2.811041890321224646e+00
-2.811041890321224646e+00
-2.811041890321224646e+00
-2.811041890321224646e+00
-2.811041890321224646e+00
-2.811041890321224646e+00
-2.811041890321224646e+00
-2.811041890321224646e+00
-2.811041890321224646e+00
-2.811041890321224646e+00
-2.811041890321224646e+00
-2.811041890321224646e+00
-2.868889850594573243e+00
-2.741737757768503148e+00
-2.741737757768503148e+00
-2.693176725398513938e+00
-2.693176725398513938e+00
-2.693176725398513938e+00
-2.798757407223061211e+00
-2.798757407223061211e+00
-2.798757407223061211e+00
-2.798757407223061211e+00
-2.798757407223061211e+00
-2.778610125554451304e+00
-2.778610125554451304e+00
-2.778610125554451304e+00
-2.778610125554451304e+00
-2.948542170041377641e+00
-2.948542170041377641e+00
-2.948542170041377641e+00
-2.875223442427742526e+00
-2.875223442427742526e+00
-2.875223442427742526e+00
-2.875223442427742526e+00
-2.875223442427742526e+00
-2.875223442427742526e+00
-2.875223442427742526e+00
-2.875223442427742526e+00
-2.875223442427742526e+00
-2.951788400828724068e+00
-2.951788400828724068e+00
-2.951788400828724068e+00
-2.951788400828724068e+00
-2.951788400828724068e+00
-2.951788400828724068e+00
-2.951788400828724068e+00
-2.951788400828724068e+00
-2.951788400828724068e+00
-2.951788400828724068e+00
-2.951788400828724068e+00
-2.951788400828724068e+00
-2.951788400828724068e+00
-2.951788400828724068e+00
-2.951788400828724068e+00
-2.951788400828724068e+00
-2.951788400828724068e+00
-2.951788400828724068e+00
-2.951788400828724068e+00
-2.951788400828724068e+00
-2.951788400828724068e+00
-2.951788400828724068e+00
-2.951788400828724068e+00
-2.951788400828724068e+00
-2.951788400828724068e+00
-2.951788400828724068e+00
-2.951788400828724068e+00
-2.951788400828724068e+00
-2.951788400828724068e+00
-2.951788400828724068e+00
-2.951788400828724068e+00
-2.951788400828724068e+00
-2.951788400828724068e+00
-2.951788400828724068e+00
-2.951788400828724068e+00
-2.886644740861414871e+00
-2.886644740861414871e+00
-2.886644740861414871e+00
-2.886644740861414871e+00
-2.886644740861414871e+00
-2.886644740861414871e+00
-2.886644740861414871e+00
-2.886644740861414871e+00
-2.693242598218170247e+00
-2.693242598218170247e+00
-2.693242598218170247e+00
-2.693242598218170247e+00
-2.693242598218170247e+00
-2.693242598218170247e+00
-2.693242598218170247e+00
-2.693242598218170247e+00
-2.693242598218170247e+00
-2.693242598218170247e+00
-2.693242598218170247e+00
-2.693242598218170247e+00
-2.743578093913499494e+00
-2.743578093913499494e+00
-2.743578093913499494e+00
-2.743578093913499494e+00
-2.743578093913499494e+00
-2.743578093913499494e+00
-2.743578093913499494e+00
-2.743578093913499494e+00
-2.743578093913499494e+00
-2.743578093913499494e+00
-2.743578093913499494e+00
-2.743578093913499494e+00
-2.656432912181029948e+00
-2.656432912181029948e+00
-2.656432912181029948e+00
-2.656432912181029948e+00
-2.656432912181029948e+00
-2.656432912181029948e+00
-2.656432912181029948e+00
-2.656432912181029948e+00
-2.656432912181029948e+00
-2.656432912181029948e+00
-2.656432912181029948e+00
-2.656432912181029948e+00
-2.641587594727029309e+00
-2.641587594727029309e+00
-2.641587594727029309e+00
-2.641587594727029309e+00
-2.641587594727029309e+00
-2.641587594727029309e+00
-2.840524421823184209e+00
-2.840524421823184209e+00
-2.840524421823184209e+00
-2.840524421823184209e+00
-2.840524421823184209e+00
-2.840524421823184209e+00
-2.840524421823184209e+00
-2.840524421823184209e+00
-2.840524421823184209e+00
-2.840524421823184209e+00
-2.840524421823184209e+00
-2.840524421823184209e+00
-2.840524421823184209e+00
-2.840524421823184209e+00
-2.840524421823184209e+00
-2.689630306017785966e+00
-2.689630306017785966e+00
-2.689630306017785966e+00
-2.689630306017785966e+00
-2.689630306017785966e+00
-2.689630306017785966e+00
-2.689630306017785966e+00
-2.689630306017785966e+00
-2.689630306017785966e+00
-2.689630306017785966e+00
-2.689630306017785966e+00
-2.689630306017785966e+00
-2.686246859183958779e+00
-2.686246859183958779e+00
-2.686246859183958779e+00
-2.686246859183958779e+00
-2.686246859183958779e+00
-2.686246859183958779e+00
-2.686246859183958779e+00
-2.686246859183958779e+00
-2.686246859183958779e+00
-2.686246859183958779e+00
-2.686246859183958779e+00
-2.686246859183958779e+00
-2.686246859183958779e+00
-2.686246859183958779e+00
-2.686246859183958779e+00
-2.686246859183958779e+00
-2.686246859183958779e+00
-2.686246859183958779e+00
-2.686246859183958779e+00
-2.763720588975836723e+00
-2.763720588975836723e+00
-2.763720588975836723e+00
-2.763720588975836723e+00
-2.763720588975836723e+00
-2.763720588975836723e+00
-2.763720588975836723e+00
-2.763720588975836723e+00
-2.763720588975836723e+00
-2.763720588975836723e+00
-2.763720588975836723e+00
-2.763720588975836723e+00
-2.763720588975836723e+00
-2.763720588975836723e+00
-2.763720588975836723e+00
-2.763720588975836723e+00
-2.763720588975836723e+00
-2.763720588975836723e+00
-2.763720588975836723e+00
-2.763720588975836723e+00
-2.763720588975836723e+00
-2.763720588975836723e+00
-2.763720588975836723e+00
-2.763720588975836723e+00
-2.763720588975836723e+00
-2.763720588975836723e+00
-2.763720588975836723e+00
-2.763720588975836723e+00
-2.763720588975836723e+00
-2.763720588975836723e+00
-2.763720588975836723e+00
-2.763720588975836723e+00
-2.763720588975836723e+00
-2.763720588975836723e+00
-2.763720588975836723e+00
-2.763720588975836723e+00
-2.763720588975836723e+00
-2.763720588975836723e+00
-2.763720588975836723e+00
-2.763720588975836723e+00
-2.763720588975836723e+00
-2.763720588975836723e+00
-2.763720588975836723e+00
-2.763720588975836723e+00
-2.763720588975836723e+00
-2.763720588975836723e+00
-2.763720588975836723e+00
-2.763720588975836723e+00
-2.763720588975836723e+00
-2.763720588975836723e+00
-2.763720588975836723e+00
-2.763720588975836723e+00
-2.763720588975836723e+00
-2.763720588975836723e+00
-2.763720588975836723e+00
-2.763720588975836723e+00
-2.763720588975836723e+00
-2.763720588975836723e+00
-2.763720588975836723e+00
-2.763720588975836723e+00
-2.805198355796915788e+00
-2.805198355796915788e+00
-2.805198355796915788e+00
-2.805198355796915788e+00
-2.805198355796915788e+00
-2.805198355796915788e+00
-2.805198355796915788e+00
-2.805198355796915788e+00
-2.805198355796915788e+00
-2.805198355796915788e+00
-2.805198355796915788e+00
-2.805198355796915788e+00
-2.805198355796915788e+00
-2.817070051087475768e+00
-2.817070051087475768e+00
-2.817070051087475768e+00
-2.817070051087475768e+00
-2.817070051087475768e+00
-2.817070051087475768e+00
-2.817070051087475768e+00
-2.817070051087475768e+00
-2.817070051087475768e+00
-2.817070051087475768e+00
-2.817070051087475768e+00
-2.760196962958311850e+00
-2.713741353547368007e+00
-2.713741353547368007e+00
-2.713741353547368007e+00
-2.713741353547368007e+00
-2.713741353547368007e+00
-2.713741353547368007e+00
-2.713741353547368007e+00
-2.713741353547368007e+00
-2.713741353547368007e+00
-2.713741353547368007e+00
-2.713741353547368007e+00
-2.713741353547368007e+00
-2.713741353547368007e+00
-2.713741353547368007e+00
-2.713741353547368007e+00
-2.713741353547368007e+00
-2.713741353547368007e+00
-2.713741353547368007e+00
-2.713741353547368007e+00
-2.713741353547368007e+00
-2.713741353547368007e+00
-2.713741353547368007e+00
-2.713741353547368007e+00
-2.713741353547368007e+00
-2.680130488102112185e+00
-2.680130488102112185e+00
-2.680130488102112185e+00
-2.680130488102112185e+00
-2.680130488102112185e+00
-2.680130488102112185e+00
-2.680130488102112185e+00
-2.680130488102112185e+00
-2.680130488102112185e+00
-2.680130488102112185e+00
-2.680130488102112185e+00
-2.680130488102112185e+00
-2.680130488102112185e+00
-2.680130488102112185e+00
-2.680130488102112185e+00
-2.680130488102112185e+00
-2.680130488102112185e+00
-2.680130488102112185e+00
-2.680130488102112185e+00
-2.680130488102112185e+00
-2.680130488102112185e+00
-2.680130488102112185e+00
-2.680130488102112185e+00
-2.680130488102112185e+00
-2.680130488102112185e+00
-2.680130488102112185e+00
-2.680130488102112185e+00
-2.619949171237690333e+00
-2.619949171237690333e+00
-2.619949171237690333e+00
-2.644020102448034759e+00
-2.644020102448034759e+00
-2.644020102448034759e+00
-2.406727059621427856e+00
-2.406727059621427856e+00
-2.406727059621427856e+00
-2.406727059621427856e+00
-2.406727059621427856e+00
-2.406727059621427856e+00
-2.406727059621427856e+00
-2.406727059621427856e+00
-2.406727059621427856e+00
-2.406727059621427856e+00
-2.406727059621427856e+00
-2.406727059621427856e+00
-2.406727059621427856e+00
-2.406727059621427856e+00
-2.406727059621427856e+00
-2.406727059621427856e+00
-2.406727059621427856e+00
-2.406727059621427856e+00
-2.406727059621427856e+00
-2.599718693793389601e+00
-2.596565687861542848e+00
-2.596565687861542848e+00
-2.614883118332230083e+00
-2.614883118332230083e+00
-2.614883118332230083e+00
-2.614883118332230083e+00
-2.614883118332230083e+00
-2.614883118332230083e+00
-2.614883118332230083e+00
-2.614883118332230083e+00
-2.614883118332230083e+00
-2.614883118332230083e+00
-2.614883118332230083e+00
-2.614883118332230083e+00
-2.614883118332230083e+00
-2.614883118332230083e+00
-2.614883118332230083e+00
-2.614883118332230083e+00
-2.614883118332230083e+00
-2.614883118332230083e+00
-2.614883118332230083e+00
-2.614883118332230083e+00
-2.614883118332230083e+00
-2.614883118332230083e+00
-2.614883118332230083e+00
-2.614883118332230083e+00
-2.403853044455183330e+00
-2.403853044455183330e+00
-2.403853044455183330e+00
-2.444067375153929689e+00
-2.444067375153929689e+00
-2.444067375153929689e+00
-2.444067375153929689e+00
-2.444067375153929689e+00
-2.444067375153929689e+00
-2.586104445885973657e+00
-2.586104445885973657e+00
-2.586104445885973657e+00
-2.586104445885973657e+00
-2.586104445885973657e+00
-2.586104445885973657e+00
-2.586104445885973657e+00
-2.586104445885973657e+00
-2.586104445885973657e+00
-2.586104445885973657e+00
-2.586104445885973657e+00
-2.586104445885973657e+00
-2.360871143596349864e+00
-2.360871143596349864e+00
-2.360871143596349864e+00
-2.360871143596349864e+00
-2.360871143596349864e+00
-2.360871143596349864e+00
-2.360871143596349864e+00
-2.360871143596349864e+00
-2.360871143596349864e+00
-2.360871143596349864e+00
-2.360871143596349864e+00
-2.360871143596349864e+00
-2.360871143596349864e+00
-2.360871143596349864e+00
-2.360871143596349864e+00
-2.360871143596349864e+00
-2.360871143596349864e+00
-2.360871143596349864e+00
-2.360871143596349864e+00
-2.360871143596349864e+00
-2.473530076429903080e+00
-2.473530076429903080e+00
-2.473530076429903080e+00
-2.473530076429903080e+00
-2.473530076429903080e+00
-2.473530076429903080e+00
-2.473530076429903080e+00
-2.473530076429903080e+00
-2.473530076429903080e+00
-2.473530076429903080e+00
-2.473530076429903080e+00
-2.473530076429903080e+00
-2.473530076429903080e+00
-2.473530076429903080e+00
-2.473530076429903080e+00
-2.473530076429903080e+00
-2.473530076429903080e+00
-2.473530076429903080e+00
-2.473530076429903080e+00
-2.473530076429903080e+00
-2.473530076429903080e+00
-2.473530076429903080e+00
-2.473530076429903080e+00
-2.473530076429903080e+00
-2.473530076429903080e+00
-2.473530076429903080e+00
-2.473530076429903080e+00
-2.473530076429903080e+00
-2.473530076429903080e+00
-2.473530076429903080e+00
-2.473530076429903080e+00
-2.473530076429903080e+00
-2.473530076429903080e+00
-2.473530076429903080e+00
-2.473530076429903080e+00
-2.473530076429903080e+00
-2.473530076429903080e+00
-2.473530076429903080e+00
-2.473530076429903080e+00
-2.473530076429903080e+00
-2.473530076429903080e+00
-2.473530076429903080e+00
-2.499446814192412436e+00
-2.499446814192412436e+00
-2.499446814192412436e+00
-2.499446814192412436e+00
-2.499446814192412436e+00
-2.499446814192412436e+00
-2.499446814192412436e+00
-2.499446814192412436e+00
-2.499446814192412436e+00
-2.499446814192412436e+00
-2.499446814192412436e+00
-2.499446814192412436e+00
-2.499446814192412436e+00
-2.499446814192412436e+00
-2.564383282488208238e+00
-2.564383282488208238e+00
-2.564383282488208238e+00
-2.564383282488208238e+00
-2.564383282488208238e+00
-2.564383282488208238e+00
-2.564383282488208238e+00
-2.564383282488208238e+00
-2.564383282488208238e+00
-2.564383282488208238e+00
-2.564383282488208238e+00
-2.564383282488208238e+00
-2.564383282488208238e+00
-2.564383282488208238e+00
-2.564383282488208238e+00
-2.564383282488208238e+00
-2.564383282488208238e+00
-2.564383282488208238e+00
-2.564383282488208238e+00
-2.564383282488208238e+00
-2.564383282488208238e+00
-2.564383282488208238e+00
-2.564383282488208238e+00
-2.564383282488208238e+00
-2.564383282488208238e+00
-2.564383282488208238e+00
-2.564383282488208238e+00
-2.564383282488208238e+00
-2.564383282488208238e+00
-2.564383282488208238e+00
-2.564383282488208238e+00
-2.564383282488208238e+00
-2.564383282488208238e+00
-2.564383282488208238e+00
-2.564383282488208238e+00
-2.564383282488208238e+00
-2.564383282488208238e+00
-2.564383282488208238e+00
-2.564383282488208238e+00
-2.564383282488208238e+00
-2.564383282488208238e+00
-2.564383282488208238e+00
-2.564383282488208238e+00
-2.564383282488208238e+00
-2.564383282488208238e+00
-2.492663509303251423e+00
-2.492663509303251423e+00
-2.492663509303251423e+00
-2.492663509303251423e+00
-2.492663509303251423e+00
-2.492663509303251423e+00
-2.492663509303251423e+00
-2.492663509303251423e+00
-2.492663509303251423e+00
-2.492663509303251423e+00
-2.492663509303251423e+00
-2.492663509303251423e+00
-2.492663509303251423e+00
-2.492663509303251423e+00
-2.492663509303251423e+00
-2.499265151087686210e+00
-2.499265151087686210e+00
-2.499265151087686210e+00
-2.454482346602197218e+00
-2.454482346602197218e+00
-2.438404819933451595e+00
-2.581524119550365537e+00
-2.581524119550365537e+00
-2.581524119550365537e+00
-2.568917110362882283e+00
-2.568917110362882283e+00
-2.568917110362882283e+00
-2.568917110362882283e+00
-2.568917110362882283e+00
-2.573404667710254667e+00
-2.573404667710254667e+00
-2.573404667710254667e+00
-2.573404667710254667e+00
-2.573404667710254667e+00
-2.552564467800278791e+00
-2.581778265550076945e+00
-2.581778265550076945e+00
-2.581778265550076945e+00
-2.581778265550076945e+00
-2.581778265550076945e+00
-2.581778265550076945e+00
-2.581778265550076945e+00
-2.581778265550076945e+00
-2.374892936837832647e+00
-2.470414451613708540e+00
-2.470414451613708540e+00
-2.470414451613708540e+00
-2.490367533827830826e+00
-2.490367533827830826e+00
-2.490367533827830826e+00
-2.490367533827830826e+00
-2.531537362312039630e+00
-2.531537362312039630e+00
-2.531537362312039630e+00
-2.531537362312039630e+00
-2.531537362312039630e+00
-2.531537362312039630e+00
-2.531537362312039630e+00
-2.531537362312039630e+00
-2.531537362312039630e+00
-2.638853986678113994e+00
-2.638853986678113994e+00
-2.638853986678113994e+00
-2.638853986678113994e+00
-2.638853986678113994e+00
-2.638853986678113994e+00
-2.638853986678113994e+00
-2.475533157188167355e+00
-2.475533157188167355e+00
-2.475533157188167355e+00
-2.475533157188167355e+00
-2.475533157188167355e+00
-2.475533157188167355e+00
-2.475586949525326208e+00
-2.475586949525326208e+00
-2.475586949525326208e+00
-2.559979832651054110e+00
-2.559979832651054110e+00
-2.559979832651054110e+00
-2.559979832651054110e+00
-2.559979832651054110e+00
-2.559979832651054110e+00
-2.559979832651054110e+00
-2.483639160943988511e+00
-2.483639160943988511e+00
-2.488156805530788773e+00
-2.351991077226160964e+00
-2.329363193840187307e+00
-2.329363193840187307e+00
-2.329363193840187307e+00
-2.329363193840187307e+00
-2.329363193840187307e+00
-2.503414910792392423e+00
-2.503414910792392423e+00
-2.503414910792392423e+00
-2.503414910792392423e+00
-2.489740944273385104e+00
-2.489740944273385104e+00
-2.489740944273385104e+00
-2.489740944273385104e+00
-2.489740944273385104e+00
-2.489740944273385104e+00
-2.489740944273385104e+00
-2.539565412765707020e+00
-2.539565412765707020e+00
-2.539565412765707020e+00
-2.539565412765707020e+00
-2.539565412765707020e+00
-2.539565412765707020e+00
-2.539565412765707020e+00
-2.539565412765707020e+00
-2.539565412765707020e+00
-2.539565412765707020e+00
-2.539565412765707020e+00
-2.539565412765707020e+00
-2.539565412765707020e+00
-2.539565412765707020e+00
-2.539565412765707020e+00
-2.539565412765707020e+00
-2.539565412765707020e+00
-2.499140699324598813e+00
-2.499140699324598813e+00
-2.499140699324598813e+00
-2.499140699324598813e+00
-2.499140699324598813e+00
-2.499140699324598813e+00
-2.499140699324598813e+00
-2.499140699324598813e+00
-2.499140699324598813e+00
-2.499140699324598813e+00
-2.499140699324598813e+00
-2.499140699324598813e+00
-2.499140699324598813e+00
-2.499140699324598813e+00
-2.499140699324598813e+00
-2.499140699324598813e+00
-2.490997314453125000e+00
-2.490997314453125000e+00
-2.490997314453125000e+00
-2.490997314453125000e+00
-2.490997314453125000e+00
-2.490997314453125000e+00
-2.424441605635400343e+00
-2.424441605635400343e+00
-2.424441605635400343e+00
-2.424441605635400343e+00
-2.424441605635400343e+00
-2.424441605635400343e+00
-2.424441605635400343e+00
-2.424441605635400343e+00
-2.424441605635400343e+00
-2.424441605635400343e+00
-2.424441605635400343e+00
-2.424441605635400343e+00
-2.424441605635400343e+00
-2.424441605635400343e+00
-2.341080122194600044e+00
-2.341080122194600044e+00
-2.341080122194600044e+00
-2.341080122194600044e+00
-2.341080122194600044e+00
-2.341080122194600044e+00
-2.341080122194600044e+00
-2.341080122194600044e+00
-2.341080122194600044e+00
-2.167495669188052698e+00
-2.167495669188052698e+00
-2.167495669188052698e+00
-2.269399097727088144e+00
-2.269399097727088144e+00
-2.269399097727088144e+00
-2.269399097727088144e+00
-2.269399097727088144e+00
-2.269399097727088144e+00
-2.269399097727088144e+00
-2.269399097727088144e+00
-2.269399097727088144e+00
-2.269399097727088144e+00
-2.269399097727088144e+00
-2.269399097727088144e+00
-2.269399097727088144e+00
-2.269399097727088144e+00
-2.269399097727088144e+00
-2.269399097727088144e+00
-2.269399097727088144e+00
-2.349167207458962903e+00
-2.349167207458962903e+00
-2.349167207458962903e+00
-2.349167207458962903e+00
-2.349167207458962903e+00
-2.349167207458962903e+00
-2.349167207458962903e+00
-2.349167207458962903e+00
-2.349167207458962903e+00
-2.349167207458962903e+00
-2.349167207458962903e+00
-2.349167207458962903e+00
-2.349167207458962903e+00
-2.349167207458962903e+00
-2.349167207458962903e+00
-2.349167207458962903e+00
-2.349167207458962903e+00
-2.349167207458962903e+00
-2.369247476639756655e+00
-2.369247476639756655e+00
-2.369247476639756655e+00
-2.369247476639756655e+00
-2.369247476639756655e+00
-2.369247476639756655e+00
-2.373437124730068071e+00
-2.373437124730068071e+00
-2.373437124730068071e+00
-2.373437124730068071e+00
-2.373437124730068071e+00
-2.350426084908654900e+00
-2.350426084908654900e+00
-2.350426084908654900e+00
-2.394122785637529116e+00
-2.394122785637529116e+00
-2.394122785637529116e+00
-2.394122785637529116e+00
-2.363701623438876798e+00
-2.363701623438876798e+00
-2.363701623438876798e+00
-2.363701623438876798e+00
-2.363701623438876798e+00
-2.363701623438876798e+00
-2.363701623438876798e+00
-2.363701623438876798e+00
-2.363701623438876798e+00
-2.363701623438876798e+00
-2.363701623438876798e+00
-2.319709064855630221e+00
-2.319709064855630221e+00
-2.319709064855630221e+00
-2.275603223257265384e+00
-2.275603223257265384e+00
-2.275603223257265384e+00
-2.275603223257265384e+00
-2.275603223257265384e+00
-2.275603223257265384e+00
-2.248380425783233605e+00
-2.248380425783233605e+00
-2.248380425783233605e+00
-2.248380425783233605e+00
-2.236980781044604516e+00
-2.255383002826405914e+00
-2.255383002826405914e+00
-2.255383002826405914e+00
-2.255383002826405914e+00
-2.255383002826405914e+00
-2.255383002826405914e+00
-2.283634920649045164e+00
-2.283634920649045164e+00
-2.283634920649045164e+00
-2.283634920649045164e+00
-2.283634920649045164e+00
-2.333751144190363114e+00
-2.366923465327596343e+00
-2.366923465327596343e+00
-2.366923465327596343e+00
-2.366923465327596343e+00
-2.389027785160801276e+00
-2.389027785160801276e+00
-2.389027785160801276e+00
-2.389027785160801276e+00
-2.389027785160801276e+00
-2.389027785160801276e+00
-2.389027785160801276e+00
-2.389027785160801276e+00
-2.389027785160801276e+00
-2.389027785160801276e+00
-2.389027785160801276e+00
-2.389027785160801276e+00
-2.389027785160801276e+00
-2.389027785160801276e+00
-2.389027785160801276e+00
-2.389027785160801276e+00
-2.389027785160801276e+00
-2.389027785160801276e+00
-2.389027785160801276e+00
-2.371221609826753340e+00
-2.371221609826753340e+00
-2.371221609826753340e+00
-2.371221609826753340e+00
-2.371221609826753340e+00
-2.371221609826753340e+00
-2.371221609826753340e+00
-2.371221609826753340e+00
-2.371221609826753340e+00
-2.291792209472072628e+00
-2.291792209472072628e+00
-2.302830579403937428e+00
-2.302830579403937428e+00
-2.302830579403937428e+00
-2.302830579403937428e+00
-2.302830579403937428e+00
-2.302830579403937428e+00
-2.302830579403937428e+00
-2.302830579403937428e+00
-2.302830579403937428e+00
-2.302830579403937428e+00
-2.302830579403937428e+00
-2.302830579403937428e+00
-2.375737886811761346e+00
-2.471007534924246407e+00
-2.471007534924246407e+00
-2.471007534924246407e+00
-2.471007534924246407e+00
-2.471007534924246407e+00
-2.471007534924246407e+00
-2.338482134656741707e+00
-2.338482134656741707e+00
-2.338482134656741707e+00
-2.338482134656741707e+00
-2.338482134656741707e+00
-2.436463737123098827e+00
-2.436463737123098827e+00
-2.436463737123098827e+00
-2.436463737123098827e+00
-2.436463737123098827e+00
-2.436463737123098827e+00
-2.436463737123098827e+00
-2.436463737123098827e+00
-2.436463737123098827e+00
-2.436463737123098827e+00
-2.436463737123098827e+00
-2.436463737123098827e+00
-2.436463737123098827e+00
-2.408057964098840653e+00
-2.408057964098840653e+00
-2.408057964098840653e+00
-2.408057964098840653e+00
-2.408057964098840653e+00
-2.408057964098840653e+00
-2.408057964098840653e+00
-2.408057964098840653e+00
-2.338078692128051639e+00
-2.430226105349013732e+00
-2.430226105349013732e+00
-2.430226105349013732e+00
-2.430226105349013732e+00
-2.430226105349013732e+00
-2.430226105349013732e+00
-2.430226105349013732e+00
-2.430226105349013732e+00
-2.430226105349013732e+00
-2.430226105349013732e+00
-2.430226105349013732e+00
-2.430226105349013732e+00
-2.430226105349013732e+00
-2.330754500730087830e+00
-2.330754500730087830e+00
-2.330754500730087830e+00
-2.244341213890061137e+00
-2.244341213890061137e+00
-2.244341213890061137e+00
-2.244341213890061137e+00
-2.244341213890061137e+00
-2.244341213890061137e+00
-2.244341213890061137e+00
-2.244341213890061137e+00
-2.244341213890061137e+00
-2.244341213890061137e+00
-2.244341213890061137e+00
-2.244341213890061137e+00
-2.244341213890061137e+00
-2.244341213890061137e+00
-2.244341213890061137e+00
-2.244341213890061137e+00
-2.244341213890061137e+00
-2.244341213890061137e+00
-2.244341213890061137e+00
-2.244341213890061137e+00
-2.244341213890061137e+00
-2.244341213890061137e+00
-2.244341213890061137e+00
-2.244341213890061137e+00
-2.244341213890061137e+00
-2.244341213890061137e+00
-2.558888942288167101e+00
-2.558888942288167101e+00
-2.558888942288167101e+00
-2.558888942288167101e+00
-2.527814522300122047e+00
-2.527814522300122047e+00
-2.527814522300122047e+00
-2.527814522300122047e+00
-2.198436064200465001e+00
-2.198436064200465001e+00
-2.198436064200465001e+00
-2.078080952281477600e+00
-2.078080952281477600e+00
-2.078080952281477600e+00
-2.078080952281477600e+00
-2.089460538860488548e+00
-2.089460538860488548e+00
-2.089460538860488548e+00
-2.089460538860488548e+00
-2.089460538860488548e+00
-2.089460538860488548e+00
-2.089460538860488548e+00
-2.145412547182626195e+00
-2.145412547182626195e+00
-2.145412547182626195e+00
-2.145412547182626195e+00
-2.145412547182626195e+00
-2.145412547182626195e+00
-2.145412547182626195e+00
-2.359430375108299227e+00
-2.359430375108299227e+00
-2.359430375108299227e+00
-2.359430375108299227e+00
-2.393072239527510803e+00
-2.393072239527510803e+00
-2.393072239527510803e+00
-2.393072239527510803e+00
-2.393072239527510803e+00
-2.393072239527510803e+00
-2.393072239527510803e+00
-2.393072239527510803e+00
-2.393072239527510803e+00
-2.393072239527510803e+00
-2.393072239527510803e+00
-2.397177552173971549e+00
-2.397177552173971549e+00
-2.397177552173971549e+00
-2.397177552173971549e+00
-2.397177552173971549e+00
-2.397177552173971549e+00
-2.397177552173971549e+00
-2.397177552173971549e+00
-2.222842285783523053e+00
-2.222842285783523053e+00
-2.222842285783523053e+00
-2.241251801441550118e+00
-2.241251801441550118e+00
-2.432139608189890723e+00
-2.432139608189890723e+00
-2.432139608189890723e+00
-2.432139608189890723e+00
-2.432139608189890723e+00
-2.406537874706844438e+00
-2.406537874706844438e+00
-2.406537874706844438e+00
-2.406537874706844438e+00
-2.406537874706844438e+00
-2.406537874706844438e+00
-2.406537874706844438e+00
-2.406537874706844438e+00
-2.406537874706844438e+00
-2.406537874706844438e+00
-2.380417820144565599e+00
-2.380417820144565599e+00
-2.380417820144565599e+00
-2.380417820144565599e+00
-2.448347284962524295e+00
-2.386719957136515191e+00
-2.386719957136515191e+00
-2.386719957136515191e+00
-2.386719957136515191e+00
-2.386719957136515191e+00
-2.386719957136515191e+00
-2.386719957136515191e+00
-2.386719957136515191e+00
-2.386719957136515191e+00
-2.386719957136515191e+00
-2.386719957136515191e+00
-2.386719957136515191e+00
-2.386719957136515191e+00
-2.386719957136515191e+00
-2.386719957136515191e+00
-2.386719957136515191e+00
-2.386719957136515191e+00
-2.386719957136515191e+00
-2.386719957136515191e+00
-2.386719957136515191e+00
-2.386719957136515191e+00
-2.386719957136515191e+00
-2.237259315942942806e+00
-2.237259315942942806e+00
-2.237259315942942806e+00
-2.237259315942942806e+00
-2.252426247751735389e+00
-2.252426247751735389e+00
-2.252426247751735389e+00
-2.252426247751735389e+00
-2.252426247751735389e+00
-2.252426247751735389e+00
-2.252426247751735389e+00
-2.252426247751735389e+00
-2.252426247751735389e+00
-2.351785253156439381e+00
-2.351785253156439381e+00
-2.351785253156439381e+00
-2.351785253156439381e+00
-2.351785253156439381e+00
-2.351785253156439381e+00
-2.351785253156439381e+00
-2.351785253156439381e+00
-2.351785253156439381e+00
-2.308250613239937188e+00
-2.308250613239937188e+00
-2.308250613239937188e+00
-2.308250613239937188e+00
-2.308250613239937188e+00
-2.308250613239937188e+00
-2.308250613239937188e+00
-2.308250613239937188e+00
-2.308250613239937188e+00
-2.308250613239937188e+00
-2.308250613239937188e+00
-2.308250613239937188e+00
-2.308250613239937188e+00
-2.308250613239937188e+00
-2.308250613239937188e+00
-2.308250613239937188e+00
-2.308250613239937188e+00
-2.308250613239937188e+00
-2.308250613239937188e+00
-2.308250613239937188e+00
-2.308250613239937188e+00
-2.308250613239937188e+00
-2.308250613239937188e+00
-2.308250613239937188e+00
-2.308250613239937188e+00
-2.437636683593516373e+00
-2.437636683593516373e+00
-2.437636683593516373e+00
-2.437636683593516373e+00
-2.437636683593516373e+00
-2.437636683593516373e+00
-2.437636683593516373e+00
-2.437636683593516373e+00
-2.437636683593516373e+00
-2.437636683593516373e+00
-2.437636683593516373e+00
-2.437636683593516373e+00
-2.437636683593516373e+00
-2.437636683593516373e+00
-2.437636683593516373e+00
-2.437636683593516373e+00
-2.437636683593516373e+00
-2.415101113328514071e+00
-2.415101113328514071e+00
-2.415101113328514071e+00
-2.415101113328514071e+00
-2.415101113328514071e+00
-2.415101113328514071e+00
-2.415101113328514071e+00
-2.415101113328514071e+00
-2.415101113328514071e+00
-2.415101113328514071e+00
-2.415101113328514071e+00
-2.415101113328514071e+00
-2.415101113328514071e+00
-2.415101113328514071e+00
-2.415101113328514071e+00
-2.415101113328514071e+00
-2.415101113328514071e+00
-2.415101113328514071e+00
-2.415101113328514071e+00
-2.415101113328514071e+00
-2.415101113328514071e+00
-2.415101113328514071e+00
-2.415101113328514071e+00
-2.415101113328514071e+00
-2.415101113328514071e+00
-2.415101113328514071e+00
-2.415101113328514071e+00
-2.415101113328514071e+00
-2.415101113328514071e+00
-2.415101113328514071e+00
-2.327578929368669947e+00
-2.327578929368669947e+00
-2.327578929368669947e+00
-2.327578929368669947e+00
-2.327578929368669947e+00
-2.327578929368669947e+00
-2.327578929368669947e+00
-2.327578929368669947e+00
-2.327578929368669947e+00
-2.327578929368669947e+00
-2.189518616714623445e+00
-2.189518616714623445e+00
-2.189518616714623445e+00
-2.189518616714623445e+00
-2.189518616714623445e+00
-2.189518616714623445e+00
-2.189518616714623445e+00
-2.189518616714623445e+00
-2.189518616714623445e+00
-2.189518616714623445e+00
-2.189518616714623445e+00
-2.189518616714623445e+00
-2.136352869110399233e+00
-2.136352869110399233e+00
-2.136352869110399233e+00
-2.272876909084575292e+00
-2.272876909084575292e+00
-2.272876909084575292e+00
-2.272876909084575292e+00
-2.272876909084575292e+00
-2.272876909084575292e+00
-2.272876909084575292e+00
-2.272876909084575292e+00
-2.272876909084575292e+00
-2.188968840794171200e+00
-2.188968840794171200e+00
-2.188968840794171200e+00
-2.188968840794171200e+00
-2.188968840794171200e+00
-2.188968840794171200e+00
-2.188968840794171200e+00
-2.220521237608579224e+00
-2.220521237608579224e+00
-2.220521237608579224e+00
-2.220521237608579224e+00
-2.220521237608579224e+00
-2.220521237608579224e+00
-2.220521237608579224e+00
-2.220521237608579224e+00
-2.220521237608579224e+00
-2.220521237608579224e+00
-2.220521237608579224e+00
-2.222680224971151031e+00
-2.222680224971151031e+00
-2.222680224971151031e+00
-2.222680224971151031e+00
-2.222680224971151031e+00
-2.222680224971151031e+00
-2.222680224971151031e+00
-2.222680224971151031e+00
-2.222680224971151031e+00
-2.222680224971151031e+00
-2.222680224971151031e+00
-2.222680224971151031e+00
-2.222680224971151031e+00
-2.222680224971151031e+00
-2.222680224971151031e+00
-2.222680224971151031e+00
-2.222680224971151031e+00
-2.222680224971151031e+00
-2.222680224971151031e+00
-2.222680224971151031e+00
-2.222680224971151031e+00
-2.222680224971151031e+00
-2.222680224971151031e+00
-2.222680224971151031e+00
-2.222680224971151031e+00
-2.222680224971151031e+00
-2.222680224971151031e+00
-2.228332523178187863e+00
-2.228332523178187863e+00
-2.228332523178187863e+00
-2.228332523178187863e+00
-2.071332065370752762e+00
-2.071332065370752762e+00
-2.071332065370752762e+00
-2.071332065370752762e+00
-2.071332065370752762e+00
-2.071332065370752762e+00
-2.071332065370752762e+00
-2.071332065370752762e+00
-2.071332065370752762e+00
-2.071332065370752762e+00
-2.071332065370752762e+00
-2.071332065370752762e+00
-2.071332065370752762e+00
-2.071332065370752762e+00
-2.071332065370752762e+00
-2.071332065370752762e+00
-2.071332065370752762e+00
-2.071332065370752762e+00
-2.071332065370752762e+00
-2.071332065370752762e+00
-2.071332065370752762e+00
-2.071332065370752762e+00
-2.071332065370752762e+00
-2.071332065370752762e+00
-2.071332065370752762e+00
-2.071332065370752762e+00
-2.071332065370752762e+00
-2.071332065370752762e+00
-2.071332065370752762e+00
-2.071332065370752762e+00
-2.071332065370752762e+00
-2.071332065370752762e+00
-2.071332065370752762e+00
-2.071332065370752762e+00
-2.200838484682043017e+00
-2.200838484682043017e+00
-2.200838484682043017e+00
-2.200838484682043017e+00
-2.200838484682043017e+00
-2.137253206956910567e+00
-2.137253206956910567e+00
-2.137253206956910567e+00
-2.137253206956910567e+00
-2.137253206956910567e+00
-2.137253206956910567e+00
-2.137253206956910567e+00
-2.137253206956910567e+00
-2.137253206956910567e+00
-2.137253206956910567e+00
-2.137253206956910567e+00
-2.137253206956910567e+00
-1.980289902331496155e+00
-1.961331294553913418e+00
-1.961331294553913418e+00
-1.961331294553913418e+00
-1.961331294553913418e+00
-1.973254502845311897e+00
-1.973254502845311897e+00
-1.973254502845311897e+00
-1.973254502845311897e+00
-1.966492623717561505e+00
-1.966178075305362372e+00
-1.966178075305362372e+00
-1.980679440908632571e+00
-1.980679440908632571e+00
-1.980679440908632571e+00
-1.980679440908632571e+00
-2.009880474375037362e+00
-2.009880474375037362e+00
-2.009880474375037362e+00
-2.009880474375037362e+00
-2.009880474375037362e+00
-2.009880474375037362e+00
-2.009880474375037362e+00
-2.009880474375037362e+00
-2.009880474375037362e+00
-2.009880474375037362e+00
-2.009880474375037362e+00
-2.009880474375037362e+00
-2.009880474375037362e+00
-2.009880474375037362e+00
-2.009880474375037362e+00
-2.009880474375037362e+00
-2.009880474375037362e+00
-2.009880474375037362e+00
-2.009880474375037362e+00
-2.009880474375037362e+00
-2.009880474375037362e+00
-2.009880474375037362e+00
-2.009880474375037362e+00
-2.009880474375037362e+00
-2.009880474375037362e+00
-2.009880474375037362e+00
-2.009880474375037362e+00
-1.998621008820105072e+00
-1.998621008820105072e+00
-1.998621008820105072e+00
-2.119320984324351009e+00
-2.119320984324351009e+00
-2.119320984324351009e+00
-2.119320984324351009e+00
-2.119320984324351009e+00
-2.119320984324351009e+00
-2.119320984324351009e+00
-2.119320984324351009e+00
-2.119320984324351009e+00
-2.119320984324351009e+00
-2.119320984324351009e+00
-2.119320984324351009e+00
-2.119320984324351009e+00
-2.119320984324351009e+00
-2.119320984324351009e+00
-2.119320984324351009e+00
-2.119320984324351009e+00
-2.119320984324351009e+00
-2.119320984324351009e+00
-2.119320984324351009e+00
-2.119320984324351009e+00
-2.119320984324351009e+00
-2.119320984324351009e+00
-2.119320984324351009e+00
-2.119320984324351009e+00
-2.002237859693129618e+00
-2.002237859693129618e+00
-2.002237859693129618e+00
-2.002237859693129618e+00
-2.054917652793869731e+00
-2.054917652793869731e+00
-2.054917652793869731e+00
-2.054917652793869731e+00
-2.054917652793869731e+00
-2.084377846799890577e+00
-2.084377846799890577e+00
-2.084377846799890577e+00
-2.084377846799890577e+00
-2.205958101991029707e+00
-2.205958101991029707e+00
-2.205958101991029707e+00
-2.205958101991029707e+00
-2.019973375601248566e+00
-2.019973375601248566e+00
-2.019973375601248566e+00
-2.019973375601248566e+00
-2.019973375601248566e+00
-2.019973375601248566e+00
-2.019973375601248566e+00
-2.032154148896839096e+00
-2.032154148896839096e+00
-2.012741725257888081e+00
-2.012741725257888081e+00
-2.012741725257888081e+00
-2.012741725257888081e+00
-2.012741725257888081e+00
-2.012741725257888081e+00
-2.012741725257888081e+00
-2.001309713943510538e+00
-2.001309713943510538e+00
-2.001309713943510538e+00
-2.001309713943510538e+00
-2.001309713943510538e+00
-2.001309713943510538e+00
-2.001309713943510538e+00
-2.001309713943510538e+00
-2.001309713943510538e+00
-2.001309713943510538e+00
-2.001309713943510538e+00
-2.001309713943510538e+00
-2.001309713943510538e+00
-2.001309713943510538e+00
-2.001309713943510538e+00
-2.001309713943510538e+00
-2.001309713943510538e+00
-1.968236771869841695e+00
-1.968236771869841695e+00
-1.968236771869841695e+00
-1.968236771869841695e+00
-1.968236771869841695e+00
-1.968236771869841695e+00
-1.968236771869841695e+00
-1.968236771869841695e+00
-1.968236771869841695e+00
-1.968236771869841695e+00
-1.968236771869841695e+00
-1.968236771869841695e+00
-1.968236771869841695e+00
-1.963198754801120938e+00
-1.963198754801120938e+00
-1.963198754801120938e+00
-1.963198754801120938e+00
-1.963198754801120938e+00
-1.963198754801120938e+00
-1.963198754801120938e+00
-1.970627567736186192e+00
-1.970627567736186192e+00
-1.970627567736186192e+00
-1.970627567736186192e+00
-1.970627567736186192e+00
-1.970627567736186192e+00
-1.970627567736186192e+00
-1.970627567736186192e+00
-1.970627567736186192e+00
-1.970627567736186192e+00
-1.943138999647209708e+00
-1.943138999647209708e+00
-1.943138999647209708e+00
-1.943138999647209708e+00
-1.943138999647209708e+00
-1.943138999647209708e+00
-1.943138999647209708e+00
-1.943138999647209708e+00
-1.943138999647209708e+00
-1.943138999647209708e+00
-1.930752630215529786e+00
-1.930752630215529786e+00
-1.930752630215529786e+00
-1.930752630215529786e+00
-1.930752630215529786e+00
-1.930752630215529786e+00
-1.930752630215529786e+00
-1.930752630215529786e+00
-1.930752630215529786e+00
-1.930752630215529786e+00
-1.930752630215529786e+00
-1.930752630215529786e+00
-1.930752630215529786e+00
-1.930752630215529786e+00
-1.930752630215529786e+00
-1.930752630215529786e+00
-1.930752630215529786e+00
-1.930752630215529786e+00
-1.930752630215529786e+00
-2.048589075500604650e+00
-2.048589075500604650e+00
-2.048589075500604650e+00
-2.048589075500604650e+00
-2.048589075500604650e+00
-1.911005486037945289e+00
-1.911005486037945289e+00
-1.911005486037945289e+00
-1.911005486037945289e+00
-1.911005486037945289e+00
-1.911005486037945289e+00
-1.911005486037945289e+00
-1.911005486037945289e+00
-1.911005486037945289e+00
-1.911005486037945289e+00
-1.911005486037945289e+00
-1.911005486037945289e+00
-1.911005486037945289e+00
-1.965451422886456356e+00
-1.965451422886456356e+00
-1.965451422886456356e+00
-1.965451422886456356e+00
-1.882720973705926282e+00
-1.882720973705926282e+00
-1.882720973705926282e+00
-1.882720973705926282e+00
-1.882720973705926282e+00
-1.882720973705926282e+00
-1.882720973705926282e+00
-1.882720973705926282e+00
-1.882720973705926282e+00
-1.882720973705926282e+00
-1.882720973705926282e+00
-1.882720973705926282e+00
-1.882720973705926282e+00
-1.820584214212333629e+00
-1.820584214212333629e+00
-1.820584214212333629e+00
-1.820584214212333629e+00
-1.820584214212333629e+00
-1.820584214212333629e+00
-1.820584214212333629e+00
-1.820584214212333629e+00
-1.820584214212333629e+00
-1.820584214212333629e+00
-1.820584214212333629e+00
-1.820584214212333629e+00
-1.820584214212333629e+00
-1.820584214212333629e+00
-1.794480798805192956e+00
-1.794480798805192956e+00
-1.794480798805192956e+00
-1.794480798805192956e+00
-1.794480798805192956e+00
-1.794480798805192956e+00
-1.794480798805192956e+00
-1.794480798805192956e+00
-1.794480798805192956e+00
-1.794480798805192956e+00
-1.794480798805192956e+00
-1.794480798805192956e+00
-1.794480798805192956e+00
-1.794480798805192956e+00
-1.794480798805192956e+00
-1.794480798805192956e+00
-1.939766949494983628e+00
-1.939766949494983628e+00
-1.939766949494983628e+00
-1.939766949494983628e+00
-1.939766949494983628e+00
-1.939766949494983628e+00
-1.960254536076211807e+00
-1.960254536076211807e+00
-1.960254536076211807e+00
-1.960254536076211807e+00
-1.960254536076211807e+00
-1.970028102283951865e+00
-1.970028102283951865e+00
-1.957506568208479125e+00
-1.876525737587398046e+00
-1.876525737587398046e+00
-1.876525737587398046e+00
-1.899546920455436494e+00
-1.899546920455436494e+00
-1.899546920455436494e+00
-1.983036046730172641e+00
-1.983036046730172641e+00
-1.983036046730172641e+00
-1.987623439008373571e+00
-1.987623439008373571e+00
-2.051838041491535591e+00
-2.051838041491535591e+00
-2.051838041491535591e+00
-2.051838041491535591e+00
-1.996146789244438446e+00
-1.996146789244438446e+00
-1.996146789244438446e+00
-1.996146789244438446e+00
-1.996146789244438446e+00
-1.996146789244438446e+00
-1.996146789244438446e+00
-1.996146789244438446e+00
-1.996146789244438446e+00
-1.996146789244438446e+00
-1.996146789244438446e+00
-1.996146789244438446e+00
-1.996146789244438446e+00
-1.996146789244438446e+00
-1.996146789244438446e+00
