# Variable: dg_gbsa_00000477
# Sample shape: (2000,)
# Date: 2014-03-03 06:24:04.752295
-1.303394668758713244e-02
-1.303394668758713244e-02
-3.821843554823166067e-01
-1.989836902508999916e+00
-1.989836902508999916e+00
-1.989836902508999916e+00
-1.989836902508999916e+00
-1.989836902508999916e+00
-1.181128717973172870e+00
-1.181128717973172870e+00
-1.181128717973172870e+00
-1.181128717973172870e+00
-1.381118256548850454e+00
-1.381118256548850454e+00
-1.381118256548850454e+00
-1.381118256548850454e+00
-1.381118256548850454e+00
-1.381118256548850454e+00
-1.381118256548850454e+00
-1.381118256548850454e+00
-1.381118256548850454e+00
-1.381118256548850454e+00
-1.381118256548850454e+00
-1.388908800157944379e+00
-1.388908800157944379e+00
-1.388908800157944379e+00
-1.388908800157944379e+00
-1.388908800157944379e+00
-1.388908800157944379e+00
-1.388908800157944379e+00
-1.867680203162461305e+00
-1.867680203162461305e+00
-1.867680203162461305e+00
-2.066604949776118527e+00
-2.066604949776118527e+00
-2.066604949776118527e+00
-2.066604949776118527e+00
-1.761092510551613088e+00
-1.761092510551613088e+00
-1.761092510551613088e+00
-1.761092510551613088e+00
-1.761092510551613088e+00
-1.761092510551613088e+00
-1.761092510551613088e+00
-1.761092510551613088e+00
-1.755237123478438965e+00
-1.755237123478438965e+00
-1.755237123478438965e+00
-1.755237123478438965e+00
-1.755237123478438965e+00
-1.805692626231031106e+00
-1.805692626231031106e+00
-1.805692626231031106e+00
-1.805692626231031106e+00
-1.805692626231031106e+00
-1.805692626231031106e+00
-1.809784832693650536e+00
-1.809784832693650536e+00
-2.308711039176634561e+00
-2.308711039176634561e+00
-2.308711039176634561e+00
-2.308711039176634561e+00
-2.308711039176634561e+00
-2.308711039176634561e+00
-2.308711039176634561e+00
-2.308711039176634561e+00
-2.308711039176634561e+00
-2.308711039176634561e+00
-2.308711039176634561e+00
-2.308711039176634561e+00
-2.308711039176634561e+00
-2.308711039176634561e+00
-2.308711039176634561e+00
-2.308711039176634561e+00
-2.308711039176634561e+00
-2.308711039176634561e+00
-2.308711039176634561e+00
-2.308711039176634561e+00
-2.308711039176634561e+00
-2.750290511443099550e+00
-2.750290511443099550e+00
-2.750290511443099550e+00
-2.750290511443099550e+00
-2.750290511443099550e+00
-2.541847484289573966e+00
-2.541847484289573966e+00
-2.541847484289573966e+00
-2.541847484289573966e+00
-2.541847484289573966e+00
-2.448470369123819879e+00
-2.448470369123819879e+00
-2.448470369123819879e+00
-2.448470369123819879e+00
-2.448470369123819879e+00
-2.448470369123819879e+00
-2.448470369123819879e+00
-2.448470369123819879e+00
-2.448470369123819879e+00
-2.448470369123819879e+00
-2.448470369123819879e+00
-2.448470369123819879e+00
-2.448470369123819879e+00
-2.448470369123819879e+00
-2.448470369123819879e+00
-2.448470369123819879e+00
-2.448470369123819879e+00
-2.448470369123819879e+00
-2.448470369123819879e+00
-2.448470369123819879e+00
-2.448470369123819879e+00
-2.448470369123819879e+00
-2.448470369123819879e+00
-2.448470369123819879e+00
-2.448470369123819879e+00
-2.448470369123819879e+00
-2.448470369123819879e+00
-2.448470369123819879e+00
-2.448470369123819879e+00
-2.448470369123819879e+00
-2.448470369123819879e+00
-2.448470369123819879e+00
-2.448470369123819879e+00
-2.448470369123819879e+00
-2.448470369123819879e+00
-2.448470369123819879e+00
-2.448470369123819879e+00
-2.608680816271109038e+00
-2.608680816271109038e+00
-2.608680816271109038e+00
-2.608680816271109038e+00
-2.608680816271109038e+00
-2.608680816271109038e+00
-2.608680816271109038e+00
-2.608680816271109038e+00
-2.608680816271109038e+00
-2.608680816271109038e+00
-2.608680816271109038e+00
-2.608680816271109038e+00
-2.608680816271109038e+00
-2.608680816271109038e+00
-2.608680816271109038e+00
-2.608680816271109038e+00
-2.608680816271109038e+00
-2.608680816271109038e+00
-2.608680816271109038e+00
-2.608680816271109038e+00
-2.608680816271109038e+00
-2.608680816271109038e+00
-2.608680816271109038e+00
-2.608680816271109038e+00
-2.608680816271109038e+00
-2.608680816271109038e+00
-2.608680816271109038e+00
-2.608680816271109038e+00
-2.608680816271109038e+00
-2.608680816271109038e+00
-2.302525832137915618e+00
-2.302525832137915618e+00
-2.302525832137915618e+00
-2.302525832137915618e+00
-2.302525832137915618e+00
-2.302525832137915618e+00
-2.302525832137915618e+00
-2.302525832137915618e+00
-2.302525832137915618e+00
-2.302525832137915618e+00
-2.302525832137915618e+00
-2.302525832137915618e+00
-2.302525832137915618e+00
-2.302525832137915618e+00
-2.302525832137915618e+00
-2.302525832137915618e+00
-2.302525832137915618e+00
-2.302525832137915618e+00
-2.302525832137915618e+00
-2.302525832137915618e+00
-2.302525832137915618e+00
-2.302525832137915618e+00
-2.302525832137915618e+00
-2.302525832137915618e+00
-2.302525832137915618e+00
-2.302525832137915618e+00
-2.302525832137915618e+00
-2.302525832137915618e+00
-2.302525832137915618e+00
-2.302525832137915618e+00
-2.399203426295438923e+00
-2.399203426295438923e+00
-2.456864480990524680e+00
-2.456864480990524680e+00
-2.456864480990524680e+00
-2.456864480990524680e+00
-2.456864480990524680e+00
-2.456864480990524680e+00
-2.456864480990524680e+00
-2.456864480990524680e+00
-2.456864480990524680e+00
-2.456864480990524680e+00
-2.456864480990524680e+00
-2.456864480990524680e+00
-2.456864480990524680e+00
-2.458494206459526765e+00
-2.458494206459526765e+00
-2.458494206459526765e+00
-2.458494206459526765e+00
-2.458494206459526765e+00
-2.458494206459526765e+00
-2.458494206459526765e+00
-2.458494206459526765e+00
-2.528602488866043885e+00
-2.528602488866043885e+00
-1.979396174560313471e+00
-1.979396174560313471e+00
-1.979396174560313471e+00
-2.439283048217656624e+00
-2.439283048217656624e+00
-2.439283048217656624e+00
-2.439283048217656624e+00
-2.439283048217656624e+00
-2.439283048217656624e+00
-2.439283048217656624e+00
-2.439283048217656624e+00
-2.439283048217656624e+00
-2.439283048217656624e+00
-2.439283048217656624e+00
-2.466999322005029249e+00
-2.466999322005029249e+00
-2.466999322005029249e+00
-2.466999322005029249e+00
-2.466999322005029249e+00
-2.466999322005029249e+00
-2.638439147467822821e+00
-2.638439147467822821e+00
-2.638439147467822821e+00
-2.638439147467822821e+00
-2.638439147467822821e+00
-2.638439147467822821e+00
-2.638439147467822821e+00
-2.638439147467822821e+00
-2.638439147467822821e+00
-2.638439147467822821e+00
-2.638439147467822821e+00
-2.638439147467822821e+00
-2.638439147467822821e+00
-2.638439147467822821e+00
-2.638439147467822821e+00
-2.638439147467822821e+00
-2.638439147467822821e+00
-2.638439147467822821e+00
-2.638439147467822821e+00
-2.638439147467822821e+00
-2.638439147467822821e+00
-2.212804772429894484e+00
-2.302126492414601877e+00
-2.302126492414601877e+00
-2.302126492414601877e+00
-2.491981076008958684e+00
-2.491981076008958684e+00
-2.491981076008958684e+00
-2.491981076008958684e+00
-2.441439528310275886e+00
-2.441439528310275886e+00
-2.441439528310275886e+00
-2.441439528310275886e+00
-2.441439528310275886e+00
-2.441439528310275886e+00
-2.441439528310275886e+00
-2.438321396224129245e+00
-2.438321396224129245e+00
-2.438321396224129245e+00
-2.438321396224129245e+00
-2.438321396224129245e+00
-2.438321396224129245e+00
-2.438321396224129245e+00
-2.438321396224129245e+00
-2.438321396224129245e+00
-2.438321396224129245e+00
-2.438321396224129245e+00
-2.438321396224129245e+00
-2.438321396224129245e+00
-2.438321396224129245e+00
-2.438321396224129245e+00
-2.438321396224129245e+00
-2.438321396224129245e+00
-2.438321396224129245e+00
-2.438321396224129245e+00
-2.438321396224129245e+00
-2.438321396224129245e+00
-2.438321396224129245e+00
-2.438321396224129245e+00
-2.438321396224129245e+00
-2.438321396224129245e+00
-2.438321396224129245e+00
-2.438321396224129245e+00
-2.438321396224129245e+00
-2.438321396224129245e+00
-2.438321396224129245e+00
-2.438321396224129245e+00
-2.438321396224129245e+00
-2.438321396224129245e+00
-2.438321396224129245e+00
-2.438321396224129245e+00
-2.438321396224129245e+00
-2.438321396224129245e+00
-2.438321396224129245e+00
-2.438321396224129245e+00
-2.438321396224129245e+00
-2.438321396224129245e+00
-2.438321396224129245e+00
-2.438321396224129245e+00
-2.438321396224129245e+00
-2.539332692527406010e+00
-2.393053093102420537e+00
-2.393053093102420537e+00
-2.393053093102420537e+00
-2.393053093102420537e+00
-2.393053093102420537e+00
-2.393053093102420537e+00
-2.393053093102420537e+00
-2.393053093102420537e+00
-2.393053093102420537e+00
-2.393053093102420537e+00
-2.393053093102420537e+00
-2.393053093102420537e+00
-2.393053093102420537e+00
-2.393053093102420537e+00
-2.393053093102420537e+00
-2.393053093102420537e+00
-2.393053093102420537e+00
-2.383127495162117526e+00
-2.383127495162117526e+00
-2.383127495162117526e+00
-2.383127495162117526e+00
-2.383127495162117526e+00
-2.383127495162117526e+00
-2.383127495162117526e+00
-2.383127495162117526e+00
-2.383127495162117526e+00
-2.383127495162117526e+00
-2.570315027328111679e+00
-2.570315027328111679e+00
-2.570315027328111679e+00
-2.570315027328111679e+00
-2.570315027328111679e+00
-2.570315027328111679e+00
-2.570315027328111679e+00
-2.570315027328111679e+00
-3.042231326349378762e+00
-3.042231326349378762e+00
-3.042231326349378762e+00
-3.042231326349378762e+00
-3.042231326349378762e+00
-3.042231326349378762e+00
-3.042231326349378762e+00
-3.042231326349378762e+00
-3.042231326349378762e+00
-3.042231326349378762e+00
-3.042231326349378762e+00
-3.042231326349378762e+00
-3.076688281436723127e+00
-3.076688281436723127e+00
-3.076688281436723127e+00
-3.076688281436723127e+00
-3.076688281436723127e+00
-3.076688281436723127e+00
-2.901749674722295502e+00
-2.901749674722295502e+00
-2.660652875444401211e+00
-2.660652875444401211e+00
-2.660652875444401211e+00
-2.660652875444401211e+00
-2.660652875444401211e+00
-2.660652875444401211e+00
-2.660652875444401211e+00
-2.660652875444401211e+00
-2.660652875444401211e+00
-2.660652875444401211e+00
-2.660652875444401211e+00
-2.660652875444401211e+00
-2.660652875444401211e+00
-2.660652875444401211e+00
-2.660652875444401211e+00
-2.660652875444401211e+00
-2.660652875444401211e+00
-2.660652875444401211e+00
-2.660652875444401211e+00
-2.660652875444401211e+00
-2.660652875444401211e+00
-2.660652875444401211e+00
-2.660652875444401211e+00
-2.660652875444401211e+00
-2.660652875444401211e+00
-2.660652875444401211e+00
-2.660652875444401211e+00
-2.660652875444401211e+00
-2.660652875444401211e+00
-2.660652875444401211e+00
-2.660652875444401211e+00
-2.625187314035331454e+00
-2.726253770277559330e+00
-2.726253770277559330e+00
-2.726253770277559330e+00
-2.726253770277559330e+00
-2.726253770277559330e+00
-2.726253770277559330e+00
-2.726253770277559330e+00
-2.726253770277559330e+00
-2.726253770277559330e+00
-2.726253770277559330e+00
-2.726253770277559330e+00
-2.726253770277559330e+00
-2.726253770277559330e+00
-2.726253770277559330e+00
-2.726253770277559330e+00
-2.626776923185096813e+00
-2.626776923185096813e+00
-2.626776923185096813e+00
-2.626776923185096813e+00
-2.626776923185096813e+00
-2.626776923185096813e+00
-2.626776923185096813e+00
-2.626776923185096813e+00
-2.626776923185096813e+00
-2.626776923185096813e+00
-2.626776923185096813e+00
-2.626776923185096813e+00
-2.626776923185096813e+00
-2.626776923185096813e+00
-2.626776923185096813e+00
-2.626776923185096813e+00
-2.796210248885145244e+00
-2.796210248885145244e+00
-2.796210248885145244e+00
-2.796210248885145244e+00
-2.796210248885145244e+00
-2.796210248885145244e+00
-2.796210248885145244e+00
-2.796210248885145244e+00
-2.796210248885145244e+00
-2.796210248885145244e+00
-2.796210248885145244e+00
-2.796210248885145244e+00
-2.796210248885145244e+00
-2.796210248885145244e+00
-2.796210248885145244e+00
-2.832074010349368454e+00
-2.832074010349368454e+00
-2.832074010349368454e+00
-2.594821539709262659e+00
-2.594821539709262659e+00
-2.594821539709262659e+00
-2.594821539709262659e+00
-2.594821539709262659e+00
-2.594821539709262659e+00
-2.594821539709262659e+00
-2.594821539709262659e+00
-2.594821539709262659e+00
-2.594821539709262659e+00
-2.594821539709262659e+00
-2.767009215418740897e+00
-2.767009215418740897e+00
-2.767009215418740897e+00
-2.767009215418740897e+00
-2.767009215418740897e+00
-2.767009215418740897e+00
-2.767009215418740897e+00
-2.767009215418740897e+00
-2.767009215418740897e+00
-2.767009215418740897e+00
-2.767009215418740897e+00
-2.767009215418740897e+00
-2.767009215418740897e+00
-2.767009215418740897e+00
-2.767009215418740897e+00
-2.767009215418740897e+00
-2.767009215418740897e+00
-2.767009215418740897e+00
-2.767009215418740897e+00
-2.767009215418740897e+00
-2.767009215418740897e+00
-2.767009215418740897e+00
-2.767009215418740897e+00
-2.767009215418740897e+00
-2.767009215418740897e+00
-2.767009215418740897e+00
-2.767009215418740897e+00
-2.767009215418740897e+00
-2.767009215418740897e+00
-2.767009215418740897e+00
-2.731482567796287508e+00
-2.731482567796287508e+00
-2.731482567796287508e+00
-2.731482567796287508e+00
-2.731482567796287508e+00
-2.731482567796287508e+00
-2.731482567796287508e+00
-2.731482567796287508e+00
-2.731482567796287508e+00
-2.731482567796287508e+00
-2.731482567796287508e+00
-2.731482567796287508e+00
-2.731482567796287508e+00
-2.577729252510727154e+00
-2.577729252510727154e+00
-2.577729252510727154e+00
-2.577729252510727154e+00
-2.577729252510727154e+00
-2.577729252510727154e+00
-2.577729252510727154e+00
-2.577729252510727154e+00
-2.577729252510727154e+00
-2.577729252510727154e+00
-2.577729252510727154e+00
-2.577729252510727154e+00
-2.577729252510727154e+00
-2.577729252510727154e+00
-2.720740967453323833e+00
-2.408928214705924997e+00
-2.408928214705924997e+00
-2.292358396614030625e+00
-2.292358396614030625e+00
-2.292358396614030625e+00
-2.547605087834607929e+00
-2.547605087834607929e+00
-2.547605087834607929e+00
-2.547605087834607929e+00
-2.547605087834607929e+00
-2.498385783135320892e+00
-2.498385783135320892e+00
-2.498385783135320892e+00
-2.498385783135320892e+00
-2.920665886844321157e+00
-2.920665886844321157e+00
-2.920665886844321157e+00
-2.736513063055151296e+00
-2.736513063055151296e+00
-2.736513063055151296e+00
-2.736513063055151296e+00
-2.736513063055151296e+00
-2.736513063055151296e+00
-2.736513063055151296e+00
-2.736513063055151296e+00
-2.736513063055151296e+00
-2.928885857416156480e+00
-2.928885857416156480e+00
-2.928885857416156480e+00
-2.928885857416156480e+00
-2.928885857416156480e+00
-2.928885857416156480e+00
-2.928885857416156480e+00
-2.928885857416156480e+00
-2.928885857416156480e+00
-2.928885857416156480e+00
-2.928885857416156480e+00
-2.928885857416156480e+00
-2.928885857416156480e+00
-2.928885857416156480e+00
-2.928885857416156480e+00
-2.928885857416156480e+00
-2.928885857416156480e+00
-2.928885857416156480e+00
-2.928885857416156480e+00
-2.928885857416156480e+00
-2.928885857416156480e+00
-2.928885857416156480e+00
-2.928885857416156480e+00
-2.928885857416156480e+00
-2.928885857416156480e+00
-2.928885857416156480e+00
-2.928885857416156480e+00
-2.928885857416156480e+00
-2.928885857416156480e+00
-2.928885857416156480e+00
-2.928885857416156480e+00
-2.928885857416156480e+00
-2.928885857416156480e+00
-2.928885857416156480e+00
-2.928885857416156480e+00
-2.765008641930428723e+00
-2.765008641930428723e+00
-2.765008641930428723e+00
-2.765008641930428723e+00
-2.765008641930428723e+00
-2.765008641930428723e+00
-2.765008641930428723e+00
-2.765008641930428723e+00
-2.765008641930428723e+00
-2.765008641930428723e+00
-2.765008641930428723e+00
-2.765008641930428723e+00
-2.765008641930428723e+00
-2.765008641930428723e+00
-2.765008641930428723e+00
-2.765008641930428723e+00
-2.765008641930428723e+00
-2.765008641930428723e+00
-2.765008641930428723e+00
-2.765008641930428723e+00
-2.928151911121025464e+00
-2.928151911121025464e+00
-2.928151911121025464e+00
-2.928151911121025464e+00
-2.928151911121025464e+00
-2.928151911121025464e+00
-2.928151911121025464e+00
-2.928151911121025464e+00
-2.928151911121025464e+00
-2.928151911121025464e+00
-2.928151911121025464e+00
-2.928151911121025464e+00
-2.702376354720806617e+00
-2.702376354720806617e+00
-2.702376354720806617e+00
-2.702376354720806617e+00
-2.702376354720806617e+00
-2.702376354720806617e+00
-2.702376354720806617e+00
-2.702376354720806617e+00
-2.702376354720806617e+00
-2.702376354720806617e+00
-2.702376354720806617e+00
-2.702376354720806617e+00
-2.654521460742840677e+00
-2.654521460742840677e+00
-2.654521460742840677e+00
-2.654521460742840677e+00
-2.654521460742840677e+00
-2.654521460742840677e+00
-3.173423998670413582e+00
-3.173423998670413582e+00
-3.173423998670413582e+00
-3.173423998670413582e+00
-3.173423998670413582e+00
-3.173423998670413582e+00
-3.173423998670413582e+00
-3.173423998670413582e+00
-3.173423998670413582e+00
-3.173423998670413582e+00
-3.173423998670413582e+00
-3.173423998670413582e+00
-3.173423998670413582e+00
-3.173423998670413582e+00
-3.173423998670413582e+00
-3.063471777717196254e+00
-3.063471777717196254e+00
-3.063471777717196254e+00
-3.063471777717196254e+00
-3.063471777717196254e+00
-3.063471777717196254e+00
-3.063471777717196254e+00
-3.063471777717196254e+00
-3.063471777717196254e+00
-3.063471777717196254e+00
-3.063471777717196254e+00
-3.063471777717196254e+00
-3.054379277201956899e+00
-3.054379277201956899e+00
-3.054379277201956899e+00
-3.054379277201956899e+00
-3.054379277201956899e+00
-3.054379277201956899e+00
-3.054379277201956899e+00
-3.054379277201956899e+00
-3.054379277201956899e+00
-3.054379277201956899e+00
-3.054379277201956899e+00
-3.054379277201956899e+00
-3.054379277201956899e+00
-3.054379277201956899e+00
-3.054379277201956899e+00
-3.054379277201956899e+00
-3.054379277201956899e+00
-3.054379277201956899e+00
-3.054379277201956899e+00
-3.054379277201956899e+00
-3.054379277201956899e+00
-3.054379277201956899e+00
-3.054379277201956899e+00
-3.054379277201956899e+00
-3.054379277201956899e+00
-3.054379277201956899e+00
-3.054379277201956899e+00
-3.054379277201956899e+00
-3.054379277201956899e+00
-3.054379277201956899e+00
-3.054379277201956899e+00
-3.054379277201956899e+00
-3.054379277201956899e+00
-3.054379277201956899e+00
-3.054379277201956899e+00
-3.054379277201956899e+00
-3.054379277201956899e+00
-3.054379277201956899e+00
-3.054379277201956899e+00
-3.054379277201956899e+00
-3.054379277201956899e+00
-3.054379277201956899e+00
-3.054379277201956899e+00
-3.054379277201956899e+00
-3.054379277201956899e+00
-3.054379277201956899e+00
-3.054379277201956899e+00
-3.054379277201956899e+00
-3.054379277201956899e+00
-3.054379277201956899e+00
-3.054379277201956899e+00
-3.054379277201956899e+00
-3.054379277201956899e+00
-3.054379277201956899e+00
-3.054379277201956899e+00
-3.054379277201956899e+00
-3.054379277201956899e+00
-3.054379277201956899e+00
-3.054379277201956899e+00
-3.054379277201956899e+00
-3.054379277201956899e+00
-3.054379277201956899e+00
-3.054379277201956899e+00
-3.054379277201956899e+00
-3.054379277201956899e+00
-3.054379277201956899e+00
-3.054379277201956899e+00
-3.054379277201956899e+00
-3.054379277201956899e+00
-3.054379277201956899e+00
-3.054379277201956899e+00
-3.054379277201956899e+00
-3.054379277201956899e+00
-3.054379277201956899e+00
-3.054379277201956899e+00
-3.054379277201956899e+00
-3.054379277201956899e+00
-3.054379277201956899e+00
-3.054379277201956899e+00
-3.194267161717605941e+00
-3.194267161717605941e+00
-3.194267161717605941e+00
-3.194267161717605941e+00
-3.194267161717605941e+00
-3.194267161717605941e+00
-3.194267161717605941e+00
-3.194267161717605941e+00
-3.194267161717605941e+00
-3.194267161717605941e+00
-3.194267161717605941e+00
-3.194267161717605941e+00
-3.194267161717605941e+00
-3.194267161717605941e+00
-3.194267161717605941e+00
-3.194267161717605941e+00
-3.194267161717605941e+00
-3.194267161717605941e+00
-3.194267161717605941e+00
-3.194267161717605941e+00
-3.194267161717605941e+00
-3.194267161717605941e+00
-3.194267161717605941e+00
-3.194267161717605941e+00
-3.194267161717605941e+00
-3.194267161717605941e+00
-3.194267161717605941e+00
-3.194267161717605941e+00
-3.194267161717605941e+00
-3.194267161717605941e+00
-3.194267161717605941e+00
-3.194267161717605941e+00
-3.194267161717605941e+00
-3.194267161717605941e+00
-3.194267161717605941e+00
-3.194267161717605941e+00
-3.194267161717605941e+00
-3.194267161717605941e+00
-3.194267161717605941e+00
-3.194267161717605941e+00
-3.194267161717605941e+00
-3.194267161717605941e+00
-3.194267161717605941e+00
-3.194267161717605941e+00
-3.194267161717605941e+00
-3.194267161717605941e+00
-3.194267161717605941e+00
-3.194267161717605941e+00
-3.194267161717605941e+00
-3.078804645210105662e+00
-3.078804645210105662e+00
-3.078804645210105662e+00
-3.078804645210105662e+00
-3.078804645210105662e+00
-3.078804645210105662e+00
-3.078804645210105662e+00
-3.078804645210105662e+00
-3.078804645210105662e+00
-3.078804645210105662e+00
-3.078804645210105662e+00
-3.078804645210105662e+00
-3.078804645210105662e+00
-3.078804645210105662e+00
-3.078804645210105662e+00
-3.078804645210105662e+00
-3.078804645210105662e+00
-3.078804645210105662e+00
-3.078804645210105662e+00
-3.078804645210105662e+00
-3.078804645210105662e+00
-3.078804645210105662e+00
-3.078804645210105662e+00
-3.078804645210105662e+00
-3.078804645210105662e+00
-3.078804645210105662e+00
-3.078804645210105662e+00
-2.917427633734095860e+00
-2.917427633734095860e+00
-2.917427633734095860e+00
-2.998790823022904117e+00
-2.998790823022904117e+00
-2.998790823022904117e+00
-2.998790823022904117e+00
-2.998790823022904117e+00
-2.998790823022904117e+00
-2.998790823022904117e+00
-2.998790823022904117e+00
-2.998790823022904117e+00
-2.998790823022904117e+00
-2.998790823022904117e+00
-2.998790823022904117e+00
-2.998790823022904117e+00
-2.998790823022904117e+00
-2.998790823022904117e+00
-2.998790823022904117e+00
-2.998790823022904117e+00
-2.998790823022904117e+00
-2.998790823022904117e+00
-2.998790823022904117e+00
-2.998790823022904117e+00
-2.998790823022904117e+00
-3.146230148767649837e+00
-3.143837073564985207e+00
-3.143837073564985207e+00
-3.209014011842570735e+00
-3.209014011842570735e+00
-3.209014011842570735e+00
-3.209014011842570735e+00
-3.209014011842570735e+00
-3.209014011842570735e+00
-3.209014011842570735e+00
-3.209014011842570735e+00
-3.209014011842570735e+00
-3.209014011842570735e+00
-3.209014011842570735e+00
-3.209014011842570735e+00
-3.209014011842570735e+00
-3.209014011842570735e+00
-3.209014011842570735e+00
-3.209014011842570735e+00
-3.209014011842570735e+00
-3.209014011842570735e+00
-3.209014011842570735e+00
-3.209014011842570735e+00
-3.209014011842570735e+00
-3.209014011842570735e+00
-3.209014011842570735e+00
-3.209014011842570735e+00
-2.636762239736990754e+00
-2.636762239736990754e+00
-2.636762239736990754e+00
-2.743863238887166656e+00
-2.743863238887166656e+00
-2.743863238887166656e+00
-2.743863238887166656e+00
-2.743863238887166656e+00
-2.743863238887166656e+00
-3.129534238155211590e+00
-3.129534238155211590e+00
-3.129534238155211590e+00
-3.129534238155211590e+00
-3.129534238155211590e+00
-3.129534238155211590e+00
-3.129534238155211590e+00
-3.129534238155211590e+00
-3.129534238155211590e+00
-3.129534238155211590e+00
-3.129534238155211590e+00
-3.129534238155211590e+00
-2.523369360608306966e+00
-2.523369360608306966e+00
-2.523369360608306966e+00
-2.523369360608306966e+00
-2.523369360608306966e+00
-2.523369360608306966e+00
-2.523369360608306966e+00
-2.523369360608306966e+00
-2.523369360608306966e+00
-2.523369360608306966e+00
-2.523369360608306966e+00
-2.523369360608306966e+00
-2.523369360608306966e+00
-2.523369360608306966e+00
-2.523369360608306966e+00
-2.523369360608306966e+00
-2.523369360608306966e+00
-2.523369360608306966e+00
-2.523369360608306966e+00
-2.523369360608306966e+00
-2.822931592368714604e+00
-2.822931592368714604e+00
-2.822931592368714604e+00
-2.822931592368714604e+00
-2.822931592368714604e+00
-2.822931592368714604e+00
-2.822931592368714604e+00
-2.822931592368714604e+00
-2.822931592368714604e+00
-2.822931592368714604e+00
-2.822931592368714604e+00
-2.822931592368714604e+00
-2.822931592368714604e+00
-2.822931592368714604e+00
-2.822931592368714604e+00
-2.822931592368714604e+00
-2.822931592368714604e+00
-2.822931592368714604e+00
-2.822931592368714604e+00
-2.822931592368714604e+00
-2.822931592368714604e+00
-2.822931592368714604e+00
-2.822931592368714604e+00
-2.822931592368714604e+00
-2.822931592368714604e+00
-2.822931592368714604e+00
-2.822931592368714604e+00
-2.822931592368714604e+00
-2.822931592368714604e+00
-2.822931592368714604e+00
-2.822931592368714604e+00
-2.822931592368714604e+00
-2.822931592368714604e+00
-2.822931592368714604e+00
-2.822931592368714604e+00
-2.822931592368714604e+00
-2.822931592368714604e+00
-2.822931592368714604e+00
-2.822931592368714604e+00
-2.822931592368714604e+00
-2.822931592368714604e+00
-2.822931592368714604e+00
-2.914296053563659505e+00
-2.914296053563659505e+00
-2.914296053563659505e+00
-2.914296053563659505e+00
-2.914296053563659505e+00
-2.914296053563659505e+00
-2.914296053563659505e+00
-2.914296053563659505e+00
-2.914296053563659505e+00
-2.914296053563659505e+00
-2.914296053563659505e+00
-2.914296053563659505e+00
-2.914296053563659505e+00
-2.914296053563659505e+00
-3.091850426639243032e+00
-3.091850426639243032e+00
-3.091850426639243032e+00
-3.091850426639243032e+00
-3.091850426639243032e+00
-3.091850426639243032e+00
-3.091850426639243032e+00
-3.091850426639243032e+00
-3.091850426639243032e+00
-3.091850426639243032e+00
-3.091850426639243032e+00
-3.091850426639243032e+00
-3.091850426639243032e+00
-3.091850426639243032e+00
-3.091850426639243032e+00
-3.091850426639243032e+00
-3.091850426639243032e+00
-3.091850426639243032e+00
-3.091850426639243032e+00
-3.091850426639243032e+00
-3.091850426639243032e+00
-3.091850426639243032e+00
-3.091850426639243032e+00
-3.091850426639243032e+00
-3.091850426639243032e+00
-3.091850426639243032e+00
-3.091850426639243032e+00
-3.091850426639243032e+00
-3.091850426639243032e+00
-3.091850426639243032e+00
-3.091850426639243032e+00
-3.091850426639243032e+00
-3.091850426639243032e+00
-3.091850426639243032e+00
-3.091850426639243032e+00
-3.091850426639243032e+00
-3.091850426639243032e+00
-3.091850426639243032e+00
-3.091850426639243032e+00
-3.091850426639243032e+00
-3.091850426639243032e+00
-3.091850426639243032e+00
-3.091850426639243032e+00
-3.091850426639243032e+00
-3.091850426639243032e+00
-2.897274653724684956e+00
-2.897274653724684956e+00
-2.897274653724684956e+00
-2.897274653724684956e+00
-2.897274653724684956e+00
-2.897274653724684956e+00
-2.897274653724684956e+00
-2.897274653724684956e+00
-2.897274653724684956e+00
-2.897274653724684956e+00
-2.897274653724684956e+00
-2.897274653724684956e+00
-2.897274653724684956e+00
-2.897274653724684956e+00
-2.897274653724684956e+00
-2.915198898680123385e+00
-2.915198898680123385e+00
-2.915198898680123385e+00
-2.794096164448083286e+00
-2.794096164448083286e+00
-2.737704928017027139e+00
-3.126483574424145484e+00
-3.126483574424145484e+00
-3.126483574424145484e+00
-3.091784781753219136e+00
-3.091784781753219136e+00
-3.091784781753219136e+00
-3.091784781753219136e+00
-3.091784781753219136e+00
-3.104126704126653369e+00
-3.104126704126653369e+00
-3.104126704126653369e+00
-3.104126704126653369e+00
-3.104126704126653369e+00
-3.046903282005061886e+00
-3.127184014475368201e+00
-3.127184014475368201e+00
-3.127184014475368201e+00
-3.127184014475368201e+00
-3.127184014475368201e+00
-3.127184014475368201e+00
-3.127184014475368201e+00
-3.127184014475368201e+00
-2.568951072474054520e+00
-2.823658472721252810e+00
-2.823658472721252810e+00
-2.823658472721252810e+00
-2.823658472721252810e+00
-2.823658472721252810e+00
-2.823658472721252810e+00
-2.823658472721252810e+00
-2.934695657762924625e+00
-2.934695657762924625e+00
-2.934695657762924625e+00
-2.934695657762924625e+00
-2.934695657762924625e+00
-2.934695657762924625e+00
-2.934695657762924625e+00
-2.934695657762924625e+00
-2.934695657762924625e+00
-3.228488433429433258e+00
-3.228488433429433258e+00
-3.228488433429433258e+00
-3.228488433429433258e+00
-3.228488433429433258e+00
-3.228488433429433258e+00
-3.228488433429433258e+00
-2.783884965666849176e+00
-2.783884965666849176e+00
-2.783884965666849176e+00
-2.783884965666849176e+00
-2.783884965666849176e+00
-2.783884965666849176e+00
-2.784027880054130932e+00
-2.784027880054130932e+00
-2.784027880054130932e+00
-2.784027880054130932e+00
-2.784027880054130932e+00
-2.784027880054130932e+00
-2.784027880054130932e+00
-2.784027880054130932e+00
-2.784027880054130932e+00
-2.784027880054130932e+00
-2.784027880054130932e+00
-2.784027880054130932e+00
-2.799765329743890252e+00
-2.440664326027747855e+00
-2.382096551344453861e+00
-2.382096551344453861e+00
-2.382096551344453861e+00
-2.382096551344453861e+00
-2.382096551344453861e+00
-2.840686710569188200e+00
-2.840686710569188200e+00
-2.840686710569188200e+00
-2.840686710569188200e+00
-2.840686710569188200e+00
-2.840686710569188200e+00
-2.840686710569188200e+00
-2.840686710569188200e+00
-2.840686710569188200e+00
-2.840686710569188200e+00
-2.840686710569188200e+00
-2.975533614878900668e+00
-2.975533614878900668e+00
-2.975533614878900668e+00
-2.975533614878900668e+00
-2.975533614878900668e+00
-2.975533614878900668e+00
-2.975533614878900668e+00
-2.975533614878900668e+00
-2.975533614878900668e+00
-2.975533614878900668e+00
-2.975533614878900668e+00
-2.975533614878900668e+00
-2.975533614878900668e+00
-2.975533614878900668e+00
-2.975533614878900668e+00
-2.975533614878900668e+00
-2.975533614878900668e+00
-2.866020166167337457e+00
-2.866020166167337457e+00
-2.866020166167337457e+00
-2.866020166167337457e+00
-2.866020166167337457e+00
-2.866020166167337457e+00
-2.866020166167337457e+00
-2.866020166167337457e+00
-2.866020166167337457e+00
-2.866020166167337457e+00
-2.866020166167337457e+00
-2.866020166167337457e+00
-2.866020166167337457e+00
-2.866020166167337457e+00
-2.866020166167337457e+00
-2.866020166167337457e+00
-2.844071069137543706e+00
-2.844071069137543706e+00
-2.844071069137543706e+00
-2.844071069137543706e+00
-2.844071069137543706e+00
-2.844071069137543706e+00
-2.666102996519828849e+00
-2.666102996519828849e+00
-2.666102996519828849e+00
-2.666102996519828849e+00
-2.666102996519828849e+00
-2.666102996519828849e+00
-2.666102996519828849e+00
-2.666102996519828849e+00
-2.666102996519828849e+00
-2.666102996519828849e+00
-2.666102996519828849e+00
-2.666102996519828849e+00
-2.666102996519828849e+00
-2.666102996519828849e+00
-2.446938199249325763e+00
-2.446938199249325763e+00
-2.446938199249325763e+00
-2.446938199249325763e+00
-2.446938199249325763e+00
-2.446938199249325763e+00
-2.446938199249325763e+00
-2.446938199249325763e+00
-2.446938199249325763e+00
-2.446938199249325763e+00
-2.446938199249325763e+00
-2.446938199249325763e+00
-2.446938199249325763e+00
-2.446938199249325763e+00
-2.446938199249325763e+00
-2.446938199249325763e+00
-2.446938199249325763e+00
-2.446938199249325763e+00
-2.446938199249325763e+00
-2.446938199249325763e+00
-2.446938199249325763e+00
-2.446938199249325763e+00
-2.446938199249325763e+00
-2.446938199249325763e+00
-2.446938199249325763e+00
-2.446938199249325763e+00
-2.446938199249325763e+00
-2.446938199249325763e+00
-2.446938199249325763e+00
-2.659300773139209539e+00
-2.659300773139209539e+00
-2.659300773139209539e+00
-2.659300773139209539e+00
-2.659300773139209539e+00
-2.659300773139209539e+00
-2.659300773139209539e+00
-2.659300773139209539e+00
-2.659300773139209539e+00
-2.659300773139209539e+00
-2.659300773139209539e+00
-2.659300773139209539e+00
-2.659300773139209539e+00
-2.659300773139209539e+00
-2.659300773139209539e+00
-2.659300773139209539e+00
-2.659300773139209539e+00
-2.659300773139209539e+00
-2.673844990265300758e+00
-2.673844990265300758e+00
-2.673844990265300758e+00
-2.673844990265300758e+00
-2.673844990265300758e+00
-2.673844990265300758e+00
-2.688555143075508802e+00
-2.688555143075508802e+00
-2.688555143075508802e+00
-2.688555143075508802e+00
-2.688555143075508802e+00
-2.654268682344921526e+00
-2.654268682344921526e+00
-2.654268682344921526e+00
-2.700075592639113342e+00
-2.700075592639113342e+00
-2.700075592639113342e+00
-2.700075592639113342e+00
-2.618713770952096898e+00
-2.618713770952096898e+00
-2.618713770952096898e+00
-2.618713770952096898e+00
-2.618713770952096898e+00
-2.618713770952096898e+00
-2.618713770952096898e+00
-2.618713770952096898e+00
-2.618713770952096898e+00
-2.618713770952096898e+00
-2.618713770952096898e+00
-2.587260753201253038e+00
-2.587260753201253038e+00
-2.587260753201253038e+00
-2.432877201423134128e+00
-2.432877201423134128e+00
-2.432877201423134128e+00
-2.432877201423134128e+00
-2.432877201423134128e+00
-2.432877201423134128e+00
-2.432877201423134128e+00
-2.432877201423134128e+00
-2.432877201423134128e+00
-2.432877201423134128e+00
-2.393881175987579102e+00
-2.457055717307796261e+00
-2.457055717307796261e+00
-2.457055717307796261e+00
-2.457055717307796261e+00
-2.457055717307796261e+00
-2.457055717307796261e+00
-2.532128166286256921e+00
-2.532128166286256921e+00
-2.532128166286256921e+00
-2.532128166286256921e+00
-2.532128166286256921e+00
-2.666526041340873565e+00
-2.666526041340873565e+00
-2.666526041340873565e+00
-2.666526041340873565e+00
-2.666526041340873565e+00
-2.744906491120960190e+00
-2.744906491120960190e+00
-2.744906491120960190e+00
-2.744906491120960190e+00
-2.744906491120960190e+00
-2.744906491120960190e+00
-2.744906491120960190e+00
-2.744906491120960190e+00
-2.744906491120960190e+00
-2.744906491120960190e+00
-2.744906491120960190e+00
-2.744906491120960190e+00
-2.744906491120960190e+00
-2.744906491120960190e+00
-2.744906491120960190e+00
-2.744906491120960190e+00
-2.744906491120960190e+00
-2.744906491120960190e+00
-2.744906491120960190e+00
-2.696863779830203089e+00
-2.696863779830203089e+00
-2.696863779830203089e+00
-2.696863779830203089e+00
-2.696863779830203089e+00
-2.696863779830203089e+00
-2.696863779830203089e+00
-2.696863779830203089e+00
-2.696863779830203089e+00
-2.696863779830203089e+00
-2.696863779830203089e+00
-2.737116175445498012e+00
-2.737116175445498012e+00
-2.737116175445498012e+00
-2.737116175445498012e+00
-2.737116175445498012e+00
-2.737116175445498012e+00
-2.737116175445498012e+00
-2.737116175445498012e+00
-2.737116175445498012e+00
-2.737116175445498012e+00
-2.737116175445498012e+00
-2.737116175445498012e+00
-2.938627057048148306e+00
-3.011140039272563573e+00
-3.011140039272563573e+00
-3.011140039272563573e+00
-3.011140039272563573e+00
-3.011140039272563573e+00
-3.011140039272563573e+00
-2.649791609944622373e+00
-2.649791609944622373e+00
-2.649791609944622373e+00
-2.649791609944622373e+00
-2.649791609944622373e+00
-2.915999629529438586e+00
-2.915999629529438586e+00
-2.915999629529438586e+00
-2.915999629529438586e+00
-2.915999629529438586e+00
-2.915999629529438586e+00
-2.915999629529438586e+00
-2.915999629529438586e+00
-2.915999629529438586e+00
-2.915999629529438586e+00
-2.915999629529438586e+00
-2.915999629529438586e+00
-2.915999629529438586e+00
-2.838258305653559077e+00
-2.838258305653559077e+00
-2.838258305653559077e+00
-2.838258305653559077e+00
-2.838258305653559077e+00
-2.838258305653559077e+00
-2.838258305653559077e+00
-2.838258305653559077e+00
-2.838258305653559077e+00
-2.838258305653559077e+00
-2.838258305653559077e+00
-2.838258305653559077e+00
-2.838258305653559077e+00
-2.838258305653559077e+00
-2.838258305653559077e+00
-2.838258305653559077e+00
-2.838258305653559077e+00
-2.838258305653559077e+00
-2.838258305653559077e+00
-2.838258305653559077e+00
-2.838258305653559077e+00
-2.838258305653559077e+00
-2.688537820119474731e+00
-2.688537820119474731e+00
-2.688537820119474731e+00
-2.624927925562083431e+00
-2.624927925562083431e+00
-2.624927925562083431e+00
-2.624927925562083431e+00
-2.624927925562083431e+00
-2.624927925562083431e+00
-2.624927925562083431e+00
-2.624927925562083431e+00
-2.624927925562083431e+00
-2.624927925562083431e+00
-2.624927925562083431e+00
-2.624927925562083431e+00
-2.624927925562083431e+00
-2.624927925562083431e+00
-2.624927925562083431e+00
-2.624927925562083431e+00
-2.624927925562083431e+00
-2.624927925562083431e+00
-2.624927925562083431e+00
-2.624927925562083431e+00
-2.624927925562083431e+00
-2.624927925562083431e+00
-2.624927925562083431e+00
-2.624927925562083431e+00
-2.624927925562083431e+00
-2.624927925562083431e+00
-2.624927925562083431e+00
-2.624927925562083431e+00
-2.624927925562083431e+00
-2.624927925562083431e+00
-2.522443266261376049e+00
-2.522443266261376049e+00
-2.522443266261376049e+00
-2.522443266261376049e+00
-2.522443266261376049e+00
-2.522443266261376049e+00
-2.522443266261376049e+00
-2.434053338964400126e+00
-2.434053338964400126e+00
-2.434053338964400126e+00
-2.434053338964400126e+00
-2.473975002879622132e+00
-2.473975002879622132e+00
-2.473975002879622132e+00
-2.473975002879622132e+00
-2.473975002879622132e+00
-2.473975002879622132e+00
-2.473975002879622132e+00
-2.677110139544105927e+00
-2.677110139544105927e+00
-2.677110139544105927e+00
-2.677110139544105927e+00
-2.677110139544105927e+00
-2.677110139544105927e+00
-2.677110139544105927e+00
-2.677110139544105927e+00
-2.677110139544105927e+00
-2.677110139544105927e+00
-2.677110139544105927e+00
-2.768068423006776246e+00
-2.768068423006776246e+00
-2.768068423006776246e+00
-2.768068423006776246e+00
-2.768068423006776246e+00
-2.768068423006776246e+00
-2.768068423006776246e+00
-2.768068423006776246e+00
-2.768068423006776246e+00
-2.768068423006776246e+00
-2.768068423006776246e+00
-2.782892542632998012e+00
-2.782892542632998012e+00
-2.782892542632998012e+00
-2.782892542632998012e+00
-2.782892542632998012e+00
-2.782892542632998012e+00
-2.782892542632998012e+00
-2.782892542632998012e+00
-2.318449731538673841e+00
-2.318449731538673841e+00
-2.318449731538673841e+00
-2.331082953093840615e+00
-2.331082953093840615e+00
-2.839822386236537266e+00
-2.839822386236537266e+00
-2.839822386236537266e+00
-2.839822386236537266e+00
-2.839822386236537266e+00
-2.748097561969355951e+00
-2.748097561969355951e+00
-2.748097561969355951e+00
-2.748097561969355951e+00
-2.748097561969355951e+00
-2.748097561969355951e+00
-2.748097561969355951e+00
-2.748097561969355951e+00
-2.748097561969355951e+00
-2.748097561969355951e+00
-2.656808090939348332e+00
-2.656808090939348332e+00
-2.656808090939348332e+00
-2.656808090939348332e+00
-2.899083535028461167e+00
-2.678627721666150041e+00
-2.678627721666150041e+00
-2.678627721666150041e+00
-2.678627721666150041e+00
-2.678627721666150041e+00
-2.678627721666150041e+00
-2.678627721666150041e+00
-2.678627721666150041e+00
-2.678627721666150041e+00
-2.678627721666150041e+00
-2.678627721666150041e+00
-2.678627721666150041e+00
-2.678627721666150041e+00
-2.678627721666150041e+00
-2.678627721666150041e+00
-2.678627721666150041e+00
-2.678627721666150041e+00
-2.678627721666150041e+00
-2.678627721666150041e+00
-2.678627721666150041e+00
-2.678627721666150041e+00
-2.678627721666150041e+00
-2.285344422889257210e+00
-2.285344422889257210e+00
-2.285344422889257210e+00
-2.285344422889257210e+00
-2.336490450580078981e+00
-2.336490450580078981e+00
-2.336490450580078981e+00
-2.336490450580078981e+00
-2.336490450580078981e+00
-2.336490450580078981e+00
-2.336490450580078981e+00
-2.336490450580078981e+00
-2.336490450580078981e+00
-2.597956538884178990e+00
-2.597956538884178990e+00
-2.597956538884178990e+00
-2.597956538884178990e+00
-2.597956538884178990e+00
-2.597956538884178990e+00
-2.597956538884178990e+00
-2.597956538884178990e+00
-2.597956538884178990e+00
-2.482613459599861461e+00
-2.482613459599861461e+00
-2.482613459599861461e+00
-2.482613459599861461e+00
-2.482613459599861461e+00
-2.482613459599861461e+00
-2.482613459599861461e+00
-2.482613459599861461e+00
-2.482613459599861461e+00
-2.482613459599861461e+00
-2.482613459599861461e+00
-2.482613459599861461e+00
-2.482613459599861461e+00
-2.482613459599861461e+00
-2.482613459599861461e+00
-2.482613459599861461e+00
-2.482613459599861461e+00
-2.482613459599861461e+00
-2.482613459599861461e+00
-2.482613459599861461e+00
-2.482613459599861461e+00
-2.482613459599861461e+00
-2.482613459599861461e+00
-2.482613459599861461e+00
-2.482613459599861461e+00
-2.828815927013156539e+00
-2.828815927013156539e+00
-2.828815927013156539e+00
-2.828815927013156539e+00
-2.828815927013156539e+00
-2.828815927013156539e+00
-2.828815927013156539e+00
-2.828815927013156539e+00
-2.828815927013156539e+00
-2.828815927013156539e+00
-2.828815927013156539e+00
-2.828815927013156539e+00
-2.828815927013156539e+00
-2.828815927013156539e+00
-2.828815927013156539e+00
-2.828815927013156539e+00
-2.828815927013156539e+00
-2.767791027776597801e+00
-2.767791027776597801e+00
-2.767791027776597801e+00
-2.767791027776597801e+00
-2.767791027776597801e+00
-2.767791027776597801e+00
-2.767791027776597801e+00
-2.767791027776597801e+00
-2.767791027776597801e+00
-2.767791027776597801e+00
-2.767791027776597801e+00
-2.767791027776597801e+00
-2.767791027776597801e+00
-2.767791027776597801e+00
-2.767791027776597801e+00
-2.767791027776597801e+00
-2.767791027776597801e+00
-2.767791027776597801e+00
-2.767791027776597801e+00
-2.767791027776597801e+00
-2.767791027776597801e+00
-2.767791027776597801e+00
-2.767791027776597801e+00
-2.767791027776597801e+00
-2.767791027776597801e+00
-2.767791027776597801e+00
-2.767791027776597801e+00
-2.767791027776597801e+00
-2.767791027776597801e+00
-2.767791027776597801e+00
-2.703654606529221294e+00
-2.703654606529221294e+00
-2.703654606529221294e+00
-2.703654606529221294e+00
-2.703654606529221294e+00
-2.703654606529221294e+00
-2.703654606529221294e+00
-2.703654606529221294e+00
-2.703654606529221294e+00
-2.703654606529221294e+00
-2.688957901803302963e+00
-2.688957901803302963e+00
-2.688957901803302963e+00
-2.688957901803302963e+00
-2.688957901803302963e+00
-2.688957901803302963e+00
-2.688957901803302963e+00
-2.688957901803302963e+00
-2.688957901803302963e+00
-2.688957901803302963e+00
-2.688957901803302963e+00
-2.688957901803302963e+00
-2.541819676386466664e+00
-2.541819676386466664e+00
-2.541819676386466664e+00
-2.491780038545509779e+00
-2.491780038545509779e+00
-2.491780038545509779e+00
-2.491780038545509779e+00
-2.491780038545509779e+00
-2.491780038545509779e+00
-2.491780038545509779e+00
-2.491780038545509779e+00
-2.491780038545509779e+00
-2.271087402139521316e+00
-2.271087402139521316e+00
-2.271087402139521316e+00
-2.271087402139521316e+00
-2.271087402139521316e+00
-2.271087402139521316e+00
-2.271087402139521316e+00
-2.292695966323064827e+00
-2.292695966323064827e+00
-2.292695966323064827e+00
-2.292695966323064827e+00
-2.292695966323064827e+00
-2.292695966323064827e+00
-2.292695966323064827e+00
-2.292695966323064827e+00
-2.292695966323064827e+00
-2.292695966323064827e+00
-2.292695966323064827e+00
-2.300019018052868791e+00
-2.300019018052868791e+00
-2.300019018052868791e+00
-2.300019018052868791e+00
-2.300019018052868791e+00
-2.300019018052868791e+00
-2.300019018052868791e+00
-2.300019018052868791e+00
-2.300019018052868791e+00
-2.300019018052868791e+00
-2.300019018052868791e+00
-2.300019018052868791e+00
-2.300019018052868791e+00
-2.300019018052868791e+00
-2.300019018052868791e+00
-2.300019018052868791e+00
-2.300019018052868791e+00
-2.300019018052868791e+00
-2.300019018052868791e+00
-2.300019018052868791e+00
-2.300019018052868791e+00
-2.300019018052868791e+00
-2.300019018052868791e+00
-2.300019018052868791e+00
-2.300019018052868791e+00
-2.300019018052868791e+00
-2.300019018052868791e+00
-2.319270748481239597e+00
-2.319270748481239597e+00
-2.319270748481239597e+00
-2.319270748481239597e+00
-2.319270748481239597e+00
-2.319270748481239597e+00
-2.319270748481239597e+00
-2.319270748481239597e+00
-2.319270748481239597e+00
-2.319270748481239597e+00
-2.319270748481239597e+00
-2.319270748481239597e+00
-2.319270748481239597e+00
-2.319270748481239597e+00
-2.319270748481239597e+00
-2.319270748481239597e+00
-2.319270748481239597e+00
-2.319270748481239597e+00
-2.319270748481239597e+00
-2.319270748481239597e+00
-2.319270748481239597e+00
-2.319270748481239597e+00
-2.319270748481239597e+00
-2.319270748481239597e+00
-2.319270748481239597e+00
-2.319270748481239597e+00
-2.319270748481239597e+00
-2.319270748481239597e+00
-2.319270748481239597e+00
-2.319270748481239597e+00
-2.319270748481239597e+00
-2.319270748481239597e+00
-2.319270748481239597e+00
-2.319270748481239597e+00
-2.319270748481239597e+00
-2.319270748481239597e+00
-2.319270748481239597e+00
-2.319270748481239597e+00
-2.411517996633029792e+00
-2.411517996633029792e+00
-2.411517996633029792e+00
-2.411517996633029792e+00
-2.411517996633029792e+00
-2.243918852869912772e+00
-2.243918852869912772e+00
-2.243918852869912772e+00
-2.243918852869912772e+00
-2.243918852869912772e+00
-2.243918852869912772e+00
-2.243918852869912772e+00
-2.243918852869912772e+00
-2.243918852869912772e+00
-2.243918852869912772e+00
-2.243918852869912772e+00
-2.243918852869912772e+00
-2.243918852869912772e+00
-2.192896137274018109e+00
-2.192896137274018109e+00
-2.192896137274018109e+00
-2.192896137274018109e+00
-2.201409686363905660e+00
-2.201409686363905660e+00
-2.201409686363905660e+00
-2.201409686363905660e+00
-2.177493977956972415e+00
-2.176385764638050890e+00
-2.176385764638050890e+00
-2.215221780663922502e+00
-2.215221780663922502e+00
-2.215221780663922502e+00
-2.215221780663922502e+00
-2.320221459660429808e+00
-2.320221459660429808e+00
-2.320221459660429808e+00
-2.320221459660429808e+00
-2.320221459660429808e+00
-2.320221459660429808e+00
-2.320221459660429808e+00
-2.320221459660429808e+00
-2.320221459660429808e+00
-2.320221459660429808e+00
-2.320221459660429808e+00
-2.320221459660429808e+00
-2.320221459660429808e+00
-2.320221459660429808e+00
-2.320221459660429808e+00
-2.320221459660429808e+00
-2.320221459660429808e+00
-2.320221459660429808e+00
-2.320221459660429808e+00
-2.320221459660429808e+00
-2.320221459660429808e+00
-2.320221459660429808e+00
-2.320221459660429808e+00
-2.320221459660429808e+00
-2.320221459660429808e+00
-2.320221459660429808e+00
-2.320221459660429808e+00
-2.289653508202751375e+00
-2.289653508202751375e+00
-2.289653508202751375e+00
-2.289653508202751375e+00
-2.289653508202751375e+00
-2.289653508202751375e+00
-2.289653508202751375e+00
-2.289653508202751375e+00
-2.289653508202751375e+00
-2.289653508202751375e+00
-2.289653508202751375e+00
-2.289653508202751375e+00
-2.289653508202751375e+00
-2.289653508202751375e+00
-2.289653508202751375e+00
-2.289653508202751375e+00
-2.289653508202751375e+00
-2.289653508202751375e+00
-2.289653508202751375e+00
-2.289653508202751375e+00
-2.289653508202751375e+00
-2.289653508202751375e+00
-2.289653508202751375e+00
-2.289653508202751375e+00
-2.289653508202751375e+00
-2.289653508202751375e+00
-2.289653508202751375e+00
-2.289653508202751375e+00
-1.984713866195532805e+00
-1.984713866195532805e+00
-1.984713866195532805e+00
-1.984713866195532805e+00
-2.120689953718312815e+00
-2.120689953718312815e+00
-2.120689953718312815e+00
-2.120689953718312815e+00
-2.120689953718312815e+00
-2.197614819324267277e+00
-2.197614819324267277e+00
-2.197614819324267277e+00
-2.197614819324267277e+00
-2.281006617938127423e+00
-2.281006617938127423e+00
-2.281006617938127423e+00
-2.281006617938127423e+00
-2.281006617938127423e+00
-2.281006617938127423e+00
-2.281006617938127423e+00
-2.281006617938127423e+00
-2.281006617938127423e+00
-2.281006617938127423e+00
-2.281006617938127423e+00
-2.325647191837230565e+00
-2.325647191837230565e+00
-2.273215390528137370e+00
-2.273215390528137370e+00
-2.273215390528137370e+00
-2.273215390528137370e+00
-2.273215390528137370e+00
-2.273215390528137370e+00
-2.273215390528137370e+00
-2.231513792880406299e+00
-2.231513792880406299e+00
-2.231513792880406299e+00
-2.231513792880406299e+00
-2.231513792880406299e+00
-2.231513792880406299e+00
-2.231513792880406299e+00
-2.231513792880406299e+00
-2.231513792880406299e+00
-2.231513792880406299e+00
-2.231513792880406299e+00
-2.231513792880406299e+00
-2.231513792880406299e+00
-2.231513792880406299e+00
-2.231513792880406299e+00
-2.231513792880406299e+00
-2.231513792880406299e+00
-2.231513792880406299e+00
-2.231513792880406299e+00
-2.231513792880406299e+00
-2.231513792880406299e+00
-2.231513792880406299e+00
-2.231513792880406299e+00
-2.231513792880406299e+00
-2.231513792880406299e+00
-2.231513792880406299e+00
-2.231513792880406299e+00
-2.231513792880406299e+00
-2.231513792880406299e+00
-2.231513792880406299e+00
-2.217928492544257946e+00
-2.217928492544257946e+00
-2.217928492544257946e+00
-2.217928492544257946e+00
-2.217928492544257946e+00
-2.217928492544257946e+00
-2.217928492544257946e+00
-2.245128040787822687e+00
-2.245128040787822687e+00
-2.245128040787822687e+00
-2.245128040787822687e+00
-2.245128040787822687e+00
-2.245128040787822687e+00
-2.245128040787822687e+00
-2.245128040787822687e+00
-2.245128040787822687e+00
-2.245128040787822687e+00
-2.171061918794766843e+00
-2.171061918794766843e+00
-2.171061918794766843e+00
-2.171061918794766843e+00
-2.171061918794766843e+00
-2.171061918794766843e+00
-2.171061918794766843e+00
-2.171061918794766843e+00
-2.171061918794766843e+00
-2.171061918794766843e+00
-2.137864524958010382e+00
-2.137864524958010382e+00
-2.137864524958010382e+00
-2.137864524958010382e+00
-2.137864524958010382e+00
-2.137864524958010382e+00
-2.137864524958010382e+00
-2.137864524958010382e+00
-2.137864524958010382e+00
-2.137864524958010382e+00
-2.137864524958010382e+00
-2.137864524958010382e+00
-2.137864524958010382e+00
-2.137864524958010382e+00
-2.137864524958010382e+00
-2.137864524958010382e+00
-2.137864524958010382e+00
-2.137864524958010382e+00
-2.137864524958010382e+00
-2.458025346978444325e+00
-2.458025346978444325e+00
-2.458025346978444325e+00
-2.458025346978444325e+00
-2.458025346978444325e+00
-2.085170144104820711e+00
-2.085170144104820711e+00
-2.085170144104820711e+00
-2.085170144104820711e+00
-2.085170144104820711e+00
-2.085170144104820711e+00
-2.085170144104820711e+00
-2.085170144104820711e+00
-2.085170144104820711e+00
-2.085170144104820711e+00
-2.085170144104820711e+00
-2.085170144104820711e+00
-2.085170144104820711e+00
-2.231141121392040017e+00
-2.231141121392040017e+00
-2.231141121392040017e+00
-2.231141121392040017e+00
-2.010199809393508730e+00
-2.010199809393508730e+00
-2.010199809393508730e+00
-2.010199809393508730e+00
-2.010199809393508730e+00
-2.010199809393508730e+00
-2.010199809393508730e+00
-2.010199809393508730e+00
-2.010199809393508730e+00
-2.010199809393508730e+00
-2.010199809393508730e+00
-2.010199809393508730e+00
-2.010199809393508730e+00
-1.795807600477229427e+00
-1.795807600477229427e+00
-1.795807600477229427e+00
-1.795807600477229427e+00
-1.795807600477229427e+00
-1.795807600477229427e+00
-1.795807600477229427e+00
-1.795807600477229427e+00
-1.795807600477229427e+00
-1.795807600477229427e+00
-1.795807600477229427e+00
-1.795807600477229427e+00
-1.795807600477229427e+00
-1.795807600477229427e+00
-1.729379306559808649e+00
-1.729379306559808649e+00
-1.729379306559808649e+00
-1.729379306559808649e+00
-1.729379306559808649e+00
-1.729379306559808649e+00
-1.729379306559808649e+00
-1.729379306559808649e+00
-1.729379306559808649e+00
-1.729379306559808649e+00
-1.729379306559808649e+00
-1.729379306559808649e+00
-1.729379306559808649e+00
-1.729379306559808649e+00
-1.729379306559808649e+00
-1.729379306559808649e+00
-1.729379306559808649e+00
-1.729379306559808649e+00
-1.729379306559808649e+00
-1.729379306559808649e+00
-1.729379306559808649e+00
-1.729379306559808649e+00
-1.795283695024012527e+00
-1.795283695024012527e+00
-1.795283695024012527e+00
-1.795283695024012527e+00
-1.795283695024012527e+00
-1.801460582485162387e+00
-1.801460582485162387e+00
-1.770471751575944053e+00
-1.719477413717237058e+00
-1.719477413717237058e+00
-1.719477413717237058e+00
-1.719477413717237058e+00
-1.719477413717237058e+00
-1.719477413717237058e+00
-1.928720373952365952e+00
-1.928720373952365952e+00
-1.928720373952365952e+00
-1.940377583695187313e+00
-1.940377583695187313e+00
-2.105235597599532493e+00
-2.105235597599532493e+00
-2.105235597599532493e+00
-2.105235597599532493e+00
-1.962082107937814568e+00
-1.962082107937814568e+00
-1.962082107937814568e+00
-1.962082107937814568e+00
-1.962082107937814568e+00
-1.962082107937814568e+00
-1.962082107937814568e+00
-1.962082107937814568e+00
-1.962082107937814568e+00
-1.962082107937814568e+00
-1.962082107937814568e+00
-1.962082107937814568e+00
-1.962082107937814568e+00
-1.962082107937814568e+00
-1.962082107937814568e+00
