# Variable: dg_gbsa_00000039
# Sample shape: (2000,)
# Date: 2014-03-03 06:24:06.798098
-1.159419976958353082e+00
-1.159419976958353082e+00
-1.159419976958353082e+00
-9.399793799930958871e-01
-9.399793799930958871e-01
-9.399793799930958871e-01
-9.399793799930958871e-01
-9.399793799930958871e-01
-9.399793799930958871e-01
-9.399793799930958871e-01
-9.399793799930958871e-01
-9.399793799930958871e-01
-8.202782666478056761e-01
-8.202782666478056761e-01
-8.202782666478056761e-01
-8.202782666478056761e-01
-8.202782666478056761e-01
-8.202782666478056761e-01
-8.202782666478056761e-01
-8.202782666478056761e-01
-8.202782666478056761e-01
-8.202782666478056761e-01
-8.202782666478056761e-01
-8.159710048033675944e-01
-8.159710048033675944e-01
-8.159710048033675944e-01
-8.159710048033675944e-01
-8.159710048033675944e-01
-8.159710048033675944e-01
-8.159710048033675944e-01
-8.159710048033675944e-01
-7.979668121264951175e-01
-7.979668121264951175e-01
-9.513948661191513612e-01
-9.513948661191513612e-01
-9.513948661191513612e-01
-9.513948661191513612e-01
-9.513948661191513612e-01
-9.513948661191513612e-01
-8.508649656467182076e-01
-8.508649656467182076e-01
-8.508649656467182076e-01
-8.508649656467182076e-01
-8.508649656467182076e-01
-8.508649656467182076e-01
-8.538169341151162772e-01
-8.538169341151162772e-01
-8.538169341151162772e-01
-8.538169341151162772e-01
-8.538169341151162772e-01
-8.538169341151162772e-01
-8.538169341151162772e-01
-8.538169341151162772e-01
-8.538169341151162772e-01
-8.538169341151162772e-01
-8.538169341151162772e-01
-8.517794353784156058e-01
-8.517794353784156058e-01
-6.383894506421644577e-01
-6.383894506421644577e-01
-6.383894506421644577e-01
-6.383894506421644577e-01
-6.383894506421644577e-01
-6.383894506421644577e-01
-6.383894506421644577e-01
-6.383894506421644577e-01
-6.383894506421644577e-01
-6.383894506421644577e-01
-6.383894506421644577e-01
-6.383894506421644577e-01
-6.383894506421644577e-01
-5.760481207138264947e-01
-5.760481207138264947e-01
-5.760481207138264947e-01
-5.760481207138264947e-01
-5.760481207138264947e-01
-5.760481207138264947e-01
-5.760481207138264947e-01
-5.760481207138264947e-01
-8.449944779704222642e-01
-8.449944779704222642e-01
-8.449944779704222642e-01
-8.449944779704222642e-01
-8.449944779704222642e-01
-8.449944779704222642e-01
-8.449944779704222642e-01
-8.449944779704222642e-01
-8.449944779704222642e-01
-8.449944779704222642e-01
-7.827651204388181849e-01
-7.827651204388181849e-01
-7.827651204388181849e-01
-7.827651204388181849e-01
-7.827651204388181849e-01
-7.827651204388181849e-01
-7.827651204388181849e-01
-7.827651204388181849e-01
-7.827651204388181849e-01
-7.827651204388181849e-01
-7.827651204388181849e-01
-7.827651204388181849e-01
-7.827651204388181849e-01
-7.827651204388181849e-01
-7.827651204388181849e-01
-7.827651204388181849e-01
-7.827651204388181849e-01
-7.827651204388181849e-01
-7.827651204388181849e-01
-7.827651204388181849e-01
-7.827651204388181849e-01
-7.827651204388181849e-01
-7.827651204388181849e-01
-7.827651204388181849e-01
-7.827651204388181849e-01
-7.827651204388181849e-01
-7.827651204388181849e-01
-7.827651204388181849e-01
-7.827651204388181849e-01
-7.827651204388181849e-01
-7.827651204388181849e-01
-7.827651204388181849e-01
-7.827651204388181849e-01
-7.827651204388181849e-01
-7.827651204388181849e-01
-7.827651204388181849e-01
-7.827651204388181849e-01
-7.827651204388181849e-01
-7.827651204388181849e-01
-7.827651204388181849e-01
-7.827651204388181849e-01
-7.827651204388181849e-01
-7.827651204388181849e-01
-7.827651204388181849e-01
-7.827651204388181849e-01
-7.827651204388181849e-01
-7.827651204388181849e-01
-7.827651204388181849e-01
-7.827651204388181849e-01
-7.827651204388181849e-01
-7.781887829417707403e-01
-7.781887829417707403e-01
-7.781887829417707403e-01
-7.781887829417707403e-01
-7.781887829417707403e-01
-7.781887829417707403e-01
-7.781887829417707403e-01
-7.781887829417707403e-01
-7.781887829417707403e-01
-7.781887829417707403e-01
-7.781887829417707403e-01
-7.781887829417707403e-01
-7.781887829417707403e-01
-7.781887829417707403e-01
-7.781887829417707403e-01
-7.781887829417707403e-01
-7.781887829417707403e-01
-7.781887829417707403e-01
-7.781887829417707403e-01
-7.781887829417707403e-01
-7.781887829417707403e-01
-7.781887829417707403e-01
-7.781887829417707403e-01
-7.781887829417707403e-01
-7.781887829417707403e-01
-7.781887829417707403e-01
-7.781887829417707403e-01
-7.781887829417707403e-01
-7.781887829417707403e-01
-7.781887829417707403e-01
-7.781887829417707403e-01
-7.781887829417707403e-01
-7.781887829417707403e-01
-7.781887829417707403e-01
-7.833669222107808583e-01
-7.833669222107808583e-01
-7.833669222107808583e-01
-7.833669222107808583e-01
-7.833669222107808583e-01
-7.833669222107808583e-01
-7.833669222107808583e-01
-7.833669222107808583e-01
-7.833669222107808583e-01
-7.833669222107808583e-01
-7.833669222107808583e-01
-7.833669222107808583e-01
-7.833669222107808583e-01
-7.833669222107808583e-01
-7.833669222107808583e-01
-7.833669222107808583e-01
-7.833669222107808583e-01
-7.833669222107808583e-01
-7.833669222107808583e-01
-7.833669222107808583e-01
-7.833669222107808583e-01
-7.833669222107808583e-01
-7.833669222107808583e-01
-7.833669222107808583e-01
-7.833669222107808583e-01
-7.833669222107808583e-01
-7.833669222107808583e-01
-7.833669222107808583e-01
-7.827296197756298257e-01
-7.827296197756298257e-01
-7.827296197756298257e-01
-7.827296197756298257e-01
-7.827296197756298257e-01
-7.827296197756298257e-01
-7.827296197756298257e-01
-7.827296197756298257e-01
-8.292084784170409284e-01
-8.292084784170409284e-01
-8.292084784170409284e-01
-8.292084784170409284e-01
-8.292084784170409284e-01
-8.292084784170409284e-01
-8.292084784170409284e-01
-8.292084784170409284e-01
-8.292084784170409284e-01
-8.292084784170409284e-01
-8.292084784170409284e-01
-8.292084784170409284e-01
-8.292084784170409284e-01
-8.292084784170409284e-01
-8.292084784170409284e-01
-8.292084784170409284e-01
-8.292084784170409284e-01
-8.292084784170409284e-01
-8.292084784170409284e-01
-8.292084784170409284e-01
-8.292084784170409284e-01
-8.292084784170409284e-01
-7.636339669017900844e-01
-7.636339669017900844e-01
-7.636339669017900844e-01
-7.636339669017900844e-01
-7.636339669017900844e-01
-7.636339669017900844e-01
-7.636339669017900844e-01
-7.636339669017900844e-01
-7.636339669017900844e-01
-7.636339669017900844e-01
-7.636339669017900844e-01
-7.636339669017900844e-01
-7.636339669017900844e-01
-7.636339669017900844e-01
-7.636339669017900844e-01
-7.636339669017900844e-01
-7.636339669017900844e-01
-7.636339669017900844e-01
-7.636339669017900844e-01
-7.636339669017900844e-01
-7.636339669017900844e-01
-7.636339669017900844e-01
-7.636339669017900844e-01
-7.636339669017900844e-01
-7.636339669017900844e-01
-7.636339669017900844e-01
-7.636339669017900844e-01
-7.636339669017900844e-01
-7.636339669017900844e-01
-7.828210211620731940e-01
-7.828210211620731940e-01
-7.828210211620731940e-01
-7.828210211620731940e-01
-7.828210211620731940e-01
-7.828210211620731940e-01
-7.828210211620731940e-01
-7.828210211620731940e-01
-7.828210211620731940e-01
-7.828210211620731940e-01
-7.828210211620731940e-01
-7.828210211620731940e-01
-7.828210211620731940e-01
-7.828210211620731940e-01
-7.828210211620731940e-01
-7.828210211620731940e-01
-7.828210211620731940e-01
-7.828210211620731940e-01
-7.828210211620731940e-01
-7.828210211620731940e-01
-7.828210211620731940e-01
-7.828210211620731940e-01
-7.828210211620731940e-01
-7.828210211620731940e-01
-7.828210211620731940e-01
-7.828210211620731940e-01
-7.828210211620731940e-01
-7.828210211620731940e-01
-7.828210211620731940e-01
-7.828210211620731940e-01
-7.828210211620731940e-01
-7.828210211620731940e-01
-7.828210211620731940e-01
-7.828210211620731940e-01
-7.828210211620731940e-01
-7.828210211620731940e-01
-7.828210211620731940e-01
-7.828210211620731940e-01
-7.828210211620731940e-01
-7.828210211620731940e-01
-7.828210211620731940e-01
-7.828210211620731940e-01
-7.828210211620731940e-01
-7.828210211620731940e-01
-7.828210211620731940e-01
-7.828210211620731940e-01
-7.828210211620731940e-01
-7.828210211620731940e-01
-7.828210211620731940e-01
-7.828210211620731940e-01
-7.828210211620731940e-01
-8.507307697208615904e-01
-8.507307697208615904e-01
-8.507307697208615904e-01
-8.507307697208615904e-01
-8.507307697208615904e-01
-8.507307697208615904e-01
-8.507307697208615904e-01
-8.507307697208615904e-01
-8.507307697208615904e-01
-8.507307697208615904e-01
-8.507307697208615904e-01
-8.507307697208615904e-01
-8.507307697208615904e-01
-8.507307697208615904e-01
-8.507307697208615904e-01
-8.507307697208615904e-01
-8.507307697208615904e-01
-8.507307697208615904e-01
-8.507307697208615904e-01
-8.507307697208615904e-01
-8.507307697208615904e-01
-8.507307697208615904e-01
-8.507307697208615904e-01
-8.507307697208615904e-01
-7.247689463212430017e-01
-7.247689463212430017e-01
-7.247689463212430017e-01
-7.247689463212430017e-01
-8.491731852463964003e-01
-8.491731852463964003e-01
-8.491731852463964003e-01
-8.679105264506877804e-01
-8.679105264506877804e-01
-8.679105264506877804e-01
-8.679105264506877804e-01
-8.679105264506877804e-01
-7.035137932341595235e-01
-7.035137932341595235e-01
-7.035137932341595235e-01
-7.035137932341595235e-01
-7.035137932341595235e-01
-7.035137932341595235e-01
-7.035137932341595235e-01
-7.035137932341595235e-01
-7.035137932341595235e-01
-7.035137932341595235e-01
-7.035137932341595235e-01
-7.035137932341595235e-01
-7.229772170232768858e-01
-7.229772170232768858e-01
-7.229772170232768858e-01
-7.229772170232768858e-01
-7.229772170232768858e-01
-7.229772170232768858e-01
-7.792608117966076664e-01
-7.792608117966076664e-01
-7.792608117966076664e-01
-7.792608117966076664e-01
-7.792608117966076664e-01
-7.792608117966076664e-01
-7.792608117966076664e-01
-7.792608117966076664e-01
-7.792608117966076664e-01
-7.792608117966076664e-01
-7.792608117966076664e-01
-7.792608117966076664e-01
-7.792608117966076664e-01
-7.792608117966076664e-01
-7.792608117966076664e-01
-7.792608117966076664e-01
-7.792608117966076664e-01
-7.792608117966076664e-01
-7.792608117966076664e-01
-7.792608117966076664e-01
-7.792608117966076664e-01
-7.792608117966076664e-01
-7.792608117966076664e-01
-7.553555883367476520e-01
-7.553555883367476520e-01
-7.553555883367476520e-01
-7.553555883367476520e-01
-7.553555883367476520e-01
-7.553555883367476520e-01
-7.553555883367476520e-01
-7.553555883367476520e-01
-7.553555883367476520e-01
-7.553555883367476520e-01
-7.677917612670256409e-01
-8.334587568534719271e-01
-8.334587568534719271e-01
-8.334587568534719271e-01
-8.334587568534719271e-01
-8.334587568534719271e-01
-8.334587568534719271e-01
-8.334587568534719271e-01
-8.334587568534719271e-01
-8.334587568534719271e-01
-8.334587568534719271e-01
-8.334587568534719271e-01
-8.334587568534719271e-01
-8.334587568534719271e-01
-8.334587568534719271e-01
-8.334587568534719271e-01
-8.334587568534719271e-01
-8.334587568534719271e-01
-8.334587568534719271e-01
-8.334587568534719271e-01
-8.334587568534719271e-01
-8.334587568534719271e-01
-8.334587568534719271e-01
-8.334587568534719271e-01
-8.334587568534719271e-01
-8.334587568534719271e-01
-8.334587568534719271e-01
-8.334587568534719271e-01
-8.334587568534719271e-01
-8.334587568534719271e-01
-8.334587568534719271e-01
-8.334587568534719271e-01
-8.334587568534719271e-01
-8.334587568534719271e-01
-8.334587568534719271e-01
-8.334587568534719271e-01
-8.334587568534719271e-01
-8.334587568534719271e-01
-8.334587568534719271e-01
-8.334587568534719271e-01
-8.334587568534719271e-01
-8.334587568534719271e-01
-8.334587568534719271e-01
-8.334587568534719271e-01
-8.334587568534719271e-01
-8.334587568534719271e-01
-8.334587568534719271e-01
-8.207357864306943362e-01
-8.207357864306943362e-01
-8.207357864306943362e-01
-8.607005298023697737e-01
-8.607005298023697737e-01
-8.607005298023697737e-01
-8.607005298023697737e-01
-8.607005298023697737e-01
-8.607005298023697737e-01
-8.607005298023697737e-01
-8.607005298023697737e-01
-8.607005298023697737e-01
-8.607005298023697737e-01
-8.607005298023697737e-01
-7.995215474305599201e-01
-7.995215474305599201e-01
-7.995215474305599201e-01
-7.995215474305599201e-01
-7.995215474305599201e-01
-7.995215474305599201e-01
-7.995215474305599201e-01
-7.995215474305599201e-01
-7.995215474305599201e-01
-7.995215474305599201e-01
-7.995215474305599201e-01
-7.995215474305599201e-01
-7.995215474305599201e-01
-7.995215474305599201e-01
-7.995215474305599201e-01
-7.995215474305599201e-01
-7.995215474305599201e-01
-7.995215474305599201e-01
-7.995215474305599201e-01
-7.995215474305599201e-01
-7.995215474305599201e-01
-7.995215474305599201e-01
-7.995215474305599201e-01
-7.995215474305599201e-01
-7.995215474305599201e-01
-7.995215474305599201e-01
-7.995215474305599201e-01
-7.995215474305599201e-01
-7.995215474305599201e-01
-7.995215474305599201e-01
-8.116356501387820277e-01
-7.187320670935665179e-01
-7.187320670935665179e-01
-7.187320670935665179e-01
-7.187320670935665179e-01
-7.187320670935665179e-01
-7.187320670935665179e-01
-8.436315488177092980e-01
-8.436315488177092980e-01
-8.436315488177092980e-01
-8.436315488177092980e-01
-8.436315488177092980e-01
-8.436315488177092980e-01
-9.001055821405997692e-01
-9.001055821405997692e-01
-9.001055821405997692e-01
-9.001055821405997692e-01
-9.001055821405997692e-01
-9.001055821405997692e-01
-9.001055821405997692e-01
-9.001055821405997692e-01
-9.001055821405997692e-01
-9.001055821405997692e-01
-9.001055821405997692e-01
-9.001055821405997692e-01
-9.001055821405997692e-01
-9.001055821405997692e-01
-9.001055821405997692e-01
-9.001055821405997692e-01
-9.001055821405997692e-01
-9.001055821405997692e-01
-9.001055821405997692e-01
-9.001055821405997692e-01
-9.001055821405997692e-01
-9.001055821405997692e-01
-9.001055821405997692e-01
-9.001055821405997692e-01
-9.001055821405997692e-01
-9.001055821405997692e-01
-9.001055821405997692e-01
-9.001055821405997692e-01
-9.001055821405997692e-01
-9.001055821405997692e-01
-9.001055821405997692e-01
-9.001055821405997692e-01
-9.001055821405997692e-01
-9.001055821405997692e-01
-9.001055821405997692e-01
-9.001055821405997692e-01
-9.001055821405997692e-01
-9.001055821405997692e-01
-9.001055821405997692e-01
-9.001055821405997692e-01
-9.001055821405997692e-01
-9.001055821405997692e-01
-9.001055821405997692e-01
-9.001055821405997692e-01
-9.001055821405997692e-01
-9.001055821405997692e-01
-9.001055821405997692e-01
-9.001055821405997692e-01
-9.001055821405997692e-01
-9.001055821405997692e-01
-9.001055821405997692e-01
-9.001055821405997692e-01
-9.001055821405997692e-01
-9.001055821405997692e-01
-9.001055821405997692e-01
-9.001055821405997692e-01
-9.001055821405997692e-01
-9.001055821405997692e-01
-9.001055821405997692e-01
-9.001055821405997692e-01
-9.001055821405997692e-01
-9.001055821405997692e-01
-9.001055821405997692e-01
-9.001055821405997692e-01
-9.001055821405997692e-01
-9.001055821405997692e-01
-9.001055821405997692e-01
-9.001055821405997692e-01
-9.001055821405997692e-01
-9.001055821405997692e-01
-9.001055821405997692e-01
-9.001055821405997692e-01
-9.001055821405997692e-01
-9.001055821405997692e-01
-9.001055821405997692e-01
-9.001055821405997692e-01
-9.001055821405997692e-01
-9.001055821405997692e-01
-9.001055821405997692e-01
-9.001055821405997692e-01
-9.001055821405997692e-01
-9.001055821405997692e-01
-9.001055821405997692e-01
-9.001055821405997692e-01
-8.293432441769775787e-01
-8.293432441769775787e-01
-8.293432441769775787e-01
-8.293432441769775787e-01
-8.293432441769775787e-01
-8.293432441769775787e-01
-8.293432441769775787e-01
-8.293432441769775787e-01
-8.293432441769775787e-01
-8.293432441769775787e-01
-8.293432441769775787e-01
-8.293432441769775787e-01
-7.735700497891661032e-01
-7.735700497891661032e-01
-7.735700497891661032e-01
-7.735700497891661032e-01
-7.735700497891661032e-01
-7.735700497891661032e-01
-7.735700497891661032e-01
-7.735700497891661032e-01
-7.735700497891661032e-01
-7.735700497891661032e-01
-7.735700497891661032e-01
-7.735700497891661032e-01
-7.735700497891661032e-01
-7.735700497891661032e-01
-7.735700497891661032e-01
-7.735700497891661032e-01
-7.735700497891661032e-01
-7.735700497891661032e-01
-7.735700497891661032e-01
-7.735700497891661032e-01
-7.735700497891661032e-01
-7.735700497891661032e-01
-7.735700497891661032e-01
-7.735700497891661032e-01
-7.899993920189471996e-01
-7.899993920189471996e-01
-7.899993920189471996e-01
-7.899993920189471996e-01
-7.899993920189471996e-01
-7.899993920189471996e-01
-7.899993920189471996e-01
-7.899993920189471996e-01
-7.899993920189471996e-01
-7.899993920189471996e-01
-7.899993920189471996e-01
-7.899993920189471996e-01
-7.899993920189471996e-01
-7.899993920189471996e-01
-7.899993920189471996e-01
-7.899993920189471996e-01
-7.899993920189471996e-01
-7.899993920189471996e-01
-7.899993920189471996e-01
-7.899993920189471996e-01
-7.899993920189471996e-01
-7.265393068412066002e-01
-7.265393068412066002e-01
-7.265393068412066002e-01
-7.265393068412066002e-01
-7.265393068412066002e-01
-7.265393068412066002e-01
-7.265393068412066002e-01
-7.265393068412066002e-01
-7.265393068412066002e-01
-7.265393068412066002e-01
-7.265393068412066002e-01
-7.265393068412066002e-01
-7.265393068412066002e-01
-7.265393068412066002e-01
-7.265393068412066002e-01
-7.265393068412066002e-01
-7.265393068412066002e-01
-7.265393068412066002e-01
-7.265393068412066002e-01
-7.265393068412066002e-01
-7.265393068412066002e-01
-7.265393068412066002e-01
-7.265393068412066002e-01
-7.265393068412066002e-01
-7.265393068412066002e-01
-7.265393068412066002e-01
-7.265393068412066002e-01
-7.265393068412066002e-01
-7.265393068412066002e-01
-7.265393068412066002e-01
-7.265393068412066002e-01
-7.532501083942945153e-01
-7.532501083942945153e-01
-7.532501083942945153e-01
-7.532501083942945153e-01
-7.532501083942945153e-01
-7.532501083942945153e-01
-7.532501083942945153e-01
-7.532501083942945153e-01
-7.532501083942945153e-01
-7.532501083942945153e-01
-7.532501083942945153e-01
-7.532501083942945153e-01
-7.532501083942945153e-01
-7.532501083942945153e-01
-7.532501083942945153e-01
-7.532501083942945153e-01
-7.532501083942945153e-01
-7.532501083942945153e-01
-7.532501083942945153e-01
-7.532501083942945153e-01
-7.532501083942945153e-01
-7.532501083942945153e-01
-7.532501083942945153e-01
-7.532501083942945153e-01
-7.532501083942945153e-01
-7.532501083942945153e-01
-7.532501083942945153e-01
-7.532501083942945153e-01
-7.532501083942945153e-01
-7.532501083942945153e-01
-7.532501083942945153e-01
-7.532501083942945153e-01
-7.532501083942945153e-01
-7.532501083942945153e-01
-7.532501083942945153e-01
-7.532501083942945153e-01
-7.532501083942945153e-01
-7.532501083942945153e-01
-7.532501083942945153e-01
-7.532501083942945153e-01
-7.532501083942945153e-01
-7.532501083942945153e-01
-7.532501083942945153e-01
-7.532501083942945153e-01
-7.532501083942945153e-01
-7.532501083942945153e-01
-7.532501083942945153e-01
-7.532501083942945153e-01
-7.532501083942945153e-01
-7.532501083942945153e-01
-7.532501083942945153e-01
-7.532501083942945153e-01
-7.532501083942945153e-01
-7.532501083942945153e-01
-7.532501083942945153e-01
-7.532501083942945153e-01
-7.532501083942945153e-01
-7.532501083942945153e-01
-7.532501083942945153e-01
-7.532501083942945153e-01
-7.104585321182046442e-01
-7.104585321182046442e-01
-7.104585321182046442e-01
-7.104585321182046442e-01
-7.104585321182046442e-01
-7.104585321182046442e-01
-7.104585321182046442e-01
-7.104585321182046442e-01
-7.104585321182046442e-01
-7.104585321182046442e-01
-7.104585321182046442e-01
-7.104585321182046442e-01
-7.104585321182046442e-01
-7.144167705885994257e-01
-7.144167705885994257e-01
-7.144167705885994257e-01
-7.144167705885994257e-01
-7.144167705885994257e-01
-7.144167705885994257e-01
-7.144167705885994257e-01
-7.144167705885994257e-01
-7.144167705885994257e-01
-7.144167705885994257e-01
-7.144167705885994257e-01
-6.954673371397057657e-01
-6.800147475065737579e-01
-6.800147475065737579e-01
-6.800147475065737579e-01
-6.800147475065737579e-01
-6.800147475065737579e-01
-6.800147475065737579e-01
-6.800147475065737579e-01
-6.800147475065737579e-01
-6.800147475065737579e-01
-6.800147475065737579e-01
-6.800147475065737579e-01
-6.800147475065737579e-01
-6.800147475065737579e-01
-6.800147475065737579e-01
-6.800147475065737579e-01
-6.800147475065737579e-01
-6.800147475065737579e-01
-6.800147475065737579e-01
-6.800147475065737579e-01
-6.800147475065737579e-01
-6.800147475065737579e-01
-6.800147475065737579e-01
-6.800147475065737579e-01
-6.800147475065737579e-01
-7.143749447671222663e-01
-7.143749447671222663e-01
-7.143749447671222663e-01
-7.143749447671222663e-01
-7.143749447671222663e-01
-7.143749447671222663e-01
-7.143749447671222663e-01
-7.143749447671222663e-01
-7.143749447671222663e-01
-7.143749447671222663e-01
-7.143749447671222663e-01
-7.143749447671222663e-01
-7.143749447671222663e-01
-7.143749447671222663e-01
-7.143749447671222663e-01
-7.143749447671222663e-01
-7.143749447671222663e-01
-7.143749447671222663e-01
-7.143749447671222663e-01
-7.143749447671222663e-01
-7.143749447671222663e-01
-7.143749447671222663e-01
-7.143749447671222663e-01
-7.143749447671222663e-01
-7.143749447671222663e-01
-7.143749447671222663e-01
-7.143749447671222663e-01
-7.143749447671222663e-01
-7.143749447671222663e-01
-7.143749447671222663e-01
-6.893184855152953983e-01
-6.893184855152953983e-01
-6.893184855152953983e-01
-6.093436399791709590e-01
-6.093436399791709590e-01
-6.093436399791709590e-01
-6.093436399791709590e-01
-6.093436399791709590e-01
-6.093436399791709590e-01
-6.093436399791709590e-01
-6.093436399791709590e-01
-6.093436399791709590e-01
-6.093436399791709590e-01
-6.093436399791709590e-01
-6.093436399791709590e-01
-6.093436399791709590e-01
-6.093436399791709590e-01
-6.093436399791709590e-01
-6.093436399791709590e-01
-6.093436399791709590e-01
-6.093436399791709590e-01
-6.093436399791709590e-01
-6.884961579543453780e-01
-6.871857675038149926e-01
-6.871857675038149926e-01
-6.683259689557164984e-01
-6.683259689557164984e-01
-6.683259689557164984e-01
-6.683259689557164984e-01
-6.683259689557164984e-01
-6.683259689557164984e-01
-6.683259689557164984e-01
-6.683259689557164984e-01
-6.683259689557164984e-01
-6.683259689557164984e-01
-6.683259689557164984e-01
-6.683259689557164984e-01
-6.683259689557164984e-01
-6.683259689557164984e-01
-6.683259689557164984e-01
-6.683259689557164984e-01
-6.683259689557164984e-01
-6.683259689557164984e-01
-6.683259689557164984e-01
-6.683259689557164984e-01
-6.683259689557164984e-01
-6.683259689557164984e-01
-6.683259689557164984e-01
-6.683259689557164984e-01
-6.683259689557164984e-01
-6.683259689557164984e-01
-6.683259689557164984e-01
-6.683259689557164984e-01
-6.683259689557164984e-01
-6.683259689557164984e-01
-6.683259689557164984e-01
-6.683259689557164984e-01
-6.683259689557164984e-01
-6.683259689557164984e-01
-6.683259689557164984e-01
-6.683259689557164984e-01
-6.683259689557164984e-01
-6.683259689557164984e-01
-6.683259689557164984e-01
-6.683259689557164984e-01
-6.683259689557164984e-01
-6.683259689557164984e-01
-6.683259689557164984e-01
-6.683259689557164984e-01
-6.683259689557164984e-01
-6.683259689557164984e-01
-6.683259689557164984e-01
-6.683259689557164984e-01
-6.683259689557164984e-01
-6.683259689557164984e-01
-6.683259689557164984e-01
-6.683259689557164984e-01
-6.683259689557164984e-01
-6.683259689557164984e-01
-6.683259689557164984e-01
-6.683259689557164984e-01
-6.683259689557164984e-01
-6.683259689557164984e-01
-6.683259689557164984e-01
-6.683259689557164984e-01
-6.683259689557164984e-01
-6.683259689557164984e-01
-6.683259689557164984e-01
-6.683259689557164984e-01
-6.683259689557164984e-01
-6.683259689557164984e-01
-6.683259689557164984e-01
-6.683259689557164984e-01
-6.683259689557164984e-01
-6.683259689557164984e-01
-6.683259689557164984e-01
-6.683259689557164984e-01
-6.683259689557164984e-01
-6.683259689557164984e-01
-6.683259689557164984e-01
-6.683259689557164984e-01
-6.683259689557164984e-01
-6.683259689557164984e-01
-6.683259689557164984e-01
-6.683259689557164984e-01
-6.683259689557164984e-01
-6.683259689557164984e-01
-6.683259689557164984e-01
-6.683259689557164984e-01
-6.683259689557164984e-01
-6.683259689557164984e-01
-6.683259689557164984e-01
-6.683259689557164984e-01
-6.683259689557164984e-01
-6.683259689557164984e-01
-6.683259689557164984e-01
-6.683259689557164984e-01
-6.683259689557164984e-01
-6.683259689557164984e-01
-6.683259689557164984e-01
-6.683259689557164984e-01
-6.683259689557164984e-01
-6.683259689557164984e-01
-6.683259689557164984e-01
-6.683259689557164984e-01
-6.683259689557164984e-01
-6.683259689557164984e-01
-6.683259689557164984e-01
-6.683259689557164984e-01
-6.683259689557164984e-01
-6.683259689557164984e-01
-6.683259689557164984e-01
-6.416046254721471387e-01
-6.416046254721471387e-01
-6.416046254721471387e-01
-6.416046254721471387e-01
-6.416046254721471387e-01
-6.416046254721471387e-01
-6.416046254721471387e-01
-6.416046254721471387e-01
-6.416046254721471387e-01
-6.416046254721471387e-01
-6.416046254721471387e-01
-6.416046254721471387e-01
-6.416046254721471387e-01
-6.416046254721471387e-01
-6.416046254721471387e-01
-6.416046254721471387e-01
-6.416046254721471387e-01
-6.416046254721471387e-01
-6.416046254721471387e-01
-6.416046254721471387e-01
-6.416046254721471387e-01
-6.416046254721471387e-01
-6.416046254721471387e-01
-6.416046254721471387e-01
-6.416046254721471387e-01
-6.416046254721471387e-01
-6.416046254721471387e-01
-6.416046254721471387e-01
-6.416046254721471387e-01
-6.416046254721471387e-01
-6.416046254721471387e-01
-6.416046254721471387e-01
-6.416046254721471387e-01
-6.416046254721471387e-01
-6.416046254721471387e-01
-6.416046254721471387e-01
-6.416046254721471387e-01
-6.416046254721471387e-01
-6.416046254721471387e-01
-6.416046254721471387e-01
-6.416046254721471387e-01
-6.416046254721471387e-01
-6.416046254721471387e-01
-6.416046254721471387e-01
-6.416046254721471387e-01
-6.416046254721471387e-01
-6.416046254721471387e-01
-6.416046254721471387e-01
-6.416046254721471387e-01
-6.416046254721471387e-01
-6.416046254721471387e-01
-6.416046254721471387e-01
-6.416046254721471387e-01
-6.416046254721471387e-01
-6.416046254721471387e-01
-6.416046254721471387e-01
-6.416046254721471387e-01
-6.416046254721471387e-01
-6.416046254721471387e-01
-6.413155486433272934e-01
-6.413155486433272934e-01
-6.413155486433272934e-01
-6.413155486433272934e-01
-6.413155486433272934e-01
-6.413155486433272934e-01
-6.413155486433272934e-01
-6.413155486433272934e-01
-6.413155486433272934e-01
-6.413155486433272934e-01
-6.413155486433272934e-01
-6.413155486433272934e-01
-6.413155486433272934e-01
-6.413155486433272934e-01
-6.413155486433272934e-01
-6.413155486433272934e-01
-6.413155486433272934e-01
-6.413155486433272934e-01
-6.413155486433272934e-01
-6.413155486433272934e-01
-6.579471819715335679e-01
-6.579471819715335679e-01
-6.579471819715335679e-01
-6.579471819715335679e-01
-6.579471819715335679e-01
-6.579471819715335679e-01
-6.579471819715335679e-01
-6.579471819715335679e-01
-6.579471819715335679e-01
-6.579471819715335679e-01
-6.579471819715335679e-01
-6.579471819715335679e-01
-6.579471819715335679e-01
-6.579471819715335679e-01
-6.579471819715335679e-01
-6.579471819715335679e-01
-6.579471819715335679e-01
-6.579471819715335679e-01
-6.579471819715335679e-01
-6.579471819715335679e-01
-6.579471819715335679e-01
-6.579471819715335679e-01
-6.579471819715335679e-01
-6.579471819715335679e-01
-6.579471819715335679e-01
-6.579471819715335679e-01
-6.579471819715335679e-01
-6.647940803440305357e-01
-6.647940803440305357e-01
-6.647940803440305357e-01
-6.647940803440305357e-01
-6.647940803440305357e-01
-6.647940803440305357e-01
-6.647940803440305357e-01
-6.647940803440305357e-01
-6.647940803440305357e-01
-6.647940803440305357e-01
-6.647940803440305357e-01
-6.647940803440305357e-01
-6.647940803440305357e-01
-6.647940803440305357e-01
-6.647940803440305357e-01
-6.647940803440305357e-01
-6.647940803440305357e-01
-6.647940803440305357e-01
-6.647940803440305357e-01
-6.647940803440305357e-01
-6.647940803440305357e-01
-6.647940803440305357e-01
-6.647940803440305357e-01
-6.647940803440305357e-01
-6.647940803440305357e-01
-6.647940803440305357e-01
-6.647940803440305357e-01
-6.647940803440305357e-01
-6.647940803440305357e-01
-6.938669011424193345e-01
-6.938669011424193345e-01
-6.938669011424193345e-01
-6.938669011424193345e-01
-6.938669011424193345e-01
-6.938669011424193345e-01
-6.938669011424193345e-01
-6.675651834754141589e-01
-6.675651834754141589e-01
-6.628650210327673431e-01
-6.628650210327673431e-01
-6.628650210327673431e-01
-6.628650210327673431e-01
-6.628650210327673431e-01
-6.628650210327673431e-01
-6.628650210327673431e-01
-6.628650210327673431e-01
-6.628650210327673431e-01
-6.628650210327673431e-01
-6.628650210327673431e-01
-6.581913558748437865e-01
-6.581913558748437865e-01
-6.581913558748437865e-01
-6.581913558748437865e-01
-6.581913558748437865e-01
-6.581913558748437865e-01
-6.581913558748437865e-01
-6.581913558748437865e-01
-6.581913558748437865e-01
-6.581913558748437865e-01
-6.581913558748437865e-01
-6.581913558748437865e-01
-6.581913558748437865e-01
-6.581913558748437865e-01
-6.581913558748437865e-01
-6.581913558748437865e-01
-6.581913558748437865e-01
-6.581913558748437865e-01
-6.581913558748437865e-01
-6.581913558748437865e-01
-6.581913558748437865e-01
-6.581913558748437865e-01
-6.581913558748437865e-01
-6.581913558748437865e-01
-6.581913558748437865e-01
-6.581913558748437865e-01
-6.581913558748437865e-01
-6.581913558748437865e-01
-6.581913558748437865e-01
-6.581913558748437865e-01
-6.581913558748437865e-01
-6.581913558748437865e-01
-6.581913558748437865e-01
-6.581913558748437865e-01
-6.581913558748437865e-01
-6.581913558748437865e-01
-6.581913558748437865e-01
-6.581913558748437865e-01
-6.581913558748437865e-01
-6.581913558748437865e-01
-6.581913558748437865e-01
-6.581913558748437865e-01
-6.581913558748437865e-01
-6.581913558748437865e-01
-6.581913558748437865e-01
-6.581913558748437865e-01
-6.581913558748437865e-01
-6.581913558748437865e-01
-6.581913558748437865e-01
-6.581913558748437865e-01
-6.581913558748437865e-01
-6.581913558748437865e-01
-6.581913558748437865e-01
-6.581913558748437865e-01
-6.581913558748437865e-01
-6.581913558748437865e-01
-6.581913558748437865e-01
-6.581913558748437865e-01
-6.581913558748437865e-01
-6.581913558748437865e-01
-6.581913558748437865e-01
-6.581913558748437865e-01
-6.581913558748437865e-01
-6.581913558748437865e-01
-6.581913558748437865e-01
-6.581913558748437865e-01
-6.581913558748437865e-01
-6.581913558748437865e-01
-6.581913558748437865e-01
-5.974524563630725371e-01
-5.974524563630725371e-01
-5.974524563630725371e-01
-6.330776852813778666e-01
-6.330776852813778666e-01
-6.330776852813778666e-01
-6.330776852813778666e-01
-6.330776852813778666e-01
-6.330776852813778666e-01
-6.330776852813778666e-01
-6.330776852813778666e-01
-6.330776852813778666e-01
-6.330776852813778666e-01
-6.330776852813778666e-01
-6.330776852813778666e-01
-6.330776852813778666e-01
-6.330776852813778666e-01
-6.330776852813778666e-01
-6.330776852813778666e-01
-6.330776852813778666e-01
-6.330776852813778666e-01
-6.330776852813778666e-01
-6.330776852813778666e-01
-6.330776852813778666e-01
-6.330776852813778666e-01
-6.330776852813778666e-01
-6.330776852813778666e-01
-6.330776852813778666e-01
-6.330776852813778666e-01
-6.330776852813778666e-01
-6.330776852813778666e-01
-6.330776852813778666e-01
-6.330776852813778666e-01
-6.330776852813778666e-01
-6.330776852813778666e-01
-6.330776852813778666e-01
-6.330776852813778666e-01
-6.330776852813778666e-01
-6.415578420941733251e-01
-6.415578420941733251e-01
-6.415578420941733251e-01
-6.415578420941733251e-01
-6.415578420941733251e-01
-6.415578420941733251e-01
-6.371800917740305659e-01
-6.371800917740305659e-01
-6.371800917740305659e-01
-6.371800917740305659e-01
-6.371800917740305659e-01
-6.045751544303237246e-01
-6.045751544303237246e-01
-6.045751544303237246e-01
-6.155485062936523200e-01
-6.155485062936523200e-01
-6.155485062936523200e-01
-6.155485062936523200e-01
-6.155485062936523200e-01
-6.155485062936523200e-01
-6.155485062936523200e-01
-6.155485062936523200e-01
-6.155485062936523200e-01
-6.155485062936523200e-01
-6.155485062936523200e-01
-6.155485062936523200e-01
-6.155485062936523200e-01
-6.155485062936523200e-01
-6.155485062936523200e-01
-5.973340448412338688e-01
-5.973340448412338688e-01
-5.973340448412338688e-01
-6.432060301873697705e-01
-6.432060301873697705e-01
-6.432060301873697705e-01
-6.432060301873697705e-01
-6.432060301873697705e-01
-6.432060301873697705e-01
-6.336217628610293362e-01
-6.336217628610293362e-01
-6.336217628610293362e-01
-6.336217628610293362e-01
-6.459540550385104440e-01
-6.261465084484384436e-01
-6.261465084484384436e-01
-6.261465084484384436e-01
-6.261465084484384436e-01
-6.261465084484384436e-01
-6.261465084484384436e-01
-6.261465084484384436e-01
-6.261465084484384436e-01
-6.261465084484384436e-01
-6.261465084484384436e-01
-6.261465084484384436e-01
-6.261465084484384436e-01
-6.375828505018245052e-01
-6.375828505018245052e-01
-6.375828505018245052e-01
-6.375828505018245052e-01
-6.148793501334254286e-01
-6.148793501334254286e-01
-6.148793501334254286e-01
-6.148793501334254286e-01
-6.148793501334254286e-01
-6.148793501334254286e-01
-6.148793501334254286e-01
-6.148793501334254286e-01
-6.148793501334254286e-01
-6.148793501334254286e-01
-6.148793501334254286e-01
-6.148793501334254286e-01
-6.148793501334254286e-01
-6.148793501334254286e-01
-6.148793501334254286e-01
-6.148793501334254286e-01
-6.148793501334254286e-01
-6.148793501334254286e-01
-6.148793501334254286e-01
-6.148793501334254286e-01
-6.148793501334254286e-01
-6.148793501334254286e-01
-6.148793501334254286e-01
-6.148793501334254286e-01
-6.148793501334254286e-01
-6.148793501334254286e-01
-6.148793501334254286e-01
-6.148793501334254286e-01
-5.880110464406058668e-01
-5.880110464406058668e-01
-5.769714798571730086e-01
-5.769714798571730086e-01
-5.769714798571730086e-01
-5.769714798571730086e-01
-5.769714798571730086e-01
-5.769714798571730086e-01
-5.769714798571730086e-01
-5.769714798571730086e-01
-5.769714798571730086e-01
-5.769714798571730086e-01
-5.769714798571730086e-01
-5.769714798571730086e-01
-5.769714798571730086e-01
-6.153227950145363501e-01
-6.153227950145363501e-01
-6.153227950145363501e-01
-6.153227950145363501e-01
-6.153227950145363501e-01
-6.153227950145363501e-01
-6.153227950145363501e-01
-6.153227950145363501e-01
-6.153227950145363501e-01
-6.153227950145363501e-01
-6.153227950145363501e-01
-6.153227950145363501e-01
-6.153227950145363501e-01
-6.153227950145363501e-01
-6.153227950145363501e-01
-6.153227950145363501e-01
-6.153227950145363501e-01
-6.153227950145363501e-01
-6.153227950145363501e-01
-6.153227950145363501e-01
-6.153227950145363501e-01
-6.153227950145363501e-01
-6.153227950145363501e-01
-6.153227950145363501e-01
-6.153227950145363501e-01
-6.153227950145363501e-01
-6.153227950145363501e-01
-6.153227950145363501e-01
-6.153227950145363501e-01
-6.153227950145363501e-01
-6.153227950145363501e-01
-6.153227950145363501e-01
-5.917357099215797556e-01
-6.228057421872081889e-01
-6.228057421872081889e-01
-6.228057421872081889e-01
-6.228057421872081889e-01
-6.228057421872081889e-01
-6.228057421872081889e-01
-6.228057421872081889e-01
-6.228057421872081889e-01
-6.228057421872081889e-01
-6.228057421872081889e-01
-6.228057421872081889e-01
-6.228057421872081889e-01
-6.228057421872081889e-01
-6.461988557593087990e-01
-6.461988557593087990e-01
-6.461988557593087990e-01
-6.092945772648769021e-01
-6.092945772648769021e-01
-6.092945772648769021e-01
-6.092945772648769021e-01
-6.092945772648769021e-01
-6.092945772648769021e-01
-6.092945772648769021e-01
-6.092945772648769021e-01
-6.092945772648769021e-01
-6.092945772648769021e-01
-6.092945772648769021e-01
-6.092945772648769021e-01
-6.092945772648769021e-01
-6.092945772648769021e-01
-6.092945772648769021e-01
-6.092945772648769021e-01
-6.092945772648769021e-01
-6.092945772648769021e-01
-6.092945772648769021e-01
-6.092945772648769021e-01
-6.092945772648769021e-01
-6.092945772648769021e-01
-6.092945772648769021e-01
-6.092945772648769021e-01
-6.092945772648769021e-01
-6.092945772648769021e-01
-7.189605135762667798e-01
-7.189605135762667798e-01
-7.189605135762667798e-01
-7.189605135762667798e-01
-7.528668379920390175e-01
-7.528668379920390175e-01
-7.528668379920390175e-01
-7.528668379920390175e-01
-6.347875864054458583e-01
-6.347875864054458583e-01
-6.347875864054458583e-01
-5.825348839477189067e-01
-5.825348839477189067e-01
-5.825348839477189067e-01
-5.825348839477189067e-01
-5.704147409982480710e-01
-5.704147409982480710e-01
-5.704147409982480710e-01
-5.704147409982480710e-01
-5.704147409982480710e-01
-5.704147409982480710e-01
-5.704147409982480710e-01
-5.139332428489086224e-01
-5.139332428489086224e-01
-5.139332428489086224e-01
-5.139332428489086224e-01
-5.139332428489086224e-01
-5.139332428489086224e-01
-5.139332428489086224e-01
-5.843577831698648639e-01
-5.843577831698648639e-01
-5.843577831698648639e-01
-5.843577831698648639e-01
-5.843577831698648639e-01
-5.843577831698648639e-01
-5.843577831698648639e-01
-5.843577831698648639e-01
-5.843577831698648639e-01
-5.843577831698648639e-01
-5.843577831698648639e-01
-5.843577831698648639e-01
-5.843577831698648639e-01
-5.843577831698648639e-01
-5.843577831698648639e-01
-5.803813100089078025e-01
-5.803813100089078025e-01
-5.803813100089078025e-01
-5.803813100089078025e-01
-5.803813100089078025e-01
-5.803813100089078025e-01
-5.803813100089078025e-01
-5.803813100089078025e-01
-5.803813100089078025e-01
-5.803813100089078025e-01
-5.803813100089078025e-01
-5.880187392006868130e-01
-5.880187392006868130e-01
-5.880187392006868130e-01
-5.880187392006868130e-01
-5.880187392006868130e-01
-5.880187392006868130e-01
-5.880187392006868130e-01
-6.132325296420212402e-01
-6.132325296420212402e-01
-6.132325296420212402e-01
-6.132325296420212402e-01
-6.132325296420212402e-01
-6.132325296420212402e-01
-6.132325296420212402e-01
-6.132325296420212402e-01
-6.132325296420212402e-01
-6.132325296420212402e-01
-6.399673781932881944e-01
-6.399673781932881944e-01
-6.399673781932881944e-01
-6.399673781932881944e-01
-5.725760076971400103e-01
-6.334251131199969409e-01
-6.334251131199969409e-01
-6.334251131199969409e-01
-6.334251131199969409e-01
-6.334251131199969409e-01
-6.334251131199969409e-01
-6.334251131199969409e-01
-6.334251131199969409e-01
-6.334251131199969409e-01
-6.334251131199969409e-01
-6.334251131199969409e-01
-6.334251131199969409e-01
-6.334251131199969409e-01
-6.334251131199969409e-01
-6.334251131199969409e-01
-6.334251131199969409e-01
-6.334251131199969409e-01
-6.334251131199969409e-01
-6.334251131199969409e-01
-6.334251131199969409e-01
-6.334251131199969409e-01
-6.334251131199969409e-01
-6.334251131199969409e-01
-6.334251131199969409e-01
-6.334251131199969409e-01
-6.334251131199969409e-01
-6.173457629821952342e-01
-6.173457629821952342e-01
-6.173457629821952342e-01
-6.173457629821952342e-01
-6.173457629821952342e-01
-6.173457629821952342e-01
-6.173457629821952342e-01
-6.173457629821952342e-01
-6.173457629821952342e-01
-6.173457629821952342e-01
-6.173457629821952342e-01
-6.173457629821952342e-01
-6.173457629821952342e-01
-6.173457629821952342e-01
-6.173457629821952342e-01
-6.173457629821952342e-01
-6.173457629821952342e-01
-6.173457629821952342e-01
-6.173457629821952342e-01
-6.173457629821952342e-01
-6.173457629821952342e-01
-6.173457629821952342e-01
-6.173457629821952342e-01
-6.173457629821952342e-01
-6.173457629821952342e-01
-6.173457629821952342e-01
-6.173457629821952342e-01
-6.173457629821952342e-01
-6.173457629821952342e-01
-6.173457629821952342e-01
-6.173457629821952342e-01
-6.173457629821952342e-01
-6.173457629821952342e-01
-6.173457629821952342e-01
-6.173457629821952342e-01
-6.173457629821952342e-01
-6.173457629821952342e-01
-6.173457629821952342e-01
-6.173457629821952342e-01
-6.173457629821952342e-01
-6.173457629821952342e-01
-6.173457629821952342e-01
-6.173457629821952342e-01
-6.173457629821952342e-01
-6.173457629821952342e-01
-6.173457629821952342e-01
-6.173457629821952342e-01
-6.173457629821952342e-01
-6.173457629821952342e-01
-6.173457629821952342e-01
-6.173457629821952342e-01
-6.173457629821952342e-01
-6.173457629821952342e-01
-6.173457629821952342e-01
-6.173457629821952342e-01
-6.173457629821952342e-01
-6.173457629821952342e-01
-6.173457629821952342e-01
-6.173457629821952342e-01
-6.173457629821952342e-01
-6.173457629821952342e-01
-6.173457629821952342e-01
-6.173457629821952342e-01
-6.173457629821952342e-01
-6.173457629821952342e-01
-6.173457629821952342e-01
-6.173457629821952342e-01
-6.173457629821952342e-01
-6.173457629821952342e-01
-6.173457629821952342e-01
-6.173457629821952342e-01
-6.173457629821952342e-01
-6.173457629821952342e-01
-6.173457629821952342e-01
-6.173457629821952342e-01
-6.173457629821952342e-01
-6.173457629821952342e-01
-6.173457629821952342e-01
-6.173457629821952342e-01
-6.173457629821952342e-01
-6.173457629821952342e-01
-6.173457629821952342e-01
-6.173457629821952342e-01
-6.173457629821952342e-01
-6.173457629821952342e-01
-6.173457629821952342e-01
-6.173457629821952342e-01
-6.173457629821952342e-01
-6.173457629821952342e-01
-6.173457629821952342e-01
-5.818356975314721291e-01
-5.818356975314721291e-01
-5.818356975314721291e-01
-5.818356975314721291e-01
-5.818356975314721291e-01
-5.818356975314721291e-01
-5.818356975314721291e-01
-5.818356975314721291e-01
-5.818356975314721291e-01
-5.818356975314721291e-01
-5.378237076060949917e-01
-5.378237076060949917e-01
-5.378237076060949917e-01
-5.378237076060949917e-01
-5.378237076060949917e-01
-5.378237076060949917e-01
-5.378237076060949917e-01
-5.378237076060949917e-01
-5.378237076060949917e-01
-5.378237076060949917e-01
-5.378237076060949917e-01
-5.378237076060949917e-01
-5.378237076060949917e-01
-5.378237076060949917e-01
-5.378237076060949917e-01
-5.899016989348723206e-01
-5.899016989348723206e-01
-5.899016989348723206e-01
-5.899016989348723206e-01
-5.899016989348723206e-01
-5.899016989348723206e-01
-5.899016989348723206e-01
-5.899016989348723206e-01
-5.899016989348723206e-01
-5.899016989348723206e-01
-5.899016989348723206e-01
-5.899016989348723206e-01
-5.899016989348723206e-01
-5.899016989348723206e-01
-5.899016989348723206e-01
-5.899016989348723206e-01
-6.031897738148559451e-01
-6.031897738148559451e-01
-6.031897738148559451e-01
-6.031897738148559451e-01
-6.031897738148559451e-01
-6.031897738148559451e-01
-6.031897738148559451e-01
-6.031897738148559451e-01
-6.031897738148559451e-01
-6.031897738148559451e-01
-6.031897738148559451e-01
-6.009464510084338018e-01
-6.009464510084338018e-01
-6.009464510084338018e-01
-6.009464510084338018e-01
-6.009464510084338018e-01
-6.009464510084338018e-01
-6.009464510084338018e-01
-6.009464510084338018e-01
-6.009464510084338018e-01
-6.009464510084338018e-01
-6.009464510084338018e-01
-6.009464510084338018e-01
-6.009464510084338018e-01
-6.009464510084338018e-01
-6.009464510084338018e-01
-6.009464510084338018e-01
-6.009464510084338018e-01
-6.009464510084338018e-01
-6.009464510084338018e-01
-6.009464510084338018e-01
-6.009464510084338018e-01
-6.009464510084338018e-01
-6.009464510084338018e-01
-6.009464510084338018e-01
-6.009464510084338018e-01
-6.009464510084338018e-01
-6.009464510084338018e-01
-5.951083868912938613e-01
-5.951083868912938613e-01
-5.951083868912938613e-01
-5.951083868912938613e-01
-5.416457557313528737e-01
-5.416457557313528737e-01
-5.416457557313528737e-01
-5.416457557313528737e-01
-5.416457557313528737e-01
-5.416457557313528737e-01
-5.416457557313528737e-01
-5.416457557313528737e-01
-5.416457557313528737e-01
-5.416457557313528737e-01
-5.416457557313528737e-01
-5.416457557313528737e-01
-5.416457557313528737e-01
-5.416457557313528737e-01
-5.416457557313528737e-01
-5.416457557313528737e-01
-5.416457557313528737e-01
-5.416457557313528737e-01
-5.416457557313528737e-01
-5.416457557313528737e-01
-5.416457557313528737e-01
-5.416457557313528737e-01
-5.416457557313528737e-01
-5.416457557313528737e-01
-5.416457557313528737e-01
-5.416457557313528737e-01
-5.416457557313528737e-01
-5.416457557313528737e-01
-5.416457557313528737e-01
-5.416457557313528737e-01
-5.416457557313528737e-01
-5.416457557313528737e-01
-5.416457557313528737e-01
-5.416457557313528737e-01
-5.959503167445983074e-01
-5.959503167445983074e-01
-5.959503167445983074e-01
-5.959503167445983074e-01
-5.959503167445983074e-01
-5.959503167445983074e-01
-5.959503167445983074e-01
-5.959503167445983074e-01
-5.959503167445983074e-01
-5.959503167445983074e-01
-5.959503167445983074e-01
-5.959503167445983074e-01
-5.959503167445983074e-01
-5.959503167445983074e-01
-5.959503167445983074e-01
-5.959503167445983074e-01
-5.959503167445983074e-01
-5.411873242139360052e-01
-5.411873242139360052e-01
-5.411873242139360052e-01
-5.411873242139360052e-01
-5.411873242139360052e-01
-5.463162298184279786e-01
-5.463162298184279786e-01
-5.463162298184279786e-01
-5.463162298184279786e-01
-5.535044018214793082e-01
-5.538406039287209204e-01
-5.538406039287209204e-01
-5.538406039287209204e-01
-5.538406039287209204e-01
-5.538406039287209204e-01
-5.538406039287209204e-01
-5.235114699340003286e-01
-5.235114699340003286e-01
-5.235114699340003286e-01
-5.235114699340003286e-01
-5.235114699340003286e-01
-5.235114699340003286e-01
-5.235114699340003286e-01
-5.235114699340003286e-01
-5.235114699340003286e-01
-5.235114699340003286e-01
-5.235114699340003286e-01
-5.235114699340003286e-01
-5.235114699340003286e-01
-5.235114699340003286e-01
-5.235114699340003286e-01
-5.235114699340003286e-01
-5.235114699340003286e-01
-5.235114699340003286e-01
-5.235114699340003286e-01
-5.235114699340003286e-01
-5.235114699340003286e-01
-5.235114699340003286e-01
-5.235114699340003286e-01
-5.235114699340003286e-01
-5.235114699340003286e-01
-5.235114699340003286e-01
-5.235114699340003286e-01
-5.235114699340003286e-01
-5.235114699340003286e-01
-5.235114699340003286e-01
-5.647783981454531643e-01
-5.647783981454531643e-01
-5.647783981454531643e-01
-5.647783981454531643e-01
-5.647783981454531643e-01
-5.647783981454531643e-01
-5.647783981454531643e-01
-5.647783981454531643e-01
-5.647783981454531643e-01
-5.647783981454531643e-01
-5.647783981454531643e-01
-5.647783981454531643e-01
-5.647783981454531643e-01
-5.647783981454531643e-01
-5.647783981454531643e-01
-5.647783981454531643e-01
-5.647783981454531643e-01
-5.647783981454531643e-01
-5.647783981454531643e-01
-5.647783981454531643e-01
-5.647783981454531643e-01
-5.647783981454531643e-01
-5.647783981454531643e-01
-5.647783981454531643e-01
-5.647783981454531643e-01
-5.647783981454531643e-01
-5.647783981454531643e-01
-5.647783981454531643e-01
-5.647783981454531643e-01
-5.647783981454531643e-01
-5.647783981454531643e-01
-5.647783981454531643e-01
-5.647783981454531643e-01
-5.647783981454531643e-01
-5.647783981454531643e-01
-5.647783981454531643e-01
-5.647783981454531643e-01
-5.647783981454531643e-01
-6.170156011162022391e-01
-6.170156011162022391e-01
-6.170156011162022391e-01
-6.170156011162022391e-01
-5.520218644953593934e-01
-5.520218644953593934e-01
-5.520218644953593934e-01
-5.520218644953593934e-01
-5.520218644953593934e-01
-5.520218644953593934e-01
-5.520218644953593934e-01
-5.394234028190773023e-01
-5.394234028190773023e-01
-5.394234028190773023e-01
-5.394234028190773023e-01
-5.394234028190773023e-01
-5.394234028190773023e-01
-5.394234028190773023e-01
-5.394234028190773023e-01
-5.394234028190773023e-01
-5.513063808244227371e-01
-5.513063808244227371e-01
-5.513063808244227371e-01
-5.513063808244227371e-01
-5.513063808244227371e-01
-5.513063808244227371e-01
-5.513063808244227371e-01
-5.513063808244227371e-01
-5.513063808244227371e-01
-5.513063808244227371e-01
-5.513063808244227371e-01
-5.513063808244227371e-01
-5.513063808244227371e-01
-5.513063808244227371e-01
-5.513063808244227371e-01
-5.513063808244227371e-01
-5.513063808244227371e-01
-5.397445613066050862e-01
-5.397445613066050862e-01
-5.397445613066050862e-01
-5.397445613066050862e-01
-5.397445613066050862e-01
-5.397445613066050862e-01
-5.397445613066050862e-01
-5.397445613066050862e-01
-5.397445613066050862e-01
-5.397445613066050862e-01
-5.397445613066050862e-01
-5.397445613066050862e-01
-5.397445613066050862e-01
-5.397445613066050862e-01
-5.397445613066050862e-01
-5.397445613066050862e-01
-5.397445613066050862e-01
-5.397445613066050862e-01
-5.397445613066050862e-01
-5.397445613066050862e-01
-5.320030234283972259e-01
-5.320030234283972259e-01
-5.320030234283972259e-01
-5.320030234283972259e-01
-5.320030234283972259e-01
-5.320030234283972259e-01
-5.320030234283972259e-01
-5.320030234283972259e-01
-5.320030234283972259e-01
-5.320030234283972259e-01
-5.320030234283972259e-01
-5.320030234283972259e-01
-5.320030234283972259e-01
-5.320030234283972259e-01
-5.320030234283972259e-01
-5.320030234283972259e-01
-5.320030234283972259e-01
-5.320030234283972259e-01
-5.320030234283972259e-01
-5.320030234283972259e-01
-5.320030234283972259e-01
-5.320030234283972259e-01
-5.320030234283972259e-01
-5.320030234283972259e-01
-5.320030234283972259e-01
-5.320030234283972259e-01
-5.320030234283972259e-01
-5.320030234283972259e-01
-5.320030234283972259e-01
-5.320030234283972259e-01
-5.320030234283972259e-01
-5.320030234283972259e-01
-5.320030234283972259e-01
-5.320030234283972259e-01
-5.320030234283972259e-01
-5.320030234283972259e-01
-5.320030234283972259e-01
-5.320030234283972259e-01
-5.320030234283972259e-01
-5.320030234283972259e-01
-5.320030234283972259e-01
-5.320030234283972259e-01
-5.320030234283972259e-01
-5.320030234283972259e-01
-5.320030234283972259e-01
-5.320030234283972259e-01
-5.320030234283972259e-01
-5.320030234283972259e-01
-5.320030234283972259e-01
-5.320030234283972259e-01
-5.320030234283972259e-01
-5.320030234283972259e-01
-5.320030234283972259e-01
-5.320030234283972259e-01
-5.320030234283972259e-01
-5.320030234283972259e-01
-5.320030234283972259e-01
-5.320030234283972259e-01
-5.320030234283972259e-01
-5.320030234283972259e-01
-5.320030234283972259e-01
-5.320030234283972259e-01
-5.320030234283972259e-01
-5.320030234283972259e-01
-5.320030234283972259e-01
-5.320030234283972259e-01
-5.320030234283972259e-01
-5.320030234283972259e-01
-5.320030234283972259e-01
-5.320030234283972259e-01
-5.320030234283972259e-01
-5.320030234283972259e-01
-5.320030234283972259e-01
-5.320030234283972259e-01
-6.018584134701788768e-01
-6.018584134701788768e-01
-6.018584134701788768e-01
-6.018584134701788768e-01
-6.018584134701788768e-01
-6.018584134701788768e-01
-6.018584134701788768e-01
-6.018584134701788768e-01
-6.018584134701788768e-01
-6.018584134701788768e-01
-6.018584134701788768e-01
-6.018584134701788768e-01
-6.018584134701788768e-01
-6.018584134701788768e-01
-6.018584134701788768e-01
-6.018584134701788768e-01
-6.018584134701788768e-01
-6.018584134701788768e-01
-6.018584134701788768e-01
-6.018584134701788768e-01
-6.018584134701788768e-01
-6.018584134701788768e-01
-6.018584134701788768e-01
-6.018584134701788768e-01
-6.018584134701788768e-01
-6.018584134701788768e-01
-6.018584134701788768e-01
-6.018584134701788768e-01
-6.018584134701788768e-01
-6.018584134701788768e-01
-6.573219030354719994e-01
-6.573219030354719994e-01
-6.573219030354719994e-01
-6.573219030354719994e-01
-6.573219030354719994e-01
-6.573219030354719994e-01
-6.331178016006148157e-01
-6.331178016006148157e-01
-6.331178016006148157e-01
-6.331178016006148157e-01
-6.331178016006148157e-01
-6.377132855227526376e-01
-6.377132855227526376e-01
-6.377132855227526376e-01
-5.997197122008576242e-01
-5.997197122008576242e-01
-5.997197122008576242e-01
-6.082779362826228331e-01
-6.082779362826228331e-01
-6.082779362826228331e-01
-6.082779362826228331e-01
-6.082779362826228331e-01
-6.082779362826228331e-01
-6.082779362826228331e-01
-6.082779362826228331e-01
-6.082779362826228331e-01
-6.082779362826228331e-01
-6.082779362826228331e-01
-6.082779362826228331e-01
-6.082779362826228331e-01
-6.082779362826228331e-01
-6.082779362826228331e-01
-6.082779362826228331e-01
-6.082779362826228331e-01
-6.082779362826228331e-01
-6.082779362826228331e-01
-6.082779362826228331e-01
-6.082779362826228331e-01
-6.082779362826228331e-01
-6.082779362826228331e-01
-6.082779362826228331e-01
-6.082779362826228331e-01
-6.082779362826228331e-01
-6.082779362826228331e-01
