# Variable: dg_gbsa_00000463
# Sample shape: (2000,)
# Date: 2014-03-03 06:24:05.361271
-5.233312314144739075e-01
-5.233312314144739075e-01
-8.085614522602088128e-01
-8.211907419602227920e-01
-8.211907419602227920e-01
-8.211907419602227920e-01
-8.211907419602227920e-01
-8.211907419602227920e-01
-1.022267637927491091e+00
-1.022267637927491091e+00
-8.723648624711920485e-01
-8.723648624711920485e-01
-7.188647814508150047e-01
-7.188647814508150047e-01
-8.365266865571643340e-01
-8.365266865571643340e-01
-9.628601557438049019e-01
-9.628601557438049019e-01
-9.628601557438049019e-01
-7.025296897778775529e-01
-7.025296897778775529e-01
-7.025296897778775529e-01
-7.025296897778775529e-01
-7.004725317654144634e-01
-7.004725317654144634e-01
-7.004725317654144634e-01
-7.004725317654144634e-01
-5.475691809936873433e-01
-5.475691809936873433e-01
-6.113006211603576601e-01
-7.725719853979223783e-01
-7.725719853979223783e-01
-1.064324584107553928e+00
-8.166903063626407278e-01
-1.155862730730104149e+00
-1.198662056749683069e+00
-1.198662056749683069e+00
-1.198662056749683069e+00
-8.525478566353908993e-01
-1.183944951963698200e+00
-1.045808395509737920e+00
-7.792804140889620923e-01
-7.792804140889620923e-01
-7.792804140889620923e-01
-7.792804140889620923e-01
-7.807340608272224092e-01
-7.807340608272224092e-01
-1.169577953236508705e+00
-1.169577953236508705e+00
-1.169577953236508705e+00
-1.169577953236508705e+00
-1.169577953236508705e+00
-1.169577953236508705e+00
-1.052973261298914442e+00
-1.052973261298914442e+00
-1.052973261298914442e+00
-3.976811642400621127e-01
-3.976811642400621127e-01
-3.175768239092416345e-01
-3.175768239092416345e-01
-4.546423202263009666e-01
-5.788350082492280668e-01
-1.032058299157633030e+00
-1.032058299157633030e+00
-1.032058299157633030e+00
-1.032058299157633030e+00
-1.032058299157633030e+00
-1.032058299157633030e+00
-1.032058299157633030e+00
-1.032058299157633030e+00
-9.958166237315073666e-01
-9.958166237315073666e-01
-9.958166237315073666e-01
-1.049035137971546128e+00
-1.049035137971546128e+00
-1.049035137971546128e+00
-8.569629880711863157e-01
-8.569629880711863157e-01
-7.967032620373464269e-01
-1.300279200646890843e+00
-1.300279200646890843e+00
-1.300279200646890843e+00
-1.300279200646890843e+00
-1.167355258423785180e+00
-1.167355258423785180e+00
-1.167355258423785180e+00
-7.756611699128014292e-01
-7.756611699128014292e-01
-5.697588049886787021e-01
-1.243111850198778567e+00
-1.218356890158716954e+00
-1.085398643923990880e+00
-1.085398643923990880e+00
-1.085398643923990880e+00
-1.085398643923990880e+00
-1.085398643923990880e+00
-8.436919512301968016e-01
-8.436919512301968016e-01
-8.436919512301968016e-01
-8.436919512301968016e-01
-8.436919512301968016e-01
-1.262652600472561337e+00
-1.228051363396142959e+00
-1.228051363396142959e+00
-1.228051363396142959e+00
-1.228051363396142959e+00
-1.228051363396142959e+00
-1.228051363396142959e+00
-1.228051363396142959e+00
-1.228051363396142959e+00
-1.228051363396142959e+00
-1.228051363396142959e+00
-1.110576648785096987e+00
-1.110576648785096987e+00
-1.110576648785096987e+00
-1.142386724570513268e+00
-1.127518271852861576e+00
-1.127518271852861576e+00
-7.921320530470196131e-01
-1.134028398284036676e+00
-1.134028398284036676e+00
-1.134028398284036676e+00
-8.281165623528095043e-01
-8.281165623528095043e-01
-8.281165623528095043e-01
-1.122712177254729715e+00
-1.122712177254729715e+00
-1.122712177254729715e+00
-9.770639539904620863e-01
-9.770639539904620863e-01
-1.020434937559167921e+00
-1.020434937559167921e+00
-1.020434937559167921e+00
-1.020434937559167921e+00
-1.020434937559167921e+00
-1.020434937559167921e+00
-1.020434937559167921e+00
-1.020434937559167921e+00
-1.020434937559167921e+00
-9.053866904278785599e-01
-9.053866904278785599e-01
-1.157655086845558401e+00
-6.625777106895957003e-01
-1.243801121502031926e+00
-1.243801121502031926e+00
-1.243801121502031926e+00
-1.243801121502031926e+00
-6.365385725666869998e-01
-6.365385725666869998e-01
-6.365385725666869998e-01
-6.365385725666869998e-01
-1.216348111059651904e+00
-1.216348111059651904e+00
-1.170666792196707773e+00
-1.166420274665205259e+00
-1.166420274665205259e+00
-1.217418031528392675e+00
-1.217418031528392675e+00
-1.217418031528392675e+00
-1.217418031528392675e+00
-1.217418031528392675e+00
-1.217418031528392675e+00
-1.003945990684611322e+00
-1.003945990684611322e+00
-8.079223833394095777e-01
-8.523792427310979969e-01
-8.523792427310979969e-01
-8.593174285232222376e-01
-8.593174285232222376e-01
-9.094727426824331662e-01
-9.094727426824331662e-01
-9.094727426824331662e-01
-9.094727426824331662e-01
-9.094727426824331662e-01
-9.094727426824331662e-01
-9.094727426824331662e-01
-9.094727426824331662e-01
-9.094727426824331662e-01
-1.128050268950015589e+00
-1.128050268950015589e+00
-8.688417493043392170e-01
-8.688417493043392170e-01
-9.689927101135253906e-01
-9.689927101135253906e-01
-9.689927101135253906e-01
-9.689927101135253906e-01
-9.689927101135253906e-01
-9.689927101135253906e-01
-9.689927101135253906e-01
-5.650522034209271016e-01
-5.650522034209271016e-01
-5.650522034209271016e-01
-1.033379630422500917e+00
-1.033379630422500917e+00
-1.033379630422500917e+00
-1.012803719558861726e+00
-9.349784591229878261e-01
-9.349784591229878261e-01
-9.349784591229878261e-01
-9.349784591229878261e-01
-9.349784591229878261e-01
-6.642027065357332116e-01
-1.124234432016230301e+00
-1.124234432016230301e+00
-1.124234432016230301e+00
-1.164986002285667288e+00
-1.164986002285667288e+00
-1.164986002285667288e+00
-1.142442340376728094e+00
-1.185567839423739445e+00
-1.185567839423739445e+00
-1.185567839423739445e+00
-1.164453093453985177e+00
-1.232305288770686458e+00
-1.232305288770686458e+00
-9.567808238771631224e-01
-9.567808238771631224e-01
-9.605458316110059291e-01
-9.605458316110059291e-01
-1.073425518167178350e+00
-1.073425518167178350e+00
-1.073425518167178350e+00
-1.073425518167178350e+00
-1.140712779976897684e+00
-1.309107640049425481e+00
-1.309107640049425481e+00
-1.309107640049425481e+00
-1.309107640049425481e+00
-1.309107640049425481e+00
-1.309107640049425481e+00
-1.309107640049425481e+00
-5.278360547344724818e-01
-6.697963688159307427e-01
-6.697963688159307427e-01
-6.697963688159307427e-01
-6.697963688159307427e-01
-6.697963688159307427e-01
-6.697963688159307427e-01
-8.777531565489321563e-01
-4.683334387511185470e-01
-4.683334387511185470e-01
-8.601691595227038967e-01
-5.594241801457012775e-01
-1.189441457533243707e+00
-1.189441457533243707e+00
-9.336048740729774309e-01
-9.336048740729774309e-01
-9.336048740729774309e-01
-9.336048740729774309e-01
-1.262885776578126285e+00
-8.033676995374048335e-01
-1.153885178538626821e+00
-1.153885178538626821e+00
-1.006277181906180429e+00
-1.006277181906180429e+00
-1.006277181906180429e+00
-1.006277181906180429e+00
-1.006277181906180429e+00
-1.006277181906180429e+00
-5.460382647541695000e-01
-5.548408906728770074e-01
-5.548408906728770074e-01
-5.548408906728770074e-01
-5.548408906728770074e-01
-5.548408906728770074e-01
-5.548408906728770074e-01
-5.548408906728770074e-01
-5.548408906728770074e-01
-5.548408906728770074e-01
-5.548408906728770074e-01
-5.548408906728770074e-01
-5.548408906728770074e-01
-5.548408906728770074e-01
-9.197700433931660369e-01
-9.197700433931660369e-01
-1.058212087897451914e+00
-1.058212087897451914e+00
-9.929870556235085299e-01
-9.929870556235085299e-01
-9.929870556235085299e-01
-9.929870556235085299e-01
-9.929870556235085299e-01
-9.929870556235085299e-01
-8.317873765132166586e-01
-8.317873765132166586e-01
-8.745084643136018521e-01
-8.465087550548020534e-01
-8.465087550548020534e-01
-8.465087550548020534e-01
-1.239514145750844287e+00
-1.239514145750844287e+00
-1.248486411275189001e+00
-1.248151690736555297e+00
-1.248151690736555297e+00
-1.248151690736555297e+00
-5.100403643474979987e-01
-1.136305341301183214e+00
-1.136305341301183214e+00
-1.286734928364507535e+00
-1.286734928364507535e+00
-8.921307541900108662e-01
-8.921307541900108662e-01
-8.921307541900108662e-01
-3.850756081294831046e-01
-3.850756081294831046e-01
-3.850756081294831046e-01
-3.850756081294831046e-01
-2.986626631899044204e-01
-2.986626631899044204e-01
-2.986626631899044204e-01
-2.986626631899044204e-01
-3.305187815689903386e-01
-1.103043100346114747e+00
-8.377032799656942696e-01
-8.987958185075572981e-01
-8.987958185075572981e-01
-1.101288809147209280e+00
-8.372022818424961210e-01
-8.372022818424961210e-01
-8.372022818424961210e-01
-7.888246220794735697e-01
-1.229021904801319343e+00
-1.229021904801319343e+00
-1.229021904801319343e+00
-1.284525681636073502e+00
-1.284525681636073502e+00
-1.326253833551935601e+00
-1.326253833551935601e+00
-1.326253833551935601e+00
-1.158020578424515667e+00
-1.158020578424515667e+00
-1.158020578424515667e+00
-1.158020578424515667e+00
-1.158020578424515667e+00
-1.326253833551935601e+00
-1.298173435787397745e+00
-1.128471718235635857e+00
-1.117069338293422032e+00
-1.117069338293422032e+00
-1.443482493807207279e+00
-1.443482493807207279e+00
-1.479178382151441262e+00
-1.486944080994644146e+00
-1.486944080994644146e+00
-1.486944080994644146e+00
-1.318151020866962897e+00
-1.318151020866962897e+00
-8.949772463701878289e-01
-9.049539584274729487e-01
-1.004699767205728733e+00
-1.004699767205728733e+00
-1.004699767205728733e+00
-1.004699767205728733e+00
-1.055791204791679760e+00
-1.055791204791679760e+00
-7.361915553732993889e-01
-7.361915553732993889e-01
-1.249181039018794959e+00
-1.288435313259438386e+00
-1.309199611269948882e+00
-1.309199611269948882e+00
-5.885951833560862934e-01
-1.058349189977116911e+00
-1.058349189977116911e+00
-1.058349189977116911e+00
-1.094379912826800583e+00
-1.094379912826800583e+00
-1.094379912826800583e+00
-5.391389986297140391e-01
-5.514161878516523618e-01
-5.514161878516523618e-01
-1.343105194901416999e+00
-1.343105194901416999e+00
-1.343105194901416999e+00
-1.068709913220961649e+00
-1.068709913220961649e+00
-1.164454005188513275e+00
-1.164454005188513275e+00
-1.164454005188513275e+00
-1.164454005188513275e+00
-1.164454005188513275e+00
-1.164454005188513275e+00
-1.164454005188513275e+00
-1.164454005188513275e+00
-1.431700148500402392e+00
-1.431700148500402392e+00
-1.431700148500402392e+00
-1.431700148500402392e+00
-1.431700148500402392e+00
-1.321619714879169072e+00
-1.321619714879169072e+00
-8.330678506745434753e-01
-8.330678506745434753e-01
-8.330678506745434753e-01
-8.330678506745434753e-01
-8.330678506745434753e-01
-8.330678506745434753e-01
-1.127981205059511050e+00
-1.136037747217181870e+00
-9.274630883911598733e-01
-9.274630883911598733e-01
-1.191165889426353486e+00
-1.191165889426353486e+00
-1.191165889426353486e+00
-1.410057166338422707e+00
-6.888987457319153407e-01
-6.888987457319153407e-01
-6.888987457319153407e-01
-6.888987457319153407e-01
-6.888987457319153407e-01
-6.888987457319153407e-01
-6.888987457319153407e-01
-6.888987457319153407e-01
-9.430764282182798608e-01
-9.430764282182798608e-01
-9.430764282182798608e-01
-1.124624540427446862e+00
-7.855561677630042983e-01
-7.855561677630042983e-01
-7.855561677630042983e-01
-7.855561677630042983e-01
-7.855561677630042983e-01
-7.855561677630042983e-01
-7.855561677630042983e-01
-1.013639210287061276e+00
-1.146501154562255431e+00
-1.146501154562255431e+00
-1.146501154562255431e+00
-1.146501154562255431e+00
-1.146501154562255431e+00
-1.317638170194899372e+00
-1.317638170194899372e+00
-1.317638170194899372e+00
-1.317638170194899372e+00
-1.017419489574249880e+00
-1.017419489574249880e+00
-1.017419489574249880e+00
-1.017419489574249880e+00
-1.017419489574249880e+00
-1.017419489574249880e+00
-1.017419489574249880e+00
-9.918288108723568586e-01
-1.134391040692593666e+00
-1.134391040692593666e+00
-1.134391040692593666e+00
-1.126454733525817709e+00
-1.126454733525817709e+00
-1.126454733525817709e+00
-1.126454733525817709e+00
-1.126454733525817709e+00
-1.126454733525817709e+00
-1.126454733525817709e+00
-1.126454733525817709e+00
-8.365864051687557090e-01
-8.365864051687557090e-01
-8.365864051687557090e-01
-8.365864051687557090e-01
-1.307877482237369104e+00
-1.139477721591752424e+00
-1.101331660670030521e+00
-1.101331660670030521e+00
-1.200927489118411851e+00
-4.979753813369779958e-01
-1.075497662815947386e+00
-1.075497662815947386e+00
-1.075497662815947386e+00
-1.054075206442955048e+00
-1.054075206442955048e+00
-1.054075206442955048e+00
-1.054075206442955048e+00
-8.135690971724617304e-01
-8.135690971724617304e-01
-8.135690971724617304e-01
-8.135690971724617304e-01
-1.435017494580941744e+00
-1.435017494580941744e+00
-6.415098050812233499e-01
-6.415098050812233499e-01
-6.415098050812233499e-01
-6.415098050812233499e-01
-9.270920694216259195e-01
-9.270920694216259195e-01
-1.011040197047859079e+00
-1.011040197047859079e+00
-1.011040197047859079e+00
-1.083180849684356017e+00
-1.083180849684356017e+00
-1.083180849684356017e+00
-1.083548164732369479e+00
-1.121993616479760592e+00
-1.121993616479760592e+00
-1.121993616479760592e+00
-1.121993616479760592e+00
-1.121993616479760592e+00
-6.587846671190134007e-01
-6.587846671190134007e-01
-1.040486373135510068e+00
-1.040486373135510068e+00
-1.040486373135510068e+00
-1.040486373135510068e+00
-7.459725294240802107e-01
-7.459725294240802107e-01
-7.749198157746294280e-01
-7.149765755888608521e-01
-8.003242726991554035e-01
-7.918025179985147544e-01
-7.918025179985147544e-01
-1.269219596344927758e+00
-1.271197034569588880e+00
-1.259365227664633879e+00
-1.308658154927065942e+00
-1.308658154927065942e+00
-1.490710798230727274e+00
-1.493136923810036043e+00
-1.493136923810036043e+00
-1.493136923810036043e+00
-1.493143989752629075e+00
-1.493143989752629075e+00
-1.195915000616478263e+00
-1.195915000616478263e+00
-1.195915000616478263e+00
-1.394648624879680110e+00
-1.246087751698539581e+00
-1.246098236645612811e+00
-1.246098236645612811e+00
-1.304513751662711885e+00
-1.509457655664155684e+00
-1.509529796658692691e+00
-1.509529796658692691e+00
-1.505687633390408342e+00
-1.505687633390408342e+00
-1.249424358170985183e+00
-1.249424358170985183e+00
-1.249433361549450394e+00
-1.249433361549450394e+00
-1.249433361549450394e+00
-1.306878904995453228e+00
-1.306878904995453228e+00
-1.306926201224098971e+00
-1.306926201224098971e+00
-1.306926201224098971e+00
-1.306926201224098971e+00
-1.306884375402621812e+00
-1.306886540772126182e+00
-1.259198608179621148e+00
-1.122076014487738860e+00
-1.122076014487738860e+00
-1.453628047702417270e+00
-1.442418841513347427e+00
-1.442418841513347427e+00
-1.448560969095612938e+00
-1.448560969095612938e+00
-1.209593183907678338e+00
-1.209593183907678338e+00
-1.209593183907678338e+00
-1.209593183907678338e+00
-1.170281698325396080e+00
-1.205973369897437530e+00
-1.205973369897437530e+00
-1.150901755229009060e+00
-1.153044103436442702e+00
-1.212613646432500802e+00
-1.121684652441546248e+00
-1.121697188791307864e+00
-1.006613953847502074e+00
-1.006613953847502074e+00
-1.006613953847502074e+00
-1.006613953847502074e+00
-1.006613953847502074e+00
-1.006613953847502074e+00
-8.503933709620516979e-01
-8.503933709620516979e-01
-8.503933709620516979e-01
-1.020533404888203988e+00
-1.244635586528887394e+00
-1.244635586528887394e+00
-1.282363617169469450e+00
-1.282363617169469450e+00
-1.282363617169469450e+00
-1.268763957014503285e+00
-1.369480193231119358e+00
-1.498975671728072001e+00
-1.498241155598861063e+00
-1.192258945158745087e+00
-1.192258945158745087e+00
-1.276337507805906268e+00
-1.209171164787978148e+00
-1.209171164787978148e+00
-1.209171164787978148e+00
-1.482469287930665347e+00
-1.484516245913095167e+00
-1.484516245913095167e+00
-1.484564225942637039e+00
-1.484564225942637039e+00
-1.484564225942637039e+00
-1.489954172539209365e+00
-1.489954172539209365e+00
-1.489954172539209365e+00
-1.366457451369976539e+00
-1.366457451369976539e+00
-1.366457451369976539e+00
-1.366457451369976539e+00
-1.366457451369976539e+00
-1.366457451369976539e+00
-1.417617724912800137e+00
-1.289210971409230577e+00
-1.289210971409230577e+00
-1.417406430435909970e+00
-1.417089830621022672e+00
-1.417089830621022672e+00
-1.417089830621022672e+00
-1.417089830621022672e+00
-1.389926751758582713e+00
-1.354922983888002364e+00
-1.354922983888002364e+00
-1.354922983888002364e+00
-1.354922983888002364e+00
-1.144781053408153948e+00
-1.184312153044895677e+00
-1.184312153044895677e+00
-1.184312153044895677e+00
-1.184312153044895677e+00
-1.195163845332129160e+00
-1.195163845332129160e+00
-1.195163845332129160e+00
-1.195163845332129160e+00
-1.152409650171692057e+00
-1.152445321785104282e+00
-1.152445321785104282e+00
-1.152445321785104282e+00
-1.193584835096253460e+00
-9.954811054251617719e-01
-9.954811054251617719e-01
-5.550687673214972362e-01
-5.550687673214972362e-01
-5.550687673214972362e-01
-5.550687673214972362e-01
-5.550687673214972362e-01
-1.003295012231538719e+00
-1.199399991883374428e+00
-1.199399991883374428e+00
-1.223990497807927458e+00
-1.226653446430913785e+00
-1.163821945226898968e+00
-1.163821945226898968e+00
-1.163821945226898968e+00
-7.785844187435638775e-01
-1.221902625738548576e+00
-1.221902625738548576e+00
-1.221902625738548576e+00
-1.221906386643477171e+00
-1.221906386643477171e+00
-1.221906386643477171e+00
-1.221906386643477171e+00
-1.221906386643477171e+00
-1.221906386643477171e+00
-1.221906386643477171e+00
-1.221906386643477171e+00
-1.221906386643477171e+00
-1.221906386643477171e+00
-9.990063269781108701e-01
-9.990063269781108701e-01
-1.095343502256200141e+00
-1.095343502256200141e+00
-1.095285949014112914e+00
-7.295697984458383578e-01
-7.295697984458383578e-01
-7.295697984458383578e-01
-7.295697984458383578e-01
-7.295692855951662059e-01
-7.295692855951662059e-01
-7.295346396830979518e-01
-1.102181397250231898e+00
-1.102615724786061735e+00
-1.102697894860408034e+00
-7.240249139628948116e-01
-1.321344371051678790e+00
-1.321344371051678790e+00
-1.015555676265154972e+00
-1.301956336311354878e+00
-1.301956336311354878e+00
-1.301956336311354878e+00
-1.213552505062825304e+00
-1.035932259167585467e+00
-1.035932259167585467e+00
-1.035894992018748795e+00
-1.035894992018748795e+00
-1.035894992018748795e+00
-1.377702671072907004e+00
-1.377702671072907004e+00
-1.404236311210500965e+00
-1.404236311210500965e+00
-1.404236311210500965e+00
-1.385403978665061819e+00
-1.385403978665061819e+00
-1.384943894628812844e+00
-1.384943894628812844e+00
-1.342288622664675746e+00
-1.342288622664675746e+00
-1.342288622664675746e+00
-1.342288622664675746e+00
-1.342288622664675746e+00
-1.350037568385924702e+00
-1.350037568385924702e+00
-1.350037568385924702e+00
-1.350092728324875369e+00
-1.274953266858598555e+00
-1.274953266858598555e+00
-1.274953266858598555e+00
-1.274953266858598555e+00
-1.274953266858598555e+00
-1.274953266858598555e+00
-1.274953266858598555e+00
-1.274953266858598555e+00
-1.271825903460354956e+00
-1.125734235314976406e+00
-1.125734235314976406e+00
-1.125734235314976406e+00
-1.126022343425860051e+00
-1.295653287584877411e+00
-1.295653287584877411e+00
-1.295653287584877411e+00
-1.295653287584877411e+00
-1.295653287584877411e+00
-1.295653287584877411e+00
-1.292742119236612419e+00
-1.292742119236612419e+00
-1.292742119236612419e+00
-1.292742119236612419e+00
-1.292742119236612419e+00
-1.295105791000745521e+00
-1.295105791000745521e+00
-1.295017352751518525e+00
-1.295017352751518525e+00
-1.224832712578272087e+00
-1.224832712578272087e+00
-1.224832712578272087e+00
-1.224780971643801619e+00
-8.867865082866602799e-01
-8.867865082866602799e-01
-8.867865082866602799e-01
-8.867865082866602799e-01
-8.867865082866602799e-01
-1.306337448652570066e+00
-1.306337448652570066e+00
-1.306337448652570066e+00
-1.306337448652570066e+00
-1.306337448652570066e+00
-1.306337448652570066e+00
-1.004659308986043831e+00
-1.340562139368877803e+00
-1.341232492180672864e+00
-1.341232492180672864e+00
-9.602057546320198478e-01
-9.602057546320198478e-01
-9.602042730634116063e-01
-7.604521273654915037e-01
-1.319576061934403688e+00
-1.115622985431386605e+00
-1.115615121721081682e+00
-1.288180255525198659e+00
-1.288986114881234712e+00
-1.083290143860913490e+00
-1.149988653099103697e+00
-1.149988653099103697e+00
-1.149988653099103697e+00
-1.150003354818369683e+00
-9.303454801183813627e-01
-9.303454801183813627e-01
-9.516038812597211738e-01
-9.516038812597211738e-01
-9.244169263493261512e-01
-9.244169263493261512e-01
-9.542469996567209956e-01
-1.107220440020296737e+00
-1.107220440020296737e+00
-1.039188177134293234e+00
-1.091046497425203210e+00
-1.091046497425203210e+00
-6.523291307927089333e-01
-6.523291307927089333e-01
-6.523291307927089333e-01
-6.523291307927089333e-01
-1.391264836145404526e+00
-1.230850274430634217e+00
-1.214582651112777079e+00
-1.214582651112777079e+00
-1.214582651112777079e+00
-1.214582651112777079e+00
-1.214582651112777079e+00
-1.214582651112777079e+00
-1.230833635275496052e+00
-1.230866913585772160e+00
-1.230866913585772160e+00
-1.230866913585772160e+00
-1.231002192196380962e+00
-1.231052223628611220e+00
-1.161866844498176565e+00
-1.161866844498176565e+00
-1.289270006219925824e+00
-1.251563857208018549e+00
-1.251563857208018549e+00
-1.251563857208018549e+00
-1.163082072657335209e+00
-6.249675217367722801e-01
-6.249675217367722801e-01
-6.249675217367722801e-01
-1.378873452173820180e+00
-1.378781480953296779e+00
-1.364639680654551102e+00
-1.364639680654551102e+00
-1.364639680654551102e+00
-1.360333786411905388e+00
-1.353002984938612263e+00
-1.353002984938612263e+00
-1.060084676651380287e+00
-1.060084676651380287e+00
-1.060076129140179235e+00
-1.060076129140179235e+00
-1.060074191704306834e+00
-1.060074191704306834e+00
-1.060117954961656395e+00
-1.060117954961656395e+00
-1.060117954961656395e+00
-1.116221197248644881e+00
-1.116221197248644881e+00
-1.116221197248644881e+00
-8.750541374286775476e-01
-1.025950019719723771e+00
-1.025950019719723771e+00
-1.025950019719723771e+00
-1.025950019719723771e+00
-1.025950019719723771e+00
-1.324987776192834588e+00
-9.992094158442480500e-01
-1.078227851860381836e+00
-1.077129667621269604e+00
-1.077129667621269604e+00
-1.064387151889545580e+00
-1.017547816209081857e+00
-1.017547816209081857e+00
-7.533306259498084856e-01
-7.533306259498084856e-01
-9.361130557598164037e-01
-9.361130557598164037e-01
-8.618337018539982131e-01
-8.618337018539982131e-01
-8.618337018539982131e-01
-8.618252683096132571e-01
-8.618252683096132571e-01
-8.618252683096132571e-01
-8.618252683096132571e-01
-1.083624978366362956e+00
-1.136188753248400740e+00
-1.136188753248400740e+00
-1.136188753248400740e+00
-1.136188753248400740e+00
-1.136188753248400740e+00
-1.136188753248400740e+00
-1.136210748843891283e+00
-1.136224538828629171e+00
-1.136224538828629171e+00
-1.136224538828629171e+00
-1.136224082961365012e+00
-1.136239240547894935e+00
-1.136239240547894935e+00
-1.180727782714435126e+00
-1.348160306992539859e+00
-1.445242597313729505e+00
-1.445242597313729505e+00
-1.086016799934051535e+00
-1.276482359629060204e+00
-1.276472558482883102e+00
-1.276472558482883102e+00
-1.276472558482883102e+00
-1.276472558482883102e+00
-1.168232461006645906e+00
-1.120795141442555876e+00
-1.120795141442555876e+00
-1.129304701693883084e+00
-1.150242115297919199e+00
-1.276490565239813302e+00
-1.276490565239813302e+00
-1.170333895127130486e+00
-1.170334350994394423e+00
-1.169690210550282661e+00
-9.854503161136779488e-01
-9.063934162971394315e-01
-9.063876039895226722e-01
-1.367072302342372758e+00
-1.367072302342372758e+00
-1.367072302342372758e+00
-1.375367377045961348e+00
-1.375367377045961348e+00
-1.375367377045961348e+00
-1.375367377045961348e+00
-1.375196768722388274e+00
-1.444537370656234110e+00
-1.444537370656234110e+00
-1.444537370656234110e+00
-1.173162893401049178e+00
-1.173299767547082206e+00
-1.173299767547082206e+00
-1.351297813437408957e+00
-1.359544110343743339e+00
-1.022990073574204795e+00
-1.253944282094105578e+00
-1.253944282094105578e+00
-1.253944282094105578e+00
-1.243763170552299346e+00
-1.243763170552299346e+00
-1.345072831979901018e+00
-1.345146454543046266e+00
-1.345146454543046266e+00
-1.345146454543046266e+00
-1.184641631109992543e+00
-8.800805298821647860e-01
-8.800805298821647860e-01
-1.383603872806118629e+00
-1.383603872806118629e+00
-1.383532301645661766e+00
-1.383532301645661766e+00
-1.375431996230641385e+00
-1.375431996230641385e+00
-1.375431996230641385e+00
-1.375431996230641385e+00
-1.406903704539311795e+00
-1.407042858021664955e+00
-1.407042858021664955e+00
-1.405226910775295712e+00
-1.405226910775295712e+00
-1.405226910775295712e+00
-1.392066364762432062e+00
-1.392066364762432062e+00
-1.406960460013686687e+00
-1.401371983223617779e+00
-1.401371983223617779e+00
-1.401371983223617779e+00
-1.401371983223617779e+00
-1.401371983223617779e+00
-1.401371983223617779e+00
-1.401371983223617779e+00
-1.157506702051108061e+00
-1.157506702051108061e+00
-1.157506702051108061e+00
-1.301981522977693873e+00
-1.301981522977693873e+00
-1.301981522977693873e+00
-7.432680968800647880e-01
-7.432680968800647880e-01
-7.432680968800647880e-01
-7.432680968800647880e-01
-7.432680968800647880e-01
-1.136646102081065424e+00
-1.136646102081065424e+00
-1.221165374405753345e+00
-1.387739386658823459e+00
-1.389068239733548316e+00
-1.389068239733548316e+00
-1.389068239733548316e+00
-1.388252693198151144e+00
-1.388252693198151144e+00
-1.388252693198151144e+00
-1.388252693198151144e+00
-1.388252693198151144e+00
-1.388252693198151144e+00
-1.263969714965236690e+00
-1.388845320641424630e+00
-1.388845320641424630e+00
-1.388845320641424630e+00
-1.052296298411790509e+00
-1.052296298411790509e+00
-1.025601737129984592e+00
-1.025601737129984592e+00
-1.025597064490527899e+00
-1.025599343826848253e+00
-1.057754966998419421e+00
-1.057754966998419421e+00
-1.057754966998419421e+00
-1.078959176918744545e+00
-1.078959176918744545e+00
-1.078959176918744545e+00
-1.078964989226361304e+00
-1.078964989226361304e+00
-1.078504221389216200e+00
-1.078964989226361304e+00
-1.078964989226361304e+00
-1.412956710071454181e+00
-1.412956710071454181e+00
-1.182757645674462843e+00
-1.389938148440184040e+00
-5.910851873357710895e-01
-9.074906318183154630e-01
-1.154189697871016662e+00
-1.154189697871016662e+00
-1.154189697871016662e+00
-9.763803810280093920e-01
-9.765101892314494991e-01
-9.764696170449483903e-01
-9.764696170449483903e-01
-9.410459954241721103e-01
-9.411114123765642603e-01
-9.411114123765642603e-01
-9.411114123765642603e-01
-9.408352707813619764e-01
-9.408352707813619764e-01
-9.408352707813619764e-01
-9.408352707813619764e-01
-1.051338635256823695e+00
-1.051338635256823695e+00
-1.051338635256823695e+00
-1.051338635256823695e+00
-1.051338635256823695e+00
-1.051337153688215453e+00
-1.051337153688215453e+00
-1.051337153688215453e+00
-1.267309512508530744e+00
-1.267309512508530744e+00
-1.267309512508530744e+00
-1.267309512508530744e+00
-1.180322744650321054e+00
-1.180322744650321054e+00
-1.180329468692465911e+00
-1.180329468692465911e+00
-1.192435593723566889e+00
-1.194859895833819463e+00
-1.194859895833819463e+00
-1.004170961179423172e+00
-1.203172407460258331e+00
-1.203172407460258331e+00
-1.203172407460258331e+00
-1.285511038727331634e+00
-9.636476664424625804e-01
-9.636476664424625804e-01
-9.636476664424625804e-01
-9.636476664424625804e-01
-9.636476664424625804e-01
-9.636476664424625804e-01
-9.636476664424625804e-01
-9.636476664424625804e-01
-9.636476664424625804e-01
-6.448287466971869275e-01
-6.448287466971869275e-01
-6.448287466971869275e-01
-6.448287466971869275e-01
-6.448287466971869275e-01
-6.448287466971869275e-01
-9.212160543547532887e-01
-9.212160543547532887e-01
-9.212160543547532887e-01
-1.272926253068971336e+00
-1.272926253068971336e+00
-1.272926253068971336e+00
-1.272370436907270363e+00
-1.038485913614014100e+00
-1.038485913614014100e+00
-1.038485913614014100e+00
-1.012230124573862522e+00
-1.012230124573862522e+00
-1.342611376687627756e+00
-1.342611376687627756e+00
-1.342611376687627756e+00
-1.342625166672365644e+00
-1.342625166672365644e+00
-1.342625166672365644e+00
-6.699162049229696603e-01
-6.699162049229696603e-01
-6.699162049229696603e-01
-6.699162049229696603e-01
-6.699162049229696603e-01
-1.044016837161995781e+00
-1.150652965669650030e+00
-1.150644532125265185e+00
-1.226163844989317075e+00
-1.226169543330117628e+00
-1.226152676241347717e+00
-1.226152676241347717e+00
-1.226152676241347717e+00
-1.211630682644379009e+00
-1.211664758722367230e+00
-1.362385758934239632e+00
-1.362385758934239632e+00
-1.362385758934239632e+00
-1.360089897425635019e+00
-1.413161850340279635e+00
-1.413161850340279635e+00
-1.413161850340279635e+00
-1.416103789728868412e+00
-1.416103789728868412e+00
-9.968393619384181559e-01
-1.409529044113013274e+00
-1.403512507961995226e+00
-1.139163059212737528e+00
-1.228126467527896448e+00
-1.228126467527896448e+00
-1.227128118219612540e+00
-1.227128118219612540e+00
-1.081582806990205814e+00
-8.412969955750678741e-01
-8.413263990135995130e-01
-8.413263990135995130e-01
-8.413263990135995130e-01
-8.413263990135995130e-01
-7.792379044665889154e-01
-7.792379044665889154e-01
-9.691674212424750134e-01
-9.691674212424750134e-01
-7.669092022438122047e-01
-7.669092022438122047e-01
-7.669092022438122047e-01
-7.669092022438122047e-01
-7.669092022438122047e-01
-7.669092022438122047e-01
-7.669092022438122047e-01
-1.307858449779094601e+00
-1.307858449779094601e+00
-1.307858449779094601e+00
-1.222371143319182840e+00
-1.183668582434863836e+00
-1.183668582434863836e+00
-1.183668582434863836e+00
-1.183668582434863836e+00
-1.400846824135424606e+00
-1.400846824135424606e+00
-1.400846824135424606e+00
-1.400846824135424606e+00
-1.400846824135424606e+00
-1.400846824135424606e+00
-1.400846824135424606e+00
-1.400140913677033083e+00
-1.391309625104098169e+00
-1.391309625104098169e+00
-1.391309625104098169e+00
-1.370464752554665377e+00
-1.370464752554665377e+00
-1.423684748363312380e+00
-1.423684748363312380e+00
-1.439173066593264938e+00
-1.439429263995664732e+00
-1.315365557916761574e+00
-1.264905724425160694e+00
-1.262600973504907076e+00
-1.262600973504907076e+00
-1.278307652154342611e+00
-8.710263792005140671e-01
-8.710263792005140671e-01
-8.710263792005140671e-01
-5.313419019286992340e-01
-9.234817716405222532e-01
-9.234817716405222532e-01
-1.101956882622684208e+00
-1.139580519659797231e+00
-1.128192271602769026e+00
-1.128192271602769026e+00
-1.041103617411042626e+00
-6.868380547481558462e-01
-6.868380547481558462e-01
-1.112098903546597573e+00
-1.310181321423094625e+00
-1.319288637624415950e+00
-1.319288637624415950e+00
-1.319288637624415950e+00
-1.319288637624415950e+00
-1.254811113696709057e+00
-1.254811113696709057e+00
-1.235204490603269978e+00
-1.235204490603269978e+00
-9.133607775941633422e-01
-9.133607775941633422e-01
-9.141610525762144945e-01
-9.141610525762144945e-01
-9.121853808372015759e-01
-9.121853808372015759e-01
-1.097964625057709087e+00
-1.097964625057709087e+00
-1.024167806650894796e+00
-1.024167806650894796e+00
-7.437487519266043901e-01
-7.434744338004584119e-01
-1.085293566519625941e+00
-1.321870555841216044e+00
-1.305657978495493809e+00
-1.305657978495493809e+00
-1.354563418583477841e+00
-1.245678838762680707e+00
-1.252983655801922502e+00
-1.252983655801922502e+00
-1.252983655801922502e+00
-1.252983655801922502e+00
-1.237394818840245492e+00
-1.048851765364579469e+00
-1.048851765364579469e+00
-1.048851765364579469e+00
-1.048851765364579469e+00
-1.048851765364579469e+00
-1.048851765364579469e+00
-1.248524590158553549e+00
-1.131688659551266740e+00
-1.131688659551266740e+00
-1.131688659551266740e+00
-1.023771430064797539e+00
-1.127722158486710757e+00
-1.238396245252561867e+00
-8.896065601655219757e-01
-7.088662447482632079e-01
-1.403757764550057630e+00
-1.143035195753633548e+00
-1.152101142000741651e+00
-7.679201448852654988e-01
-9.698489428022395442e-01
-1.004110900667383843e+00
-1.004110900667383843e+00
-9.897358102962573456e-01
-9.863717378211522835e-01
-1.294244087904862672e+00
-1.248241268653942582e+00
-1.248241268653942582e+00
-1.248241268653942582e+00
-1.267492429248233465e+00
-1.267492429248233465e+00
-1.386927373094722693e+00
-1.400232656963924516e+00
-1.400232656963924516e+00
-1.031840052704966038e+00
-8.534961745114444387e-01
-8.534961745114444387e-01
-8.534961745114444387e-01
-1.156893446614135845e+00
-1.156893446614135845e+00
-1.156893446614135845e+00
-1.156910199736089995e+00
-1.156906894698425559e+00
-1.156906894698425559e+00
-1.156906894698425559e+00
-1.114632043966143682e+00
-1.114601044992187928e+00
-1.016021914509468660e+00
-1.016021914509468660e+00
-1.273024036597111497e+00
-1.308726876917122306e+00
-1.312232382210900994e+00
-1.312232382210900994e+00
-1.312232382210900994e+00
-9.541121769133762420e-01
-9.541121769133762420e-01
-9.541121769133762420e-01
-9.541121769133762420e-01
-7.105105579697150731e-01
-7.105105579697150731e-01
-7.176663633970183920e-01
-7.061506434562785373e-01
-7.061506434562785373e-01
-7.528856425166813304e-01
-1.435884098249913032e+00
-1.212278356059787399e+00
-1.212278356059787399e+00
-1.212409987732283589e+00
-8.555635895373487898e-01
-8.555635895373487898e-01
-8.555635895373487898e-01
-8.555635895373487898e-01
-1.220627792934614542e+00
-1.220627792934614542e+00
-1.220627792934614542e+00
-1.354177071077189876e+00
-1.354177071077189876e+00
-1.352937567986220113e+00
-1.392972742850192347e+00
-1.348229028982596445e+00
-1.348229028982596445e+00
-1.348229028982596445e+00
-1.345636853752354867e+00
-1.345636853752354867e+00
-1.180282172463819945e+00
-1.180282172463819945e+00
-1.180463721601730409e+00
-1.180463721601730409e+00
-1.180463721601730409e+00
-9.647023153578573318e-01
-9.647023153578573318e-01
-9.647023153578573318e-01
-9.647023153578573318e-01
-9.647023153578573318e-01
-9.977670518207731876e-01
-1.101965999967965182e+00
-1.101965999967965182e+00
-1.102529451906339109e+00
-1.102529451906339109e+00
-8.802927930769910425e-01
-1.156825066524527434e+00
-1.156762042875271623e+00
-1.156762042875271623e+00
-1.156762042875271623e+00
-1.156762042875271623e+00
-1.156762042875271623e+00
-1.156762042875271623e+00
-1.023335734927175444e+00
-1.023335734927175444e+00
-1.023335734927175444e+00
-1.261236790717217948e+00
-1.261236790717217948e+00
-9.953588190315785234e-01
-9.984057218577163662e-01
-1.177487364234705458e+00
-1.175109332651754546e+00
-1.175109332651754546e+00
-1.175109332651754546e+00
-1.175109332651754546e+00
-1.175081068881383084e+00
-1.217630123772994954e+00
-1.217630123772994954e+00
-1.217630123772994954e+00
-1.217630123772994954e+00
-1.383950559860433582e+00
-1.383950559860433582e+00
-1.274525435431281606e+00
-1.274525435431281606e+00
-1.265322956938588428e+00
-1.264983677727314459e+00
-1.264983677727314459e+00
-1.264983677727314459e+00
-1.264983677727314459e+00
-1.271213559757910838e+00
-1.271213559757910838e+00
-1.271221537435031967e+00
-1.192172444345390270e+00
-5.578709264102447163e-01
-5.578709264102447163e-01
-1.084034233202669784e+00
-7.382464340494421240e-01
-4.978136624250539266e-01
-4.978136624250539266e-01
-2.802083585731841575e-01
-2.079907783358776185e-01
-1.354797848324018839e+00
-1.279612686164520285e+00
-1.337395229485476955e+00
-1.292962417091967575e+00
-1.292962417091967575e+00
-1.292962417091967575e+00
-1.293749927790625254e+00
-1.293749927790625254e+00
-1.293749927790625254e+00
-1.284701304499551222e+00
-1.168653454425002014e+00
-1.170922191831395454e+00
-1.170922191831395454e+00
-1.170922191831395454e+00
-1.170922191831395454e+00
-1.168315770749152271e+00
-1.344486814611956405e+00
-8.470615510958785510e-01
-8.470615510958785510e-01
-8.500253151297341159e-01
-8.500253151297341159e-01
-8.775594699451161329e-01
-5.097360159653322453e-01
-4.064809979717772248e-01
-9.025613390920722567e-01
-9.025613390920722567e-01
-9.025613390920722567e-01
-9.025613390920722567e-01
-9.854433641379011233e-01
-9.854433641379011233e-01
-9.873770391052129058e-01
-9.873770391052129058e-01
-1.093345094137392337e+00
-1.395573351624818770e+00
-1.395589990779956935e+00
-1.357227392907808028e+00
-1.357227392907808028e+00
-1.270952917649686542e+00
-1.270952917649686542e+00
-1.270952917649686542e+00
-1.169090175263968190e+00
-1.192728944307987371e+00
-1.252372337800822688e+00
-1.116796045868620135e+00
-1.116796045868620135e+00
-1.263966865794836414e+00
-1.263966865794836414e+00
-9.630346389391225559e-01
-9.630346389391225559e-01
-9.630346389391225559e-01
-9.630346389391225559e-01
-1.353510935037587348e+00
-1.353510935037587348e+00
-1.396219657438434902e+00
-1.421406779644821983e+00
-1.043448826550981368e+00
-1.043448826550981368e+00
-1.043448826550981368e+00
-1.070138145359250670e+00
-1.065733897754384651e+00
-1.388296570422316467e+00
-1.325788051174885851e+00
-1.325788051174885851e+00
-7.475123920586550508e-01
-7.475123920586550508e-01
-7.400474516429135230e-01
-1.303842031249124567e+00
-1.303842031249124567e+00
-1.303872118488552445e+00
-1.303719972789173509e+00
-1.303719972789173509e+00
-1.303719972789173509e+00
-1.117606008030032516e+00
-1.117606008030032516e+00
-1.117606008030032516e+00
-1.117606008030032516e+00
-1.117606008030032516e+00
-1.117606008030032516e+00
-1.117606008030032516e+00
-9.693007624172115255e-01
-1.239918841914510628e+00
-1.239918841914510628e+00
-1.239918841914510628e+00
-1.239255099178044217e+00
-1.239255099178044217e+00
-1.262627641739854312e+00
-1.262627641739854312e+00
-1.262627641739854312e+00
-1.283418266084864312e+00
-1.283262245513740796e+00
-1.283262245513740796e+00
-1.248884155463078294e+00
-1.248884155463078294e+00
-1.248884155463078294e+00
-1.245717473513309637e+00
-1.186148842251779412e+00
-1.186148842251779412e+00
-1.186148842251779412e+00
-1.186148842251779412e+00
-1.186148842251779412e+00
-1.186148842251779412e+00
-1.186148842251779412e+00
-1.180832176317904159e+00
-1.180832176317904159e+00
-1.180832176317904159e+00
-1.189075624053838265e+00
-1.189075624053838265e+00
-1.189075624053838265e+00
-1.189075624053838265e+00
-1.181290664818729130e+00
-1.181290664818729130e+00
-1.181290664818729130e+00
-1.198480393644956399e+00
-1.206711191064312905e+00
-1.106401930347683304e+00
-1.106401930347683304e+00
-1.106401930347683304e+00
-1.098685123268550390e+00
-1.098685123268550390e+00
-1.098685123268550390e+00
-1.098685123268550390e+00
-1.098685123268550390e+00
-1.272023635886139425e+00
-1.269367867172562114e+00
-1.269367867172562114e+00
-1.176423711940845607e+00
-1.126291305111653429e+00
-1.171652605155230065e+00
-1.206442001444887557e+00
-1.363885676199801722e+00
-1.297943108852233296e+00
-1.297943108852233296e+00
-1.297943108852233296e+00
-1.236280565280075461e+00
-1.236280565280075461e+00
-1.015047498232547918e+00
-1.015047498232547918e+00
-1.022387189117489825e+00
-1.022387189117489825e+00
-1.047993937140440979e+00
-1.047993937140440979e+00
-1.047993937140440979e+00
-1.047993937140440979e+00
-1.047993937140440979e+00
-1.047993937140440979e+00
-1.047993937140440979e+00
-1.047983224259735779e+00
-1.047983224259735779e+00
-1.047983224259735779e+00
-1.047983224259735779e+00
-1.047906638559374271e+00
-1.307058630664307497e+00
-1.307058630664307497e+00
-1.154642943898304797e+00
-1.154642943898304797e+00
-1.154642943898304797e+00
-1.154642943898304797e+00
-1.154642943898304797e+00
-1.154801015872116476e+00
-1.154801015872116476e+00
-1.154801015872116476e+00
-1.154726823474891306e+00
-1.154726823474891306e+00
-1.154845690863993912e+00
-1.154845690863993912e+00
-1.230155760653844021e+00
-1.376826836091838313e+00
-1.065011234174038979e+00
-1.065011234174038979e+00
-1.302677860223540263e+00
-1.302581216363560390e+00
-1.302581216363560390e+00
-1.304445143639471505e+00
-1.094855040482763497e+00
-1.094855040482763497e+00
-1.094845695203850333e+00
-8.568131786915357262e-01
-8.637346113617059284e-01
-8.637346113617059284e-01
-8.637346113617059284e-01
-8.637346113617059284e-01
-8.637346113617059284e-01
-8.637346113617059284e-01
-8.397158769530957967e-01
-1.250323556349336673e+00
-1.250323556349336673e+00
-1.250323556349336673e+00
-1.250328001055161176e+00
-1.250328001055161176e+00
-1.128792762756347656e+00
-1.128792762756347656e+00
-1.128792762756347656e+00
-1.128808148276509549e+00
-1.148602930583187964e+00
-1.148602930583187964e+00
-1.148593243403826625e+00
-1.148593243403826625e+00
-1.148593243403826625e+00
-1.148593243403826625e+00
-1.146875649519677687e+00
-1.146875649519677687e+00
-1.146875649519677687e+00
-1.146875649519677687e+00
-1.181431755736954470e+00
-1.181431755736954470e+00
-1.181431755736954470e+00
-1.181457056370109671e+00
-1.181457056370109671e+00
-1.181457056370109671e+00
-1.181959080194651790e+00
-1.181959080194651790e+00
-1.181959080194651790e+00
-1.181620370817457966e+00
-1.181620370817457966e+00
-1.180573813546000217e+00
-1.170470085472267385e+00
-1.067730482404136261e+00
-1.067730482404136261e+00
-1.054759007339039822e+00
-1.054759007339039822e+00
-1.054759007339039822e+00
-1.234934617182948502e+00
-1.290690602581541890e+00
-1.366542926481987275e+00
-1.391050578531298099e+00
-1.391282159101438820e+00
-1.391282159101438820e+00
-1.391282159101438820e+00
-1.390950629633653568e+00
-8.813282955672954166e-01
-8.813282955672954166e-01
-8.813282955672954166e-01
-8.813282955672954166e-01
-8.813282955672954166e-01
-8.804472750960982141e-01
-8.804472750960982141e-01
-8.804472750960982141e-01
-8.804472750960982141e-01
-1.287310574752194903e+00
-1.287310574752194903e+00
-1.287310574752194903e+00
-1.287310574752194903e+00
-1.286422887222260725e+00
-9.530129099895119360e-01
-1.249742439554480722e+00
-1.249742439554480722e+00
-1.076143398795483375e+00
-1.076143398795483375e+00
-1.076143398795483375e+00
-1.029496097200003346e+00
-1.029496097200003346e+00
-8.232822609677140635e-01
-8.152241232746189059e-01
-8.226888357567285759e-01
-8.164257893826719625e-01
-8.164257893826719625e-01
-8.164257893826719625e-01
-1.065119274715620401e+00
-1.065119274715620401e+00
-3.002725584329200004e-01
-3.002725584329200004e-01
-3.002725584329200004e-01
-3.002725584329200004e-01
-5.615659015356467831e-01
-5.615659015356467831e-01
-1.876261761949805373e-01
-1.876261761949805373e-01
-5.527694298250040994e-01
-5.341401861457022449e-01
-5.341401861457022449e-01
-5.341401861457022449e-01
-5.090312451751008993e-01
-5.090312451751008993e-01
-5.968426199305809643e-01
-5.968426199305809643e-01
-5.968426199305809643e-01
-3.872000350550984793e-01
-1.343376578382050601e-01
-1.343376578382050601e-01
-1.109781431080506253e-01
-1.109781431080506253e-01
-1.003719424654375247e+00
-1.003719424654375247e+00
-1.003719424654375247e+00
-1.005217746384513111e+00
-1.362374932086718449e+00
-1.361576936440987540e+00
-1.354402497439265884e+00
-1.354402497439265884e+00
-1.354402497439265884e+00
-1.362105514533660910e+00
-1.360397493862057106e+00
-1.360397493862057106e+00
-1.360429974404621323e+00
-8.624310019367282809e-01
-8.609794635845643418e-01
-8.609794635845643418e-01
-8.609794635845643418e-01
-8.609794635845643418e-01
-8.609794635845643418e-01
-7.935924808108327788e-01
-1.294676819905268284e+00
-1.290255249344367972e+00
-1.290255249344367972e+00
-1.292290582711564273e+00
-1.292290582711564273e+00
-1.238048418530086625e+00
-1.238048418530086625e+00
-1.261193825227580501e+00
-1.326066700040040347e+00
-8.942616487324350771e-01
-8.942616487324350771e-01
-8.942616487324350771e-01
-8.942609649315390596e-01
-8.942609649315390596e-01
-8.942609649315390596e-01
-9.655699447281729242e-01
-9.655699447281729242e-01
-1.201769703888756258e+00
-1.201769703888756258e+00
-1.201769703888756258e+00
-1.201769703888756258e+00
-1.197317590221164352e+00
-9.320021017559627641e-01
-9.320021017559627641e-01
-9.320021017559627641e-01
-9.320021017559627641e-01
-1.226553269599637286e+00
-1.226553269599637286e+00
-1.225784449458805936e+00
-1.222531038762050493e+00
-1.317534460392326467e+00
-9.444800435243099201e-01
-9.444800435243099201e-01
-9.444800435243099201e-01
-8.799728882244394201e-01
-8.799743128096395584e-01
-8.799743128096395584e-01
-8.799743128096395584e-01
-8.799942000190340563e-01
-1.260174164124702179e+00
-1.319898815957355698e+00
-1.318662389970418403e+00
-1.318256668105407980e+00
-1.207068021165253358e+00
-1.207068021165253358e+00
-1.207068021165253358e+00
-1.207068021165253358e+00
-1.206099075295501200e+00
-8.704577987554196206e-01
-1.009608659871905401e+00
-1.148442693239872137e+00
-1.271963005540019953e+00
-9.533493400303856280e-01
-9.533493400303856280e-01
-9.533493400303856280e-01
-9.533493400303856280e-01
-9.532987957474833296e-01
-9.532987957474833296e-01
-9.532987957474833296e-01
-1.009687980775851202e+00
-1.297488951090416842e+00
-1.297419089432200190e+00
-1.297419089432200190e+00
-1.297419089432200190e+00
-1.301819006298057912e+00
-9.379867841819047314e-01
-9.379867841819047314e-01
-8.222742244800691491e-01
-8.222742244800691491e-01
-8.222742244800691491e-01
-1.266550835414324672e+00
-1.256232279892405268e+00
-1.325532309639750217e+00
-1.325532309639750217e+00
-1.208998391094900704e+00
-1.202101461290173479e+00
-1.269089902108303525e+00
-1.273831263554939586e+00
-9.571724138569877027e-01
-9.571724138569877027e-01
-9.571724138569877027e-01
-9.625918778589076519e-01
-9.625918778589076519e-01
-9.625918778589076519e-01
-9.625918778589076519e-01
-9.677238035840239894e-01
-9.679645014994457952e-01
-9.679645014994457952e-01
-1.059801811014033035e+00
-1.059801811014033035e+00
-1.059801811014033035e+00
-1.059801811014033035e+00
-1.037006282441702565e+00
-1.037006282441702565e+00
-1.037006282441702565e+00
-1.036523063141802758e+00
-1.036998190797765673e+00
-1.036998190797765673e+00
-1.036998190797765673e+00
-1.341990599440798793e+00
-1.341990599440798793e+00
-1.341990599440798793e+00
-7.756298290383975003e-01
-7.756254413159809902e-01
-7.756254413159809902e-01
-7.369272681540786074e-01
-7.369272681540786074e-01
-9.475719062593652708e-01
-1.000992198747157058e+00
-1.000992198747157058e+00
-1.000992198747157058e+00
-1.000992198747157058e+00
-1.000992198747157058e+00
-1.061348796574608899e+00
-1.061348796574608899e+00
-1.061030031390217454e+00
-1.054145523968435860e+00
-1.054145523968435860e+00
-1.054145523968435860e+00
-1.054145523968435860e+00
-1.030157674566965387e+00
-1.162196892397353576e+00
-1.162196892397353576e+00
-1.162196892397353576e+00
-1.162196892397353576e+00
-1.162196892397353576e+00
-1.162196892397353576e+00
-1.162196892397353576e+00
-1.308073505160913363e+00
-1.012053931876304658e+00
-1.381765132196546730e+00
-8.271003202544114918e-01
-8.271003202544114918e-01
-8.271003202544114918e-01
-8.271003202544114918e-01
-8.271003202544114918e-01
-8.271021437234677975e-01
-8.271048789270520896e-01
-8.271048789270520896e-01
-8.222477271953457789e-01
-1.244920959436186747e+00
-1.244920959436186747e+00
-1.244920959436186747e+00
-1.240877872671269477e+00
-1.240877872671269477e+00
-9.399231943528009170e-01
-9.399231943528009170e-01
-9.399231943528009170e-01
-9.318742309883948360e-01
-1.207492661521721855e+00
-1.204031033452108712e+00
-1.204031033452108712e+00
-1.204031033452108712e+00
-1.207968472978580898e+00
-1.207968472978580898e+00
-1.207968472978580898e+00
-1.207968472978580898e+00
-1.207968472978580898e+00
-1.207968472978580898e+00
-1.207968472978580898e+00
-9.781310252888024692e-01
-1.121557123574426384e+00
-8.854943525266920634e-01
-6.925704146434426001e-01
-7.997599660096614826e-01
-7.997599660096614826e-01
-5.237603164767671293e-01
-1.280221724829299967e+00
-1.087695759067571766e+00
-1.087698152370708105e+00
-1.087698152370708105e+00
-1.078086874908972259e+00
-1.078086077141260368e+00
-8.459653612760467123e-01
-8.459653612760467123e-01
-8.459653612760467123e-01
-1.213065296924364933e+00
-1.251908948726909276e+00
-8.973747092952690796e-01
-1.174532204695458937e+00
-1.184006038177081610e+00
-1.184006038177081610e+00
-1.184006038177081610e+00
-7.740719026634843569e-01
-7.280668610596520152e-01
-6.194966587008299275e-01
-1.014297482616358881e+00
-1.014297482616358881e+00
-8.687501199842638799e-01
-8.687501199842638799e-01
-8.687501199842638799e-01
-8.783438465563334629e-01
-7.046473071862360271e-01
-7.046473071862360271e-01
-7.046473071862360271e-01
-7.046473071862360271e-01
-7.046473071862360271e-01
-8.296655423326656509e-01
-9.415635187356923286e-01
-8.572829499071460413e-01
-8.611439177000727030e-01
-8.611439177000727030e-01
-8.936269675340524632e-01
-8.936269675340524632e-01
-8.936269675340524632e-01
-8.936269675340524632e-01
-1.245729326062175124e+00
-1.245729326062175124e+00
-1.335664415450670495e+00
-1.364407758183962427e+00
-1.364407758183962427e+00
-1.377788829985813646e+00
-1.449808677797335577e+00
-1.449808677797335577e+00
-1.449808677797335577e+00
-1.239868696515464386e+00
-1.239868696515464386e+00
-1.105062706292701202e+00
-1.105062706292701202e+00
-1.105062706292701202e+00
-1.105062706292701202e+00
-1.105062706292701202e+00
-1.199757847685658740e+00
-1.199757847685658740e+00
-1.199757847685658740e+00
-1.106904979873569728e+00
-7.635184615337597958e-01
-7.635184615337597958e-01
-7.620984919896316434e-01
-7.620984919896316434e-01
-7.620984919896316434e-01
-7.890404182455963422e-01
-7.617790430043440697e-01
-7.617790430043440697e-01
-7.617790430043440697e-01
-7.669016234505472429e-01
-7.669016234505472429e-01
-7.669016234505472429e-01
-1.030843526865738546e+00
-1.250624086843165950e+00
-9.072804200261773699e-01
-1.459603099932406112e+00
-1.459603099932406112e+00
-1.305772173245139944e+00
-1.305772173245139944e+00
-1.270445993252055761e+00
-1.246369363700910338e+00
-1.246369363700910338e+00
-1.246369363700910338e+00
-1.246369363700910338e+00
-1.119514496331005082e+00
-1.119514496331005082e+00
-1.286959898859319384e+00
-1.286959898859319384e+00
-1.049254410125557202e+00
-1.049254410125557202e+00
-1.049254410125557202e+00
-1.136685306665774275e+00
-1.153706592537932840e+00
-1.153697589159467629e+00
-1.438985705147737715e+00
-1.439345156485446253e+00
-1.199654023916270074e+00
-1.199654023916270074e+00
-1.199654023916270074e+00
-7.423363041923333183e-01
-1.253578676548332327e+00
-1.245289300185544512e+00
-1.026781749542994726e+00
-1.026781749542994726e+00
-1.026781749542994726e+00
-1.026781749542994726e+00
-1.026781749542994726e+00
-1.026781749542994726e+00
-1.098527165261554916e+00
-1.096181956121615952e+00
-1.098772877716881258e+00
-1.098772877716881258e+00
-1.098772877716881258e+00
-1.100590762399122680e+00
-1.102168860900470282e+00
-1.102167949165942185e+00
-1.102167949165942185e+00
-1.102167949165942185e+00
-1.102312573055464151e+00
-1.048669418458956670e+00
-1.046412077734164781e+00
-1.046412077734164781e+00
-1.046412077734164781e+00
-1.046412077734164781e+00
-1.044128182741241639e+00
-1.095978069487766771e+00
-1.095978069487766771e+00
-1.095978069487766771e+00
-1.095978069487766771e+00
-1.095978069487766771e+00
-1.095978069487766771e+00
-1.095978069487766771e+00
-1.095978069487766771e+00
-1.095978069487766771e+00
-1.387457432756004527e+00
-1.291286990929743972e+00
-1.291286990929743972e+00
-1.288941211955725086e+00
-1.288941211955725086e+00
-1.288941211955725086e+00
-1.347998246180167836e+00
-1.347998246180167836e+00
-1.328568727518814718e+00
-1.328568727518814718e+00
-1.328568727518814718e+00
-1.328568727518814718e+00
-1.328568727518814718e+00
-1.378261222438192268e+00
-1.378261222438192268e+00
-1.378261222438192268e+00
-1.442156489902882921e+00
-1.443578453866291245e+00
-1.443578453866291245e+00
-1.443578453866291245e+00
-1.135463354464470775e+00
-1.451170467281888588e+00
-1.451170467281888588e+00
-1.296397376926633482e+00
-1.375197794423732356e+00
-1.375197794423732356e+00
-1.244991732828931497e+00
-1.227025320151567955e+00
-1.225624667982754268e+00
-1.225624667982754268e+00
-1.291299869179953541e+00
-1.461833316554986606e+00
-1.466918743819169313e+00
-1.455812335698144055e+00
-1.065916814494087372e+00
-1.138083223631003449e+00
-1.138083223631003449e+00
-1.266361650499741254e+00
-1.246108721592686042e+00
-1.268909606605369333e+00
-1.268909606605369333e+00
-1.307921701361982603e+00
-1.361202783384013015e+00
-1.361202783384013015e+00
-4.333526067022611672e-01
-4.328763393781380753e-01
-4.328763393781380753e-01
-4.328763393781380753e-01
-4.328763393781380753e-01
-4.333451988592202375e-01
-4.333451988592202375e-01
-6.356280916735500552e-01
-1.062086617741484496e+00
-9.821351354026429670e-01
-9.821351354026429670e-01
-9.272660397662715326e-01
-9.272660397662715326e-01
-9.272660397662715326e-01
-1.455851540282852907e+00
-1.455851540282852907e+00
-1.455851540282852907e+00
-1.455851540282852907e+00
-1.272348327344963614e+00
-1.272348327344963614e+00
-1.272066487408960667e+00
