# Variable: F_scalingFactor
# Sample shape: (2000,)
# Date: 2014-03-03 06:24:07.201536
1.000000000000000000e+00
1.000000000000000000e+00
8.878341709731938369e-01
6.995914184250462409e-01
6.995914184250462409e-01
6.995914184250462409e-01
6.995914184250462409e-01
6.995914184250462409e-01
8.620468101562118735e-01
8.620468101562118735e-01
8.620468101562118735e-01
8.620468101562118735e-01
9.739049543204563175e-01
9.739049543204563175e-01
9.526238416314238844e-01
9.526238416314238844e-01
9.526238416314238844e-01
9.526238416314238844e-01
3.726889142026588164e-01
3.726889142026588164e-01
3.726889142026588164e-01
3.726889142026588164e-01
3.726889142026588164e-01
3.726889142026588164e-01
3.726889142026588164e-01
3.726889142026588164e-01
4.341713303433217819e-01
3.763501370393427248e-01
3.763501370393427248e-01
6.673907433456454097e-01
8.272033508015358416e-01
8.272033508015358416e-01
8.272033508015358416e-01
8.272033508015358416e-01
8.272033508015358416e-01
8.272033508015358416e-01
8.272033508015358416e-01
4.166036784511261692e-01
4.166036784511261692e-01
4.166036784511261692e-01
4.166036784511261692e-01
4.166036784511261692e-01
4.166036784511261692e-01
4.166036784511261692e-01
7.925633697244661713e-01
7.925633697244661713e-01
5.121895230939991217e-01
5.121895230939991217e-01
5.121895230939991217e-01
8.725712262522314910e-01
8.725712262522314910e-01
8.725712262522314910e-01
8.725712262522314910e-01
8.725712262522314910e-01
8.725712262522314910e-01
7.443588751239775814e-01
7.443588751239775814e-01
7.443588751239775814e-01
7.443588751239775814e-01
7.443588751239775814e-01
7.443588751239775814e-01
7.443588751239775814e-01
7.443588751239775814e-01
7.443588751239775814e-01
3.692309641218826100e-01
3.692309641218826100e-01
3.692309641218826100e-01
3.692309641218826100e-01
3.692309641218826100e-01
3.692309641218826100e-01
3.692309641218826100e-01
3.692309641218826100e-01
3.692309641218826100e-01
3.692309641218826100e-01
3.692309641218826100e-01
3.692309641218826100e-01
6.644499154800089791e-01
6.950075835497916410e-01
4.329667620590066379e-01
4.329667620590066379e-01
4.329667620590066379e-01
6.083105834519937360e-01
6.083105834519937360e-01
6.083105834519937360e-01
6.083105834519937360e-01
6.083105834519937360e-01
6.083105834519937360e-01
6.083105834519937360e-01
6.083105834519937360e-01
6.083105834519937360e-01
6.083105834519937360e-01
6.083105834519937360e-01
7.824591313632867084e-01
7.824591313632867084e-01
7.824591313632867084e-01
5.024540566031865385e-01
5.024540566031865385e-01
5.024540566031865385e-01
5.024540566031865385e-01
6.717993542421337727e-01
6.082792712173130667e-01
6.283767706950620369e-01
6.283767706950620369e-01
6.283767706950620369e-01
3.468388831659797722e-01
6.490327167036461509e-01
6.490327167036461509e-01
6.490327167036461509e-01
9.949340888810586092e-01
9.949340888810586092e-01
9.949340888810586092e-01
9.949340888810586092e-01
9.949340888810586092e-01
9.949340888810586092e-01
9.949340888810586092e-01
6.161878020291040592e-01
4.611944955212975428e-01
9.542814595606556871e-01
9.542814595606556871e-01
9.542814595606556871e-01
9.542814595606556871e-01
9.542814595606556871e-01
7.909209172654263487e-01
9.953947111396724834e-01
9.953947111396724834e-01
9.953947111396724834e-01
9.953947111396724834e-01
9.953947111396724834e-01
9.953947111396724834e-01
9.953947111396724834e-01
9.953947111396724834e-01
9.953947111396724834e-01
5.417627857779232503e-01
5.417627857779232503e-01
5.417627857779232503e-01
9.376689823438502103e-01
9.376689823438502103e-01
9.376689823438502103e-01
9.376689823438502103e-01
9.376689823438502103e-01
9.376689823438502103e-01
4.730716619887720409e-01
4.730716619887720409e-01
4.730716619887720409e-01
4.730716619887720409e-01
4.730716619887720409e-01
3.452212245250652067e-01
3.452212245250652067e-01
3.452212245250652067e-01
3.452212245250652067e-01
3.452212245250652067e-01
3.452212245250652067e-01
3.452212245250652067e-01
3.452212245250652067e-01
3.452212245250652067e-01
3.452212245250652067e-01
3.452212245250652067e-01
3.452212245250652067e-01
3.452212245250652067e-01
3.452212245250652067e-01
3.452212245250652067e-01
3.452212245250652067e-01
3.452212245250652067e-01
3.452212245250652067e-01
3.452212245250652067e-01
3.452212245250652067e-01
3.452212245250652067e-01
3.452212245250652067e-01
6.921770629679093734e-01
6.921770629679093734e-01
6.921770629679093734e-01
6.921770629679093734e-01
6.921770629679093734e-01
6.921770629679093734e-01
5.713345618730609754e-01
7.493427148318579922e-01
7.493427148318579922e-01
7.493427148318579922e-01
7.493427148318579922e-01
7.493427148318579922e-01
7.493427148318579922e-01
7.493427148318579922e-01
7.493427148318579922e-01
7.493427148318579922e-01
7.493427148318579922e-01
7.021370758264402490e-01
3.407965079665392083e-01
3.407965079665392083e-01
3.407965079665392083e-01
3.407965079665392083e-01
3.407965079665392083e-01
3.407965079665392083e-01
3.407965079665392083e-01
3.211330571855940952e-01
6.558901752116932382e-01
6.558901752116932382e-01
6.558901752116932382e-01
9.114098870769835603e-01
5.838770518234204232e-01
6.505656194464903841e-01
6.505656194464903841e-01
8.527114254125138793e-01
8.527114254125138793e-01
7.165734001098941208e-01
7.165734001098941208e-01
7.165734001098941208e-01
7.165734001098941208e-01
5.736018262634569043e-01
5.736018262634569043e-01
6.116866883411479217e-01
6.116866883411479217e-01
6.116866883411479217e-01
6.116866883411479217e-01
6.116866883411479217e-01
6.116866883411479217e-01
6.116866883411479217e-01
5.907428092053130797e-01
5.907428092053130797e-01
7.793660836227357391e-01
7.793660836227357391e-01
7.793660836227357391e-01
7.793660836227357391e-01
8.900233931270212784e-01
8.900233931270212784e-01
6.658294476580047805e-01
6.658294476580047805e-01
6.658294476580047805e-01
8.439666187723202651e-01
8.439666187723202651e-01
8.439666187723202651e-01
8.439666187723202651e-01
8.439666187723202651e-01
8.439666187723202651e-01
8.439666187723202651e-01
8.439666187723202651e-01
8.439666187723202651e-01
8.439666187723202651e-01
8.439666187723202651e-01
8.439666187723202651e-01
8.439666187723202651e-01
8.439666187723202651e-01
8.439666187723202651e-01
8.439666187723202651e-01
8.439666187723202651e-01
8.439666187723202651e-01
8.439666187723202651e-01
8.439666187723202651e-01
9.736770692814058492e-01
9.736770692814058492e-01
9.736770692814058492e-01
9.736770692814058492e-01
9.736770692814058492e-01
9.736770692814058492e-01
8.128827920916226191e-01
6.668470648287678770e-01
7.711634686755705070e-01
7.711634686755705070e-01
7.711634686755705070e-01
7.711634686755705070e-01
7.711634686755705070e-01
7.711634686755705070e-01
5.450334362560140811e-01
5.450334362560140811e-01
4.916317641510367098e-01
9.604490431278598361e-01
9.604490431278598361e-01
9.604490431278598361e-01
9.158499205500959528e-01
9.158499205500959528e-01
9.158499205500959528e-01
9.158499205500959528e-01
6.418088604754996762e-01
6.418088604754996762e-01
6.418088604754996762e-01
6.418088604754996762e-01
6.418088604754996762e-01
6.418088604754996762e-01
9.491055909701064941e-01
9.491055909701064941e-01
9.491055909701064941e-01
9.491055909701064941e-01
9.491055909701064941e-01
7.491110662388154040e-01
7.491110662388154040e-01
8.489874622740161136e-01
6.853847680135716214e-01
6.853847680135716214e-01
6.853847680135716214e-01
6.853847680135716214e-01
6.853847680135716214e-01
6.853847680135716214e-01
6.853847680135716214e-01
4.950897980660992070e-01
4.950897980660992070e-01
4.950897980660992070e-01
4.950897980660992070e-01
4.950897980660992070e-01
3.890854036021454965e-01
3.890854036021454965e-01
5.259631880243240687e-01
5.259631880243240687e-01
5.259631880243240687e-01
5.259631880243240687e-01
5.259631880243240687e-01
5.259631880243240687e-01
5.259631880243240687e-01
5.259631880243240687e-01
5.259631880243240687e-01
5.259631880243240687e-01
5.259631880243240687e-01
5.259631880243240687e-01
5.259631880243240687e-01
5.259631880243240687e-01
7.394245670080371591e-01
8.892057083006531526e-01
8.892057083006531526e-01
8.892057083006531526e-01
8.892057083006531526e-01
8.892057083006531526e-01
5.673018939570164676e-01
7.660110217970169666e-01
7.660110217970169666e-01
3.411366301739161555e-01
4.734690081845688292e-01
4.734690081845688292e-01
4.734690081845688292e-01
2.828648136338459684e-01
2.828648136338459684e-01
2.828648136338459684e-01
2.828648136338459684e-01
2.828648136338459684e-01
2.828648136338459684e-01
2.828648136338459684e-01
2.828648136338459684e-01
2.828648136338459684e-01
2.828648136338459684e-01
2.828648136338459684e-01
9.869330469144627083e-01
7.720264059085976127e-01
7.720264059085976127e-01
8.088803654852805280e-01
8.088803654852805280e-01
8.088803654852805280e-01
4.050035359732251927e-01
4.050035359732251927e-01
4.050035359732251927e-01
7.881467684053503620e-01
7.881467684053503620e-01
7.881467684053503620e-01
7.881467684053503620e-01
9.614573102368690893e-01
9.614573102368690893e-01
9.614573102368690893e-01
9.614573102368690893e-01
8.222386132163500561e-01
8.222386132163500561e-01
8.222386132163500561e-01
8.222386132163500561e-01
8.222386132163500561e-01
8.222386132163500561e-01
8.222386132163500561e-01
8.222386132163500561e-01
8.222386132163500561e-01
8.222386132163500561e-01
4.328964339269583683e-01
4.328964339269583683e-01
4.328964339269583683e-01
4.328964339269583683e-01
4.328964339269583683e-01
4.328964339269583683e-01
4.328964339269583683e-01
4.328964339269583683e-01
4.328964339269583683e-01
4.328964339269583683e-01
4.328964339269583683e-01
4.328964339269583683e-01
9.183903612111572468e-01
5.742947569260892227e-01
5.742947569260892227e-01
5.742947569260892227e-01
5.742947569260892227e-01
5.742947569260892227e-01
6.035587871519336733e-01
6.035587871519336733e-01
6.035587871519336733e-01
6.035587871519336733e-01
6.035587871519336733e-01
4.857766274805242479e-01
4.857766274805242479e-01
4.857766274805242479e-01
4.857766274805242479e-01
4.857766274805242479e-01
5.025630759093007160e-01
5.025630759093007160e-01
5.025630759093007160e-01
5.025630759093007160e-01
5.025630759093007160e-01
5.873640783895355266e-01
5.873640783895355266e-01
5.873640783895355266e-01
5.627527888928469668e-01
5.627527888928469668e-01
5.627527888928469668e-01
5.627527888928469668e-01
5.627527888928469668e-01
5.627527888928469668e-01
5.627527888928469668e-01
7.341637021918430150e-01
7.341637021918430150e-01
7.341637021918430150e-01
7.341637021918430150e-01
7.341637021918430150e-01
5.504810504398525151e-01
5.504810504398525151e-01
5.504810504398525151e-01
5.504810504398525151e-01
5.504810504398525151e-01
5.504810504398525151e-01
5.203804873817924337e-01
5.203804873817924337e-01
5.203804873817924337e-01
5.203804873817924337e-01
5.203804873817924337e-01
5.203804873817924337e-01
8.922820079115615366e-01
8.922820079115615366e-01
8.922820079115615366e-01
8.922820079115615366e-01
8.922820079115615366e-01
8.922820079115615366e-01
5.830149335143284262e-01
5.830149335143284262e-01
5.830149335143284262e-01
5.830149335143284262e-01
5.830149335143284262e-01
5.830149335143284262e-01
5.830149335143284262e-01
5.830149335143284262e-01
5.830149335143284262e-01
5.830149335143284262e-01
5.272743630453908814e-01
5.272743630453908814e-01
5.272743630453908814e-01
8.512700331567275569e-01
5.168987391217865213e-01
5.168987391217865213e-01
5.168987391217865213e-01
5.168987391217865213e-01
5.168987391217865213e-01
7.155490781939828349e-01
7.155490781939828349e-01
7.155490781939828349e-01
7.155490781939828349e-01
7.155490781939828349e-01
7.155490781939828349e-01
7.155490781939828349e-01
7.155490781939828349e-01
7.155490781939828349e-01
6.488319136119214958e-01
6.488319136119214958e-01
6.488319136119214958e-01
6.488319136119214958e-01
6.488319136119214958e-01
6.488319136119214958e-01
6.488319136119214958e-01
3.842429435522297654e-01
3.842429435522297654e-01
3.842429435522297654e-01
3.842429435522297654e-01
3.842429435522297654e-01
3.842429435522297654e-01
3.842429435522297654e-01
3.842429435522297654e-01
3.842429435522297654e-01
3.842429435522297654e-01
8.302275445234696960e-01
4.732954886912189574e-01
4.732954886912189574e-01
4.732954886912189574e-01
4.732954886912189574e-01
6.822969989039271432e-01
9.010281030042807116e-01
9.010281030042807116e-01
9.010281030042807116e-01
9.010281030042807116e-01
9.294654434126466969e-01
9.294654434126466969e-01
9.294654434126466969e-01
9.294654434126466969e-01
9.294654434126466969e-01
9.294654434126466969e-01
9.294654434126466969e-01
9.294654434126466969e-01
9.294654434126466969e-01
9.294654434126466969e-01
9.294654434126466969e-01
3.908305197569519329e-01
3.908305197569519329e-01
3.908305197569519329e-01
3.908305197569519329e-01
3.908305197569519329e-01
3.908305197569519329e-01
3.908305197569519329e-01
3.908305197569519329e-01
4.372159861645430468e-01
4.372159861645430468e-01
3.586157543992087859e-01
3.586157543992087859e-01
3.586157543992087859e-01
3.586157543992087859e-01
3.586157543992087859e-01
3.586157543992087859e-01
3.586157543992087859e-01
3.586157543992087859e-01
3.586157543992087859e-01
8.225763730549083830e-01
8.225763730549083830e-01
8.225763730549083830e-01
8.225763730549083830e-01
8.225763730549083830e-01
8.225763730549083830e-01
8.225763730549083830e-01
6.606480446752069913e-01
6.606480446752069913e-01
5.946627886207531688e-01
5.946627886207531688e-01
5.946627886207531688e-01
5.946627886207531688e-01
5.946627886207531688e-01
5.946627886207531688e-01
5.946627886207531688e-01
5.946627886207531688e-01
5.946627886207531688e-01
5.946627886207531688e-01
5.946627886207531688e-01
5.946627886207531688e-01
5.946627886207531688e-01
5.946627886207531688e-01
5.946627886207531688e-01
5.673940920911947350e-01
5.673940920911947350e-01
5.673940920911947350e-01
8.502414331149654725e-01
8.502414331149654725e-01
6.913666116347054746e-01
6.913666116347054746e-01
6.913666116347054746e-01
6.913666116347054746e-01
6.913666116347054746e-01
6.913666116347054746e-01
6.913666116347054746e-01
6.913666116347054746e-01
6.913666116347054746e-01
5.745116993443445397e-01
6.015344168004916892e-01
8.893397076226050579e-01
9.713543306509259123e-01
9.713543306509259123e-01
9.577606960513953549e-01
9.577606960513953549e-01
9.577606960513953549e-01
9.577606960513953549e-01
9.577606960513953549e-01
9.577606960513953549e-01
9.577606960513953549e-01
9.577606960513953549e-01
9.105829537194266576e-01
9.105829537194266576e-01
9.105829537194266576e-01
9.105829537194266576e-01
6.903321239272297571e-01
6.903321239272297571e-01
6.903321239272297571e-01
6.903321239272297571e-01
7.947323485066407622e-01
7.947323485066407622e-01
8.562367303571511989e-01
9.569193127172248570e-01
9.569193127172248570e-01
9.569193127172248570e-01
9.569193127172248570e-01
9.569193127172248570e-01
9.569193127172248570e-01
9.569193127172248570e-01
9.569193127172248570e-01
8.876224156943479660e-01
8.876224156943479660e-01
8.876224156943479660e-01
8.876224156943479660e-01
8.876224156943479660e-01
8.306085796387225884e-01
8.306085796387225884e-01
8.306085796387225884e-01
8.306085796387225884e-01
8.306085796387225884e-01
8.306085796387225884e-01
8.306085796387225884e-01
8.306085796387225884e-01
8.306085796387225884e-01
8.306085796387225884e-01
8.306085796387225884e-01
8.306085796387225884e-01
8.306085796387225884e-01
8.306085796387225884e-01
8.306085796387225884e-01
8.306085796387225884e-01
8.306085796387225884e-01
8.306085796387225884e-01
8.306085796387225884e-01
8.306085796387225884e-01
8.306085796387225884e-01
8.306085796387225884e-01
6.922385533044510542e-01
6.922385533044510542e-01
6.922385533044510542e-01
6.922385533044510542e-01
6.922385533044510542e-01
6.812702185167107682e-01
6.812702185167107682e-01
6.812702185167107682e-01
6.812702185167107682e-01
6.812702185167107682e-01
7.948611895532078364e-01
7.948611895532078364e-01
7.948611895532078364e-01
7.948611895532078364e-01
7.948611895532078364e-01
7.948611895532078364e-01
7.948611895532078364e-01
8.493946377672847436e-01
8.493946377672847436e-01
8.493946377672847436e-01
9.366226609427348304e-01
9.366226609427348304e-01
9.366226609427348304e-01
9.366226609427348304e-01
9.366226609427348304e-01
8.885789946957680652e-01
8.885789946957680652e-01
8.885789946957680652e-01
8.136159395465561994e-01
8.136159395465561994e-01
8.136159395465561994e-01
8.136159395465561994e-01
8.136159395465561994e-01
6.018546259306680746e-01
6.018546259306680746e-01
6.018546259306680746e-01
9.226966403549015094e-01
9.226966403549015094e-01
9.226966403549015094e-01
9.226966403549015094e-01
9.872150145065440308e-01
9.872150145065440308e-01
7.575826680348459741e-01
7.575826680348459741e-01
7.575826680348459741e-01
7.575826680348459741e-01
7.575826680348459741e-01
7.575826680348459741e-01
7.575826680348459741e-01
7.575826680348459741e-01
7.575826680348459741e-01
6.998360710937032714e-01
8.248834782058902526e-01
8.248834782058902526e-01
8.248834782058902526e-01
8.248834782058902526e-01
8.248834782058902526e-01
8.248834782058902526e-01
8.248834782058902526e-01
8.248834782058902526e-01
8.248834782058902526e-01
8.248834782058902526e-01
8.248834782058902526e-01
8.248834782058902526e-01
8.248834782058902526e-01
8.248834782058902526e-01
8.248834782058902526e-01
8.248834782058902526e-01
8.248834782058902526e-01
8.248834782058902526e-01
8.248834782058902526e-01
8.248834782058902526e-01
9.617757737794084827e-01
9.617757737794084827e-01
8.465328784525242289e-01
8.465328784525242289e-01
8.551981465417339834e-01
8.551981465417339834e-01
8.551981465417339834e-01
8.551981465417339834e-01
8.551981465417339834e-01
8.551981465417339834e-01
8.551981465417339834e-01
8.551981465417339834e-01
8.551981465417339834e-01
8.551981465417339834e-01
8.551981465417339834e-01
8.551981465417339834e-01
8.551981465417339834e-01
8.551981465417339834e-01
7.300600393940066546e-01
6.808757009606533073e-01
8.294280988440557723e-01
8.294280988440557723e-01
8.294280988440557723e-01
8.294280988440557723e-01
8.294280988440557723e-01
8.184753010767850112e-01
8.184753010767850112e-01
8.184753010767850112e-01
8.184753010767850112e-01
7.513515591300385932e-01
7.513515591300385932e-01
7.513515591300385932e-01
7.513515591300385932e-01
7.513515591300385932e-01
7.513515591300385932e-01
7.513515591300385932e-01
7.513515591300385932e-01
7.513515591300385932e-01
7.513515591300385932e-01
7.513515591300385932e-01
7.513515591300385932e-01
7.513515591300385932e-01
6.799811024276180005e-01
6.799811024276180005e-01
8.516145565501873627e-01
8.516145565501873627e-01
8.516145565501873627e-01
8.516145565501873627e-01
7.702325734405615076e-01
7.577409130574328522e-01
7.577409130574328522e-01
7.726273023818660546e-01
7.726273023818660546e-01
7.726273023818660546e-01
7.726273023818660546e-01
7.726273023818660546e-01
7.726273023818660546e-01
7.726273023818660546e-01
7.726273023818660546e-01
7.726273023818660546e-01
7.726273023818660546e-01
8.263178671431151701e-01
5.441075760922036153e-01
6.694137024786936951e-01
6.694137024786936951e-01
6.694137024786936951e-01
6.694137024786936951e-01
6.694137024786936951e-01
8.207148931367308498e-01
8.207148931367308498e-01
8.207148931367308498e-01
8.207148931367308498e-01
8.207148931367308498e-01
8.207148931367308498e-01
8.207148931367308498e-01
8.401079907185398099e-01
8.401079907185398099e-01
8.401079907185398099e-01
8.401079907185398099e-01
8.401079907185398099e-01
8.401079907185398099e-01
9.018466441360765140e-01
9.018466441360765140e-01
9.018466441360765140e-01
9.018466441360765140e-01
9.018466441360765140e-01
9.018466441360765140e-01
9.018466441360765140e-01
9.018466441360765140e-01
9.018466441360765140e-01
9.018466441360765140e-01
9.018466441360765140e-01
9.018466441360765140e-01
9.018466441360765140e-01
9.018466441360765140e-01
9.018466441360765140e-01
9.018466441360765140e-01
7.784783288836881754e-01
9.151740266073560282e-01
9.151740266073560282e-01
9.151740266073560282e-01
9.151740266073560282e-01
9.151740266073560282e-01
9.151740266073560282e-01
9.151740266073560282e-01
9.151740266073560282e-01
9.151740266073560282e-01
9.151740266073560282e-01
9.151740266073560282e-01
9.151740266073560282e-01
9.151740266073560282e-01
9.151740266073560282e-01
9.151740266073560282e-01
9.151740266073560282e-01
9.151740266073560282e-01
9.151740266073560282e-01
8.823387801378638207e-01
8.823387801378638207e-01
8.823387801378638207e-01
8.823387801378638207e-01
8.823387801378638207e-01
8.823387801378638207e-01
8.823387801378638207e-01
8.823387801378638207e-01
8.823387801378638207e-01
9.495731683023489467e-01
9.495731683023489467e-01
9.495731683023489467e-01
9.182208052327412995e-01
9.263094461146731406e-01
9.263094461146731406e-01
9.263094461146731406e-01
9.263094461146731406e-01
9.263094461146731406e-01
9.263094461146731406e-01
9.263094461146731406e-01
9.263094461146731406e-01
9.263094461146731406e-01
9.263094461146731406e-01
9.263094461146731406e-01
9.263094461146731406e-01
9.263094461146731406e-01
9.263094461146731406e-01
8.400198481010414664e-01
8.400198481010414664e-01
8.400198481010414664e-01
8.400198481010414664e-01
8.400198481010414664e-01
8.400198481010414664e-01
8.400198481010414664e-01
8.400198481010414664e-01
8.955922752879239557e-01
9.975714002041391470e-01
9.975714002041391470e-01
9.975714002041391470e-01
9.256325049406362027e-01
9.256325049406362027e-01
9.256325049406362027e-01
9.256325049406362027e-01
7.395782873322183093e-01
7.395782873322183093e-01
7.395782873322183093e-01
7.395782873322183093e-01
7.395782873322183093e-01
7.395782873322183093e-01
7.395782873322183093e-01
7.395782873322183093e-01
7.395782873322183093e-01
7.395782873322183093e-01
7.395782873322183093e-01
7.395782873322183093e-01
7.395782873322183093e-01
7.395782873322183093e-01
7.395782873322183093e-01
9.782245385939599691e-01
9.782245385939599691e-01
9.782245385939599691e-01
9.782245385939599691e-01
7.822554805127158728e-01
7.822554805127158728e-01
7.822554805127158728e-01
7.822554805127158728e-01
8.636825439639542745e-01
8.636825439639542745e-01
8.636825439639542745e-01
8.636825439639542745e-01
8.636825439639542745e-01
9.643666925970237891e-01
9.643666925970237891e-01
9.643666925970237891e-01
9.643666925970237891e-01
6.993401428924905794e-01
8.022639943541322038e-01
6.787834314829860327e-01
6.787834314829860327e-01
6.787834314829860327e-01
6.787834314829860327e-01
6.258156397648859670e-01
6.258156397648859670e-01
6.258156397648859670e-01
6.258156397648859670e-01
6.258156397648859670e-01
5.733996262852417702e-01
5.733996262852417702e-01
5.733996262852417702e-01
5.733996262852417702e-01
5.733996262852417702e-01
5.733996262852417702e-01
5.733996262852417702e-01
5.733996262852417702e-01
5.733996262852417702e-01
6.228069758185208471e-01
6.228069758185208471e-01
6.228069758185208471e-01
6.228069758185208471e-01
6.228069758185208471e-01
6.868430326251097062e-01
6.868430326251097062e-01
6.868430326251097062e-01
6.868430326251097062e-01
6.868430326251097062e-01
8.300464663224094153e-01
9.993161764092994837e-01
9.993161764092994837e-01
9.993161764092994837e-01
9.993161764092994837e-01
9.993161764092994837e-01
9.993161764092994837e-01
9.993161764092994837e-01
8.114193533024125493e-01
8.114193533024125493e-01
8.114193533024125493e-01
8.114193533024125493e-01
8.114193533024125493e-01
8.114193533024125493e-01
8.114193533024125493e-01
8.114193533024125493e-01
8.114193533024125493e-01
8.114193533024125493e-01
8.114193533024125493e-01
8.114193533024125493e-01
8.114193533024125493e-01
8.114193533024125493e-01
8.114193533024125493e-01
8.114193533024125493e-01
8.114193533024125493e-01
8.114193533024125493e-01
8.114193533024125493e-01
8.114193533024125493e-01
8.114193533024125493e-01
8.114193533024125493e-01
8.114193533024125493e-01
8.114193533024125493e-01
8.114193533024125493e-01
8.114193533024125493e-01
8.114193533024125493e-01
8.114193533024125493e-01
8.455715705249301495e-01
8.455715705249301495e-01
8.455715705249301495e-01
8.455715705249301495e-01
8.455715705249301495e-01
8.455715705249301495e-01
8.455715705249301495e-01
8.455715705249301495e-01
8.455715705249301495e-01
8.455715705249301495e-01
8.455715705249301495e-01
8.455715705249301495e-01
8.455715705249301495e-01
8.455715705249301495e-01
8.455715705249301495e-01
8.455715705249301495e-01
8.455715705249301495e-01
8.455715705249301495e-01
8.710536870794185482e-01
8.710536870794185482e-01
9.355851091259371755e-01
9.355851091259371755e-01
9.355851091259371755e-01
9.355851091259371755e-01
9.355851091259371755e-01
9.355851091259371755e-01
7.823198216073304900e-01
7.823198216073304900e-01
7.823198216073304900e-01
7.823198216073304900e-01
7.823198216073304900e-01
7.823198216073304900e-01
7.823198216073304900e-01
7.823198216073304900e-01
7.823198216073304900e-01
7.823198216073304900e-01
7.823198216073304900e-01
7.823198216073304900e-01
7.823198216073304900e-01
7.823198216073304900e-01
7.823198216073304900e-01
7.823198216073304900e-01
7.823198216073304900e-01
8.079646692854584034e-01
8.079646692854584034e-01
8.079646692854584034e-01
8.079646692854584034e-01
8.079646692854584034e-01
7.149222959142479406e-01
7.149222959142479406e-01
7.149222959142479406e-01
7.149222959142479406e-01
7.149222959142479406e-01
7.149222959142479406e-01
7.149222959142479406e-01
7.149222959142479406e-01
7.149222959142479406e-01
7.149222959142479406e-01
7.149222959142479406e-01
7.149222959142479406e-01
7.149222959142479406e-01
7.149222959142479406e-01
7.149222959142479406e-01
7.149222959142479406e-01
7.149222959142479406e-01
7.149222959142479406e-01
7.149222959142479406e-01
7.149222959142479406e-01
7.149222959142479406e-01
7.149222959142479406e-01
7.149222959142479406e-01
7.149222959142479406e-01
9.141929261174224219e-01
9.141929261174224219e-01
9.141929261174224219e-01
9.141929261174224219e-01
9.141929261174224219e-01
9.141929261174224219e-01
9.141929261174224219e-01
9.141929261174224219e-01
9.141929261174224219e-01
9.141929261174224219e-01
9.141929261174224219e-01
9.141929261174224219e-01
9.141929261174224219e-01
9.141929261174224219e-01
9.141929261174224219e-01
9.141929261174224219e-01
9.141929261174224219e-01
9.141929261174224219e-01
9.141929261174224219e-01
9.141929261174224219e-01
9.141929261174224219e-01
9.141929261174224219e-01
9.141929261174224219e-01
9.141929261174224219e-01
9.141929261174224219e-01
9.141929261174224219e-01
7.607146912042335174e-01
7.607146912042335174e-01
7.607146912042335174e-01
6.402238374021008704e-01
6.402238374021008704e-01
6.402238374021008704e-01
6.402238374021008704e-01
6.402238374021008704e-01
6.402238374021008704e-01
6.402238374021008704e-01
6.402238374021008704e-01
6.402238374021008704e-01
9.283750825175767218e-01
7.462436881593026428e-01
7.462436881593026428e-01
7.462436881593026428e-01
7.462436881593026428e-01
7.462436881593026428e-01
7.462436881593026428e-01
7.564587145684343872e-01
7.564587145684343872e-01
7.564587145684343872e-01
7.564587145684343872e-01
7.564587145684343872e-01
7.564587145684343872e-01
7.564587145684343872e-01
7.564587145684343872e-01
7.564587145684343872e-01
7.564587145684343872e-01
8.337804064523606229e-01
8.337804064523606229e-01
9.341227904997985165e-01
9.341227904997985165e-01
9.637237952720099088e-01
9.637237952720099088e-01
9.637237952720099088e-01
9.637237952720099088e-01
9.637237952720099088e-01
9.637237952720099088e-01
9.637237952720099088e-01
9.637237952720099088e-01
8.459721395315791259e-01
8.459721395315791259e-01
8.459721395315791259e-01
8.459721395315791259e-01
8.459721395315791259e-01
8.459721395315791259e-01
8.459721395315791259e-01
8.459721395315791259e-01
8.459721395315791259e-01
8.459721395315791259e-01
8.459721395315791259e-01
8.459721395315791259e-01
8.459721395315791259e-01
8.459721395315791259e-01
8.459721395315791259e-01
8.459721395315791259e-01
8.459721395315791259e-01
8.459721395315791259e-01
8.459721395315791259e-01
8.459721395315791259e-01
8.459721395315791259e-01
8.459721395315791259e-01
8.459721395315791259e-01
8.459721395315791259e-01
8.459721395315791259e-01
8.459721395315791259e-01
8.459721395315791259e-01
8.459721395315791259e-01
8.459721395315791259e-01
8.459721395315791259e-01
8.459721395315791259e-01
8.459721395315791259e-01
8.459721395315791259e-01
8.459721395315791259e-01
8.459721395315791259e-01
8.459721395315791259e-01
8.459721395315791259e-01
8.459721395315791259e-01
8.459721395315791259e-01
8.459721395315791259e-01
8.459721395315791259e-01
8.459721395315791259e-01
9.355431273559746685e-01
7.819685379785791257e-01
7.819685379785791257e-01
7.819685379785791257e-01
7.819685379785791257e-01
7.819685379785791257e-01
7.819685379785791257e-01
7.819685379785791257e-01
7.819685379785791257e-01
7.819685379785791257e-01
7.819685379785791257e-01
7.819685379785791257e-01
7.819685379785791257e-01
7.819685379785791257e-01
9.153393299075358591e-01
9.153393299075358591e-01
9.153393299075358591e-01
9.153393299075358591e-01
9.153393299075358591e-01
9.153393299075358591e-01
9.153393299075358591e-01
9.153393299075358591e-01
9.153393299075358591e-01
9.153393299075358591e-01
9.153393299075358591e-01
9.153393299075358591e-01
9.153393299075358591e-01
9.153393299075358591e-01
9.153393299075358591e-01
9.153393299075358591e-01
9.153393299075358591e-01
9.153393299075358591e-01
9.153393299075358591e-01
9.153393299075358591e-01
9.153393299075358591e-01
9.153393299075358591e-01
7.479596630215349373e-01
7.479596630215349373e-01
7.479596630215349373e-01
7.479596630215349373e-01
7.479596630215349373e-01
9.471700884725329228e-01
9.565677464431791011e-01
9.565677464431791011e-01
9.565677464431791011e-01
9.565677464431791011e-01
9.243397134981712338e-01
9.243397134981712338e-01
9.243397134981712338e-01
9.243397134981712338e-01
9.243397134981712338e-01
9.243397134981712338e-01
9.243397134981712338e-01
9.243397134981712338e-01
9.243397134981712338e-01
9.243397134981712338e-01
9.243397134981712338e-01
8.115836969175228566e-01
8.115836969175228566e-01
8.115836969175228566e-01
8.115836969175228566e-01
8.115836969175228566e-01
8.115836969175228566e-01
8.115836969175228566e-01
8.115836969175228566e-01
8.115836969175228566e-01
8.572190009040081549e-01
8.572190009040081549e-01
8.572190009040081549e-01
8.572190009040081549e-01
8.572190009040081549e-01
8.572190009040081549e-01
8.572190009040081549e-01
8.572190009040081549e-01
8.572190009040081549e-01
8.572190009040081549e-01
8.572190009040081549e-01
8.572190009040081549e-01
8.572190009040081549e-01
8.572190009040081549e-01
8.572190009040081549e-01
8.572190009040081549e-01
8.572190009040081549e-01
8.572190009040081549e-01
8.572190009040081549e-01
8.572190009040081549e-01
8.572190009040081549e-01
8.572190009040081549e-01
8.572190009040081549e-01
9.052673850110349862e-01
9.052673850110349862e-01
9.052673850110349862e-01
9.403310132233727581e-01
9.164773747660746039e-01
9.164773747660746039e-01
9.164773747660746039e-01
9.164773747660746039e-01
9.149664048154074747e-01
9.149664048154074747e-01
9.149664048154074747e-01
8.472063355801091600e-01
8.472063355801091600e-01
8.472063355801091600e-01
8.472063355801091600e-01
8.472063355801091600e-01
8.472063355801091600e-01
8.472063355801091600e-01
8.472063355801091600e-01
8.472063355801091600e-01
8.472063355801091600e-01
5.916374365184547957e-01
9.541585775497192223e-01
9.541585775497192223e-01
9.541585775497192223e-01
9.541585775497192223e-01
9.541585775497192223e-01
6.067124466877928946e-01
6.067124466877928946e-01
6.067124466877928946e-01
6.067124466877928946e-01
6.067124466877928946e-01
5.581445309714218039e-01
5.581445309714218039e-01
5.581445309714218039e-01
7.733909935362319743e-01
7.733909935362319743e-01
7.733909935362319743e-01
7.733909935362319743e-01
8.481342037899738395e-01
8.481342037899738395e-01
8.481342037899738395e-01
8.481342037899738395e-01
8.481342037899738395e-01
8.481342037899738395e-01
7.692360015620023361e-01
7.692360015620023361e-01
7.675590011606474583e-01
7.675590011606474583e-01
7.675590011606474583e-01
7.675590011606474583e-01
8.122354927159677329e-01
8.122354927159677329e-01
8.122354927159677329e-01
8.122354927159677329e-01
8.122354927159677329e-01
8.122354927159677329e-01
8.122354927159677329e-01
8.122354927159677329e-01
8.122354927159677329e-01
8.122354927159677329e-01
8.782466212332604716e-01
7.566432928882157460e-01
9.134426062881966235e-01
9.134426062881966235e-01
9.134426062881966235e-01
9.134426062881966235e-01
9.134426062881966235e-01
9.134426062881966235e-01
9.134426062881966235e-01
9.134426062881966235e-01
9.134426062881966235e-01
9.134426062881966235e-01
9.134426062881966235e-01
9.134426062881966235e-01
9.134426062881966235e-01
9.134426062881966235e-01
9.134426062881966235e-01
9.248020983012846807e-01
9.248020983012846807e-01
9.248020983012846807e-01
9.248020983012846807e-01
8.368296140364028801e-01
8.368296140364028801e-01
8.368296140364028801e-01
8.368296140364028801e-01
8.368296140364028801e-01
8.368296140364028801e-01
8.368296140364028801e-01
8.368296140364028801e-01
8.368296140364028801e-01
8.368296140364028801e-01
8.368296140364028801e-01
8.368296140364028801e-01
9.680640468758161532e-01
9.680640468758161532e-01
8.904423700017757293e-01
8.904423700017757293e-01
8.904423700017757293e-01
8.904423700017757293e-01
8.904423700017757293e-01
8.904423700017757293e-01
8.904423700017757293e-01
8.578991039823881115e-01
8.578991039823881115e-01
8.578991039823881115e-01
8.578991039823881115e-01
8.578991039823881115e-01
8.578991039823881115e-01
8.578991039823881115e-01
8.578991039823881115e-01
8.578991039823881115e-01
8.578991039823881115e-01
8.578991039823881115e-01
8.696066493525509422e-01
8.696066493525509422e-01
8.696066493525509422e-01
8.696066493525509422e-01
8.696066493525509422e-01
8.696066493525509422e-01
8.696066493525509422e-01
9.051145114418510662e-01
9.051145114418510662e-01
9.051145114418510662e-01
6.222974095515165782e-01
6.222974095515165782e-01
6.222974095515165782e-01
6.222974095515165782e-01
6.222974095515165782e-01
6.222974095515165782e-01
6.222974095515165782e-01
6.222974095515165782e-01
6.222974095515165782e-01
8.037812853353588638e-01
8.037812853353588638e-01
5.952462283847225200e-01
5.952462283847225200e-01
8.884992535782518797e-01
8.182785712070546058e-01
8.182785712070546058e-01
8.182785712070546058e-01
8.182785712070546058e-01
8.182785712070546058e-01
6.665509996717774444e-01
6.665509996717774444e-01
7.178301418110447640e-01
7.178301418110447640e-01
7.178301418110447640e-01
7.178301418110447640e-01
7.178301418110447640e-01
7.178301418110447640e-01
7.178301418110447640e-01
7.178301418110447640e-01
7.178301418110447640e-01
7.178301418110447640e-01
8.829153176600557096e-01
8.829153176600557096e-01
8.829153176600557096e-01
8.829153176600557096e-01
8.829153176600557096e-01
8.829153176600557096e-01
8.829153176600557096e-01
8.829153176600557096e-01
8.829153176600557096e-01
8.829153176600557096e-01
9.372778277255509050e-01
9.372778277255509050e-01
9.372778277255509050e-01
9.372778277255509050e-01
9.372778277255509050e-01
9.372778277255509050e-01
9.372778277255509050e-01
9.372778277255509050e-01
9.372778277255509050e-01
9.372778277255509050e-01
9.372778277255509050e-01
9.372778277255509050e-01
8.824345076263022669e-01
8.824345076263022669e-01
8.700234886543941615e-01
8.700234886543941615e-01
8.700234886543941615e-01
8.700234886543941615e-01
8.700234886543941615e-01
8.700234886543941615e-01
8.700234886543941615e-01
8.700234886543941615e-01
8.700234886543941615e-01
8.700234886543941615e-01
8.700234886543941615e-01
8.700234886543941615e-01
8.700234886543941615e-01
8.700234886543941615e-01
8.700234886543941615e-01
9.906032920557586996e-01
9.906032920557586996e-01
9.906032920557586996e-01
9.906032920557586996e-01
9.906032920557586996e-01
9.906032920557586996e-01
9.906032920557586996e-01
9.906032920557586996e-01
9.906032920557586996e-01
9.906032920557586996e-01
9.906032920557586996e-01
9.906032920557586996e-01
9.906032920557586996e-01
8.582625518107231954e-01
8.582625518107231954e-01
9.384330950989225872e-01
9.384330950989225872e-01
9.384330950989225872e-01
9.384330950989225872e-01
9.384330950989225872e-01
9.384330950989225872e-01
9.971161922640878750e-01
9.971161922640878750e-01
9.971161922640878750e-01
9.299576453445002056e-01
9.299576453445002056e-01
9.299576453445002056e-01
9.299576453445002056e-01
9.299576453445002056e-01
9.299576453445002056e-01
9.299576453445002056e-01
9.299576453445002056e-01
9.299576453445002056e-01
9.299576453445002056e-01
9.299576453445002056e-01
9.299576453445002056e-01
9.299576453445002056e-01
9.299576453445002056e-01
9.299576453445002056e-01
9.299576453445002056e-01
9.299576453445002056e-01
9.299576453445002056e-01
9.299576453445002056e-01
9.299576453445002056e-01
9.299576453445002056e-01
9.299576453445002056e-01
9.299576453445002056e-01
9.165724968934603201e-01
9.165724968934603201e-01
9.165724968934603201e-01
9.165724968934603201e-01
9.165724968934603201e-01
9.165724968934603201e-01
9.165724968934603201e-01
9.165724968934603201e-01
9.165724968934603201e-01
9.495352385106125004e-01
9.495352385106125004e-01
9.495352385106125004e-01
9.495352385106125004e-01
9.495352385106125004e-01
9.495352385106125004e-01
9.495352385106125004e-01
9.495352385106125004e-01
9.495352385106125004e-01
9.495352385106125004e-01
9.495352385106125004e-01
9.495352385106125004e-01
9.495352385106125004e-01
9.495352385106125004e-01
9.495352385106125004e-01
9.495352385106125004e-01
9.495352385106125004e-01
9.495352385106125004e-01
8.356403449540278361e-01
8.356403449540278361e-01
8.356403449540278361e-01
8.356403449540278361e-01
8.356403449540278361e-01
8.356403449540278361e-01
8.356403449540278361e-01
8.356403449540278361e-01
8.356403449540278361e-01
8.356403449540278361e-01
8.356403449540278361e-01
8.356403449540278361e-01
8.356403449540278361e-01
8.356403449540278361e-01
8.356403449540278361e-01
8.356403449540278361e-01
8.356403449540278361e-01
8.356403449540278361e-01
8.356403449540278361e-01
8.356403449540278361e-01
8.356403449540278361e-01
8.867697310736717409e-01
8.867697310736717409e-01
6.731631523656796956e-01
6.731631523656796956e-01
9.266193885528184460e-01
9.945724652026841639e-01
9.945724652026841639e-01
9.945724652026841639e-01
9.945724652026841639e-01
9.945724652026841639e-01
9.945724652026841639e-01
9.945724652026841639e-01
9.945724652026841639e-01
9.945724652026841639e-01
9.945724652026841639e-01
9.945724652026841639e-01
9.945724652026841639e-01
9.945724652026841639e-01
9.945724652026841639e-01
9.945724652026841639e-01
9.945724652026841639e-01
9.945724652026841639e-01
9.945724652026841639e-01
9.945724652026841639e-01
9.945724652026841639e-01
9.945724652026841639e-01
9.945724652026841639e-01
9.945724652026841639e-01
9.945724652026841639e-01
9.945724652026841639e-01
9.945724652026841639e-01
9.945724652026841639e-01
9.945724652026841639e-01
9.945724652026841639e-01
9.945724652026841639e-01
9.410786633226423392e-01
9.410786633226423392e-01
9.410786633226423392e-01
9.410786633226423392e-01
9.410786633226423392e-01
9.410786633226423392e-01
9.410786633226423392e-01
9.410786633226423392e-01
9.410786633226423392e-01
9.410786633226423392e-01
9.410786633226423392e-01
9.410786633226423392e-01
9.410786633226423392e-01
9.410786633226423392e-01
9.410786633226423392e-01
9.410786633226423392e-01
9.410786633226423392e-01
9.410786633226423392e-01
9.410786633226423392e-01
9.410786633226423392e-01
9.410786633226423392e-01
9.410786633226423392e-01
9.410786633226423392e-01
9.410786633226423392e-01
9.410786633226423392e-01
9.410786633226423392e-01
9.410786633226423392e-01
9.410786633226423392e-01
9.410786633226423392e-01
9.410786633226423392e-01
9.410786633226423392e-01
9.410786633226423392e-01
9.410786633226423392e-01
9.410786633226423392e-01
9.410786633226423392e-01
9.410786633226423392e-01
9.410786633226423392e-01
9.410786633226423392e-01
9.410786633226423392e-01
9.410786633226423392e-01
8.957743372826589834e-01
8.957743372826589834e-01
8.957743372826589834e-01
9.369207421684960790e-01
9.369207421684960790e-01
9.369207421684960790e-01
9.369207421684960790e-01
9.369207421684960790e-01
9.369207421684960790e-01
9.369207421684960790e-01
9.369207421684960790e-01
9.369207421684960790e-01
7.346695210014548838e-01
6.757233382836972391e-01
6.792277938931516879e-01
6.792277938931516879e-01
6.792277938931516879e-01
6.792277938931516879e-01
6.792277938931516879e-01
8.482193758993452626e-01
8.482193758993452626e-01
8.482193758993452626e-01
8.482193758993452626e-01
8.482193758993452626e-01
8.482193758993452626e-01
8.482193758993452626e-01
8.482193758993452626e-01
8.482193758993452626e-01
8.482193758993452626e-01
7.393932516057193371e-01
7.393932516057193371e-01
7.393932516057193371e-01
7.393932516057193371e-01
7.393932516057193371e-01
7.393932516057193371e-01
7.393932516057193371e-01
7.393932516057193371e-01
7.393932516057193371e-01
7.393932516057193371e-01
7.393932516057193371e-01
7.393932516057193371e-01
7.393932516057193371e-01
7.393932516057193371e-01
7.393932516057193371e-01
7.393932516057193371e-01
8.072816827413349383e-01
8.072816827413349383e-01
8.072816827413349383e-01
8.072816827413349383e-01
8.072816827413349383e-01
8.072816827413349383e-01
8.072816827413349383e-01
8.072816827413349383e-01
8.072816827413349383e-01
8.072816827413349383e-01
8.072816827413349383e-01
8.072816827413349383e-01
8.072816827413349383e-01
8.072816827413349383e-01
8.072816827413349383e-01
8.072816827413349383e-01
8.072816827413349383e-01
8.072816827413349383e-01
8.072816827413349383e-01
8.072816827413349383e-01
8.072816827413349383e-01
8.072816827413349383e-01
8.072816827413349383e-01
8.072816827413349383e-01
8.072816827413349383e-01
7.927797564853475976e-01
7.927797564853475976e-01
7.927797564853475976e-01
7.927797564853475976e-01
7.927797564853475976e-01
7.927797564853475976e-01
7.927797564853475976e-01
7.927797564853475976e-01
7.927797564853475976e-01
7.927797564853475976e-01
7.927797564853475976e-01
7.927797564853475976e-01
7.927797564853475976e-01
5.872648312819793714e-01
8.817809154256477377e-01
9.913238025912097795e-01
9.913238025912097795e-01
9.913238025912097795e-01
9.913238025912097795e-01
9.913238025912097795e-01
9.913238025912097795e-01
9.913238025912097795e-01
9.913238025912097795e-01
9.639872272104336171e-01
6.398097478743509647e-01
6.398097478743509647e-01
7.424281224136973778e-01
7.424281224136973778e-01
7.424281224136973778e-01
7.424281224136973778e-01
7.424281224136973778e-01
7.424281224136973778e-01
7.424281224136973778e-01
7.424281224136973778e-01
7.424281224136973778e-01
7.424281224136973778e-01
7.424281224136973778e-01
7.424281224136973778e-01
7.424281224136973778e-01
7.117717890130447200e-01
7.117717890130447200e-01
7.117717890130447200e-01
7.117717890130447200e-01
7.117717890130447200e-01
7.117717890130447200e-01
7.117717890130447200e-01
7.117717890130447200e-01
7.117717890130447200e-01
7.117717890130447200e-01
7.117717890130447200e-01
7.117717890130447200e-01
7.117717890130447200e-01
7.117717890130447200e-01
7.117717890130447200e-01
7.117717890130447200e-01
7.117717890130447200e-01
7.117717890130447200e-01
7.117717890130447200e-01
7.117717890130447200e-01
7.117717890130447200e-01
7.117717890130447200e-01
7.117717890130447200e-01
7.117717890130447200e-01
7.117717890130447200e-01
9.859650375122614996e-01
9.859650375122614996e-01
9.859650375122614996e-01
9.859650375122614996e-01
9.859650375122614996e-01
9.859650375122614996e-01
9.859650375122614996e-01
9.859650375122614996e-01
9.859650375122614996e-01
9.859650375122614996e-01
9.859650375122614996e-01
9.859650375122614996e-01
9.859650375122614996e-01
9.859650375122614996e-01
9.859650375122614996e-01
9.859650375122614996e-01
9.859650375122614996e-01
9.859650375122614996e-01
9.859650375122614996e-01
9.859650375122614996e-01
9.859650375122614996e-01
9.859650375122614996e-01
9.859650375122614996e-01
9.859650375122614996e-01
9.859650375122614996e-01
9.859650375122614996e-01
9.859650375122614996e-01
9.859650375122614996e-01
9.859650375122614996e-01
9.859650375122614996e-01
9.859650375122614996e-01
8.599907351357154450e-01
8.599907351357154450e-01
8.599907351357154450e-01
8.599907351357154450e-01
8.599907351357154450e-01
8.599907351357154450e-01
8.599907351357154450e-01
8.599907351357154450e-01
8.599907351357154450e-01
8.599907351357154450e-01
8.599907351357154450e-01
8.599907351357154450e-01
8.599907351357154450e-01
8.599907351357154450e-01
8.599907351357154450e-01
8.599907351357154450e-01
8.599907351357154450e-01
8.599907351357154450e-01
8.599907351357154450e-01
8.599907351357154450e-01
8.599907351357154450e-01
8.599907351357154450e-01
8.599907351357154450e-01
8.599907351357154450e-01
8.599907351357154450e-01
8.599907351357154450e-01
8.599907351357154450e-01
8.599907351357154450e-01
8.599907351357154450e-01
9.769965023313216257e-01
9.769965023313216257e-01
9.769965023313216257e-01
9.769965023313216257e-01
9.769965023313216257e-01
9.769965023313216257e-01
9.769965023313216257e-01
9.769965023313216257e-01
9.769965023313216257e-01
9.769965023313216257e-01
7.101267042540259089e-01
7.101267042540259089e-01
7.101267042540259089e-01
7.515177356347139126e-01
7.515177356347139126e-01
7.515177356347139126e-01
7.515177356347139126e-01
7.515177356347139126e-01
7.515177356347139126e-01
6.980855799356373570e-01
6.980855799356373570e-01
6.980855799356373570e-01
6.980855799356373570e-01
6.980855799356373570e-01
6.980855799356373570e-01
6.980855799356373570e-01
6.980855799356373570e-01
6.980855799356373570e-01
6.980855799356373570e-01
6.980855799356373570e-01
6.980855799356373570e-01
6.980855799356373570e-01
6.980855799356373570e-01
6.980855799356373570e-01
6.980855799356373570e-01
6.980855799356373570e-01
7.706253386714344566e-01
7.706253386714344566e-01
7.706253386714344566e-01
7.706253386714344566e-01
7.706253386714344566e-01
7.706253386714344566e-01
7.706253386714344566e-01
7.706253386714344566e-01
7.706253386714344566e-01
7.706253386714344566e-01
7.706253386714344566e-01
7.706253386714344566e-01
7.706253386714344566e-01
7.706253386714344566e-01
7.706253386714344566e-01
7.706253386714344566e-01
7.706253386714344566e-01
7.291233662997603782e-01
7.291233662997603782e-01
7.291233662997603782e-01
7.291233662997603782e-01
7.291233662997603782e-01
7.291233662997603782e-01
7.291233662997603782e-01
7.291233662997603782e-01
9.854584999048519034e-01
9.965203275360803303e-01
9.965203275360803303e-01
9.965203275360803303e-01
7.835051338350591532e-01
8.211871704854560861e-01
8.211871704854560861e-01
8.211871704854560861e-01
8.211871704854560861e-01
8.211871704854560861e-01
8.211871704854560861e-01
8.211871704854560861e-01
8.952001540158499582e-01
8.952001540158499582e-01
8.952001540158499582e-01
8.952001540158499582e-01
8.952001540158499582e-01
7.200843179063683985e-01
7.200843179063683985e-01
9.798900514555779484e-01
9.798900514555779484e-01
9.798900514555779484e-01
9.798900514555779484e-01
9.798900514555779484e-01
9.798900514555779484e-01
9.798900514555779484e-01
8.821344778804869335e-01
8.821344778804869335e-01
8.821344778804869335e-01
7.106091002413619240e-01
7.106091002413619240e-01
7.106091002413619240e-01
7.106091002413619240e-01
7.106091002413619240e-01
7.106091002413619240e-01
9.979442386414895116e-01
9.979442386414895116e-01
9.979442386414895116e-01
9.976487998104379695e-01
6.531577591588229037e-01
6.531577591588229037e-01
6.531577591588229037e-01
6.531577591588229037e-01
6.531577591588229037e-01
6.531577591588229037e-01
6.531577591588229037e-01
6.531577591588229037e-01
6.531577591588229037e-01
6.531577591588229037e-01
6.531577591588229037e-01
6.531577591588229037e-01
6.531577591588229037e-01
6.531577591588229037e-01
6.531577591588229037e-01
6.531577591588229037e-01
6.531577591588229037e-01
6.531577591588229037e-01
6.531577591588229037e-01
6.531577591588229037e-01
6.531577591588229037e-01
6.531577591588229037e-01
6.531577591588229037e-01
6.531577591588229037e-01
6.531577591588229037e-01
6.531577591588229037e-01
6.531577591588229037e-01
9.387094170719080255e-01
8.659798332476423832e-01
8.659798332476423832e-01
8.659798332476423832e-01
8.659798332476423832e-01
8.421183044175556409e-01
8.421183044175556409e-01
8.421183044175556409e-01
8.421183044175556409e-01
9.587078405289320981e-01
9.587078405289320981e-01
9.587078405289320981e-01
9.587078405289320981e-01
9.587078405289320981e-01
9.587078405289320981e-01
9.587078405289320981e-01
9.587078405289320981e-01
9.587078405289320981e-01
8.497031324033156308e-01
6.264263871766844183e-01
6.264263871766844183e-01
6.264263871766844183e-01
9.104689653786927073e-01
9.104689653786927073e-01
9.104689653786927073e-01
9.104689653786927073e-01
9.104689653786927073e-01
9.104689653786927073e-01
9.104689653786927073e-01
9.104689653786927073e-01
9.104689653786927073e-01
9.104689653786927073e-01
9.104689653786927073e-01
9.104689653786927073e-01
9.104689653786927073e-01
9.104689653786927073e-01
9.104689653786927073e-01
9.104689653786927073e-01
9.104689653786927073e-01
9.104689653786927073e-01
6.999537458009525981e-01
6.999537458009525981e-01
6.999537458009525981e-01
6.999537458009525981e-01
9.356009363312401961e-01
9.356009363312401961e-01
9.356009363312401961e-01
9.109273655101798317e-01
9.109273655101798317e-01
9.109273655101798317e-01
9.109273655101798317e-01
9.109273655101798317e-01
9.109273655101798317e-01
9.109273655101798317e-01
9.109273655101798317e-01
9.090922414306628063e-01
9.090922414306628063e-01
9.410396397800014912e-01
9.410396397800014912e-01
9.410396397800014912e-01
9.410396397800014912e-01
9.410396397800014912e-01
9.410396397800014912e-01
9.410396397800014912e-01
9.410396397800014912e-01
9.410396397800014912e-01
9.410396397800014912e-01
6.230124952627218438e-01
6.230124952627218438e-01
6.230124952627218438e-01
6.230124952627218438e-01
6.230124952627218438e-01
6.230124952627218438e-01
6.230124952627218438e-01
8.238063610658770131e-01
8.238063610658770131e-01
8.238063610658770131e-01
8.238063610658770131e-01
8.238063610658770131e-01
8.238063610658770131e-01
8.238063610658770131e-01
8.647653712472378462e-01
8.647653712472378462e-01
8.647653712472378462e-01
9.799836877603556040e-01
9.799836877603556040e-01
9.799836877603556040e-01
9.799836877603556040e-01
8.365034656708174587e-01
8.365034656708174587e-01
8.365034656708174587e-01
8.365034656708174587e-01
8.100364976226437363e-01
8.100364976226437363e-01
8.100364976226437363e-01
8.100364976226437363e-01
8.100364976226437363e-01
8.100364976226437363e-01
8.100364976226437363e-01
8.100364976226437363e-01
8.100364976226437363e-01
8.100364976226437363e-01
8.100364976226437363e-01
8.100364976226437363e-01
