# Variable: HN_radius
# Sample shape: (2000,)
# Date: 2014-03-03 06:24:06.533315
1.250000000000000000e+00
1.250000000000000000e+00
1.250000000000000000e+00
1.250000000000000000e+00
1.250000000000000000e+00
1.250000000000000000e+00
1.250000000000000000e+00
1.287162016087553207e+00
1.287162016087553207e+00
1.287162016087553207e+00
1.287162016087553207e+00
1.287162016087553207e+00
1.287162016087553207e+00
1.287162016087553207e+00
1.287162016087553207e+00
1.276009061881283380e+00
1.276009061881283380e+00
1.276009061881283380e+00
1.276009061881283380e+00
1.276009061881283380e+00
1.276009061881283380e+00
1.276009061881283380e+00
1.276009061881283380e+00
1.276009061881283380e+00
1.276009061881283380e+00
1.276009061881283380e+00
1.276009061881283380e+00
1.276009061881283380e+00
1.276009061881283380e+00
1.276009061881283380e+00
1.291709724591245667e+00
1.291709724591245667e+00
1.291709724591245667e+00
1.291709724591245667e+00
1.291709724591245667e+00
1.291709724591245667e+00
1.291709724591245667e+00
1.291709724591245667e+00
1.291709724591245667e+00
1.291709724591245667e+00
1.291709724591245667e+00
1.291709724591245667e+00
1.291709724591245667e+00
1.330446001884666218e+00
1.330446001884666218e+00
1.330446001884666218e+00
1.277455624139903989e+00
1.277455624139903989e+00
1.277455624139903989e+00
1.277455624139903989e+00
1.277455624139903989e+00
1.277455624139903989e+00
1.277455624139903989e+00
1.277455624139903989e+00
1.277455624139903989e+00
1.277455624139903989e+00
1.277455624139903989e+00
1.277455624139903989e+00
1.277455624139903989e+00
1.277455624139903989e+00
1.337334229648156070e+00
1.337334229648156070e+00
1.337334229648156070e+00
1.337334229648156070e+00
1.337334229648156070e+00
1.337334229648156070e+00
1.337334229648156070e+00
1.337334229648156070e+00
1.337334229648156070e+00
1.337334229648156070e+00
1.337334229648156070e+00
1.391674348298873598e+00
1.391674348298873598e+00
1.391674348298873598e+00
1.391674348298873598e+00
1.391674348298873598e+00
1.391674348298873598e+00
1.391674348298873598e+00
1.391674348298873598e+00
1.391674348298873598e+00
1.391674348298873598e+00
1.391674348298873598e+00
1.334537692201251069e+00
1.334537692201251069e+00
1.334537692201251069e+00
1.334537692201251069e+00
1.334537692201251069e+00
1.334537692201251069e+00
1.334537692201251069e+00
1.334537692201251069e+00
1.334537692201251069e+00
1.334537692201251069e+00
1.344987804436587497e+00
1.344987804436587497e+00
1.344987804436587497e+00
1.344987804436587497e+00
1.347283793095988669e+00
1.347283793095988669e+00
1.347283793095988669e+00
1.347283793095988669e+00
1.347283793095988669e+00
1.347283793095988669e+00
1.347283793095988669e+00
1.347283793095988669e+00
1.347283793095988669e+00
1.347283793095988669e+00
1.347283793095988669e+00
1.347283793095988669e+00
1.347283793095988669e+00
1.347283793095988669e+00
1.347283793095988669e+00
1.347283793095988669e+00
1.347283793095988669e+00
1.347283793095988669e+00
1.347283793095988669e+00
1.347283793095988669e+00
1.347283793095988669e+00
1.347283793095988669e+00
1.347283793095988669e+00
1.347283793095988669e+00
1.347283793095988669e+00
1.347283793095988669e+00
1.347283793095988669e+00
1.347283793095988669e+00
1.347283793095988669e+00
1.347283793095988669e+00
1.347283793095988669e+00
1.347283793095988669e+00
1.347283793095988669e+00
1.347283793095988669e+00
1.347283793095988669e+00
1.347283793095988669e+00
1.347283793095988669e+00
1.347283793095988669e+00
1.347283793095988669e+00
1.347283793095988669e+00
1.347283793095988669e+00
1.347283793095988669e+00
1.232050572263632571e+00
1.232050572263632571e+00
1.232050572263632571e+00
1.232050572263632571e+00
1.232050572263632571e+00
1.232050572263632571e+00
1.232050572263632571e+00
1.232050572263632571e+00
1.232050572263632571e+00
1.232050572263632571e+00
1.232050572263632571e+00
1.232050572263632571e+00
1.232050572263632571e+00
1.232050572263632571e+00
1.232050572263632571e+00
1.232050572263632571e+00
1.232050572263632571e+00
1.232050572263632571e+00
1.232050572263632571e+00
1.232050572263632571e+00
1.232050572263632571e+00
1.232050572263632571e+00
1.232050572263632571e+00
1.252198551061817655e+00
1.252198551061817655e+00
1.252198551061817655e+00
1.252198551061817655e+00
1.252198551061817655e+00
1.252198551061817655e+00
1.252198551061817655e+00
1.252198551061817655e+00
1.252198551061817655e+00
1.252198551061817655e+00
1.252198551061817655e+00
1.252198551061817655e+00
1.252198551061817655e+00
1.252198551061817655e+00
1.252198551061817655e+00
1.252198551061817655e+00
1.252198551061817655e+00
1.252198551061817655e+00
1.252198551061817655e+00
1.252198551061817655e+00
1.252198551061817655e+00
1.252198551061817655e+00
1.252198551061817655e+00
1.252198551061817655e+00
1.252198551061817655e+00
1.252198551061817655e+00
1.252198551061817655e+00
1.252198551061817655e+00
1.252198551061817655e+00
1.252198551061817655e+00
1.252198551061817655e+00
1.252198551061817655e+00
1.252198551061817655e+00
1.252198551061817655e+00
1.252198551061817655e+00
1.252198551061817655e+00
1.252198551061817655e+00
1.252198551061817655e+00
1.252198551061817655e+00
1.252198551061817655e+00
1.252198551061817655e+00
1.252198551061817655e+00
1.252198551061817655e+00
1.252198551061817655e+00
1.252198551061817655e+00
1.252198551061817655e+00
1.252198551061817655e+00
1.252198551061817655e+00
1.252198551061817655e+00
1.252198551061817655e+00
1.252198551061817655e+00
1.252198551061817655e+00
1.252198551061817655e+00
1.252198551061817655e+00
1.252198551061817655e+00
1.220835220511280239e+00
1.220835220511280239e+00
1.220835220511280239e+00
1.220835220511280239e+00
1.220835220511280239e+00
1.220835220511280239e+00
1.220835220511280239e+00
1.220835220511280239e+00
1.220835220511280239e+00
1.220835220511280239e+00
1.220835220511280239e+00
1.220835220511280239e+00
1.220835220511280239e+00
1.220835220511280239e+00
1.220835220511280239e+00
1.220835220511280239e+00
1.220835220511280239e+00
1.220835220511280239e+00
1.220835220511280239e+00
1.220835220511280239e+00
1.220835220511280239e+00
1.220835220511280239e+00
1.220835220511280239e+00
1.220835220511280239e+00
1.220835220511280239e+00
1.220835220511280239e+00
1.220835220511280239e+00
1.220835220511280239e+00
1.220835220511280239e+00
1.220835220511280239e+00
1.220835220511280239e+00
1.220835220511280239e+00
1.220835220511280239e+00
1.220835220511280239e+00
1.220835220511280239e+00
1.220835220511280239e+00
1.220835220511280239e+00
1.220835220511280239e+00
1.220835220511280239e+00
1.220835220511280239e+00
1.220835220511280239e+00
1.220835220511280239e+00
1.220835220511280239e+00
1.220835220511280239e+00
1.220835220511280239e+00
1.220835220511280239e+00
1.220835220511280239e+00
1.220835220511280239e+00
1.220835220511280239e+00
1.220835220511280239e+00
1.220835220511280239e+00
1.220835220511280239e+00
1.220835220511280239e+00
1.220835220511280239e+00
1.220835220511280239e+00
1.220835220511280239e+00
1.220835220511280239e+00
1.220835220511280239e+00
1.220835220511280239e+00
1.220835220511280239e+00
1.220835220511280239e+00
1.220835220511280239e+00
1.220835220511280239e+00
1.220835220511280239e+00
1.220835220511280239e+00
1.220835220511280239e+00
1.220835220511280239e+00
1.220835220511280239e+00
1.220835220511280239e+00
1.145116000915959553e+00
1.169679005350032774e+00
1.169679005350032774e+00
1.169679005350032774e+00
1.169679005350032774e+00
1.169679005350032774e+00
1.169679005350032774e+00
1.169679005350032774e+00
1.169679005350032774e+00
1.169679005350032774e+00
1.169679005350032774e+00
1.169679005350032774e+00
1.169679005350032774e+00
1.169679005350032774e+00
1.169679005350032774e+00
1.169679005350032774e+00
1.169679005350032774e+00
1.169679005350032774e+00
1.169679005350032774e+00
1.169679005350032774e+00
1.169679005350032774e+00
1.169679005350032774e+00
1.169679005350032774e+00
1.169679005350032774e+00
1.169679005350032774e+00
1.169679005350032774e+00
1.169679005350032774e+00
1.169679005350032774e+00
1.169679005350032774e+00
1.169679005350032774e+00
1.169679005350032774e+00
1.169679005350032774e+00
1.169679005350032774e+00
1.169679005350032774e+00
1.169679005350032774e+00
1.169679005350032774e+00
1.169679005350032774e+00
1.169679005350032774e+00
1.169679005350032774e+00
1.169679005350032774e+00
1.169679005350032774e+00
1.169679005350032774e+00
1.169679005350032774e+00
1.169679005350032774e+00
1.169679005350032774e+00
1.169679005350032774e+00
1.169679005350032774e+00
1.169679005350032774e+00
1.169679005350032774e+00
1.169679005350032774e+00
1.169679005350032774e+00
1.169679005350032774e+00
1.169679005350032774e+00
1.169679005350032774e+00
1.169679005350032774e+00
1.149234039493481685e+00
1.149234039493481685e+00
1.149234039493481685e+00
1.149234039493481685e+00
1.149234039493481685e+00
1.149234039493481685e+00
1.149234039493481685e+00
1.149234039493481685e+00
1.149234039493481685e+00
1.149234039493481685e+00
1.149234039493481685e+00
1.149234039493481685e+00
1.149234039493481685e+00
1.149234039493481685e+00
1.149234039493481685e+00
1.149234039493481685e+00
1.149234039493481685e+00
1.149234039493481685e+00
1.151119503538486688e+00
1.151119503538486688e+00
1.151119503538486688e+00
1.151119503538486688e+00
1.151119503538486688e+00
1.151119503538486688e+00
1.151119503538486688e+00
1.151119503538486688e+00
1.151119503538486688e+00
1.151119503538486688e+00
1.151119503538486688e+00
1.151119503538486688e+00
1.151119503538486688e+00
1.151119503538486688e+00
1.151119503538486688e+00
1.151119503538486688e+00
1.151119503538486688e+00
1.151119503538486688e+00
1.151119503538486688e+00
1.151119503538486688e+00
1.151119503538486688e+00
1.151119503538486688e+00
1.151119503538486688e+00
1.151119503538486688e+00
1.151119503538486688e+00
1.151119503538486688e+00
1.151119503538486688e+00
1.151119503538486688e+00
1.151119503538486688e+00
1.151119503538486688e+00
1.151119503538486688e+00
1.151119503538486688e+00
1.151119503538486688e+00
1.151119503538486688e+00
1.151119503538486688e+00
1.151119503538486688e+00
1.151119503538486688e+00
1.151119503538486688e+00
1.151119503538486688e+00
1.151119503538486688e+00
1.151119503538486688e+00
1.151119503538486688e+00
1.151119503538486688e+00
1.151119503538486688e+00
1.151119503538486688e+00
1.151119503538486688e+00
1.151119503538486688e+00
1.151119503538486688e+00
1.151119503538486688e+00
1.151119503538486688e+00
1.151119503538486688e+00
1.151119503538486688e+00
1.151119503538486688e+00
1.151119503538486688e+00
1.151119503538486688e+00
1.151119503538486688e+00
1.151119503538486688e+00
1.151119503538486688e+00
1.151119503538486688e+00
1.151119503538486688e+00
1.151119503538486688e+00
1.151119503538486688e+00
1.151119503538486688e+00
1.151119503538486688e+00
1.151119503538486688e+00
1.151119503538486688e+00
1.151119503538486688e+00
1.151119503538486688e+00
1.151119503538486688e+00
1.151119503538486688e+00
1.151119503538486688e+00
1.151119503538486688e+00
1.151119503538486688e+00
1.151119503538486688e+00
1.151119503538486688e+00
1.151119503538486688e+00
1.151119503538486688e+00
1.151119503538486688e+00
1.151119503538486688e+00
1.151119503538486688e+00
1.151119503538486688e+00
1.151119503538486688e+00
1.151119503538486688e+00
1.151119503538486688e+00
1.151119503538486688e+00
1.151119503538486688e+00
1.151119503538486688e+00
1.151119503538486688e+00
1.151119503538486688e+00
1.151119503538486688e+00
1.151119503538486688e+00
1.151119503538486688e+00
1.151119503538486688e+00
1.151119503538486688e+00
1.151119503538486688e+00
1.151119503538486688e+00
1.151119503538486688e+00
1.151119503538486688e+00
1.151119503538486688e+00
1.151119503538486688e+00
1.151119503538486688e+00
1.151119503538486688e+00
1.151119503538486688e+00
1.151119503538486688e+00
1.151119503538486688e+00
1.151119503538486688e+00
1.151119503538486688e+00
1.151119503538486688e+00
1.151119503538486688e+00
1.151119503538486688e+00
1.166514374006222710e+00
1.166514374006222710e+00
1.166514374006222710e+00
1.166514374006222710e+00
1.166514374006222710e+00
1.166514374006222710e+00
1.166514374006222710e+00
1.166514374006222710e+00
1.166514374006222710e+00
1.166514374006222710e+00
1.166514374006222710e+00
1.166514374006222710e+00
1.166514374006222710e+00
1.166514374006222710e+00
1.166514374006222710e+00
1.166514374006222710e+00
1.166514374006222710e+00
1.166514374006222710e+00
1.166514374006222710e+00
1.166514374006222710e+00
1.166514374006222710e+00
1.166514374006222710e+00
1.166514374006222710e+00
1.166514374006222710e+00
1.166514374006222710e+00
1.166514374006222710e+00
1.166514374006222710e+00
1.166514374006222710e+00
1.166514374006222710e+00
1.166514374006222710e+00
1.166514374006222710e+00
1.166514374006222710e+00
1.166514374006222710e+00
1.166514374006222710e+00
1.166514374006222710e+00
1.166514374006222710e+00
1.166514374006222710e+00
1.166514374006222710e+00
1.166514374006222710e+00
1.166514374006222710e+00
1.166514374006222710e+00
1.166514374006222710e+00
1.166514374006222710e+00
1.166514374006222710e+00
1.166514374006222710e+00
1.166514374006222710e+00
1.166514374006222710e+00
1.166514374006222710e+00
1.122239355838358321e+00
1.122239355838358321e+00
1.122239355838358321e+00
1.122239355838358321e+00
1.122239355838358321e+00
1.122239355838358321e+00
1.122239355838358321e+00
1.122239355838358321e+00
1.122239355838358321e+00
1.122239355838358321e+00
1.122239355838358321e+00
1.122239355838358321e+00
1.122239355838358321e+00
1.122239355838358321e+00
1.122239355838358321e+00
1.122239355838358321e+00
1.122239355838358321e+00
1.122239355838358321e+00
1.122239355838358321e+00
1.122239355838358321e+00
1.122239355838358321e+00
1.122239355838358321e+00
1.122239355838358321e+00
1.122239355838358321e+00
1.122239355838358321e+00
1.122239355838358321e+00
1.122239355838358321e+00
1.122239355838358321e+00
1.122239355838358321e+00
1.122239355838358321e+00
1.122239355838358321e+00
1.122239355838358321e+00
1.122239355838358321e+00
1.122239355838358321e+00
1.122239355838358321e+00
1.122239355838358321e+00
1.122239355838358321e+00
1.122239355838358321e+00
1.122239355838358321e+00
1.122239355838358321e+00
1.122239355838358321e+00
1.122239355838358321e+00
1.122239355838358321e+00
1.122239355838358321e+00
1.122239355838358321e+00
1.122239355838358321e+00
1.122239355838358321e+00
1.122239355838358321e+00
1.122239355838358321e+00
1.122239355838358321e+00
1.122239355838358321e+00
1.122239355838358321e+00
1.122239355838358321e+00
1.122239355838358321e+00
1.122239355838358321e+00
1.122239355838358321e+00
1.122239355838358321e+00
1.122239355838358321e+00
1.122239355838358321e+00
1.122239355838358321e+00
1.122239355838358321e+00
1.122239355838358321e+00
1.122239355838358321e+00
1.122239355838358321e+00
1.122239355838358321e+00
1.122239355838358321e+00
1.150185512939258192e+00
1.150185512939258192e+00
1.150185512939258192e+00
1.150185512939258192e+00
1.150185512939258192e+00
1.150185512939258192e+00
1.150185512939258192e+00
1.150185512939258192e+00
1.150185512939258192e+00
1.150185512939258192e+00
1.150185512939258192e+00
1.150185512939258192e+00
1.150185512939258192e+00
1.150185512939258192e+00
1.150185512939258192e+00
1.150185512939258192e+00
1.150185512939258192e+00
1.150185512939258192e+00
1.150185512939258192e+00
1.150185512939258192e+00
1.150185512939258192e+00
1.150185512939258192e+00
1.150185512939258192e+00
1.150185512939258192e+00
1.150185512939258192e+00
1.150185512939258192e+00
1.150185512939258192e+00
1.150185512939258192e+00
1.150185512939258192e+00
1.150185512939258192e+00
1.150185512939258192e+00
1.150185512939258192e+00
1.150185512939258192e+00
1.150185512939258192e+00
1.150185512939258192e+00
1.150185512939258192e+00
1.150185512939258192e+00
1.089832973880248801e+00
1.089832973880248801e+00
1.089832973880248801e+00
1.089832973880248801e+00
1.089832973880248801e+00
1.089832973880248801e+00
1.089832973880248801e+00
1.089832973880248801e+00
1.089832973880248801e+00
1.089832973880248801e+00
1.089832973880248801e+00
1.089832973880248801e+00
1.089832973880248801e+00
1.089832973880248801e+00
1.089832973880248801e+00
1.089832973880248801e+00
1.089832973880248801e+00
1.089832973880248801e+00
1.089832973880248801e+00
1.089832973880248801e+00
1.089832973880248801e+00
1.089832973880248801e+00
1.089832973880248801e+00
1.089832973880248801e+00
1.089832973880248801e+00
1.089832973880248801e+00
1.089832973880248801e+00
1.089832973880248801e+00
1.089832973880248801e+00
1.089832973880248801e+00
1.089832973880248801e+00
1.089832973880248801e+00
1.089832973880248801e+00
1.089832973880248801e+00
1.089832973880248801e+00
1.089832973880248801e+00
1.089832973880248801e+00
1.089832973880248801e+00
1.089832973880248801e+00
1.089832973880248801e+00
1.089832973880248801e+00
1.089832973880248801e+00
1.089832973880248801e+00
1.089832973880248801e+00
1.089832973880248801e+00
1.089832973880248801e+00
1.089832973880248801e+00
1.089832973880248801e+00
1.089832973880248801e+00
1.089832973880248801e+00
1.089832973880248801e+00
1.089832973880248801e+00
1.089832973880248801e+00
1.089832973880248801e+00
1.089832973880248801e+00
1.089832973880248801e+00
1.089832973880248801e+00
1.089832973880248801e+00
1.089832973880248801e+00
1.089832973880248801e+00
1.089832973880248801e+00
1.089832973880248801e+00
1.089832973880248801e+00
1.089832973880248801e+00
1.089832973880248801e+00
1.089832973880248801e+00
1.089832973880248801e+00
1.089832973880248801e+00
1.089832973880248801e+00
1.089832973880248801e+00
1.035368081786828043e+00
1.035368081786828043e+00
1.035368081786828043e+00
1.035368081786828043e+00
1.035368081786828043e+00
1.035368081786828043e+00
1.035368081786828043e+00
1.035368081786828043e+00
1.035368081786828043e+00
1.035368081786828043e+00
1.035368081786828043e+00
1.035368081786828043e+00
1.035368081786828043e+00
1.035368081786828043e+00
1.035368081786828043e+00
1.014898186703980576e+00
1.014898186703980576e+00
1.014898186703980576e+00
1.014898186703980576e+00
1.014898186703980576e+00
1.014898186703980576e+00
1.014898186703980576e+00
1.014898186703980576e+00
1.014898186703980576e+00
1.014898186703980576e+00
1.014898186703980576e+00
1.014898186703980576e+00
1.014898186703980576e+00
1.014898186703980576e+00
1.014898186703980576e+00
1.014898186703980576e+00
1.014898186703980576e+00
1.014898186703980576e+00
1.014898186703980576e+00
1.014898186703980576e+00
1.014898186703980576e+00
1.014898186703980576e+00
1.014898186703980576e+00
1.014898186703980576e+00
1.014898186703980576e+00
1.014898186703980576e+00
1.014898186703980576e+00
1.014898186703980576e+00
1.014898186703980576e+00
1.014898186703980576e+00
1.014898186703980576e+00
1.014898186703980576e+00
1.014898186703980576e+00
1.014898186703980576e+00
1.014898186703980576e+00
1.014898186703980576e+00
1.014898186703980576e+00
1.014898186703980576e+00
1.014898186703980576e+00
1.014898186703980576e+00
1.014898186703980576e+00
1.014898186703980576e+00
1.014898186703980576e+00
1.014898186703980576e+00
1.014898186703980576e+00
1.014898186703980576e+00
1.014898186703980576e+00
1.009644499897130565e+00
1.009644499897130565e+00
1.009644499897130565e+00
1.009644499897130565e+00
1.009644499897130565e+00
1.009644499897130565e+00
9.958546592925214824e-01
9.966895630957715024e-01
9.966895630957715024e-01
9.966895630957715024e-01
9.966895630957715024e-01
9.966895630957715024e-01
9.966895630957715024e-01
9.966895630957715024e-01
9.966895630957715024e-01
9.966895630957715024e-01
9.966895630957715024e-01
9.966895630957715024e-01
9.966895630957715024e-01
9.966895630957715024e-01
9.966895630957715024e-01
9.966895630957715024e-01
9.966895630957715024e-01
9.966895630957715024e-01
9.966895630957715024e-01
9.966895630957715024e-01
9.966895630957715024e-01
9.966895630957715024e-01
9.966895630957715024e-01
9.966895630957715024e-01
9.966895630957715024e-01
9.966895630957715024e-01
9.966895630957715024e-01
9.966895630957715024e-01
1.027478946944861748e+00
1.027478946944861748e+00
1.027478946944861748e+00
1.027478946944861748e+00
1.027478946944861748e+00
1.027478946944861748e+00
1.027478946944861748e+00
1.027478946944861748e+00
1.027478946944861748e+00
1.027478946944861748e+00
1.027478946944861748e+00
1.027478946944861748e+00
1.027478946944861748e+00
1.027478946944861748e+00
1.027478946944861748e+00
1.027478946944861748e+00
1.027478946944861748e+00
1.027478946944861748e+00
1.027478946944861748e+00
1.027478946944861748e+00
1.027478946944861748e+00
1.027478946944861748e+00
1.027478946944861748e+00
1.027478946944861748e+00
1.027478946944861748e+00
1.027478946944861748e+00
1.027478946944861748e+00
1.027478946944861748e+00
1.027478946944861748e+00
1.027478946944861748e+00
1.027478946944861748e+00
1.027478946944861748e+00
1.027478946944861748e+00
1.027478946944861748e+00
1.027478946944861748e+00
1.027478946944861748e+00
1.027478946944861748e+00
1.027478946944861748e+00
1.027478946944861748e+00
1.027478946944861748e+00
1.027478946944861748e+00
1.027478946944861748e+00
1.027478946944861748e+00
1.027478946944861748e+00
1.027478946944861748e+00
1.027478946944861748e+00
1.027478946944861748e+00
1.027478946944861748e+00
1.027478946944861748e+00
1.027478946944861748e+00
1.027478946944861748e+00
1.027478946944861748e+00
1.027478946944861748e+00
1.027478946944861748e+00
1.027478946944861748e+00
1.027478946944861748e+00
1.027478946944861748e+00
1.027478946944861748e+00
1.027478946944861748e+00
1.027478946944861748e+00
1.027478946944861748e+00
1.027478946944861748e+00
1.027478946944861748e+00
1.027478946944861748e+00
1.027478946944861748e+00
1.027478946944861748e+00
1.027478946944861748e+00
1.027478946944861748e+00
1.027478946944861748e+00
1.027478946944861748e+00
1.061744768448532383e+00
1.061744768448532383e+00
1.061744768448532383e+00
1.061744768448532383e+00
1.061744768448532383e+00
1.061744768448532383e+00
1.061744768448532383e+00
1.061744768448532383e+00
1.061744768448532383e+00
1.061744768448532383e+00
1.061744768448532383e+00
1.061744768448532383e+00
1.061744768448532383e+00
1.061744768448532383e+00
1.061744768448532383e+00
1.079510996652669030e+00
1.079510996652669030e+00
1.079510996652669030e+00
1.079510996652669030e+00
1.079510996652669030e+00
1.079510996652669030e+00
1.079510996652669030e+00
1.079510996652669030e+00
1.079510996652669030e+00
1.079510996652669030e+00
1.079510996652669030e+00
1.079510996652669030e+00
1.079510996652669030e+00
1.079510996652669030e+00
1.079510996652669030e+00
1.079510996652669030e+00
1.079510996652669030e+00
1.079510996652669030e+00
1.079510996652669030e+00
1.079510996652669030e+00
1.079510996652669030e+00
1.079510996652669030e+00
1.079510996652669030e+00
1.079510996652669030e+00
1.079510996652669030e+00
1.079510996652669030e+00
1.079510996652669030e+00
1.079510996652669030e+00
1.079510996652669030e+00
1.079510996652669030e+00
1.079510996652669030e+00
1.079510996652669030e+00
1.079510996652669030e+00
1.079510996652669030e+00
1.079510996652669030e+00
1.079510996652669030e+00
1.079510996652669030e+00
1.079510996652669030e+00
1.079510996652669030e+00
1.079510996652669030e+00
1.079510996652669030e+00
1.079510996652669030e+00
1.079510996652669030e+00
1.079510996652669030e+00
1.079510996652669030e+00
1.079510996652669030e+00
1.079510996652669030e+00
1.079510996652669030e+00
1.079510996652669030e+00
1.079510996652669030e+00
1.079510996652669030e+00
1.079510996652669030e+00
1.079510996652669030e+00
1.079510996652669030e+00
1.079510996652669030e+00
1.079510996652669030e+00
1.079510996652669030e+00
1.079510996652669030e+00
1.079510996652669030e+00
1.079510996652669030e+00
1.079510996652669030e+00
1.079510996652669030e+00
1.079510996652669030e+00
1.079510996652669030e+00
1.079510996652669030e+00
1.079510996652669030e+00
1.079510996652669030e+00
1.079510996652669030e+00
1.079510996652669030e+00
1.079510996652669030e+00
1.079510996652669030e+00
1.079510996652669030e+00
1.079510996652669030e+00
1.079510996652669030e+00
1.079510996652669030e+00
1.079510996652669030e+00
1.079510996652669030e+00
1.079510996652669030e+00
1.079510996652669030e+00
1.079510996652669030e+00
1.079510996652669030e+00
1.079510996652669030e+00
1.079510996652669030e+00
1.079510996652669030e+00
1.079510996652669030e+00
1.079510996652669030e+00
1.079510996652669030e+00
1.079510996652669030e+00
1.079510996652669030e+00
1.079510996652669030e+00
1.079510996652669030e+00
1.079510996652669030e+00
1.073596893785653483e+00
1.073596893785653483e+00
1.073227057743678436e+00
1.073227057743678436e+00
1.073227057743678436e+00
1.073227057743678436e+00
1.073227057743678436e+00
1.073227057743678436e+00
1.073227057743678436e+00
1.073227057743678436e+00
1.073227057743678436e+00
1.073227057743678436e+00
1.073227057743678436e+00
1.073227057743678436e+00
1.073227057743678436e+00
1.073227057743678436e+00
1.073227057743678436e+00
1.073227057743678436e+00
1.073227057743678436e+00
1.073227057743678436e+00
1.073227057743678436e+00
1.073227057743678436e+00
1.073227057743678436e+00
1.073227057743678436e+00
1.073227057743678436e+00
1.073227057743678436e+00
1.073227057743678436e+00
1.073227057743678436e+00
1.073227057743678436e+00
1.073227057743678436e+00
1.073227057743678436e+00
1.073227057743678436e+00
1.073227057743678436e+00
1.073227057743678436e+00
1.073227057743678436e+00
1.073227057743678436e+00
1.073227057743678436e+00
1.073227057743678436e+00
1.073227057743678436e+00
1.073227057743678436e+00
1.073227057743678436e+00
1.073227057743678436e+00
1.073227057743678436e+00
1.073227057743678436e+00
1.073227057743678436e+00
1.073227057743678436e+00
1.073227057743678436e+00
1.073227057743678436e+00
1.073227057743678436e+00
1.073227057743678436e+00
1.073227057743678436e+00
1.073227057743678436e+00
1.054848690455299831e+00
1.054848690455299831e+00
1.054848690455299831e+00
1.054848690455299831e+00
1.054848690455299831e+00
1.054848690455299831e+00
1.054848690455299831e+00
1.054848690455299831e+00
1.054848690455299831e+00
1.054848690455299831e+00
1.047593787135474352e+00
1.047593787135474352e+00
1.047593787135474352e+00
1.047593787135474352e+00
1.047593787135474352e+00
1.047593787135474352e+00
1.047593787135474352e+00
1.047593787135474352e+00
1.047593787135474352e+00
1.047593787135474352e+00
1.047593787135474352e+00
1.030368166481560044e+00
1.053162101668214889e+00
1.053162101668214889e+00
1.053162101668214889e+00
1.053162101668214889e+00
1.053162101668214889e+00
1.053162101668214889e+00
1.053162101668214889e+00
1.053162101668214889e+00
1.053162101668214889e+00
1.053162101668214889e+00
1.053162101668214889e+00
1.053162101668214889e+00
1.102228246483117235e+00
1.102228246483117235e+00
1.102228246483117235e+00
1.102228246483117235e+00
1.102228246483117235e+00
1.102228246483117235e+00
1.102228246483117235e+00
1.102228246483117235e+00
1.102228246483117235e+00
1.102228246483117235e+00
1.102228246483117235e+00
1.102228246483117235e+00
1.102228246483117235e+00
1.102228246483117235e+00
1.102228246483117235e+00
1.102228246483117235e+00
1.102228246483117235e+00
1.102228246483117235e+00
1.102228246483117235e+00
1.102228246483117235e+00
1.102228246483117235e+00
1.102228246483117235e+00
1.102228246483117235e+00
1.036847461583630281e+00
1.036847461583630281e+00
1.036847461583630281e+00
1.036847461583630281e+00
1.036847461583630281e+00
1.036847461583630281e+00
1.036847461583630281e+00
1.036847461583630281e+00
1.036847461583630281e+00
1.036847461583630281e+00
1.036847461583630281e+00
1.036847461583630281e+00
1.036847461583630281e+00
1.036847461583630281e+00
1.036847461583630281e+00
1.036847461583630281e+00
1.036847461583630281e+00
1.036847461583630281e+00
1.036847461583630281e+00
1.036847461583630281e+00
1.036847461583630281e+00
1.036847461583630281e+00
1.036847461583630281e+00
1.036847461583630281e+00
1.036847461583630281e+00
1.036847461583630281e+00
1.036847461583630281e+00
1.036847461583630281e+00
1.036847461583630281e+00
1.036847461583630281e+00
1.036847461583630281e+00
1.036847461583630281e+00
1.036847461583630281e+00
1.036847461583630281e+00
1.036847461583630281e+00
1.036847461583630281e+00
1.036847461583630281e+00
1.036847461583630281e+00
1.049763634937756596e+00
1.049763634937756596e+00
1.049763634937756596e+00
1.049763634937756596e+00
1.049763634937756596e+00
9.649925367913857466e-01
9.649925367913857466e-01
9.649925367913857466e-01
9.649925367913857466e-01
9.649925367913857466e-01
9.918665946621804119e-01
9.918665946621804119e-01
9.918665946621804119e-01
9.918665946621804119e-01
9.918665946621804119e-01
1.049302318506510234e+00
1.049302318506510234e+00
1.049302318506510234e+00
1.049302318506510234e+00
1.049302318506510234e+00
1.049302318506510234e+00
1.049302318506510234e+00
1.049302318506510234e+00
1.049302318506510234e+00
1.049302318506510234e+00
1.049302318506510234e+00
1.049302318506510234e+00
1.049302318506510234e+00
1.049302318506510234e+00
1.054858890730851817e+00
1.054858890730851817e+00
1.054858890730851817e+00
1.054858890730851817e+00
1.054858890730851817e+00
1.054858890730851817e+00
1.054858890730851817e+00
1.054858890730851817e+00
1.054858890730851817e+00
1.054858890730851817e+00
1.054858890730851817e+00
1.054858890730851817e+00
1.054858890730851817e+00
1.054858890730851817e+00
1.054858890730851817e+00
1.054858890730851817e+00
1.054858890730851817e+00
1.054858890730851817e+00
1.054858890730851817e+00
1.054858890730851817e+00
1.054858890730851817e+00
1.054858890730851817e+00
1.054858890730851817e+00
1.054858890730851817e+00
1.054858890730851817e+00
1.054858890730851817e+00
1.054858890730851817e+00
1.054858890730851817e+00
1.054858890730851817e+00
1.054858890730851817e+00
1.054858890730851817e+00
1.001402596353346386e+00
1.001402596353346386e+00
1.001402596353346386e+00
1.001402596353346386e+00
1.001402596353346386e+00
1.001402596353346386e+00
1.001402596353346386e+00
1.001402596353346386e+00
1.001402596353346386e+00
1.001402596353346386e+00
1.001402596353346386e+00
1.001402596353346386e+00
1.001402596353346386e+00
1.001402596353346386e+00
1.001402596353346386e+00
1.001402596353346386e+00
1.001402596353346386e+00
1.001402596353346386e+00
1.001402596353346386e+00
1.001402596353346386e+00
1.001402596353346386e+00
1.001402596353346386e+00
1.001402596353346386e+00
1.001402596353346386e+00
1.001402596353346386e+00
1.001402596353346386e+00
1.001402596353346386e+00
1.001402596353346386e+00
1.001402596353346386e+00
1.001402596353346386e+00
1.001402596353346386e+00
1.001402596353346386e+00
1.001402596353346386e+00
1.001402596353346386e+00
1.001402596353346386e+00
1.001402596353346386e+00
1.001402596353346386e+00
1.001402596353346386e+00
1.001402596353346386e+00
1.001402596353346386e+00
1.001402596353346386e+00
1.001402596353346386e+00
1.001402596353346386e+00
1.001402596353346386e+00
1.001402596353346386e+00
1.001402596353346386e+00
1.001402596353346386e+00
1.001402596353346386e+00
1.001402596353346386e+00
1.001402596353346386e+00
1.001402596353346386e+00
1.001402596353346386e+00
1.001402596353346386e+00
1.001402596353346386e+00
1.001402596353346386e+00
1.001402596353346386e+00
1.001402596353346386e+00
1.001402596353346386e+00
1.001402596353346386e+00
1.001402596353346386e+00
1.001402596353346386e+00
1.001402596353346386e+00
1.001402596353346386e+00
1.001402596353346386e+00
1.001402596353346386e+00
1.001402596353346386e+00
1.001402596353346386e+00
1.001402596353346386e+00
1.001402596353346386e+00
1.001402596353346386e+00
1.001402596353346386e+00
1.001402596353346386e+00
1.001402596353346386e+00
1.001402596353346386e+00
1.001402596353346386e+00
1.001402596353346386e+00
1.001402596353346386e+00
1.001402596353346386e+00
1.001402596353346386e+00
1.001402596353346386e+00
1.017431562463324557e+00
1.017431562463324557e+00
1.017431562463324557e+00
1.017431562463324557e+00
1.017431562463324557e+00
1.017431562463324557e+00
1.017431562463324557e+00
1.017431562463324557e+00
1.017431562463324557e+00
1.017431562463324557e+00
1.017431562463324557e+00
1.017431562463324557e+00
1.017431562463324557e+00
1.017431562463324557e+00
1.017431562463324557e+00
1.017431562463324557e+00
1.017431562463324557e+00
1.017431562463324557e+00
1.017431562463324557e+00
1.017431562463324557e+00
1.017431562463324557e+00
1.017431562463324557e+00
1.017431562463324557e+00
1.017431562463324557e+00
1.017431562463324557e+00
1.017431562463324557e+00
1.017431562463324557e+00
1.017431562463324557e+00
1.017431562463324557e+00
1.017431562463324557e+00
1.017431562463324557e+00
1.017431562463324557e+00
1.017431562463324557e+00
1.017431562463324557e+00
1.017431562463324557e+00
1.017431562463324557e+00
1.017431562463324557e+00
1.017431562463324557e+00
1.017431562463324557e+00
1.017431562463324557e+00
1.017431562463324557e+00
1.017431562463324557e+00
1.017431562463324557e+00
9.796383084033511990e-01
9.819179083895287485e-01
9.819179083895287485e-01
9.819179083895287485e-01
9.819179083895287485e-01
9.819179083895287485e-01
9.819179083895287485e-01
9.819179083895287485e-01
9.819179083895287485e-01
9.819179083895287485e-01
9.819179083895287485e-01
9.819179083895287485e-01
9.819179083895287485e-01
9.819179083895287485e-01
9.819179083895287485e-01
9.819179083895287485e-01
9.819179083895287485e-01
9.819179083895287485e-01
9.819179083895287485e-01
9.819179083895287485e-01
9.819179083895287485e-01
9.819179083895287485e-01
9.819179083895287485e-01
9.819179083895287485e-01
9.819179083895287485e-01
9.819179083895287485e-01
1.006393630078969315e+00
1.006393630078969315e+00
1.006393630078969315e+00
1.006393630078969315e+00
1.006393630078969315e+00
1.006393630078969315e+00
1.006393630078969315e+00
1.006393630078969315e+00
1.006393630078969315e+00
1.006393630078969315e+00
1.006393630078969315e+00
1.006393630078969315e+00
1.006393630078969315e+00
1.006393630078969315e+00
1.006393630078969315e+00
1.006393630078969315e+00
1.006393630078969315e+00
1.006393630078969315e+00
1.006393630078969315e+00
1.006393630078969315e+00
1.006393630078969315e+00
1.006393630078969315e+00
1.006393630078969315e+00
1.006393630078969315e+00
1.013453229124486210e+00
1.013453229124486210e+00
1.013453229124486210e+00
1.013453229124486210e+00
1.013453229124486210e+00
1.013453229124486210e+00
1.013453229124486210e+00
1.066095277785414241e+00
1.066095277785414241e+00
1.066095277785414241e+00
1.066095277785414241e+00
1.066095277785414241e+00
1.066095277785414241e+00
1.066095277785414241e+00
1.046204992950879875e+00
1.055596977570472550e+00
1.055596977570472550e+00
1.055596977570472550e+00
1.055596977570472550e+00
1.055596977570472550e+00
1.055596977570472550e+00
1.055596977570472550e+00
1.055596977570472550e+00
1.055596977570472550e+00
1.055596977570472550e+00
1.055596977570472550e+00
1.055596977570472550e+00
1.055596977570472550e+00
1.055596977570472550e+00
1.055596977570472550e+00
1.046098364460863461e+00
1.046098364460863461e+00
1.046098364460863461e+00
1.046098364460863461e+00
1.046098364460863461e+00
1.046098364460863461e+00
1.057195763836983549e+00
1.057195763836983549e+00
1.060205140098312349e+00
1.060205140098312349e+00
1.060205140098312349e+00
1.060205140098312349e+00
1.030106024853263191e+00
1.030106024853263191e+00
1.030106024853263191e+00
1.030106024853263191e+00
1.030106024853263191e+00
1.030106024853263191e+00
1.030106024853263191e+00
1.030106024853263191e+00
1.030106024853263191e+00
1.030106024853263191e+00
1.030106024853263191e+00
1.030106024853263191e+00
1.030106024853263191e+00
1.030106024853263191e+00
1.030106024853263191e+00
1.030106024853263191e+00
1.030106024853263191e+00
1.030106024853263191e+00
1.030106024853263191e+00
1.008734243680582177e+00
1.008734243680582177e+00
1.008734243680582177e+00
1.008734243680582177e+00
1.041238916988563412e+00
1.041238916988563412e+00
1.041238916988563412e+00
1.041238916988563412e+00
9.213139929574750697e-01
9.213139929574750697e-01
1.017727242158657397e+00
1.017727242158657397e+00
1.017727242158657397e+00
1.017727242158657397e+00
1.017727242158657397e+00
1.017727242158657397e+00
1.017727242158657397e+00
1.017727242158657397e+00
1.017727242158657397e+00
1.017727242158657397e+00
1.017727242158657397e+00
1.017727242158657397e+00
1.017727242158657397e+00
1.017727242158657397e+00
1.017727242158657397e+00
1.017727242158657397e+00
1.017727242158657397e+00
1.017727242158657397e+00
1.017727242158657397e+00
1.017727242158657397e+00
1.017727242158657397e+00
1.017727242158657397e+00
1.017727242158657397e+00
1.017727242158657397e+00
1.017727242158657397e+00
1.017727242158657397e+00
1.017727242158657397e+00
1.017727242158657397e+00
1.017727242158657397e+00
1.017727242158657397e+00
1.017727242158657397e+00
1.017727242158657397e+00
1.017727242158657397e+00
1.017727242158657397e+00
1.017727242158657397e+00
1.017727242158657397e+00
1.017727242158657397e+00
1.017727242158657397e+00
1.017727242158657397e+00
1.017727242158657397e+00
1.017727242158657397e+00
1.017727242158657397e+00
1.017727242158657397e+00
1.017727242158657397e+00
9.990257954330467038e-01
9.990257954330467038e-01
9.990257954330467038e-01
9.990257954330467038e-01
9.990257954330467038e-01
9.990257954330467038e-01
9.861897828438707103e-01
9.861897828438707103e-01
9.861897828438707103e-01
9.861897828438707103e-01
9.861897828438707103e-01
9.861897828438707103e-01
9.861897828438707103e-01
9.861897828438707103e-01
9.861897828438707103e-01
9.861897828438707103e-01
9.861897828438707103e-01
9.861897828438707103e-01
9.861897828438707103e-01
9.861897828438707103e-01
9.861897828438707103e-01
9.861897828438707103e-01
9.861897828438707103e-01
9.861897828438707103e-01
9.861897828438707103e-01
9.861897828438707103e-01
9.861897828438707103e-01
9.861897828438707103e-01
9.861897828438707103e-01
9.861897828438707103e-01
9.861897828438707103e-01
9.861897828438707103e-01
9.861897828438707103e-01
9.861897828438707103e-01
9.861897828438707103e-01
9.861897828438707103e-01
9.861897828438707103e-01
9.861897828438707103e-01
9.861897828438707103e-01
9.861897828438707103e-01
9.861897828438707103e-01
9.861897828438707103e-01
9.861897828438707103e-01
9.861897828438707103e-01
9.861897828438707103e-01
9.861897828438707103e-01
9.861897828438707103e-01
9.861897828438707103e-01
9.861897828438707103e-01
9.861897828438707103e-01
9.861897828438707103e-01
9.861897828438707103e-01
9.861897828438707103e-01
9.861897828438707103e-01
9.861897828438707103e-01
9.861897828438707103e-01
9.861897828438707103e-01
9.861897828438707103e-01
9.861897828438707103e-01
9.861897828438707103e-01
9.861897828438707103e-01
9.861897828438707103e-01
9.861897828438707103e-01
9.861897828438707103e-01
9.861897828438707103e-01
9.861897828438707103e-01
9.861897828438707103e-01
9.861897828438707103e-01
9.861897828438707103e-01
9.861897828438707103e-01
9.861897828438707103e-01
9.861897828438707103e-01
9.861897828438707103e-01
9.861897828438707103e-01
9.861897828438707103e-01
9.861897828438707103e-01
9.861897828438707103e-01
9.861897828438707103e-01
1.015170157794323291e+00
1.015170157794323291e+00
1.015170157794323291e+00
1.015170157794323291e+00
1.015170157794323291e+00
1.015170157794323291e+00
1.015170157794323291e+00
1.015170157794323291e+00
1.015170157794323291e+00
1.015170157794323291e+00
1.015170157794323291e+00
1.015170157794323291e+00
1.015170157794323291e+00
1.015170157794323291e+00
1.015170157794323291e+00
1.015170157794323291e+00
1.015170157794323291e+00
1.015170157794323291e+00
1.015170157794323291e+00
1.015170157794323291e+00
1.015170157794323291e+00
1.015170157794323291e+00
1.015170157794323291e+00
9.998932370284708826e-01
9.998932370284708826e-01
9.998932370284708826e-01
9.998932370284708826e-01
9.998932370284708826e-01
9.998932370284708826e-01
9.998932370284708826e-01
9.998932370284708826e-01
9.998932370284708826e-01
9.998932370284708826e-01
9.998932370284708826e-01
9.998932370284708826e-01
9.998932370284708826e-01
9.998932370284708826e-01
9.998932370284708826e-01
9.998932370284708826e-01
9.998932370284708826e-01
9.998932370284708826e-01
9.998932370284708826e-01
9.998932370284708826e-01
9.998932370284708826e-01
9.998932370284708826e-01
9.998932370284708826e-01
9.803039226413582385e-01
9.803039226413582385e-01
9.803039226413582385e-01
9.803039226413582385e-01
9.803039226413582385e-01
9.803039226413582385e-01
9.803039226413582385e-01
9.532045345015328630e-01
9.669776249796343537e-01
9.669776249796343537e-01
9.669776249796343537e-01
9.669776249796343537e-01
9.669776249796343537e-01
9.669776249796343537e-01
9.669776249796343537e-01
9.669776249796343537e-01
9.669776249796343537e-01
9.669776249796343537e-01
9.669776249796343537e-01
9.669776249796343537e-01
9.669776249796343537e-01
9.669776249796343537e-01
9.669776249796343537e-01
9.669776249796343537e-01
9.669776249796343537e-01
9.669776249796343537e-01
9.669776249796343537e-01
9.669776249796343537e-01
9.669776249796343537e-01
9.669776249796343537e-01
9.669776249796343537e-01
9.669776249796343537e-01
9.669776249796343537e-01
9.669776249796343537e-01
9.669776249796343537e-01
9.669776249796343537e-01
9.669776249796343537e-01
9.669776249796343537e-01
9.669776249796343537e-01
9.669776249796343537e-01
9.669776249796343537e-01
9.669776249796343537e-01
9.669776249796343537e-01
9.669776249796343537e-01
9.669776249796343537e-01
9.669776249796343537e-01
9.669776249796343537e-01
9.669776249796343537e-01
9.669776249796343537e-01
9.669776249796343537e-01
9.669776249796343537e-01
9.669776249796343537e-01
9.669776249796343537e-01
9.669776249796343537e-01
9.669776249796343537e-01
9.669776249796343537e-01
9.669776249796343537e-01
9.669776249796343537e-01
9.669776249796343537e-01
9.669776249796343537e-01
9.669776249796343537e-01
9.669776249796343537e-01
9.669776249796343537e-01
9.669776249796343537e-01
9.669776249796343537e-01
9.669776249796343537e-01
9.669776249796343537e-01
9.669776249796343537e-01
9.669776249796343537e-01
9.669776249796343537e-01
9.669776249796343537e-01
9.669776249796343537e-01
9.669776249796343537e-01
9.669776249796343537e-01
9.669776249796343537e-01
9.669776249796343537e-01
9.669776249796343537e-01
9.669776249796343537e-01
9.669776249796343537e-01
9.669776249796343537e-01
9.554917360105508184e-01
9.554917360105508184e-01
9.554917360105508184e-01
9.554917360105508184e-01
9.554917360105508184e-01
9.554917360105508184e-01
9.949067606155291843e-01
9.949067606155291843e-01
9.949067606155291843e-01
9.949067606155291843e-01
9.949067606155291843e-01
9.949067606155291843e-01
9.949067606155291843e-01
9.949067606155291843e-01
9.949067606155291843e-01
9.949067606155291843e-01
9.949067606155291843e-01
9.949067606155291843e-01
9.949067606155291843e-01
9.949067606155291843e-01
9.949067606155291843e-01
9.949067606155291843e-01
9.949067606155291843e-01
9.949067606155291843e-01
9.949067606155291843e-01
9.949067606155291843e-01
9.949067606155291843e-01
9.949067606155291843e-01
9.949067606155291843e-01
9.949067606155291843e-01
9.949067606155291843e-01
9.949067606155291843e-01
9.949067606155291843e-01
9.949067606155291843e-01
9.949067606155291843e-01
9.949067606155291843e-01
9.949067606155291843e-01
9.787427119818651322e-01
9.787427119818651322e-01
9.787427119818651322e-01
9.787427119818651322e-01
9.787427119818651322e-01
9.787427119818651322e-01
9.787427119818651322e-01
9.787427119818651322e-01
9.787427119818651322e-01
9.787427119818651322e-01
8.920764295679699529e-01
8.920764295679699529e-01
8.920764295679699529e-01
8.920764295679699529e-01
8.920764295679699529e-01
8.920764295679699529e-01
8.920764295679699529e-01
8.920764295679699529e-01
8.920764295679699529e-01
8.920764295679699529e-01
8.920764295679699529e-01
8.920764295679699529e-01
8.920764295679699529e-01
8.920764295679699529e-01
8.920764295679699529e-01
8.920764295679699529e-01
8.920764295679699529e-01
8.920764295679699529e-01
9.893539624113159014e-01
9.893539624113159014e-01
9.893539624113159014e-01
9.893539624113159014e-01
9.893539624113159014e-01
9.893539624113159014e-01
9.893539624113159014e-01
9.893539624113159014e-01
9.893539624113159014e-01
9.893539624113159014e-01
9.893539624113159014e-01
9.893539624113159014e-01
9.893539624113159014e-01
9.893539624113159014e-01
9.893539624113159014e-01
9.893539624113159014e-01
9.893539624113159014e-01
9.893539624113159014e-01
9.893539624113159014e-01
9.893539624113159014e-01
9.893539624113159014e-01
9.893539624113159014e-01
9.893539624113159014e-01
9.893539624113159014e-01
9.893539624113159014e-01
9.893539624113159014e-01
9.893539624113159014e-01
9.893539624113159014e-01
9.893539624113159014e-01
9.552039159479072117e-01
9.552039159479072117e-01
9.552039159479072117e-01
9.552039159479072117e-01
9.552039159479072117e-01
9.552039159479072117e-01
9.552039159479072117e-01
9.552039159479072117e-01
9.552039159479072117e-01
9.552039159479072117e-01
9.552039159479072117e-01
9.552039159479072117e-01
9.552039159479072117e-01
9.552039159479072117e-01
9.552039159479072117e-01
9.552039159479072117e-01
9.552039159479072117e-01
9.552039159479072117e-01
9.552039159479072117e-01
9.552039159479072117e-01
9.552039159479072117e-01
9.552039159479072117e-01
9.552039159479072117e-01
9.552039159479072117e-01
9.552039159479072117e-01
9.552039159479072117e-01
9.552039159479072117e-01
9.552039159479072117e-01
9.552039159479072117e-01
9.552039159479072117e-01
9.552039159479072117e-01
9.552039159479072117e-01
9.552039159479072117e-01
9.552039159479072117e-01
9.552039159479072117e-01
9.552039159479072117e-01
9.552039159479072117e-01
9.552039159479072117e-01
9.552039159479072117e-01
9.552039159479072117e-01
9.552039159479072117e-01
9.552039159479072117e-01
9.552039159479072117e-01
9.552039159479072117e-01
9.552039159479072117e-01
9.407543315965798403e-01
9.407543315965798403e-01
9.407543315965798403e-01
9.407543315965798403e-01
9.407543315965798403e-01
9.407543315965798403e-01
9.407543315965798403e-01
9.407543315965798403e-01
9.407543315965798403e-01
9.407543315965798403e-01
9.407543315965798403e-01
9.407543315965798403e-01
9.407543315965798403e-01
9.407543315965798403e-01
9.407543315965798403e-01
9.407543315965798403e-01
9.407543315965798403e-01
9.407543315965798403e-01
9.407543315965798403e-01
9.407543315965798403e-01
9.407543315965798403e-01
9.407543315965798403e-01
9.407543315965798403e-01
9.407543315965798403e-01
9.407543315965798403e-01
9.407543315965798403e-01
9.407543315965798403e-01
9.407543315965798403e-01
9.407543315965798403e-01
9.407543315965798403e-01
9.407543315965798403e-01
9.407543315965798403e-01
9.407543315965798403e-01
9.407543315965798403e-01
9.407543315965798403e-01
9.407543315965798403e-01
9.407543315965798403e-01
9.407543315965798403e-01
9.407543315965798403e-01
9.407543315965798403e-01
9.407543315965798403e-01
9.407543315965798403e-01
9.407543315965798403e-01
9.407543315965798403e-01
9.407543315965798403e-01
9.407543315965798403e-01
9.407543315965798403e-01
9.407543315965798403e-01
9.407543315965798403e-01
9.407543315965798403e-01
9.407543315965798403e-01
9.407543315965798403e-01
9.407543315965798403e-01
9.407543315965798403e-01
9.407543315965798403e-01
9.407543315965798403e-01
9.407543315965798403e-01
9.407543315965798403e-01
9.407543315965798403e-01
9.070924188531236387e-01
9.070924188531236387e-01
9.070924188531236387e-01
9.070924188531236387e-01
9.070924188531236387e-01
9.070924188531236387e-01
9.070924188531236387e-01
9.070924188531236387e-01
9.070924188531236387e-01
9.070924188531236387e-01
9.070924188531236387e-01
9.070924188531236387e-01
9.070924188531236387e-01
9.070924188531236387e-01
9.070924188531236387e-01
9.070924188531236387e-01
9.070924188531236387e-01
9.070924188531236387e-01
9.070924188531236387e-01
9.070924188531236387e-01
9.070924188531236387e-01
9.253306232692809496e-01
9.253306232692809496e-01
9.253306232692809496e-01
9.253306232692809496e-01
9.253306232692809496e-01
9.253306232692809496e-01
9.253306232692809496e-01
9.253306232692809496e-01
9.253306232692809496e-01
9.210475710413377204e-01
9.210475710413377204e-01
9.210475710413377204e-01
9.210475710413377204e-01
9.210475710413377204e-01
9.210475710413377204e-01
9.210475710413377204e-01
9.210475710413377204e-01
9.210475710413377204e-01
9.210475710413377204e-01
9.210475710413377204e-01
9.210475710413377204e-01
9.210475710413377204e-01
9.210475710413377204e-01
9.210475710413377204e-01
9.210475710413377204e-01
9.210475710413377204e-01
9.210475710413377204e-01
9.210475710413377204e-01
9.210475710413377204e-01
9.232392319617719334e-01
9.232392319617719334e-01
9.232392319617719334e-01
9.232392319617719334e-01
9.232392319617719334e-01
9.232392319617719334e-01
9.232392319617719334e-01
9.232392319617719334e-01
9.232392319617719334e-01
9.232392319617719334e-01
9.232392319617719334e-01
9.232392319617719334e-01
9.232392319617719334e-01
9.232392319617719334e-01
9.232392319617719334e-01
8.901397264880210880e-01
8.901397264880210880e-01
8.901397264880210880e-01
8.901397264880210880e-01
8.901397264880210880e-01
8.901397264880210880e-01
8.901397264880210880e-01
8.901397264880210880e-01
8.901397264880210880e-01
8.901397264880210880e-01
8.901397264880210880e-01
8.901397264880210880e-01
8.901397264880210880e-01
8.901397264880210880e-01
8.901397264880210880e-01
8.901397264880210880e-01
8.901397264880210880e-01
8.901397264880210880e-01
8.901397264880210880e-01
8.901397264880210880e-01
8.901397264880210880e-01
8.901397264880210880e-01
8.901397264880210880e-01
8.901397264880210880e-01
8.901397264880210880e-01
8.901397264880210880e-01
8.901397264880210880e-01
8.901397264880210880e-01
8.901397264880210880e-01
8.901397264880210880e-01
8.901397264880210880e-01
8.901397264880210880e-01
8.901397264880210880e-01
8.901397264880210880e-01
8.901397264880210880e-01
8.901397264880210880e-01
8.901397264880210880e-01
8.901397264880210880e-01
8.901397264880210880e-01
8.901397264880210880e-01
8.901397264880210880e-01
8.901397264880210880e-01
8.901397264880210880e-01
8.901397264880210880e-01
8.901397264880210880e-01
8.901397264880210880e-01
8.901397264880210880e-01
8.901397264880210880e-01
8.901397264880210880e-01
8.901397264880210880e-01
8.901397264880210880e-01
8.901397264880210880e-01
8.901397264880210880e-01
8.901397264880210880e-01
8.901397264880210880e-01
8.901397264880210880e-01
8.901397264880210880e-01
8.901397264880210880e-01
8.901397264880210880e-01
8.901397264880210880e-01
8.901397264880210880e-01
8.901397264880210880e-01
8.968055648751210862e-01
8.968055648751210862e-01
8.980316499127055652e-01
8.980316499127055652e-01
8.980316499127055652e-01
8.980316499127055652e-01
8.980316499127055652e-01
8.980316499127055652e-01
8.980316499127055652e-01
8.980316499127055652e-01
8.980316499127055652e-01
8.980316499127055652e-01
8.980316499127055652e-01
8.980316499127055652e-01
