# Variable: HN_scalingFactor
# Sample shape: (2000,)
# Date: 2014-03-03 06:24:08.043210
1.000000000000000000e+00
1.000000000000000000e+00
1.000000000000000000e+00
1.000000000000000000e+00
1.000000000000000000e+00
1.000000000000000000e+00
1.000000000000000000e+00
1.000000000000000000e+00
1.000000000000000000e+00
1.000000000000000000e+00
1.000000000000000000e+00
1.000000000000000000e+00
1.000000000000000000e+00
1.000000000000000000e+00
1.000000000000000000e+00
8.609044853915627238e-01
8.609044853915627238e-01
8.609044853915627238e-01
8.609044853915627238e-01
8.609044853915627238e-01
8.609044853915627238e-01
8.609044853915627238e-01
8.609044853915627238e-01
8.609044853915627238e-01
8.609044853915627238e-01
8.609044853915627238e-01
8.609044853915627238e-01
8.609044853915627238e-01
8.609044853915627238e-01
8.609044853915627238e-01
8.609044853915627238e-01
8.609044853915627238e-01
8.609044853915627238e-01
8.609044853915627238e-01
8.609044853915627238e-01
8.609044853915627238e-01
8.609044853915627238e-01
8.609044853915627238e-01
8.609044853915627238e-01
8.609044853915627238e-01
8.609044853915627238e-01
8.609044853915627238e-01
8.609044853915627238e-01
8.611692758122180269e-01
8.611692758122180269e-01
8.611692758122180269e-01
8.611692758122180269e-01
8.611692758122180269e-01
8.611692758122180269e-01
8.611692758122180269e-01
8.611692758122180269e-01
8.611692758122180269e-01
8.611692758122180269e-01
8.611692758122180269e-01
8.611692758122180269e-01
8.821184170677456304e-01
8.821184170677456304e-01
8.821184170677456304e-01
8.821184170677456304e-01
8.821184170677456304e-01
8.821184170677456304e-01
8.821184170677456304e-01
8.821184170677456304e-01
8.821184170677456304e-01
8.821184170677456304e-01
8.821184170677456304e-01
8.821184170677456304e-01
8.821184170677456304e-01
8.821184170677456304e-01
8.821184170677456304e-01
8.885153342985867564e-01
8.885153342985867564e-01
8.885153342985867564e-01
8.885153342985867564e-01
8.885153342985867564e-01
8.885153342985867564e-01
8.885153342985867564e-01
8.885153342985867564e-01
6.804585103534039892e-01
6.804585103534039892e-01
6.804585103534039892e-01
6.804585103534039892e-01
6.804585103534039892e-01
6.749540075970922315e-01
6.749540075970922315e-01
9.992124640637276567e-01
9.992124640637276567e-01
9.992124640637276567e-01
9.992124640637276567e-01
9.992124640637276567e-01
9.992124640637276567e-01
9.992124640637276567e-01
9.992124640637276567e-01
9.992124640637276567e-01
9.992124640637276567e-01
9.992124640637276567e-01
9.992124640637276567e-01
9.992124640637276567e-01
9.992124640637276567e-01
9.992124640637276567e-01
9.992124640637276567e-01
8.199182583988986472e-01
8.199182583988986472e-01
8.199182583988986472e-01
8.199182583988986472e-01
8.199182583988986472e-01
8.533071830077560982e-01
8.533071830077560982e-01
8.533071830077560982e-01
6.773672225546227832e-01
6.773672225546227832e-01
7.013353343321648836e-01
7.013353343321648836e-01
9.455628477683021282e-01
9.455628477683021282e-01
9.455628477683021282e-01
9.455628477683021282e-01
9.455628477683021282e-01
9.455628477683021282e-01
9.455628477683021282e-01
9.455628477683021282e-01
9.455628477683021282e-01
9.455628477683021282e-01
9.455628477683021282e-01
9.455628477683021282e-01
9.455628477683021282e-01
9.455628477683021282e-01
9.455628477683021282e-01
9.455628477683021282e-01
9.455628477683021282e-01
9.455628477683021282e-01
9.455628477683021282e-01
9.455628477683021282e-01
9.455628477683021282e-01
9.455628477683021282e-01
9.455628477683021282e-01
9.455628477683021282e-01
9.455628477683021282e-01
9.455628477683021282e-01
9.455628477683021282e-01
9.455628477683021282e-01
8.248345605362323862e-01
8.248345605362323862e-01
8.248345605362323862e-01
8.581417874955175051e-01
8.581417874955175051e-01
8.581417874955175051e-01
8.581417874955175051e-01
9.876255587872554420e-01
9.876255587872554420e-01
9.876255587872554420e-01
9.876255587872554420e-01
9.876255587872554420e-01
9.876255587872554420e-01
6.226744240065629210e-01
6.226744240065629210e-01
6.226744240065629210e-01
6.226744240065629210e-01
6.226744240065629210e-01
6.226744240065629210e-01
6.226744240065629210e-01
6.226744240065629210e-01
6.226744240065629210e-01
6.226744240065629210e-01
6.226744240065629210e-01
6.226744240065629210e-01
6.226744240065629210e-01
6.226744240065629210e-01
8.922720719156794766e-01
8.922720719156794766e-01
8.922720719156794766e-01
8.922720719156794766e-01
8.922720719156794766e-01
8.922720719156794766e-01
8.922720719156794766e-01
8.922720719156794766e-01
8.922720719156794766e-01
8.922720719156794766e-01
8.922720719156794766e-01
8.922720719156794766e-01
8.922720719156794766e-01
8.922720719156794766e-01
8.922720719156794766e-01
8.922720719156794766e-01
9.331730342598991701e-01
9.331730342598991701e-01
9.331730342598991701e-01
9.331730342598991701e-01
9.331730342598991701e-01
9.331730342598991701e-01
9.331730342598991701e-01
9.331730342598991701e-01
9.331730342598991701e-01
9.331730342598991701e-01
9.331730342598991701e-01
9.331730342598991701e-01
9.331730342598991701e-01
9.331730342598991701e-01
8.314842654182557080e-01
8.314842654182557080e-01
8.314842654182557080e-01
8.314842654182557080e-01
8.314842654182557080e-01
8.314842654182557080e-01
8.627617272445707863e-01
8.627617272445707863e-01
8.627617272445707863e-01
8.627617272445707863e-01
8.627617272445707863e-01
8.627617272445707863e-01
8.627617272445707863e-01
8.627617272445707863e-01
8.627617272445707863e-01
8.627617272445707863e-01
8.627617272445707863e-01
8.627617272445707863e-01
8.627617272445707863e-01
8.627617272445707863e-01
8.627617272445707863e-01
8.627617272445707863e-01
8.627617272445707863e-01
8.627617272445707863e-01
8.627617272445707863e-01
8.627617272445707863e-01
8.627617272445707863e-01
8.627617272445707863e-01
8.902398591407144623e-01
8.902398591407144623e-01
8.902398591407144623e-01
8.902398591407144623e-01
8.902398591407144623e-01
8.902398591407144623e-01
8.902398591407144623e-01
8.902398591407144623e-01
8.902398591407144623e-01
8.902398591407144623e-01
8.902398591407144623e-01
8.902398591407144623e-01
8.902398591407144623e-01
8.902398591407144623e-01
8.902398591407144623e-01
8.902398591407144623e-01
8.902398591407144623e-01
8.902398591407144623e-01
8.902398591407144623e-01
6.488580617615543611e-01
6.488580617615543611e-01
6.488580617615543611e-01
6.488580617615543611e-01
6.488580617615543611e-01
6.488580617615543611e-01
7.936753376584979591e-01
7.936753376584979591e-01
7.936753376584979591e-01
7.936753376584979591e-01
7.936753376584979591e-01
7.936753376584979591e-01
7.936753376584979591e-01
7.936753376584979591e-01
7.936753376584979591e-01
7.936753376584979591e-01
7.936753376584979591e-01
7.936753376584979591e-01
7.936753376584979591e-01
7.936753376584979591e-01
8.519470318102762008e-01
9.749989279488986416e-01
9.749989279488986416e-01
9.749989279488986416e-01
9.749989279488986416e-01
9.749989279488986416e-01
7.734043300909376750e-01
7.734043300909376750e-01
7.734043300909376750e-01
7.734043300909376750e-01
7.920164990131799421e-01
7.920164990131799421e-01
7.920164990131799421e-01
7.920164990131799421e-01
7.920164990131799421e-01
7.920164990131799421e-01
7.920164990131799421e-01
7.920164990131799421e-01
7.920164990131799421e-01
7.920164990131799421e-01
7.920164990131799421e-01
7.920164990131799421e-01
7.920164990131799421e-01
7.920164990131799421e-01
7.920164990131799421e-01
7.920164990131799421e-01
7.297222424401158536e-01
7.297222424401158536e-01
7.297222424401158536e-01
7.297222424401158536e-01
7.297222424401158536e-01
7.297222424401158536e-01
7.359379843739013438e-01
7.359379843739013438e-01
7.359379843739013438e-01
7.359379843739013438e-01
7.359379843739013438e-01
7.359379843739013438e-01
7.359379843739013438e-01
7.359379843739013438e-01
7.359379843739013438e-01
7.359379843739013438e-01
9.183542892953484582e-01
9.575022579902969788e-01
6.350831761650872487e-01
6.350831761650872487e-01
6.350831761650872487e-01
6.350831761650872487e-01
6.350831761650872487e-01
6.350831761650872487e-01
6.350831761650872487e-01
6.350831761650872487e-01
6.350831761650872487e-01
6.350831761650872487e-01
6.350831761650872487e-01
6.350831761650872487e-01
6.350831761650872487e-01
6.350831761650872487e-01
6.350831761650872487e-01
6.350831761650872487e-01
6.350831761650872487e-01
6.350831761650872487e-01
6.350831761650872487e-01
6.350831761650872487e-01
6.350831761650872487e-01
6.350831761650872487e-01
6.350831761650872487e-01
6.350831761650872487e-01
6.350831761650872487e-01
6.350831761650872487e-01
6.350831761650872487e-01
6.350831761650872487e-01
6.350831761650872487e-01
6.350831761650872487e-01
6.350831761650872487e-01
6.350831761650872487e-01
6.350831761650872487e-01
6.350831761650872487e-01
6.350831761650872487e-01
8.066153841609693398e-01
8.066153841609693398e-01
8.066153841609693398e-01
8.066153841609693398e-01
8.066153841609693398e-01
8.066153841609693398e-01
8.066153841609693398e-01
8.066153841609693398e-01
8.066153841609693398e-01
8.066153841609693398e-01
8.066153841609693398e-01
8.066153841609693398e-01
9.762045127476546291e-01
9.762045127476546291e-01
9.762045127476546291e-01
9.762045127476546291e-01
9.762045127476546291e-01
9.762045127476546291e-01
9.762045127476546291e-01
9.762045127476546291e-01
9.762045127476546291e-01
9.762045127476546291e-01
9.762045127476546291e-01
9.762045127476546291e-01
9.762045127476546291e-01
9.579373852613937146e-01
9.579373852613937146e-01
9.579373852613937146e-01
9.579373852613937146e-01
9.579373852613937146e-01
9.579373852613937146e-01
7.910935035137131033e-01
7.910935035137131033e-01
7.910935035137131033e-01
7.566899369767803307e-01
7.566899369767803307e-01
7.566899369767803307e-01
6.049415939077248394e-01
6.049415939077248394e-01
6.685451195239444644e-01
6.685451195239444644e-01
6.685451195239444644e-01
6.685451195239444644e-01
6.685451195239444644e-01
6.685451195239444644e-01
6.685451195239444644e-01
6.685451195239444644e-01
6.685451195239444644e-01
6.590328288442712790e-01
6.590328288442712790e-01
6.590328288442712790e-01
6.590328288442712790e-01
6.590328288442712790e-01
6.590328288442712790e-01
6.590328288442712790e-01
6.590328288442712790e-01
8.752107053371256384e-01
9.771838326142359143e-01
9.771838326142359143e-01
9.771838326142359143e-01
9.771838326142359143e-01
9.771838326142359143e-01
9.350701619213195315e-01
9.350701619213195315e-01
9.350701619213195315e-01
9.350701619213195315e-01
9.350701619213195315e-01
9.817733228455961525e-01
9.817733228455961525e-01
9.817733228455961525e-01
9.817733228455961525e-01
9.817733228455961525e-01
9.817733228455961525e-01
9.817733228455961525e-01
9.817733228455961525e-01
9.817733228455961525e-01
9.817733228455961525e-01
9.817733228455961525e-01
9.817733228455961525e-01
9.817733228455961525e-01
9.817733228455961525e-01
9.817733228455961525e-01
9.817733228455961525e-01
9.817733228455961525e-01
9.817733228455961525e-01
9.817733228455961525e-01
9.817733228455961525e-01
9.817733228455961525e-01
9.817733228455961525e-01
9.988314538619909033e-01
9.988314538619909033e-01
9.988314538619909033e-01
9.988314538619909033e-01
6.509549027269372345e-01
6.509549027269372345e-01
6.509549027269372345e-01
6.509549027269372345e-01
7.080783461037342130e-01
7.080783461037342130e-01
7.080783461037342130e-01
7.080783461037342130e-01
7.080783461037342130e-01
7.696551268448100780e-01
7.696551268448100780e-01
7.696551268448100780e-01
9.899732002036570888e-01
9.071824912159761611e-01
9.071824912159761611e-01
9.071824912159761611e-01
9.071824912159761611e-01
9.071824912159761611e-01
9.071824912159761611e-01
9.071824912159761611e-01
9.926055818424226462e-01
9.926055818424226462e-01
9.926055818424226462e-01
9.926055818424226462e-01
9.926055818424226462e-01
8.485415845305528393e-01
8.485415845305528393e-01
8.036427930908712769e-01
8.036427930908712769e-01
8.036427930908712769e-01
8.036427930908712769e-01
8.036427930908712769e-01
8.036427930908712769e-01
8.036427930908712769e-01
8.036427930908712769e-01
8.036427930908712769e-01
8.036427930908712769e-01
9.291263805761000860e-01
9.291263805761000860e-01
9.291263805761000860e-01
9.291263805761000860e-01
9.291263805761000860e-01
9.291263805761000860e-01
9.291263805761000860e-01
9.291263805761000860e-01
9.291263805761000860e-01
9.291263805761000860e-01
9.291263805761000860e-01
9.291263805761000860e-01
8.093959174036895465e-01
8.093959174036895465e-01
6.966147725339770780e-01
6.966147725339770780e-01
8.089759390571871212e-01
8.089759390571871212e-01
8.089759390571871212e-01
8.089759390571871212e-01
8.089759390571871212e-01
8.089759390571871212e-01
8.089759390571871212e-01
8.089759390571871212e-01
8.089759390571871212e-01
8.089759390571871212e-01
8.089759390571871212e-01
8.855984288142776384e-01
8.855984288142776384e-01
8.855984288142776384e-01
8.855984288142776384e-01
7.250365278252165480e-01
8.899058436903182212e-01
8.899058436903182212e-01
9.417013427312405094e-01
9.417013427312405094e-01
9.417013427312405094e-01
7.099302899961700275e-01
7.099302899961700275e-01
7.099302899961700275e-01
7.099302899961700275e-01
9.122361130022595965e-01
7.818239988389203976e-01
7.818239988389203976e-01
7.818239988389203976e-01
7.818239988389203976e-01
7.818239988389203976e-01
7.818239988389203976e-01
7.818239988389203976e-01
7.818239988389203976e-01
7.818239988389203976e-01
7.818239988389203976e-01
7.818239988389203976e-01
7.818239988389203976e-01
7.818239988389203976e-01
7.818239988389203976e-01
7.818239988389203976e-01
9.932225729410445458e-01
9.932225729410445458e-01
9.932225729410445458e-01
9.932225729410445458e-01
9.932225729410445458e-01
9.700052526337243908e-01
9.700052526337243908e-01
9.700052526337243908e-01
9.700052526337243908e-01
9.700052526337243908e-01
9.700052526337243908e-01
9.700052526337243908e-01
9.700052526337243908e-01
9.700052526337243908e-01
9.700052526337243908e-01
8.706346904423650779e-01
8.706346904423650779e-01
8.706346904423650779e-01
8.706346904423650779e-01
8.706346904423650779e-01
8.706346904423650779e-01
8.706346904423650779e-01
8.706346904423650779e-01
6.367755076319498997e-01
6.367755076319498997e-01
6.367755076319498997e-01
6.367755076319498997e-01
6.367755076319498997e-01
6.367755076319498997e-01
6.367755076319498997e-01
6.367755076319498997e-01
6.367755076319498997e-01
7.672718567511469523e-01
7.672718567511469523e-01
7.672718567511469523e-01
7.672718567511469523e-01
7.672718567511469523e-01
7.672718567511469523e-01
7.672718567511469523e-01
7.524082651199802685e-01
7.524082651199802685e-01
7.524082651199802685e-01
7.524082651199802685e-01
7.524082651199802685e-01
7.524082651199802685e-01
7.524082651199802685e-01
7.524082651199802685e-01
7.524082651199802685e-01
7.524082651199802685e-01
7.524082651199802685e-01
7.524082651199802685e-01
7.524082651199802685e-01
7.524082651199802685e-01
7.524082651199802685e-01
7.524082651199802685e-01
7.524082651199802685e-01
7.524082651199802685e-01
7.524082651199802685e-01
8.819582705205737394e-01
8.819582705205737394e-01
8.819582705205737394e-01
8.819582705205737394e-01
8.819582705205737394e-01
8.819582705205737394e-01
8.819582705205737394e-01
8.819582705205737394e-01
8.819582705205737394e-01
8.819582705205737394e-01
8.819582705205737394e-01
9.767929326839049908e-01
9.767929326839049908e-01
9.767929326839049908e-01
9.767929326839049908e-01
9.767929326839049908e-01
9.767929326839049908e-01
9.767929326839049908e-01
9.767929326839049908e-01
9.767929326839049908e-01
9.767929326839049908e-01
9.767929326839049908e-01
9.767929326839049908e-01
9.767929326839049908e-01
9.767929326839049908e-01
9.767929326839049908e-01
9.767929326839049908e-01
9.767929326839049908e-01
7.959019056969682815e-01
7.959019056969682815e-01
7.959019056969682815e-01
7.959019056969682815e-01
7.959019056969682815e-01
7.959019056969682815e-01
7.959019056969682815e-01
7.959019056969682815e-01
7.959019056969682815e-01
7.959019056969682815e-01
7.959019056969682815e-01
7.959019056969682815e-01
7.959019056969682815e-01
7.959019056969682815e-01
7.959019056969682815e-01
7.959019056969682815e-01
7.959019056969682815e-01
7.959019056969682815e-01
7.959019056969682815e-01
7.959019056969682815e-01
7.959019056969682815e-01
7.959019056969682815e-01
7.959019056969682815e-01
7.959019056969682815e-01
7.959019056969682815e-01
7.959019056969682815e-01
7.959019056969682815e-01
7.959019056969682815e-01
7.959019056969682815e-01
7.959019056969682815e-01
7.959019056969682815e-01
7.959019056969682815e-01
9.115285835994838548e-01
9.115285835994838548e-01
9.115285835994838548e-01
9.115285835994838548e-01
9.115285835994838548e-01
9.115285835994838548e-01
9.115285835994838548e-01
9.115285835994838548e-01
9.115285835994838548e-01
9.115285835994838548e-01
9.115285835994838548e-01
9.115285835994838548e-01
9.115285835994838548e-01
9.115285835994838548e-01
9.115285835994838548e-01
9.115285835994838548e-01
9.115285835994838548e-01
9.115285835994838548e-01
9.115285835994838548e-01
9.115285835994838548e-01
9.115285835994838548e-01
9.115285835994838548e-01
9.115285835994838548e-01
9.115285835994838548e-01
9.115285835994838548e-01
9.115285835994838548e-01
9.115285835994838548e-01
9.115285835994838548e-01
9.115285835994838548e-01
9.115285835994838548e-01
9.115285835994838548e-01
9.115285835994838548e-01
9.115285835994838548e-01
9.115285835994838548e-01
9.115285835994838548e-01
9.115285835994838548e-01
9.115285835994838548e-01
9.115285835994838548e-01
9.115285835994838548e-01
9.115285835994838548e-01
9.115285835994838548e-01
9.115285835994838548e-01
9.115285835994838548e-01
9.115285835994838548e-01
9.809955192355050979e-01
9.809955192355050979e-01
9.809955192355050979e-01
9.809955192355050979e-01
9.809955192355050979e-01
9.809955192355050979e-01
9.809955192355050979e-01
9.809955192355050979e-01
9.809955192355050979e-01
9.809955192355050979e-01
9.809955192355050979e-01
9.809955192355050979e-01
9.809955192355050979e-01
9.809955192355050979e-01
9.809955192355050979e-01
9.809955192355050979e-01
9.809955192355050979e-01
9.809955192355050979e-01
9.809955192355050979e-01
9.809955192355050979e-01
9.545411282253039031e-01
9.545411282253039031e-01
9.545411282253039031e-01
9.545411282253039031e-01
9.545411282253039031e-01
9.545411282253039031e-01
9.545411282253039031e-01
9.545411282253039031e-01
9.545411282253039031e-01
9.545411282253039031e-01
9.545411282253039031e-01
9.545411282253039031e-01
9.545411282253039031e-01
9.545411282253039031e-01
9.545411282253039031e-01
9.545411282253039031e-01
9.545411282253039031e-01
9.491319363312439306e-01
7.946502018124758093e-01
7.946502018124758093e-01
7.946502018124758093e-01
5.826742821446772025e-01
5.826742821446772025e-01
5.826742821446772025e-01
5.826742821446772025e-01
5.826742821446772025e-01
7.293855386284481268e-01
7.293855386284481268e-01
9.946445382282906866e-01
9.946445382282906866e-01
9.946445382282906866e-01
9.946445382282906866e-01
9.946445382282906866e-01
9.946445382282906866e-01
9.946445382282906866e-01
9.946445382282906866e-01
9.946445382282906866e-01
9.946445382282906866e-01
9.946445382282906866e-01
9.946445382282906866e-01
9.946445382282906866e-01
9.946445382282906866e-01
9.946445382282906866e-01
9.946445382282906866e-01
9.946445382282906866e-01
9.946445382282906866e-01
9.946445382282906866e-01
9.946445382282906866e-01
9.946445382282906866e-01
9.540354599463940488e-01
9.540354599463940488e-01
9.540354599463940488e-01
9.540354599463940488e-01
9.540354599463940488e-01
9.540354599463940488e-01
9.540354599463940488e-01
9.540354599463940488e-01
8.068065118503879862e-01
8.068065118503879862e-01
8.068065118503879862e-01
8.068065118503879862e-01
8.068065118503879862e-01
8.068065118503879862e-01
9.953022290020411278e-01
9.953022290020411278e-01
9.953022290020411278e-01
9.953022290020411278e-01
9.953022290020411278e-01
9.953022290020411278e-01
9.953022290020411278e-01
9.953022290020411278e-01
9.953022290020411278e-01
9.953022290020411278e-01
9.953022290020411278e-01
9.953022290020411278e-01
9.953022290020411278e-01
9.953022290020411278e-01
9.953022290020411278e-01
9.953022290020411278e-01
9.953022290020411278e-01
7.486872938532304067e-01
7.486872938532304067e-01
7.486872938532304067e-01
7.486872938532304067e-01
7.486872938532304067e-01
7.486872938532304067e-01
7.486872938532304067e-01
7.486872938532304067e-01
7.486872938532304067e-01
7.486872938532304067e-01
7.486872938532304067e-01
7.486872938532304067e-01
7.486872938532304067e-01
7.486872938532304067e-01
7.486872938532304067e-01
7.486872938532304067e-01
9.377743650493418626e-01
9.377743650493418626e-01
9.377743650493418626e-01
9.377743650493418626e-01
8.343574661196969666e-01
8.343574661196969666e-01
8.343574661196969666e-01
8.343574661196969666e-01
8.343574661196969666e-01
7.562623973396911392e-01
7.562623973396911392e-01
7.562623973396911392e-01
7.562623973396911392e-01
7.562623973396911392e-01
7.562623973396911392e-01
7.562623973396911392e-01
7.562623973396911392e-01
7.562623973396911392e-01
7.562623973396911392e-01
7.562623973396911392e-01
7.562623973396911392e-01
7.562623973396911392e-01
7.562623973396911392e-01
7.562623973396911392e-01
7.562623973396911392e-01
7.562623973396911392e-01
7.562623973396911392e-01
7.562623973396911392e-01
7.562623973396911392e-01
7.562623973396911392e-01
7.562623973396911392e-01
7.562623973396911392e-01
7.562623973396911392e-01
7.562623973396911392e-01
7.562623973396911392e-01
7.562623973396911392e-01
7.562623973396911392e-01
7.562623973396911392e-01
7.562623973396911392e-01
7.562623973396911392e-01
7.562623973396911392e-01
7.562623973396911392e-01
7.562623973396911392e-01
7.562623973396911392e-01
7.562623973396911392e-01
7.562623973396911392e-01
7.562623973396911392e-01
7.562623973396911392e-01
7.562623973396911392e-01
7.562623973396911392e-01
7.562623973396911392e-01
7.562623973396911392e-01
7.562623973396911392e-01
7.562623973396911392e-01
7.562623973396911392e-01
7.562623973396911392e-01
7.562623973396911392e-01
7.562623973396911392e-01
7.562623973396911392e-01
7.562623973396911392e-01
7.562623973396911392e-01
7.562623973396911392e-01
7.562623973396911392e-01
7.562623973396911392e-01
7.562623973396911392e-01
7.562623973396911392e-01
7.562623973396911392e-01
7.562623973396911392e-01
7.562623973396911392e-01
7.562623973396911392e-01
7.562623973396911392e-01
7.562623973396911392e-01
7.973126524119477088e-01
7.973126524119477088e-01
7.973126524119477088e-01
7.973126524119477088e-01
7.973126524119477088e-01
7.973126524119477088e-01
7.973126524119477088e-01
7.973126524119477088e-01
7.973126524119477088e-01
7.973126524119477088e-01
7.667859245811130542e-01
7.667859245811130542e-01
9.422462543956334757e-01
9.422462543956334757e-01
9.422462543956334757e-01
9.422462543956334757e-01
9.422462543956334757e-01
7.048181704977988238e-01
7.048181704977988238e-01
7.048181704977988238e-01
8.088918629402384042e-01
8.088918629402384042e-01
8.088918629402384042e-01
5.588287532814557590e-01
5.588287532814557590e-01
5.588287532814557590e-01
6.085264195514892283e-01
7.055983555909144389e-01
7.055983555909144389e-01
8.206261105054459826e-01
8.206261105054459826e-01
8.206261105054459826e-01
8.206261105054459826e-01
8.206261105054459826e-01
8.206261105054459826e-01
8.206261105054459826e-01
8.206261105054459826e-01
7.796032367899842219e-01
7.796032367899842219e-01
7.796032367899842219e-01
7.796032367899842219e-01
7.796032367899842219e-01
8.039876641459531292e-01
8.039876641459531292e-01
8.039876641459531292e-01
8.039876641459531292e-01
8.039876641459531292e-01
8.425615654075419014e-01
8.425615654075419014e-01
8.425615654075419014e-01
8.425615654075419014e-01
8.425615654075419014e-01
8.425615654075419014e-01
8.425615654075419014e-01
8.425615654075419014e-01
8.425615654075419014e-01
8.425615654075419014e-01
7.751177372694810774e-01
9.230530767590325869e-01
9.230530767590325869e-01
6.111344996399596941e-01
6.111344996399596941e-01
6.111344996399596941e-01
6.111344996399596941e-01
7.067807450922838353e-01
7.067807450922838353e-01
7.067807450922838353e-01
7.067807450922838353e-01
7.067807450922838353e-01
7.067807450922838353e-01
7.067807450922838353e-01
7.067807450922838353e-01
7.067807450922838353e-01
7.067807450922838353e-01
7.067807450922838353e-01
7.067807450922838353e-01
7.067807450922838353e-01
7.067807450922838353e-01
7.067807450922838353e-01
7.067807450922838353e-01
7.067807450922838353e-01
7.067807450922838353e-01
7.067807450922838353e-01
7.067807450922838353e-01
7.067807450922838353e-01
7.067807450922838353e-01
7.067807450922838353e-01
7.012940175625358430e-01
7.012940175625358430e-01
7.012940175625358430e-01
9.600006123169408934e-01
9.600006123169408934e-01
9.600006123169408934e-01
9.600006123169408934e-01
9.600006123169408934e-01
8.088083066675613164e-01
8.088083066675613164e-01
8.088083066675613164e-01
8.088083066675613164e-01
8.088083066675613164e-01
8.088083066675613164e-01
8.088083066675613164e-01
8.088083066675613164e-01
8.088083066675613164e-01
8.088083066675613164e-01
8.088083066675613164e-01
8.088083066675613164e-01
8.088083066675613164e-01
8.088083066675613164e-01
8.299046812877118873e-01
8.299046812877118873e-01
8.299046812877118873e-01
8.299046812877118873e-01
8.299046812877118873e-01
8.299046812877118873e-01
8.299046812877118873e-01
8.299046812877118873e-01
8.299046812877118873e-01
8.299046812877118873e-01
8.299046812877118873e-01
8.299046812877118873e-01
8.299046812877118873e-01
8.299046812877118873e-01
9.515766140928429984e-01
9.139442409152581659e-01
9.139442409152581659e-01
9.139442409152581659e-01
9.139442409152581659e-01
9.139442409152581659e-01
9.139442409152581659e-01
9.139442409152581659e-01
9.139442409152581659e-01
9.945244351335156274e-01
9.184657061201446648e-01
9.184657061201446648e-01
9.184657061201446648e-01
9.184657061201446648e-01
9.376765947793298528e-01
9.376765947793298528e-01
9.376765947793298528e-01
9.376765947793298528e-01
9.376765947793298528e-01
9.376765947793298528e-01
9.376765947793298528e-01
9.376765947793298528e-01
9.376765947793298528e-01
9.376765947793298528e-01
9.376765947793298528e-01
9.376765947793298528e-01
9.376765947793298528e-01
9.376765947793298528e-01
9.376765947793298528e-01
9.376765947793298528e-01
9.376765947793298528e-01
9.376765947793298528e-01
9.376765947793298528e-01
9.376765947793298528e-01
9.376765947793298528e-01
9.376765947793298528e-01
9.376765947793298528e-01
9.376765947793298528e-01
9.376765947793298528e-01
9.376765947793298528e-01
9.376765947793298528e-01
9.376765947793298528e-01
9.376765947793298528e-01
9.376765947793298528e-01
9.376765947793298528e-01
9.376765947793298528e-01
9.376765947793298528e-01
9.376765947793298528e-01
9.376765947793298528e-01
9.376765947793298528e-01
9.376765947793298528e-01
9.376765947793298528e-01
9.376765947793298528e-01
9.376765947793298528e-01
9.376765947793298528e-01
9.376765947793298528e-01
9.376765947793298528e-01
9.376765947793298528e-01
9.376765947793298528e-01
9.376765947793298528e-01
9.376765947793298528e-01
9.376765947793298528e-01
9.376765947793298528e-01
9.376765947793298528e-01
9.376765947793298528e-01
9.376765947793298528e-01
9.376765947793298528e-01
9.376765947793298528e-01
9.376765947793298528e-01
8.779401064677254674e-01
8.779401064677254674e-01
8.779401064677254674e-01
8.779401064677254674e-01
9.589893771332389516e-01
9.589893771332389516e-01
9.589893771332389516e-01
9.589893771332389516e-01
9.589893771332389516e-01
9.589893771332389516e-01
9.589893771332389516e-01
7.571430385862121248e-01
7.571430385862121248e-01
7.571430385862121248e-01
7.571430385862121248e-01
7.571430385862121248e-01
7.571430385862121248e-01
7.571430385862121248e-01
7.571430385862121248e-01
7.571430385862121248e-01
7.571430385862121248e-01
7.571430385862121248e-01
7.571430385862121248e-01
7.571430385862121248e-01
7.571430385862121248e-01
7.571430385862121248e-01
7.571430385862121248e-01
7.571430385862121248e-01
7.571430385862121248e-01
7.571430385862121248e-01
7.571430385862121248e-01
7.571430385862121248e-01
8.017380312944710763e-01
8.017380312944710763e-01
8.017380312944710763e-01
8.017380312944710763e-01
8.017380312944710763e-01
8.017380312944710763e-01
8.017380312944710763e-01
8.017380312944710763e-01
8.017380312944710763e-01
8.017380312944710763e-01
8.017380312944710763e-01
8.570025050390238652e-01
8.570025050390238652e-01
8.570025050390238652e-01
8.570025050390238652e-01
8.570025050390238652e-01
8.570025050390238652e-01
8.654488959302605311e-01
8.654488959302605311e-01
8.654488959302605311e-01
6.805595092436542703e-01
6.805595092436542703e-01
6.805595092436542703e-01
6.805595092436542703e-01
6.805595092436542703e-01
6.805595092436542703e-01
6.805595092436542703e-01
6.805595092436542703e-01
6.805595092436542703e-01
6.805595092436542703e-01
6.805595092436542703e-01
6.805595092436542703e-01
6.805595092436542703e-01
7.082656346588305230e-01
7.082656346588305230e-01
7.082656346588305230e-01
7.082656346588305230e-01
7.082656346588305230e-01
9.899284965671584224e-01
9.899284965671584224e-01
9.899284965671584224e-01
7.845466893969531563e-01
8.116549669935699818e-01
9.435078771492033667e-01
9.435078771492033667e-01
9.435078771492033667e-01
9.435078771492033667e-01
8.595348906222513019e-01
8.071130819219499708e-01
8.071130819219499708e-01
8.071130819219499708e-01
8.071130819219499708e-01
8.071130819219499708e-01
8.071130819219499708e-01
8.071130819219499708e-01
8.071130819219499708e-01
8.071130819219499708e-01
8.071130819219499708e-01
8.071130819219499708e-01
8.071130819219499708e-01
8.071130819219499708e-01
8.071130819219499708e-01
7.079457741409328486e-01
7.079457741409328486e-01
7.079457741409328486e-01
7.079457741409328486e-01
7.519473727007430774e-01
7.519473727007430774e-01
7.206795255633982045e-01
7.206795255633982045e-01
7.206795255633982045e-01
7.206795255633982045e-01
7.206795255633982045e-01
7.032446610910869644e-01
7.561981904341990024e-01
7.561981904341990024e-01
7.561981904341990024e-01
7.561981904341990024e-01
7.561981904341990024e-01
8.943495858134998810e-01
8.943495858134998810e-01
8.943495858134998810e-01
8.943495858134998810e-01
8.943495858134998810e-01
8.943495858134998810e-01
8.943495858134998810e-01
8.943495858134998810e-01
8.858525403837570478e-01
7.379082742525482352e-01
7.379082742525482352e-01
7.379082742525482352e-01
9.098982896352811878e-01
9.098982896352811878e-01
9.098982896352811878e-01
9.098982896352811878e-01
9.098982896352811878e-01
9.098982896352811878e-01
9.098982896352811878e-01
9.098982896352811878e-01
8.830648267319189948e-01
8.830648267319189948e-01
7.713600734968067973e-01
7.963444033569133662e-01
7.963444033569133662e-01
9.376131045172685363e-01
9.376131045172685363e-01
9.376131045172685363e-01
9.376131045172685363e-01
9.376131045172685363e-01
9.376131045172685363e-01
9.376131045172685363e-01
9.376131045172685363e-01
9.376131045172685363e-01
9.376131045172685363e-01
9.376131045172685363e-01
9.376131045172685363e-01
9.376131045172685363e-01
9.376131045172685363e-01
7.352668026413815561e-01
7.352668026413815561e-01
9.781130728838689503e-01
9.781130728838689503e-01
9.781130728838689503e-01
9.781130728838689503e-01
9.781130728838689503e-01
9.781130728838689503e-01
9.781130728838689503e-01
9.781130728838689503e-01
9.781130728838689503e-01
9.781130728838689503e-01
9.781130728838689503e-01
9.781130728838689503e-01
7.523259723457715875e-01
8.070733264761870140e-01
8.070733264761870140e-01
8.070733264761870140e-01
8.070733264761870140e-01
8.070733264761870140e-01
8.070733264761870140e-01
8.859859027199205039e-01
8.859859027199205039e-01
8.859859027199205039e-01
9.000251853416324499e-01
9.000251853416324499e-01
9.000251853416324499e-01
9.000251853416324499e-01
9.000251853416324499e-01
9.673828671996254069e-01
9.673828671996254069e-01
9.673828671996254069e-01
9.673828671996254069e-01
6.908372632700430227e-01
6.908372632700430227e-01
6.908372632700430227e-01
6.908372632700430227e-01
6.908372632700430227e-01
6.908372632700430227e-01
6.908372632700430227e-01
6.908372632700430227e-01
7.121168198974326957e-01
7.121168198974326957e-01
7.121168198974326957e-01
7.607627268977235069e-01
7.607627268977235069e-01
7.607627268977235069e-01
7.607627268977235069e-01
7.607627268977235069e-01
7.607627268977235069e-01
7.607627268977235069e-01
7.607627268977235069e-01
7.607627268977235069e-01
7.607627268977235069e-01
7.607627268977235069e-01
7.607627268977235069e-01
7.607627268977235069e-01
9.248784273043386683e-01
9.248784273043386683e-01
9.248784273043386683e-01
9.248784273043386683e-01
9.248784273043386683e-01
9.248784273043386683e-01
9.248784273043386683e-01
8.340094711699825858e-01
8.340094711699825858e-01
8.340094711699825858e-01
8.340094711699825858e-01
8.340094711699825858e-01
8.340094711699825858e-01
8.340094711699825858e-01
8.340094711699825858e-01
8.340094711699825858e-01
8.340094711699825858e-01
8.340094711699825858e-01
8.340094711699825858e-01
8.340094711699825858e-01
8.340094711699825858e-01
8.340094711699825858e-01
8.340094711699825858e-01
8.340094711699825858e-01
8.340094711699825858e-01
8.340094711699825858e-01
8.340094711699825858e-01
8.340094711699825858e-01
8.340094711699825858e-01
8.340094711699825858e-01
8.340094711699825858e-01
8.340094711699825858e-01
8.340094711699825858e-01
8.340094711699825858e-01
8.340094711699825858e-01
8.340094711699825858e-01
8.340094711699825858e-01
8.340094711699825858e-01
8.340094711699825858e-01
8.340094711699825858e-01
8.340094711699825858e-01
8.340094711699825858e-01
8.448434376412450320e-01
8.448434376412450320e-01
8.448434376412450320e-01
8.448434376412450320e-01
8.448434376412450320e-01
8.448434376412450320e-01
8.448434376412450320e-01
8.448434376412450320e-01
8.899546698607661011e-01
7.426420866960778966e-01
7.426420866960778966e-01
7.426420866960778966e-01
7.426420866960778966e-01
7.426420866960778966e-01
7.426420866960778966e-01
7.426420866960778966e-01
7.426420866960778966e-01
7.426420866960778966e-01
7.426420866960778966e-01
7.426420866960778966e-01
7.426420866960778966e-01
7.426420866960778966e-01
7.426420866960778966e-01
7.426420866960778966e-01
7.426420866960778966e-01
7.426420866960778966e-01
7.426420866960778966e-01
7.426420866960778966e-01
8.561554920425532567e-01
8.561554920425532567e-01
8.561554920425532567e-01
8.561554920425532567e-01
8.561554920425532567e-01
8.561554920425532567e-01
8.561554920425532567e-01
8.561554920425532567e-01
8.561554920425532567e-01
8.561554920425532567e-01
8.561554920425532567e-01
8.561554920425532567e-01
8.561554920425532567e-01
8.561554920425532567e-01
8.561554920425532567e-01
8.561554920425532567e-01
8.561554920425532567e-01
8.625509754475365609e-01
8.625509754475365609e-01
8.625509754475365609e-01
9.177156406652049458e-01
9.177156406652049458e-01
9.177156406652049458e-01
9.177156406652049458e-01
9.177156406652049458e-01
9.177156406652049458e-01
9.177156406652049458e-01
9.177156406652049458e-01
9.177156406652049458e-01
9.177156406652049458e-01
9.177156406652049458e-01
8.671763523390467743e-01
8.671763523390467743e-01
8.671763523390467743e-01
8.671763523390467743e-01
8.671763523390467743e-01
8.671763523390467743e-01
8.671763523390467743e-01
9.266907226766234462e-01
9.266907226766234462e-01
9.560589681531345141e-01
8.200824413706923055e-01
8.200824413706923055e-01
8.200824413706923055e-01
8.100606947796997748e-01
8.100606947796997748e-01
5.932107620903581680e-01
7.714759412997901356e-01
7.714759412997901356e-01
7.714759412997901356e-01
9.752195644395350582e-01
9.752195644395350582e-01
9.752195644395350582e-01
9.752195644395350582e-01
9.752195644395350582e-01
9.264410908409793644e-01
9.264410908409793644e-01
9.264410908409793644e-01
9.264410908409793644e-01
9.264410908409793644e-01
9.264410908409793644e-01
9.264410908409793644e-01
8.834626583055187332e-01
8.834626583055187332e-01
8.834626583055187332e-01
8.834626583055187332e-01
8.834626583055187332e-01
8.834626583055187332e-01
8.834626583055187332e-01
8.834626583055187332e-01
8.834626583055187332e-01
8.834626583055187332e-01
8.834626583055187332e-01
8.834626583055187332e-01
8.834626583055187332e-01
8.836215664325083319e-01
8.836215664325083319e-01
8.836215664325083319e-01
9.301839830693904299e-01
9.301839830693904299e-01
8.154032229342308424e-01
8.154032229342308424e-01
8.154032229342308424e-01
6.798046927880703194e-01
6.798046927880703194e-01
6.798046927880703194e-01
6.798046927880703194e-01
6.798046927880703194e-01
5.870718484528189007e-01
5.870718484528189007e-01
5.870718484528189007e-01
6.928303606141603677e-01
6.928303606141603677e-01
6.928303606141603677e-01
6.928303606141603677e-01
6.928303606141603677e-01
6.928303606141603677e-01
6.928303606141603677e-01
6.928303606141603677e-01
6.928303606141603677e-01
6.928303606141603677e-01
6.928303606141603677e-01
6.928303606141603677e-01
6.928303606141603677e-01
7.747464435109995273e-01
7.747464435109995273e-01
7.747464435109995273e-01
7.747464435109995273e-01
7.747464435109995273e-01
7.747464435109995273e-01
7.806058655763271625e-01
7.806058655763271625e-01
7.806058655763271625e-01
7.806058655763271625e-01
7.806058655763271625e-01
9.122771471666485388e-01
9.122771471666485388e-01
9.122771471666485388e-01
9.122771471666485388e-01
9.122771471666485388e-01
9.122771471666485388e-01
8.584799583504388876e-01
8.584799583504388876e-01
8.584799583504388876e-01
8.584799583504388876e-01
8.584799583504388876e-01
8.584799583504388876e-01
8.584799583504388876e-01
8.584799583504388876e-01
8.584799583504388876e-01
8.584799583504388876e-01
8.584799583504388876e-01
8.982768365894461260e-01
8.982768365894461260e-01
8.279016285466805902e-01
8.279016285466805902e-01
8.279016285466805902e-01
7.267372607884711178e-01
7.267372607884711178e-01
7.267372607884711178e-01
9.271715574542513938e-01
9.271715574542513938e-01
9.271715574542513938e-01
9.595195902693597345e-01
9.595195902693597345e-01
9.595195902693597345e-01
9.595195902693597345e-01
9.595195902693597345e-01
9.595195902693597345e-01
9.595195902693597345e-01
9.595195902693597345e-01
9.595195902693597345e-01
9.595195902693597345e-01
9.595195902693597345e-01
9.595195902693597345e-01
9.669151435867777700e-01
9.669151435867777700e-01
9.669151435867777700e-01
9.669151435867777700e-01
9.669151435867777700e-01
9.669151435867777700e-01
9.669151435867777700e-01
9.669151435867777700e-01
9.669151435867777700e-01
9.669151435867777700e-01
9.669151435867777700e-01
9.669151435867777700e-01
9.669151435867777700e-01
9.669151435867777700e-01
9.669151435867777700e-01
9.436086674383298289e-01
9.436086674383298289e-01
9.436086674383298289e-01
9.147155153619733747e-01
9.147155153619733747e-01
9.147155153619733747e-01
9.147155153619733747e-01
9.147155153619733747e-01
9.147155153619733747e-01
9.147155153619733747e-01
9.147155153619733747e-01
9.147155153619733747e-01
9.147155153619733747e-01
9.396787612915601384e-01
9.396787612915601384e-01
9.396787612915601384e-01
9.396787612915601384e-01
9.396787612915601384e-01
9.396787612915601384e-01
8.888129517455548578e-01
8.888129517455548578e-01
8.888129517455548578e-01
8.888129517455548578e-01
8.888129517455548578e-01
8.888129517455548578e-01
8.888129517455548578e-01
8.888129517455548578e-01
5.866546911866146186e-01
5.866546911866146186e-01
5.866546911866146186e-01
5.866546911866146186e-01
5.866546911866146186e-01
9.841683704027280877e-01
9.841683704027280877e-01
9.841683704027280877e-01
9.841683704027280877e-01
9.841683704027280877e-01
9.841683704027280877e-01
9.841683704027280877e-01
9.483274948388130676e-01
9.483274948388130676e-01
9.483274948388130676e-01
9.483274948388130676e-01
9.483274948388130676e-01
6.732062770853890488e-01
6.732062770853890488e-01
9.268890950367230097e-01
9.268890950367230097e-01
7.999428532519582413e-01
7.999428532519582413e-01
7.999428532519582413e-01
8.733682326396863260e-01
8.965293617565175399e-01
8.965293617565175399e-01
8.965293617565175399e-01
8.965293617565175399e-01
9.433824512517849925e-01
9.433824512517849925e-01
9.433824512517849925e-01
9.433824512517849925e-01
9.433824512517849925e-01
9.433824512517849925e-01
9.433824512517849925e-01
9.433824512517849925e-01
9.433824512517849925e-01
9.433824512517849925e-01
9.433824512517849925e-01
9.433824512517849925e-01
9.433824512517849925e-01
9.433824512517849925e-01
9.356616835939517429e-01
9.356616835939517429e-01
9.356616835939517429e-01
9.356616835939517429e-01
9.356616835939517429e-01
9.356616835939517429e-01
9.356616835939517429e-01
9.356616835939517429e-01
9.356616835939517429e-01
9.356616835939517429e-01
9.356616835939517429e-01
9.356616835939517429e-01
5.996024729427396061e-01
5.996024729427396061e-01
5.996024729427396061e-01
5.996024729427396061e-01
5.996024729427396061e-01
5.996024729427396061e-01
6.062091898567286696e-01
6.062091898567286696e-01
6.062091898567286696e-01
6.062091898567286696e-01
6.062091898567286696e-01
6.062091898567286696e-01
6.062091898567286696e-01
6.062091898567286696e-01
6.062091898567286696e-01
6.062091898567286696e-01
6.062091898567286696e-01
6.062091898567286696e-01
9.455039367368889280e-01
9.455039367368889280e-01
9.455039367368889280e-01
9.455039367368889280e-01
9.455039367368889280e-01
9.455039367368889280e-01
9.455039367368889280e-01
9.455039367368889280e-01
9.455039367368889280e-01
9.455039367368889280e-01
9.455039367368889280e-01
9.455039367368889280e-01
9.455039367368889280e-01
9.455039367368889280e-01
9.455039367368889280e-01
9.455039367368889280e-01
9.455039367368889280e-01
9.455039367368889280e-01
9.455039367368889280e-01
9.455039367368889280e-01
9.455039367368889280e-01
9.455039367368889280e-01
9.455039367368889280e-01
9.455039367368889280e-01
9.455039367368889280e-01
9.455039367368889280e-01
9.455039367368889280e-01
9.455039367368889280e-01
8.979450233902037670e-01
8.979450233902037670e-01
8.979450233902037670e-01
8.979450233902037670e-01
8.006825852876627847e-01
8.006825852876627847e-01
8.006825852876627847e-01
8.006825852876627847e-01
8.006825852876627847e-01
8.006825852876627847e-01
9.481793842977300768e-01
9.481793842977300768e-01
6.447566264341270115e-01
6.447566264341270115e-01
6.447566264341270115e-01
6.447566264341270115e-01
6.447566264341270115e-01
6.447566264341270115e-01
6.447566264341270115e-01
7.473077315225622463e-01
6.062081291897947199e-01
6.062081291897947199e-01
9.328431812757116415e-01
9.328431812757116415e-01
9.328431812757116415e-01
9.328431812757116415e-01
9.328431812757116415e-01
9.328431812757116415e-01
9.328431812757116415e-01
9.328431812757116415e-01
9.328431812757116415e-01
9.328431812757116415e-01
9.328431812757116415e-01
9.328431812757116415e-01
9.328431812757116415e-01
8.681525847578357435e-01
8.681525847578357435e-01
8.681525847578357435e-01
8.681525847578357435e-01
8.681525847578357435e-01
7.746312269638614412e-01
7.746312269638614412e-01
7.746312269638614412e-01
7.746312269638614412e-01
7.746312269638614412e-01
7.746312269638614412e-01
7.746312269638614412e-01
6.074982858563556798e-01
6.074982858563556798e-01
6.074982858563556798e-01
6.156885045445794624e-01
6.156885045445794624e-01
6.156885045445794624e-01
6.156885045445794624e-01
6.156885045445794624e-01
6.156885045445794624e-01
6.156885045445794624e-01
7.215419606453538082e-01
7.215419606453538082e-01
7.215419606453538082e-01
6.411797969947887754e-01
6.602465479048940100e-01
6.602465479048940100e-01
6.602465479048940100e-01
6.642278072939777900e-01
6.642278072939777900e-01
6.642278072939777900e-01
6.642278072939777900e-01
6.642278072939777900e-01
6.642278072939777900e-01
6.642278072939777900e-01
6.642278072939777900e-01
6.642278072939777900e-01
6.642278072939777900e-01
6.642278072939777900e-01
6.642278072939777900e-01
6.642278072939777900e-01
6.642278072939777900e-01
6.642278072939777900e-01
6.642278072939777900e-01
6.642278072939777900e-01
6.642278072939777900e-01
6.642278072939777900e-01
7.924646240781694218e-01
7.924646240781694218e-01
7.924646240781694218e-01
7.924646240781694218e-01
7.924646240781694218e-01
7.924646240781694218e-01
7.924646240781694218e-01
7.924646240781694218e-01
7.924646240781694218e-01
7.924646240781694218e-01
7.924646240781694218e-01
7.924646240781694218e-01
7.287540920949966416e-01
7.287540920949966416e-01
8.657530983890396881e-01
8.657530983890396881e-01
8.657530983890396881e-01
8.657530983890396881e-01
8.657530983890396881e-01
8.657530983890396881e-01
8.657530983890396881e-01
8.657530983890396881e-01
8.657530983890396881e-01
9.871120611519483834e-01
9.871120611519483834e-01
9.871120611519483834e-01
9.871120611519483834e-01
9.871120611519483834e-01
9.871120611519483834e-01
9.871120611519483834e-01
9.871120611519483834e-01
9.871120611519483834e-01
9.871120611519483834e-01
9.871120611519483834e-01
9.871120611519483834e-01
9.871120611519483834e-01
9.871120611519483834e-01
9.871120611519483834e-01
9.871120611519483834e-01
9.871120611519483834e-01
8.575728723527191733e-01
8.575728723527191733e-01
9.627650755862846577e-01
9.627650755862846577e-01
9.627650755862846577e-01
9.627650755862846577e-01
9.627650755862846577e-01
9.627650755862846577e-01
9.627650755862846577e-01
9.627650755862846577e-01
9.627650755862846577e-01
9.627650755862846577e-01
9.627650755862846577e-01
9.627650755862846577e-01
9.627650755862846577e-01
9.627650755862846577e-01
9.627650755862846577e-01
9.627650755862846577e-01
9.627650755862846577e-01
9.627650755862846577e-01
9.627650755862846577e-01
9.210506501126946022e-01
9.210506501126946022e-01
6.106354810484024842e-01
7.771142080798812968e-01
7.771142080798812968e-01
7.771142080798812968e-01
7.771142080798812968e-01
7.771142080798812968e-01
7.771142080798812968e-01
7.771142080798812968e-01
7.771142080798812968e-01
7.727441213261951880e-01
7.727441213261951880e-01
7.727441213261951880e-01
7.727441213261951880e-01
7.727441213261951880e-01
7.727441213261951880e-01
7.727441213261951880e-01
7.727441213261951880e-01
7.727441213261951880e-01
7.727441213261951880e-01
7.727441213261951880e-01
7.727441213261951880e-01
7.727441213261951880e-01
7.727441213261951880e-01
7.727441213261951880e-01
7.727441213261951880e-01
7.727441213261951880e-01
7.727441213261951880e-01
7.727441213261951880e-01
7.727441213261951880e-01
7.727441213261951880e-01
7.727441213261951880e-01
8.237335917403398877e-01
9.933108287697478556e-01
9.933108287697478556e-01
9.933108287697478556e-01
9.933108287697478556e-01
9.933108287697478556e-01
9.933108287697478556e-01
9.933108287697478556e-01
9.933108287697478556e-01
9.933108287697478556e-01
9.933108287697478556e-01
9.933108287697478556e-01
9.933108287697478556e-01
9.933108287697478556e-01
9.933108287697478556e-01
9.426469390381663205e-01
9.426469390381663205e-01
9.426469390381663205e-01
9.426469390381663205e-01
9.426469390381663205e-01
9.426469390381663205e-01
8.602355244018535796e-01
8.602355244018535796e-01
8.602355244018535796e-01
7.749593304506846581e-01
7.749593304506846581e-01
7.749593304506846581e-01
7.749593304506846581e-01
7.749593304506846581e-01
7.749593304506846581e-01
6.331000773385551117e-01
6.331000773385551117e-01
6.331000773385551117e-01
6.331000773385551117e-01
9.519458451000064603e-01
9.519458451000064603e-01
9.519458451000064603e-01
9.519458451000064603e-01
9.519458451000064603e-01
9.519458451000064603e-01
9.519458451000064603e-01
9.519458451000064603e-01
7.206983417229654298e-01
7.206983417229654298e-01
7.115621831665576158e-01
7.115621831665576158e-01
7.115621831665576158e-01
7.115621831665576158e-01
7.115621831665576158e-01
7.115621831665576158e-01
7.115621831665576158e-01
8.362014918175928457e-01
8.362014918175928457e-01
8.362014918175928457e-01
8.362014918175928457e-01
8.362014918175928457e-01
8.362014918175928457e-01
8.362014918175928457e-01
8.362014918175928457e-01
8.362014918175928457e-01
8.362014918175928457e-01
8.362014918175928457e-01
8.362014918175928457e-01
8.362014918175928457e-01
8.362014918175928457e-01
8.362014918175928457e-01
8.362014918175928457e-01
8.362014918175928457e-01
8.362014918175928457e-01
8.362014918175928457e-01
8.362014918175928457e-01
8.362014918175928457e-01
8.777686896451509790e-01
8.777686896451509790e-01
8.777686896451509790e-01
8.777686896451509790e-01
8.777686896451509790e-01
8.777686896451509790e-01
8.006560269490804460e-01
8.006560269490804460e-01
8.006560269490804460e-01
8.006560269490804460e-01
9.261420340083379443e-01
9.261420340083379443e-01
9.261420340083379443e-01
9.261420340083379443e-01
9.261420340083379443e-01
8.213346023038061716e-01
8.213346023038061716e-01
8.213346023038061716e-01
8.213346023038061716e-01
8.213346023038061716e-01
8.213346023038061716e-01
8.213346023038061716e-01
8.213346023038061716e-01
8.213346023038061716e-01
8.213346023038061716e-01
8.213346023038061716e-01
8.213346023038061716e-01
8.213346023038061716e-01
8.213346023038061716e-01
8.213346023038061716e-01
8.213346023038061716e-01
8.213346023038061716e-01
8.660101792931724773e-01
8.660101792931724773e-01
8.660101792931724773e-01
8.660101792931724773e-01
8.660101792931724773e-01
9.831640048304859381e-01
9.831640048304859381e-01
7.633893642899050036e-01
7.633893642899050036e-01
7.633893642899050036e-01
7.633893642899050036e-01
7.633893642899050036e-01
7.633893642899050036e-01
7.633893642899050036e-01
7.633893642899050036e-01
7.633893642899050036e-01
7.633893642899050036e-01
7.633893642899050036e-01
7.633893642899050036e-01
7.633893642899050036e-01
7.633893642899050036e-01
7.633893642899050036e-01
7.633893642899050036e-01
7.633893642899050036e-01
7.633893642899050036e-01
7.633893642899050036e-01
7.633893642899050036e-01
9.721897351878879823e-01
9.721897351878879823e-01
8.992082390610827147e-01
8.992082390610827147e-01
8.992082390610827147e-01
8.992082390610827147e-01
8.992082390610827147e-01
8.992082390610827147e-01
8.992082390610827147e-01
8.992082390610827147e-01
8.992082390610827147e-01
8.992082390610827147e-01
8.992082390610827147e-01
8.992082390610827147e-01
8.992082390610827147e-01
8.992082390610827147e-01
8.992082390610827147e-01
8.992082390610827147e-01
8.992082390610827147e-01
7.397709012541633378e-01
7.397709012541633378e-01
7.397709012541633378e-01
7.397709012541633378e-01
7.397709012541633378e-01
7.397709012541633378e-01
7.397709012541633378e-01
7.397709012541633378e-01
7.397709012541633378e-01
7.397709012541633378e-01
7.397709012541633378e-01
7.397709012541633378e-01
7.397709012541633378e-01
7.397709012541633378e-01
7.397709012541633378e-01
7.397709012541633378e-01
9.813121758706793152e-01
9.813121758706793152e-01
9.813121758706793152e-01
9.813121758706793152e-01
9.813121758706793152e-01
9.813121758706793152e-01
9.813121758706793152e-01
9.813121758706793152e-01
9.813121758706793152e-01
