# Variable: HO_scalingFactor
# Sample shape: (2000,)
# Date: 2014-03-03 06:24:08.060187
1.000000000000000000e+00
1.000000000000000000e+00
1.000000000000000000e+00
1.000000000000000000e+00
1.000000000000000000e+00
1.000000000000000000e+00
7.341622831610626898e-01
6.897498207375257762e-01
6.897498207375257762e-01
6.897498207375257762e-01
6.897498207375257762e-01
6.897498207375257762e-01
6.897498207375257762e-01
6.897498207375257762e-01
6.897498207375257762e-01
6.897498207375257762e-01
3.059021463604987279e-01
3.059021463604987279e-01
3.059021463604987279e-01
3.059021463604987279e-01
3.059021463604987279e-01
5.615609381550898949e-01
5.615609381550898949e-01
5.615609381550898949e-01
4.980252164416599236e-01
4.980252164416599236e-01
4.980252164416599236e-01
2.475416872669416457e-01
2.475416872669416457e-01
8.495611938532701135e-01
8.495611938532701135e-01
8.495611938532701135e-01
8.495611938532701135e-01
6.854504865520758550e-01
6.854504865520758550e-01
6.854504865520758550e-01
6.854504865520758550e-01
6.854504865520758550e-01
6.854504865520758550e-01
6.854504865520758550e-01
6.854504865520758550e-01
6.854504865520758550e-01
6.854504865520758550e-01
6.854504865520758550e-01
6.854504865520758550e-01
6.854504865520758550e-01
6.854504865520758550e-01
6.854504865520758550e-01
6.854504865520758550e-01
6.854504865520758550e-01
6.854504865520758550e-01
6.854504865520758550e-01
6.854504865520758550e-01
6.854504865520758550e-01
6.854504865520758550e-01
8.537460792059409220e-01
8.537460792059409220e-01
6.181985356569407175e-01
6.649770706561606293e-01
6.649770706561606293e-01
6.649770706561606293e-01
6.139337456677730342e-01
6.139337456677730342e-01
5.731603156171685143e-01
5.731603156171685143e-01
5.731603156171685143e-01
3.445693556020544834e-01
3.445693556020544834e-01
6.616996243380666165e-01
6.616996243380666165e-01
6.616996243380666165e-01
6.616996243380666165e-01
2.743970647963248077e-01
2.743970647963248077e-01
2.743970647963248077e-01
1.860960488468577367e-01
1.860960488468577367e-01
1.860960488468577367e-01
1.860960488468577367e-01
1.860960488468577367e-01
1.534119774887702237e-01
5.850398853000915445e-01
5.850398853000915445e-01
5.850398853000915445e-01
2.571930090417640091e-02
1.386645738597802047e-01
1.386645738597802047e-01
3.906963713169224195e-01
3.906963713169224195e-01
3.906963713169224195e-01
3.906963713169224195e-01
6.755630987078382610e-01
6.755630987078382610e-01
7.524145361527524445e-01
7.524145361527524445e-01
7.524145361527524445e-01
2.889230119189778456e-01
2.889230119189778456e-01
2.889230119189778456e-01
2.889230119189778456e-01
2.889230119189778456e-01
2.889230119189778456e-01
2.629591884480336206e-01
2.629591884480336206e-01
2.629591884480336206e-01
2.504160002075939695e-01
2.504160002075939695e-01
9.016436375792258318e-02
2.221071459250210101e-01
2.221071459250210101e-01
2.221071459250210101e-01
3.148717571382745328e-01
3.148717571382745328e-01
8.250432065291172234e-01
8.250432065291172234e-01
8.250432065291172234e-01
8.250432065291172234e-01
8.250432065291172234e-01
8.250432065291172234e-01
8.250432065291172234e-01
8.018983108777709701e-01
8.018983108777709701e-01
8.018983108777709701e-01
8.018983108777709701e-01
8.080193741306972433e-01
8.080193741306972433e-01
8.080193741306972433e-01
8.080193741306972433e-01
8.080193741306972433e-01
8.080193741306972433e-01
8.080193741306972433e-01
8.080193741306972433e-01
3.440713096589068098e-01
3.440713096589068098e-01
6.431009337451782937e-01
6.431009337451782937e-01
4.145007623887032588e-01
4.145007623887032588e-01
4.145007623887032588e-01
8.559232393841000874e-01
8.559232393841000874e-01
8.559232393841000874e-01
8.559232393841000874e-01
8.559232393841000874e-01
8.559232393841000874e-01
8.559232393841000874e-01
8.559232393841000874e-01
8.559232393841000874e-01
8.559232393841000874e-01
2.085045417181188299e-01
7.090912145683346823e-01
7.090912145683346823e-01
4.990259250074837172e-01
4.990259250074837172e-01
4.826120340923922836e-02
4.826120340923922836e-02
5.512205131852970785e-01
5.512205131852970785e-01
5.512205131852970785e-01
5.512205131852970785e-01
1.840702760541950145e-01
1.840702760541950145e-01
1.840702760541950145e-01
6.584156338179699697e-01
6.584156338179699697e-01
6.835841189755004210e-01
6.835841189755004210e-01
6.835841189755004210e-01
6.835841189755004210e-01
6.835841189755004210e-01
6.835841189755004210e-01
6.835841189755004210e-01
7.014542461134183338e-01
7.014542461134183338e-01
7.014542461134183338e-01
7.054367197641960852e-01
7.054367197641960852e-01
7.054367197641960852e-01
7.054367197641960852e-01
7.054367197641960852e-01
6.182973117436879607e-01
6.182973117436879607e-01
8.355211724414979280e-01
8.355211724414979280e-01
8.355211724414979280e-01
8.355211724414979280e-01
8.355211724414979280e-01
3.233416100420921646e-01
3.010605488594506607e-01
2.266331884194905388e-02
5.857648027421947790e-01
5.857648027421947790e-01
5.512210892316691258e-01
5.512210892316691258e-01
5.512210892316691258e-01
8.143070359992976570e-01
8.143070359992976570e-01
8.143070359992976570e-01
8.143070359992976570e-01
8.143070359992976570e-01
8.143070359992976570e-01
8.143070359992976570e-01
8.143070359992976570e-01
8.143070359992976570e-01
8.143070359992976570e-01
8.143070359992976570e-01
8.143070359992976570e-01
7.165733045205348040e-01
7.165733045205348040e-01
7.165733045205348040e-01
7.165733045205348040e-01
7.165733045205348040e-01
7.165733045205348040e-01
7.165733045205348040e-01
7.165733045205348040e-01
5.998603893810007248e-01
5.998603893810007248e-01
5.998603893810007248e-01
5.998603893810007248e-01
5.998603893810007248e-01
5.998603893810007248e-01
5.998603893810007248e-01
5.998603893810007248e-01
5.998603893810007248e-01
5.998603893810007248e-01
2.988817182245394610e-01
2.988817182245394610e-01
2.988817182245394610e-01
2.988817182245394610e-01
2.988817182245394610e-01
2.988817182245394610e-01
2.988817182245394610e-01
1.748426419420253120e-01
1.748426419420253120e-01
1.748426419420253120e-01
1.748426419420253120e-01
1.748426419420253120e-01
1.748426419420253120e-01
1.748426419420253120e-01
1.748426419420253120e-01
1.748426419420253120e-01
1.600514751468869734e-01
1.600514751468869734e-01
1.600514751468869734e-01
7.821985592101075024e-01
3.076183732532020154e-01
3.076183732532020154e-01
3.076183732532020154e-01
3.076183732532020154e-01
3.076183732532020154e-01
3.076183732532020154e-01
3.076183732532020154e-01
6.543541516573561090e-01
6.543541516573561090e-01
6.543541516573561090e-01
7.569622993492298724e-01
7.569622993492298724e-01
4.314708184448259320e-01
4.314708184448259320e-01
4.314708184448259320e-01
4.314708184448259320e-01
3.891662567237014203e-01
1.803962917787675646e-01
1.803962917787675646e-01
1.440774210859551707e-01
2.469686379219338535e-01
2.469686379219338535e-01
2.469686379219338535e-01
2.469686379219338535e-01
1.900483744917318696e-01
1.052982759369261584e-01
2.961725810009571136e-01
2.961725810009571136e-01
5.580602429653561680e-01
5.580602429653561680e-01
1.840345617699271630e-01
6.143354912364817899e-01
6.699726602031744749e-01
6.699726602031744749e-01
6.699726602031744749e-01
6.699726602031744749e-01
6.699726602031744749e-01
6.699726602031744749e-01
6.699726602031744749e-01
6.699726602031744749e-01
6.699726602031744749e-01
6.699726602031744749e-01
6.699726602031744749e-01
6.520036513493261410e-01
6.520036513493261410e-01
6.520036513493261410e-01
6.520036513493261410e-01
6.520036513493261410e-01
6.520036513493261410e-01
7.288023946797913544e-01
7.684916331483493401e-02
2.401603816552855819e-01
2.401603816552855819e-01
2.401603816552855819e-01
2.401603816552855819e-01
2.401603816552855819e-01
5.364163986549933538e-01
5.364163986549933538e-01
5.364163986549933538e-01
5.364163986549933538e-01
4.075193726249604076e-01
4.075193726249604076e-01
4.075193726249604076e-01
4.075193726249604076e-01
4.075193726249604076e-01
3.433114379928201565e-01
3.433114379928201565e-01
3.433114379928201565e-01
3.433114379928201565e-01
3.433114379928201565e-01
3.433114379928201565e-01
3.433114379928201565e-01
3.433114379928201565e-01
3.433114379928201565e-01
3.433114379928201565e-01
3.433114379928201565e-01
1.875549324144942798e-01
1.875549324144942798e-01
1.875549324144942798e-01
1.875549324144942798e-01
1.875549324144942798e-01
1.875549324144942798e-01
5.593017668850007729e-01
5.593017668850007729e-01
5.593017668850007729e-01
5.593017668850007729e-01
5.593017668850007729e-01
5.593017668850007729e-01
5.593017668850007729e-01
5.593017668850007729e-01
5.593017668850007729e-01
5.593017668850007729e-01
5.593017668850007729e-01
5.593017668850007729e-01
5.593017668850007729e-01
5.593017668850007729e-01
5.593017668850007729e-01
5.593017668850007729e-01
5.593017668850007729e-01
1.816113436233356415e-01
1.816113436233356415e-01
1.816113436233356415e-01
6.108135557744397426e-01
8.488003040300027280e-01
8.488003040300027280e-01
8.488003040300027280e-01
8.488003040300027280e-01
8.488003040300027280e-01
8.488003040300027280e-01
8.488003040300027280e-01
8.488003040300027280e-01
8.488003040300027280e-01
8.488003040300027280e-01
4.009317935514591924e-01
5.909841503176931354e-01
5.909841503176931354e-01
5.909841503176931354e-01
5.909841503176931354e-01
5.909841503176931354e-01
5.909841503176931354e-01
5.909841503176931354e-01
5.909841503176931354e-01
5.909841503176931354e-01
5.909841503176931354e-01
5.909841503176931354e-01
5.909841503176931354e-01
8.016476305959340243e-01
8.016476305959340243e-01
8.016476305959340243e-01
6.716885516058987982e-01
6.716885516058987982e-01
6.716885516058987982e-01
6.716885516058987982e-01
6.716885516058987982e-01
6.716885516058987982e-01
6.716885516058987982e-01
6.716885516058987982e-01
6.716885516058987982e-01
6.716885516058987982e-01
6.716885516058987982e-01
6.716885516058987982e-01
6.716885516058987982e-01
6.716885516058987982e-01
6.716885516058987982e-01
7.132662331833053981e-01
7.132662331833053981e-01
7.132662331833053981e-01
7.132662331833053981e-01
7.132662331833053981e-01
7.132662331833053981e-01
7.132662331833053981e-01
7.132662331833053981e-01
7.132662331833053981e-01
7.132662331833053981e-01
7.132662331833053981e-01
7.132662331833053981e-01
6.690978230891052592e-01
6.544376068285588932e-01
6.544376068285588932e-01
6.544376068285588932e-01
6.544376068285588932e-01
6.544376068285588932e-01
6.544376068285588932e-01
6.544376068285588932e-01
6.544376068285588932e-01
7.171021617828288175e-01
7.171021617828288175e-01
7.063626471848162280e-01
7.063626471848162280e-01
7.063626471848162280e-01
7.063626471848162280e-01
7.063626471848162280e-01
7.063626471848162280e-01
7.063626471848162280e-01
7.063626471848162280e-01
7.063626471848162280e-01
7.034213990675854955e-01
7.034213990675854955e-01
7.034213990675854955e-01
7.716000406089373875e-01
7.716000406089373875e-01
7.716000406089373875e-01
7.716000406089373875e-01
7.716000406089373875e-01
7.716000406089373875e-01
6.071657628892278558e-01
8.018013177736287300e-01
8.018013177736287300e-01
8.018013177736287300e-01
8.018013177736287300e-01
8.018013177736287300e-01
8.018013177736287300e-01
8.018013177736287300e-01
8.018013177736287300e-01
2.040834462220478818e-01
5.273956119457509639e-02
5.273956119457509639e-02
3.537902449689276363e-01
3.537902449689276363e-01
3.537902449689276363e-01
3.537902449689276363e-01
3.537902449689276363e-01
3.537902449689276363e-01
3.537902449689276363e-01
3.779491605004096089e-01
7.270594754086532330e-01
7.270594754086532330e-01
7.270594754086532330e-01
7.270594754086532330e-01
7.270594754086532330e-01
7.270594754086532330e-01
7.270594754086532330e-01
5.974478942466019404e-01
6.936828640323425832e-01
6.047196786044740646e-01
6.047196786044740646e-01
5.426504176650659428e-02
3.976345128719219885e-02
3.976345128719219885e-02
3.976345128719219885e-02
4.930664871541659000e-01
1.116020688551473405e-01
1.116020688551473405e-01
3.732497624495444977e-01
3.732497624495444977e-01
3.732497624495444977e-01
3.732497624495444977e-01
3.732497624495444977e-01
3.732497624495444977e-01
3.732497624495444977e-01
7.543969871845488395e-01
4.745666515254311491e-01
4.745666515254311491e-01
4.745666515254311491e-01
4.745666515254311491e-01
4.745666515254311491e-01
4.745666515254311491e-01
4.745666515254311491e-01
4.745666515254311491e-01
4.745666515254311491e-01
4.745666515254311491e-01
7.355151979596754597e-01
6.909075047108870216e-01
6.909075047108870216e-01
6.909075047108870216e-01
6.909075047108870216e-01
6.909075047108870216e-01
6.909075047108870216e-01
6.909075047108870216e-01
6.909075047108870216e-01
6.909075047108870216e-01
8.457058637478021001e-01
7.810841827725597541e-01
7.810841827725597541e-01
7.810841827725597541e-01
7.810841827725597541e-01
7.810841827725597541e-01
7.810841827725597541e-01
7.810841827725597541e-01
7.810841827725597541e-01
7.810841827725597541e-01
7.810841827725597541e-01
7.810841827725597541e-01
7.810841827725597541e-01
7.810841827725597541e-01
7.810841827725597541e-01
7.810841827725597541e-01
7.810841827725597541e-01
7.810841827725597541e-01
7.810841827725597541e-01
3.788508559770700779e-01
3.788508559770700779e-01
3.788508559770700779e-01
3.788508559770700779e-01
3.788508559770700779e-01
3.788508559770700779e-01
3.788508559770700779e-01
3.788508559770700779e-01
8.279893624664240726e-01
2.917328079133798546e-01
2.917328079133798546e-01
2.917328079133798546e-01
2.917328079133798546e-01
2.917328079133798546e-01
2.897419668406169824e-01
2.897419668406169824e-01
4.291062404445776246e-01
4.291062404445776246e-01
2.513890243439773631e-01
1.924947677732652407e-01
1.924947677732652407e-01
1.924947677732652407e-01
1.924947677732652407e-01
1.924947677732652407e-01
1.924947677732652407e-01
1.722176500122531984e-01
1.722176500122531984e-01
1.722176500122531984e-01
2.290001642542439653e-01
2.290001642542439653e-01
2.290001642542439653e-01
2.290001642542439653e-01
2.290001642542439653e-01
2.290001642542439653e-01
2.290001642542439653e-01
2.290001642542439653e-01
2.290001642542439653e-01
1.332583367663605078e-01
1.332583367663605078e-01
1.332583367663605078e-01
1.332583367663605078e-01
1.332583367663605078e-01
1.332583367663605078e-01
1.332583367663605078e-01
4.515196510834841304e-01
4.515196510834841304e-01
4.515196510834841304e-01
4.515196510834841304e-01
4.515196510834841304e-01
4.515196510834841304e-01
4.515196510834841304e-01
4.515196510834841304e-01
4.515196510834841304e-01
4.515196510834841304e-01
4.515196510834841304e-01
4.515196510834841304e-01
4.515196510834841304e-01
4.515196510834841304e-01
4.515196510834841304e-01
4.515196510834841304e-01
4.515196510834841304e-01
4.515196510834841304e-01
5.291811767488302509e-01
5.291811767488302509e-01
5.291811767488302509e-01
5.291811767488302509e-01
5.291811767488302509e-01
5.291811767488302509e-01
5.291811767488302509e-01
5.291811767488302509e-01
5.291811767488302509e-01
5.291811767488302509e-01
5.291811767488302509e-01
5.291811767488302509e-01
5.291811767488302509e-01
5.291811767488302509e-01
5.291811767488302509e-01
5.291811767488302509e-01
5.291811767488302509e-01
5.291811767488302509e-01
5.291811767488302509e-01
5.291811767488302509e-01
5.291811767488302509e-01
4.090471652711327177e-01
4.090471652711327177e-01
4.090471652711327177e-01
4.090471652711327177e-01
4.090471652711327177e-01
4.090471652711327177e-01
4.090471652711327177e-01
4.090471652711327177e-01
4.090471652711327177e-01
4.090471652711327177e-01
4.090471652711327177e-01
4.090471652711327177e-01
4.090471652711327177e-01
4.090471652711327177e-01
4.090471652711327177e-01
4.090471652711327177e-01
4.090471652711327177e-01
4.090471652711327177e-01
3.520018437504363606e-01
1.989836961046311525e-01
1.989836961046311525e-01
1.989836961046311525e-01
1.989836961046311525e-01
2.768891072573165801e-01
2.768891072573165801e-01
2.768891072573165801e-01
2.768891072573165801e-01
2.768891072573165801e-01
3.178559087370043668e-01
3.178559087370043668e-01
3.178559087370043668e-01
5.431327628353705972e-01
5.431327628353705972e-01
6.786985562203304845e-01
6.786985562203304845e-01
6.786985562203304845e-01
6.786985562203304845e-01
6.786985562203304845e-01
6.786985562203304845e-01
6.786985562203304845e-01
6.786985562203304845e-01
6.786985562203304845e-01
6.786985562203304845e-01
6.786985562203304845e-01
6.786985562203304845e-01
6.786985562203304845e-01
6.786985562203304845e-01
6.786985562203304845e-01
6.786985562203304845e-01
6.786985562203304845e-01
6.786985562203304845e-01
6.786985562203304845e-01
6.786985562203304845e-01
6.786985562203304845e-01
6.786985562203304845e-01
6.786985562203304845e-01
6.786985562203304845e-01
6.786985562203304845e-01
6.786985562203304845e-01
6.786985562203304845e-01
6.786985562203304845e-01
6.786985562203304845e-01
6.786985562203304845e-01
6.786985562203304845e-01
6.786985562203304845e-01
6.786985562203304845e-01
6.786985562203304845e-01
6.786985562203304845e-01
6.786985562203304845e-01
6.786985562203304845e-01
6.786985562203304845e-01
6.786985562203304845e-01
6.786985562203304845e-01
6.786985562203304845e-01
6.786985562203304845e-01
6.786985562203304845e-01
6.786985562203304845e-01
6.786985562203304845e-01
6.786985562203304845e-01
6.786985562203304845e-01
6.786985562203304845e-01
6.786985562203304845e-01
6.139735465267802672e-01
6.139735465267802672e-01
6.139735465267802672e-01
6.097006038328773858e-01
6.097006038328773858e-01
6.097006038328773858e-01
6.097006038328773858e-01
6.097006038328773858e-01
6.097006038328773858e-01
6.097006038328773858e-01
6.097006038328773858e-01
6.097006038328773858e-01
6.097006038328773858e-01
6.097006038328773858e-01
6.097006038328773858e-01
6.097006038328773858e-01
6.097006038328773858e-01
6.097006038328773858e-01
6.097006038328773858e-01
6.097006038328773858e-01
6.097006038328773858e-01
6.097006038328773858e-01
6.097006038328773858e-01
6.097006038328773858e-01
6.097006038328773858e-01
6.097006038328773858e-01
6.097006038328773858e-01
6.097006038328773858e-01
6.097006038328773858e-01
6.097006038328773858e-01
6.097006038328773858e-01
6.097006038328773858e-01
6.097006038328773858e-01
6.097006038328773858e-01
6.097006038328773858e-01
6.097006038328773858e-01
6.097006038328773858e-01
6.097006038328773858e-01
6.097006038328773858e-01
6.097006038328773858e-01
6.097006038328773858e-01
6.097006038328773858e-01
6.097006038328773858e-01
6.097006038328773858e-01
6.097006038328773858e-01
6.097006038328773858e-01
6.097006038328773858e-01
6.063577271494230425e-01
6.063577271494230425e-01
6.063577271494230425e-01
6.063577271494230425e-01
6.063577271494230425e-01
6.063577271494230425e-01
6.063577271494230425e-01
6.063577271494230425e-01
6.063577271494230425e-01
6.448490774042714424e-01
6.448490774042714424e-01
6.448490774042714424e-01
6.448490774042714424e-01
6.448490774042714424e-01
6.448490774042714424e-01
6.448490774042714424e-01
6.448490774042714424e-01
6.448490774042714424e-01
6.448490774042714424e-01
6.448490774042714424e-01
6.448490774042714424e-01
6.402047819351684987e-01
6.402047819351684987e-01
6.402047819351684987e-01
6.402047819351684987e-01
6.402047819351684987e-01
6.402047819351684987e-01
6.402047819351684987e-01
6.402047819351684987e-01
6.402047819351684987e-01
6.402047819351684987e-01
6.402047819351684987e-01
6.402047819351684987e-01
6.402047819351684987e-01
6.402047819351684987e-01
6.402047819351684987e-01
6.402047819351684987e-01
6.402047819351684987e-01
6.402047819351684987e-01
6.402047819351684987e-01
6.402047819351684987e-01
6.402047819351684987e-01
6.402047819351684987e-01
6.402047819351684987e-01
6.402047819351684987e-01
6.402047819351684987e-01
6.402047819351684987e-01
4.624022096212213051e-01
4.487980179594273089e-01
4.487980179594273089e-01
4.487980179594273089e-01
4.487980179594273089e-01
4.487980179594273089e-01
4.487980179594273089e-01
4.658255700678459732e-01
4.658255700678459732e-01
4.658255700678459732e-01
4.658255700678459732e-01
4.918498024183731165e-01
4.918498024183731165e-01
4.918498024183731165e-01
4.918498024183731165e-01
4.918498024183731165e-01
4.918498024183731165e-01
4.918498024183731165e-01
4.918498024183731165e-01
4.959720984762302498e-01
4.959720984762302498e-01
1.593609780231341477e-01
1.593609780231341477e-01
1.593609780231341477e-01
1.593609780231341477e-01
3.311383406779400129e-01
3.311383406779400129e-01
2.586218191889825824e-01
2.586218191889825824e-01
2.586218191889825824e-01
3.271616574075513206e-01
3.271616574075513206e-01
3.879529550410369954e-01
3.879529550410369954e-01
3.879529550410369954e-01
1.384841024997744974e-01
1.384841024997744974e-01
1.384841024997744974e-01
1.384841024997744974e-01
1.384841024997744974e-01
1.384841024997744974e-01
2.733605584148264267e-01
2.733605584148264267e-01
4.001238751369179392e-01
4.001238751369179392e-01
4.001238751369179392e-01
4.001238751369179392e-01
4.001238751369179392e-01
4.105404505961221528e-01
4.105404505961221528e-01
4.105404505961221528e-01
4.105404505961221528e-01
2.751612288033992160e-01
2.751612288033992160e-01
3.208965369874194895e-02
3.208965369874194895e-02
2.358562774519031291e-01
2.358562774519031291e-01
2.358562774519031291e-01
3.279785021875037399e-01
3.279785021875037399e-01
3.279785021875037399e-01
3.279785021875037399e-01
4.851405745208083320e-01
4.851405745208083320e-01
2.622199207473943638e-01
2.622199207473943638e-01
2.622199207473943638e-01
2.622199207473943638e-01
2.622199207473943638e-01
2.622199207473943638e-01
2.183050261105195233e-01
2.183050261105195233e-01
2.183050261105195233e-01
1.196305769609739139e-01
1.196305769609739139e-01
1.196305769609739139e-01
1.196305769609739139e-01
1.196305769609739139e-01
1.103901504016475132e-01
1.103901504016475132e-01
1.103901504016475132e-01
1.103901504016475132e-01
1.103901504016475132e-01
7.145533777228130212e-02
7.145533777228130212e-02
7.145533777228130212e-02
2.818775577517799724e-01
2.818775577517799724e-01
2.429286665939383583e-01
2.429286665939383583e-01
2.429286665939383583e-01
2.429286665939383583e-01
2.429286665939383583e-01
2.429286665939383583e-01
2.429286665939383583e-01
2.429286665939383583e-01
2.429286665939383583e-01
3.460746768742547497e-01
3.460746768742547497e-01
3.460746768742547497e-01
3.460746768742547497e-01
3.460746768742547497e-01
3.460746768742547497e-01
8.046966434879648800e-02
8.046966434879648800e-02
2.671522870509855929e-01
2.671522870509855929e-01
2.671522870509855929e-01
2.671522870509855929e-01
2.671522870509855929e-01
2.671522870509855929e-01
2.671522870509855929e-01
2.481814632273273147e-01
1.423176930216765723e-01
1.423176930216765723e-01
1.423176930216765723e-01
1.423176930216765723e-01
1.423176930216765723e-01
1.423176930216765723e-01
1.423176930216765723e-01
1.423176930216765723e-01
1.423176930216765723e-01
1.423176930216765723e-01
3.026306737923815937e-02
3.026306737923815937e-02
3.026306737923815937e-02
3.026306737923815937e-02
3.026306737923815937e-02
3.026306737923815937e-02
3.026306737923815937e-02
3.026306737923815937e-02
3.026306737923815937e-02
3.026306737923815937e-02
3.026306737923815937e-02
3.026306737923815937e-02
3.026306737923815937e-02
3.026306737923815937e-02
3.026306737923815937e-02
3.026306737923815937e-02
3.026306737923815937e-02
3.026306737923815937e-02
3.026306737923815937e-02
3.026306737923815937e-02
3.026306737923815937e-02
4.089869982153215150e-02
1.792847522837740515e-01
2.558820356516428585e-01
2.558820356516428585e-01
2.558820356516428585e-01
2.440678698225686172e-01
2.440678698225686172e-01
2.440678698225686172e-01
2.440678698225686172e-01
2.440678698225686172e-01
2.440678698225686172e-01
2.440678698225686172e-01
3.485506532530397439e-01
3.485506532530397439e-01
3.485506532530397439e-01
3.485506532530397439e-01
3.485506532530397439e-01
3.485506532530397439e-01
3.485506532530397439e-01
3.485506532530397439e-01
3.485506532530397439e-01
3.485506532530397439e-01
3.485506532530397439e-01
1.781331221371756091e-01
1.781331221371756091e-01
1.781331221371756091e-01
1.781331221371756091e-01
1.781331221371756091e-01
4.767647014578062503e-01
4.767647014578062503e-01
4.767647014578062503e-01
4.521335013723756791e-01
4.521335013723756791e-01
4.521335013723756791e-01
4.521335013723756791e-01
4.521335013723756791e-01
4.521335013723756791e-01
4.521335013723756791e-01
4.521335013723756791e-01
4.521335013723756791e-01
4.521335013723756791e-01
4.521335013723756791e-01
4.521335013723756791e-01
4.521335013723756791e-01
4.521335013723756791e-01
4.521335013723756791e-01
4.521335013723756791e-01
4.521335013723756791e-01
4.521335013723756791e-01
4.521335013723756791e-01
4.521335013723756791e-01
4.521335013723756791e-01
4.521335013723756791e-01
4.521335013723756791e-01
4.521335013723756791e-01
2.743107386713158347e-01
2.743107386713158347e-01
2.743107386713158347e-01
1.652545592612787162e-01
1.652545592612787162e-01
9.229995569006564649e-02
9.229995569006564649e-02
9.229995569006564649e-02
9.229995569006564649e-02
9.229995569006564649e-02
9.229995569006564649e-02
9.229995569006564649e-02
9.229995569006564649e-02
9.229995569006564649e-02
9.229995569006564649e-02
9.229995569006564649e-02
9.229995569006564649e-02
2.140212829752374257e-01
2.497277728261071694e-01
2.497277728261071694e-01
2.497277728261071694e-01
2.497277728261071694e-01
2.497277728261071694e-01
2.497277728261071694e-01
2.497277728261071694e-01
2.497277728261071694e-01
2.497277728261071694e-01
2.497277728261071694e-01
2.497277728261071694e-01
2.497277728261071694e-01
2.497277728261071694e-01
2.497277728261071694e-01
3.077880747193789124e-01
3.077880747193789124e-01
3.077880747193789124e-01
3.077880747193789124e-01
3.077880747193789124e-01
3.077880747193789124e-01
3.077880747193789124e-01
3.077880747193789124e-01
3.077880747193789124e-01
8.391246397336757368e-02
8.391246397336757368e-02
8.391246397336757368e-02
8.391246397336757368e-02
8.391246397336757368e-02
8.391246397336757368e-02
8.391246397336757368e-02
8.391246397336757368e-02
8.391246397336757368e-02
1.026796875203026399e-01
3.530172468773990491e-01
3.530172468773990491e-01
3.530172468773990491e-01
3.530172468773990491e-01
3.530172468773990491e-01
1.999285647039628078e-01
7.328619790352042251e-02
7.328619790352042251e-02
7.328619790352042251e-02
7.328619790352042251e-02
7.328619790352042251e-02
7.328619790352042251e-02
7.328619790352042251e-02
7.328619790352042251e-02
7.328619790352042251e-02
7.328619790352042251e-02
1.347827756239394492e-01
6.553496356302526693e-02
6.553496356302526693e-02
6.553496356302526693e-02
6.553496356302526693e-02
6.553496356302526693e-02
6.553496356302526693e-02
6.553496356302526693e-02
6.553496356302526693e-02
6.553496356302526693e-02
6.553496356302526693e-02
6.553496356302526693e-02
6.789964779527207783e-02
6.789964779527207783e-02
6.789964779527207783e-02
6.789964779527207783e-02
6.789964779527207783e-02
6.789964779527207783e-02
1.943956472133151481e-02
1.943956472133151481e-02
1.943956472133151481e-02
1.943956472133151481e-02
3.132777448849276558e-01
3.132777448849276558e-01
3.132777448849276558e-01
3.132777448849276558e-01
3.132777448849276558e-01
3.132777448849276558e-01
2.280850243831337165e-01
2.280850243831337165e-01
2.280850243831337165e-01
2.280850243831337165e-01
2.280850243831337165e-01
2.280850243831337165e-01
3.363305375687314358e-01
3.363305375687314358e-01
3.363305375687314358e-01
3.363305375687314358e-01
3.363305375687314358e-01
3.363305375687314358e-01
2.765952500116323209e-01
2.765952500116323209e-01
2.765952500116323209e-01
2.765952500116323209e-01
2.765952500116323209e-01
3.490462643951863786e-02
3.490462643951863786e-02
3.490462643951863786e-02
3.490462643951863786e-02
3.490462643951863786e-02
3.490462643951863786e-02
3.490462643951863786e-02
3.490462643951863786e-02
3.490462643951863786e-02
3.490462643951863786e-02
3.490462643951863786e-02
3.490462643951863786e-02
3.490462643951863786e-02
1.063997112883871554e-01
1.063997112883871554e-01
1.063997112883871554e-01
1.063997112883871554e-01
1.063997112883871554e-01
1.063997112883871554e-01
1.063997112883871554e-01
1.063997112883871554e-01
1.063997112883871554e-01
1.063997112883871554e-01
1.969001966277690308e-01
1.969001966277690308e-01
3.592351332800490793e-01
3.592351332800490793e-01
3.592351332800490793e-01
3.592351332800490793e-01
3.592351332800490793e-01
4.021093599128200413e-02
4.021093599128200413e-02
1.662192104362525402e-01
1.662192104362525402e-01
1.662192104362525402e-01
1.662192104362525402e-01
1.662192104362525402e-01
1.662192104362525402e-01
1.481700420773555960e-01
1.767198281803902815e-02
8.235436608272636572e-02
8.235436608272636572e-02
8.235436608272636572e-02
8.235436608272636572e-02
1.963616770859322735e-01
1.963616770859322735e-01
1.963616770859322735e-01
1.963616770859322735e-01
1.963616770859322735e-01
1.963616770859322735e-01
1.963616770859322735e-01
1.963616770859322735e-01
1.963616770859322735e-01
1.963616770859322735e-01
1.963616770859322735e-01
1.963616770859322735e-01
1.963616770859322735e-01
1.963616770859322735e-01
1.963616770859322735e-01
1.947561255700412663e-01
1.947561255700412663e-01
3.825209353065959217e-01
3.825209353065959217e-01
3.825209353065959217e-01
3.825209353065959217e-01
2.139440497637402905e-01
3.016325920129367399e-01
3.016325920129367399e-01
3.624523424432262719e-01
3.624523424432262719e-01
3.624523424432262719e-01
3.743612189951840974e-01
3.379016020235332540e-01
3.379016020235332540e-01
3.379016020235332540e-01
3.379016020235332540e-01
3.379016020235332540e-01
3.379016020235332540e-01
3.379016020235332540e-01
3.379016020235332540e-01
3.296774908137311555e-01
3.296774908137311555e-01
3.296774908137311555e-01
3.296774908137311555e-01
3.296774908137311555e-01
3.296774908137311555e-01
2.252892863114728250e-01
2.252892863114728250e-01
2.252892863114728250e-01
2.252892863114728250e-01
2.252892863114728250e-01
2.252892863114728250e-01
2.252892863114728250e-01
2.252892863114728250e-01
2.252892863114728250e-01
2.252892863114728250e-01
2.252892863114728250e-01
2.252892863114728250e-01
3.903002700069438946e-01
3.247912895006601630e-01
3.247912895006601630e-01
3.247912895006601630e-01
3.247912895006601630e-01
3.247912895006601630e-01
3.247912895006601630e-01
3.247912895006601630e-01
3.247912895006601630e-01
3.247912895006601630e-01
4.974652453845862521e-01
4.974652453845862521e-01
2.325737240924630189e-01
9.441921362649158267e-02
9.441921362649158267e-02
3.614063704319850356e-01
3.614063704319850356e-01
3.614063704319850356e-01
3.614063704319850356e-01
3.614063704319850356e-01
1.050122027621788745e-01
1.050122027621788745e-01
3.300414935655439086e-01
9.232272277068012678e-02
9.232272277068012678e-02
9.232272277068012678e-02
9.232272277068012678e-02
9.232272277068012678e-02
2.783795599676486265e-02
2.783795599676486265e-02
2.783795599676486265e-02
2.783795599676486265e-02
2.783795599676486265e-02
2.783795599676486265e-02
2.783795599676486265e-02
2.783795599676486265e-02
2.783795599676486265e-02
2.783795599676486265e-02
2.783795599676486265e-02
2.783795599676486265e-02
2.783795599676486265e-02
2.783795599676486265e-02
2.783795599676486265e-02
1.403565312307895607e-01
1.403565312307895607e-01
6.495482866904776775e-02
6.495482866904776775e-02
6.495482866904776775e-02
6.495482866904776775e-02
6.495482866904776775e-02
6.495482866904776775e-02
6.495482866904776775e-02
6.495482866904776775e-02
6.495482866904776775e-02
6.495482866904776775e-02
6.495482866904776775e-02
6.495482866904776775e-02
5.329319387098653271e-01
5.329319387098653271e-01
5.329319387098653271e-01
2.501387586664323148e-01
2.501387586664323148e-01
2.501387586664323148e-01
2.501387586664323148e-01
2.501387586664323148e-01
2.501387586664323148e-01
2.501387586664323148e-01
3.325690509909335346e-01
3.325690509909335346e-01
3.325690509909335346e-01
3.325690509909335346e-01
3.325690509909335346e-01
1.074805881197569146e-01
1.074805881197569146e-01
1.074805881197569146e-01
1.074805881197569146e-01
1.074805881197569146e-01
1.074805881197569146e-01
1.074805881197569146e-01
1.074805881197569146e-01
1.074805881197569146e-01
1.074805881197569146e-01
1.074805881197569146e-01
1.074805881197569146e-01
1.074805881197569146e-01
1.074805881197569146e-01
1.074805881197569146e-01
1.074805881197569146e-01
1.074805881197569146e-01
1.074805881197569146e-01
1.074805881197569146e-01
1.074805881197569146e-01
1.074805881197569146e-01
1.074805881197569146e-01
1.762963645488663800e-01
1.762963645488663800e-01
4.205501657825605477e-02
4.205501657825605477e-02
4.205501657825605477e-02
4.205501657825605477e-02
4.205501657825605477e-02
4.205501657825605477e-02
4.205501657825605477e-02
4.205501657825605477e-02
1.630148820662437603e-01
1.630148820662437603e-01
1.630148820662437603e-01
3.783476535292246146e-01
3.783476535292246146e-01
3.783476535292246146e-01
3.783476535292246146e-01
3.783476535292246146e-01
3.783476535292246146e-01
3.783476535292246146e-01
3.783476535292246146e-01
3.783476535292246146e-01
3.783476535292246146e-01
3.783476535292246146e-01
3.783476535292246146e-01
3.783476535292246146e-01
3.783476535292246146e-01
3.783476535292246146e-01
3.783476535292246146e-01
3.783476535292246146e-01
3.783476535292246146e-01
3.783476535292246146e-01
2.326805244793986593e-01
2.326805244793986593e-01
2.326805244793986593e-01
2.326805244793986593e-01
2.326805244793986593e-01
1.294952305080479538e-02
8.071000894855785701e-02
8.071000894855785701e-02
1.729774769613685592e-01
1.729774769613685592e-01
1.729774769613685592e-01
1.729774769613685592e-01
3.453981033019583036e-01
5.846360013655732546e-01
5.846360013655732546e-01
5.846360013655732546e-01
5.846360013655732546e-01
2.394932696923686155e-01
2.394932696923686155e-01
2.394932696923686155e-01
4.452112084322654706e-01
4.452112084322654706e-01
4.452112084322654706e-01
4.452112084322654706e-01
4.452112084322654706e-01
4.452112084322654706e-01
4.452112084322654706e-01
4.452112084322654706e-01
4.452112084322654706e-01
4.452112084322654706e-01
4.452112084322654706e-01
4.452112084322654706e-01
4.452112084322654706e-01
4.452112084322654706e-01
2.808776804958852957e-01
5.835092656868439143e-01
2.434860738711052686e-01
2.434860738711052686e-01
2.434860738711052686e-01
2.434860738711052686e-01
2.434860738711052686e-01
2.434860738711052686e-01
2.434860738711052686e-01
2.434860738711052686e-01
2.434860738711052686e-01
2.434860738711052686e-01
2.434860738711052686e-01
2.434860738711052686e-01
2.434860738711052686e-01
2.434860738711052686e-01
2.434860738711052686e-01
2.434860738711052686e-01
2.434860738711052686e-01
2.434860738711052686e-01
2.201834990493349298e-01
3.071029355675523043e-01
3.964638555055067237e-01
3.790617641667093918e-01
3.790617641667093918e-01
3.790617641667093918e-01
3.790617641667093918e-01
3.790617641667093918e-01
3.790617641667093918e-01
3.790617641667093918e-01
3.790617641667093918e-01
3.790617641667093918e-01
3.790617641667093918e-01
3.790617641667093918e-01
3.790617641667093918e-01
3.790617641667093918e-01
3.672944154815940832e-01
3.672944154815940832e-01
3.672944154815940832e-01
3.672944154815940832e-01
3.672944154815940832e-01
3.672944154815940832e-01
3.672944154815940832e-01
3.672944154815940832e-01
3.335865496369439520e-01
3.335865496369439520e-01
3.335865496369439520e-01
3.335865496369439520e-01
3.335865496369439520e-01
3.335865496369439520e-01
3.335865496369439520e-01
3.335865496369439520e-01
4.152153716908517644e-01
4.152153716908517644e-01
4.152153716908517644e-01
1.667495392872145321e-01
1.667495392872145321e-01
1.461948598564122570e-01
1.461948598564122570e-01
1.461948598564122570e-01
1.461948598564122570e-01
1.461948598564122570e-01
1.461948598564122570e-01
1.461948598564122570e-01
1.444396628830171281e-01
1.901269807871516782e-02
1.901269807871516782e-02
1.901269807871516782e-02
1.901269807871516782e-02
1.901269807871516782e-02
1.901269807871516782e-02
1.901269807871516782e-02
1.901269807871516782e-02
1.901269807871516782e-02
1.901269807871516782e-02
1.901269807871516782e-02
1.901269807871516782e-02
1.901269807871516782e-02
1.901269807871516782e-02
1.901269807871516782e-02
1.901269807871516782e-02
1.901269807871516782e-02
1.901269807871516782e-02
1.901269807871516782e-02
1.901269807871516782e-02
1.901269807871516782e-02
2.171868993938713410e-01
5.515521497253944583e-02
4.175829313316070657e-01
4.175829313316070657e-01
4.175829313316070657e-01
4.175829313316070657e-01
4.175829313316070657e-01
4.175829313316070657e-01
4.175829313316070657e-01
4.175829313316070657e-01
4.175829313316070657e-01
4.175829313316070657e-01
4.315628099465583234e-01
4.315628099465583234e-01
4.315628099465583234e-01
4.315628099465583234e-01
4.315628099465583234e-01
4.315628099465583234e-01
4.315628099465583234e-01
5.741187587156304506e-01
5.741187587156304506e-01
5.741187587156304506e-01
5.741187587156304506e-01
5.741187587156304506e-01
5.741187587156304506e-01
5.741187587156304506e-01
5.741187587156304506e-01
5.741187587156304506e-01
5.741187587156304506e-01
5.610419207652013185e-01
5.610419207652013185e-01
5.610419207652013185e-01
5.610419207652013185e-01
5.610419207652013185e-01
5.610419207652013185e-01
5.369182009207583706e-01
5.369182009207583706e-01
5.369182009207583706e-01
5.369182009207583706e-01
5.369182009207583706e-01
5.369182009207583706e-01
5.369182009207583706e-01
5.369182009207583706e-01
5.369182009207583706e-01
5.369182009207583706e-01
5.369182009207583706e-01
5.369182009207583706e-01
5.369182009207583706e-01
5.369182009207583706e-01
5.369182009207583706e-01
5.369182009207583706e-01
5.369182009207583706e-01
5.369182009207583706e-01
5.369182009207583706e-01
5.369182009207583706e-01
5.369182009207583706e-01
5.369182009207583706e-01
5.369182009207583706e-01
5.369182009207583706e-01
5.369182009207583706e-01
5.369182009207583706e-01
5.369182009207583706e-01
5.369182009207583706e-01
5.369182009207583706e-01
5.369182009207583706e-01
5.369182009207583706e-01
5.369182009207583706e-01
5.369182009207583706e-01
5.739691637722564854e-01
5.739691637722564854e-01
5.739691637722564854e-01
5.739691637722564854e-01
5.739691637722564854e-01
5.739691637722564854e-01
4.832042857287318083e-01
4.832042857287318083e-01
4.832042857287318083e-01
4.832042857287318083e-01
4.832042857287318083e-01
4.832042857287318083e-01
4.832042857287318083e-01
4.832042857287318083e-01
4.832042857287318083e-01
4.925994549891590246e-01
4.925994549891590246e-01
4.925994549891590246e-01
4.925994549891590246e-01
4.925994549891590246e-01
4.925994549891590246e-01
4.925994549891590246e-01
4.925994549891590246e-01
4.925994549891590246e-01
4.925994549891590246e-01
4.925994549891590246e-01
4.925994549891590246e-01
4.925994549891590246e-01
4.925994549891590246e-01
4.925994549891590246e-01
4.925994549891590246e-01
4.925994549891590246e-01
4.925994549891590246e-01
4.925994549891590246e-01
4.925994549891590246e-01
4.925994549891590246e-01
4.925994549891590246e-01
4.925994549891590246e-01
4.925994549891590246e-01
4.925994549891590246e-01
4.925994549891590246e-01
4.925994549891590246e-01
4.925994549891590246e-01
4.925994549891590246e-01
4.925994549891590246e-01
4.925994549891590246e-01
4.925994549891590246e-01
4.925994549891590246e-01
4.925994549891590246e-01
4.925994549891590246e-01
4.925994549891590246e-01
4.925994549891590246e-01
4.925994549891590246e-01
4.925994549891590246e-01
4.925994549891590246e-01
4.925994549891590246e-01
5.071546862035719583e-02
5.071546862035719583e-02
5.071546862035719583e-02
5.071546862035719583e-02
5.071546862035719583e-02
5.071546862035719583e-02
1.340061415883886942e-01
1.340061415883886942e-01
1.340061415883886942e-01
1.340061415883886942e-01
1.340061415883886942e-01
1.340061415883886942e-01
1.340061415883886942e-01
1.340061415883886942e-01
1.340061415883886942e-01
1.340061415883886942e-01
1.340061415883886942e-01
1.340061415883886942e-01
1.340061415883886942e-01
1.340061415883886942e-01
1.340061415883886942e-01
2.524429281761293720e-02
2.524429281761293720e-02
2.524429281761293720e-02
2.524429281761293720e-02
2.524429281761293720e-02
2.524429281761293720e-02
2.524429281761293720e-02
2.524429281761293720e-02
2.524429281761293720e-02
2.524429281761293720e-02
2.524429281761293720e-02
2.524429281761293720e-02
2.524429281761293720e-02
2.524429281761293720e-02
2.524429281761293720e-02
2.524429281761293720e-02
3.074243272295938412e-01
3.074243272295938412e-01
3.074243272295938412e-01
1.898141657539598182e-02
1.898141657539598182e-02
1.898141657539598182e-02
1.898141657539598182e-02
1.898141657539598182e-02
1.898141657539598182e-02
1.898141657539598182e-02
1.898141657539598182e-02
1.898141657539598182e-02
1.898141657539598182e-02
1.898141657539598182e-02
1.898141657539598182e-02
1.898141657539598182e-02
1.898141657539598182e-02
1.898141657539598182e-02
4.164566884338082864e-01
4.164566884338082864e-01
4.164566884338082864e-01
4.164566884338082864e-01
4.164566884338082864e-01
4.164566884338082864e-01
4.164566884338082864e-01
4.164566884338082864e-01
4.164566884338082864e-01
4.164566884338082864e-01
2.509918931143194643e-01
3.263881875532800292e-01
3.263881875532800292e-01
3.263881875532800292e-01
3.263881875532800292e-01
3.263881875532800292e-01
3.263881875532800292e-01
2.673558972905417108e-01
2.673558972905417108e-01
6.978764376356813570e-02
6.978764376356813570e-02
6.978764376356813570e-02
6.978764376356813570e-02
6.978764376356813570e-02
6.978764376356813570e-02
6.978764376356813570e-02
6.978764376356813570e-02
6.978764376356813570e-02
6.978764376356813570e-02
1.657870529391120562e-01
1.657870529391120562e-01
1.657870529391120562e-01
1.657870529391120562e-01
1.657870529391120562e-01
1.657870529391120562e-01
4.222384374623472936e-01
4.222384374623472936e-01
5.211744393220819616e-01
1.879481563665533761e-01
1.879481563665533761e-01
1.879481563665533761e-01
1.879481563665533761e-01
1.879481563665533761e-01
1.879481563665533761e-01
1.879481563665533761e-01
1.879481563665533761e-01
1.831115969361485352e-01
1.831115969361485352e-01
3.382926462270746115e-01
3.382926462270746115e-01
3.382926462270746115e-01
2.029965033274894470e-01
2.029965033274894470e-01
1.894861709966823571e-01
1.894861709966823571e-01
1.894861709966823571e-01
1.894861709966823571e-01
1.894861709966823571e-01
1.894861709966823571e-01
1.894861709966823571e-01
1.894861709966823571e-01
1.894861709966823571e-01
3.970200249238314272e-01
3.970200249238314272e-01
3.970200249238314272e-01
6.909215553338099447e-02
6.909215553338099447e-02
6.909215553338099447e-02
6.909215553338099447e-02
6.909215553338099447e-02
6.909215553338099447e-02
6.909215553338099447e-02
2.449316398182033450e-01
2.449316398182033450e-01
2.449316398182033450e-01
2.449316398182033450e-01
2.449316398182033450e-01
2.449316398182033450e-01
2.449316398182033450e-01
2.449316398182033450e-01
2.449316398182033450e-01
2.449316398182033450e-01
2.449316398182033450e-01
2.449316398182033450e-01
2.449316398182033450e-01
2.449316398182033450e-01
2.449316398182033450e-01
1.447165667623729057e-01
1.447165667623729057e-01
1.447165667623729057e-01
1.447165667623729057e-01
5.666665106849747002e-02
5.666665106849747002e-02
3.353209737789476508e-01
3.353209737789476508e-01
2.335401441641651032e-01
2.335401441641651032e-01
2.335401441641651032e-01
4.817816134481767154e-01
4.817816134481767154e-01
4.817816134481767154e-01
4.817816134481767154e-01
3.148999812187585068e-01
3.148999812187585068e-01
2.343364961191806706e-01
2.403133819693415996e-01
2.403133819693415996e-01
3.474641011141605951e-01
3.474641011141605951e-01
3.474641011141605951e-01
3.474641011141605951e-01
3.474641011141605951e-01
3.474641011141605951e-01
1.749849981941214994e-01
1.749849981941214994e-01
1.749849981941214994e-01
1.350415849450917471e-01
1.350415849450917471e-01
3.975449614952517585e-01
3.975449614952517585e-01
3.406742577118463400e-01
3.406742577118463400e-01
3.406742577118463400e-01
5.885206593585373680e-02
5.885206593585373680e-02
5.885206593585373680e-02
5.885206593585373680e-02
5.885206593585373680e-02
5.885206593585373680e-02
5.885206593585373680e-02
5.885206593585373680e-02
5.885206593585373680e-02
5.885206593585373680e-02
5.885206593585373680e-02
5.885206593585373680e-02
1.139004168583750420e-01
1.139004168583750420e-01
1.139004168583750420e-01
1.139004168583750420e-01
1.139004168583750420e-01
1.139004168583750420e-01
1.139004168583750420e-01
1.139004168583750420e-01
1.139004168583750420e-01
1.139004168583750420e-01
1.139004168583750420e-01
1.139004168583750420e-01
1.139004168583750420e-01
1.139004168583750420e-01
1.139004168583750420e-01
3.881839080816468779e-01
3.881839080816468779e-01
3.881839080816468779e-01
3.881839080816468779e-01
2.735280472834383803e-02
2.735280472834383803e-02
2.735280472834383803e-02
2.735280472834383803e-02
2.735280472834383803e-02
2.735280472834383803e-02
2.735280472834383803e-02
2.735280472834383803e-02
2.735280472834383803e-02
8.698102767980581129e-02
8.698102767980581129e-02
8.698102767980581129e-02
1.114361677486501168e-01
1.114361677486501168e-01
1.800525049299507852e-01
1.800525049299507852e-01
1.800525049299507852e-01
1.800525049299507852e-01
1.800525049299507852e-01
1.800525049299507852e-01
1.800525049299507852e-01
1.800525049299507852e-01
1.800525049299507852e-01
2.676588310930047010e-01
2.676588310930047010e-01
2.676588310930047010e-01
3.404427740063162289e-02
3.404427740063162289e-02
3.404427740063162289e-02
3.404427740063162289e-02
3.404427740063162289e-02
1.163860717956339830e-01
4.430428144601255003e-01
4.430428144601255003e-01
4.430428144601255003e-01
4.430428144601255003e-01
4.430428144601255003e-01
4.430428144601255003e-01
4.430428144601255003e-01
4.430428144601255003e-01
4.430428144601255003e-01
4.430428144601255003e-01
4.430428144601255003e-01
4.430428144601255003e-01
4.430428144601255003e-01
4.430428144601255003e-01
4.430428144601255003e-01
4.430428144601255003e-01
4.430428144601255003e-01
4.430428144601255003e-01
4.430428144601255003e-01
4.430428144601255003e-01
4.430428144601255003e-01
4.430428144601255003e-01
4.430428144601255003e-01
4.430428144601255003e-01
4.430428144601255003e-01
4.430428144601255003e-01
4.430428144601255003e-01
4.430428144601255003e-01
4.430428144601255003e-01
4.143130408138812615e-01
4.143130408138812615e-01
4.143130408138812615e-01
4.143130408138812615e-01
4.143130408138812615e-01
4.143130408138812615e-01
4.143130408138812615e-01
4.143130408138812615e-01
4.143130408138812615e-01
4.143130408138812615e-01
4.143130408138812615e-01
4.305949096841202306e-01
4.305949096841202306e-01
4.305949096841202306e-01
6.213237085467582244e-02
6.213237085467582244e-02
6.213237085467582244e-02
6.213237085467582244e-02
6.213237085467582244e-02
6.213237085467582244e-02
2.182127059942978731e-01
2.182127059942978731e-01
2.182127059942978731e-01
2.182127059942978731e-01
2.182127059942978731e-01
2.182127059942978731e-01
2.182127059942978731e-01
2.182127059942978731e-01
2.182127059942978731e-01
1.090423726126972942e-01
1.090423726126972942e-01
1.090423726126972942e-01
1.090423726126972942e-01
1.090423726126972942e-01
1.090423726126972942e-01
1.090423726126972942e-01
2.767578709306625084e-01
2.767578709306625084e-01
3.548320469179288006e-01
8.182888536656751644e-02
8.182888536656751644e-02
3.604963417268003401e-01
3.604963417268003401e-01
3.604963417268003401e-01
3.604963417268003401e-01
3.604963417268003401e-01
3.604963417268003401e-01
2.365585554197427998e-01
3.147847166575423739e-01
3.147847166575423739e-01
3.117401517321704563e-01
2.176731238084435582e-01
2.176731238084435582e-01
2.176731238084435582e-01
2.176731238084435582e-01
2.176731238084435582e-01
2.176731238084435582e-01
2.176731238084435582e-01
2.176731238084435582e-01
2.176731238084435582e-01
2.176731238084435582e-01
3.576784838464208138e-01
1.513434060029015260e-01
1.513434060029015260e-01
1.513434060029015260e-01
3.349176566267504651e-02
3.349176566267504651e-02
3.349176566267504651e-02
3.349176566267504651e-02
7.829984620623882396e-02
7.829984620623882396e-02
7.829984620623882396e-02
7.829984620623882396e-02
7.829984620623882396e-02
7.829984620623882396e-02
7.829984620623882396e-02
7.829984620623882396e-02
7.829984620623882396e-02
7.829984620623882396e-02
7.829984620623882396e-02
7.829984620623882396e-02
7.829984620623882396e-02
7.829984620623882396e-02
7.829984620623882396e-02
7.829984620623882396e-02
7.829984620623882396e-02
1.736258580227676984e-01
1.736258580227676984e-01
1.736258580227676984e-01
1.736258580227676984e-01
1.736258580227676984e-01
1.736258580227676984e-01
1.736258580227676984e-01
1.736258580227676984e-01
1.736258580227676984e-01
1.736258580227676984e-01
1.736258580227676984e-01
1.736258580227676984e-01
1.736258580227676984e-01
1.805882729684238353e-02
1.805882729684238353e-02
1.805882729684238353e-02
1.805882729684238353e-02
9.498424372041926189e-02
2.256133621856744598e-01
2.256133621856744598e-01
2.256133621856744598e-01
3.479855801525827408e-01
3.479855801525827408e-01
3.479855801525827408e-01
3.479855801525827408e-01
3.479855801525827408e-01
3.479855801525827408e-01
3.479855801525827408e-01
3.479855801525827408e-01
3.479855801525827408e-01
3.479855801525827408e-01
3.479855801525827408e-01
3.479855801525827408e-01
3.656684903830583755e-01
3.640037223527777255e-01
4.562736413910428723e-01
4.562736413910428723e-01
4.562736413910428723e-01
4.562736413910428723e-01
4.562736413910428723e-01
4.112616355773351384e-01
4.112616355773351384e-01
4.112616355773351384e-01
4.112616355773351384e-01
4.112616355773351384e-01
4.112616355773351384e-01
4.112616355773351384e-01
5.623472821003914213e-01
5.623472821003914213e-01
5.623472821003914213e-01
5.623472821003914213e-01
5.623472821003914213e-01
5.623472821003914213e-01
4.590024011132384785e-01
3.211113352997286285e-01
3.211113352997286285e-01
3.211113352997286285e-01
4.011692697719426715e-01
1.955026197844076941e-01
1.955026197844076941e-01
1.955026197844076941e-01
8.702250057742176581e-02
8.702250057742176581e-02
8.702250057742176581e-02
8.702250057742176581e-02
8.702250057742176581e-02
8.702250057742176581e-02
8.702250057742176581e-02
3.536188070758192192e-01
3.536188070758192192e-01
3.536188070758192192e-01
3.536188070758192192e-01
3.536188070758192192e-01
3.536188070758192192e-01
3.536188070758192192e-01
4.301863711945720370e-01
4.301863711945720370e-01
4.301863711945720370e-01
4.301863711945720370e-01
4.301863711945720370e-01
4.301863711945720370e-01
4.301863711945720370e-01
4.301863711945720370e-01
4.301863711945720370e-01
4.301863711945720370e-01
4.301863711945720370e-01
4.301863711945720370e-01
4.301863711945720370e-01
4.301863711945720370e-01
4.301863711945720370e-01
